w(99,1,0,0)
r(46,1,0,0)
w(21,1,0,1)
r(55,1,0,1)
w(52,1,0,2)
r(86,1,0,2)
w(10,1,0,3)
w(74,1,0,3)
r(58,1,0,4)
w(66,1,0,4)
r(69,1,0,5)
r(59,1,0,5)
r(32,1,0,6)
r(46,1,0,6)
w(23,1,0,7)
w(93,1,0,7)
r(33,1,0,8)
r(88,1,0,8)
r(87,1,0,9)
w(3,1,0,9)
r(93,1,0,10)
r(66,1,0,10)
r(74,1,0,11)
r(56,1,0,11)
w(29,1,0,12)
w(44,1,0,12)
r(52,1,0,13)
r(81,1,0,13)
r(50,1,0,14)
w(13,1,0,14)
r(87,1,0,15)
w(91,1,0,15)
r(42,1,0,16)
w(67,1,0,16)
w(38,1,0,17)
w(98,1,0,17)
w(78,1,0,18)
r(52,1,0,18)
r(80,1,0,19)
r(98,1,0,19)
r(43,1,0,20)
w(1,1,0,20)
w(80,1,0,21)
w(60,1,0,21)
w(49,1,0,22)
w(96,1,0,22)
r(2,1,0,23)
r(86,1,0,23)
r(12,1,0,24)
w(58,1,0,24)
w(47,1,0,25)
r(33,1,0,25)
r(92,1,0,26)
w(45,1,0,26)
r(55,1,0,27)
r(2,1,0,27)
r(55,1,0,28)
w(40,1,0,28)
w(91,2,0,29)
r(2,1,0,29)
r(49,1,0,30)
r(46,1,0,30)
w(88,1,0,31)
w(9,1,0,31)
r(14,1,0,32)
r(37,1,0,32)
w(26,1,0,33)
r(14,1,0,33)
r(75,1,0,34)
w(65,1,0,34)
w(16,1,0,35)
w(66,2,0,35)
w(2,1,0,36)
r(37,1,0,36)
r(77,1,0,37)
w(76,1,0,37)
r(95,1,0,38)
w(85,1,0,38)
w(86,1,0,39)
w(36,1,0,39)
w(14,1,0,40)
r(85,1,0,40)
w(34,1,0,41)
w(7,1,0,41)
r(31,1,0,42)
r(80,1,0,42)
r(80,1,0,43)
w(72,1,0,43)
w(99,2,0,44)
w(7,2,0,44)
r(65,1,0,45)
w(91,3,0,45)
w(11,1,0,46)
w(41,1,0,46)
w(54,1,0,47)
w(66,3,0,47)
r(30,1,0,48)
r(28,1,0,48)
w(50,1,0,49)
r(52,1,0,49)
w(6,1,0,50)
w(94,1,0,50)
w(15,1,0,51)
r(68,1,0,51)
r(66,3,0,52)
r(15,1,0,52)
r(24,1,0,53)
w(95,1,0,53)
w(9,2,0,54)
w(48,1,0,54)
w(41,2,0,55)
r(93,1,0,55)
w(0,1,0,56)
w(56,1,0,56)
r(38,1,0,57)
r(95,1,0,57)
w(77,1,0,58)
w(56,2,0,58)
r(58,1,0,59)
r(61,1,0,59)
r(64,1,0,60)
w(10,2,0,60)
r(46,1,0,61)
w(62,1,0,61)
w(8,1,0,62)
r(96,1,0,62)
r(95,1,0,63)
w(87,1,0,63)
r(30,1,0,64)
r(69,1,0,64)
w(11,2,0,65)
r(69,1,0,65)
w(4,1,0,66)
r(32,1,0,66)
w(25,1,0,67)
r(81,1,0,67)
r(44,1,0,68)
w(87,2,0,68)
w(36,2,0,69)
r(46,1,0,69)
w(98,2,0,70)
w(52,2,0,70)
r(27,1,0,71)
r(71,1,0,71)
w(89,1,0,72)
w(12,1,0,72)
w(26,2,0,73)
r(15,1,0,73)
r(23,1,0,74)
r(22,1,0,74)
w(68,1,0,75)
r(92,1,0,75)
w(10,3,0,76)
r(84,1,0,76)
w(90,1,0,77)
w(37,1,0,77)
r(44,1,0,78)
w(74,2,0,78)
w(18,1,0,79)
w(53,1,0,79)
r(45,1,0,80)
w(87,3,0,80)
w(1,2,0,81)
r(37,1,0,81)
w(28,1,0,82)
w(70,1,0,82)
r(90,1,0,83)
r(22,1,0,83)
r(68,1,0,84)
w(38,2,0,84)
r(36,2,0,85)
w(81,1,0,85)
w(42,1,0,86)
r(96,1,0,86)
w(71,1,0,87)
w(50,2,0,87)
w(25,2,0,88)
r(94,1,0,88)
w(38,3,0,89)
w(55,1,0,89)
r(5,1,0,90)
r(84,1,0,90)
w(89,2,0,91)
r(25,2,0,91)
r(33,1,0,92)
w(88,2,0,92)
w(27,1,0,93)
w(9,3,0,93)
w(39,1,0,94)
w(65,2,0,94)
r(15,1,0,95)
w(7,3,0,95)
w(92,1,0,96)
r(10,3,0,96)
w(2,2,0,97)
w(80,2,0,97)
r(53,1,0,98)
w(76,2,0,98)
w(61,1,0,99)
w(38,4,0,99)
w(98,3,0,100)
r(23,1,0,100)
w(24,1,0,101)
w(72,2,0,101)
r(91,3,0,102)
r(73,1,0,102)
r(36,2,0,103)
r(25,2,0,103)
w(11,3,0,104)
w(40,2,0,104)
r(93,1,0,105)
w(42,2,0,105)
w(49,2,0,106)
r(84,1,0,106)
w(39,2,0,107)
r(32,1,0,107)
r(49,2,0,108)
r(75,1,0,108)
r(19,1,0,109)
w(46,1,0,109)
r(55,1,0,110)
w(32,1,0,110)
w(17,1,0,111)
w(97,1,0,111)
r(27,1,0,112)
r(87,3,0,112)
w(30,1,0,113)
w(10,4,0,113)
w(77,2,0,114)
w(81,2,0,114)
r(99,2,0,115)
r(68,1,0,115)
r(63,1,0,116)
r(82,1,0,116)
w(6,2,0,117)
w(8,2,0,117)
w(65,3,0,118)
w(36,3,0,118)
r(7,3,0,119)
r(52,2,0,119)
w(10,5,0,120)
r(18,1,0,120)
w(3,2,0,121)
r(39,2,0,121)
w(22,1,0,122)
r(83,1,0,122)
w(92,2,0,123)
r(66,3,0,123)
w(14,2,0,124)
r(3,2,0,124)
r(34,1,0,125)
r(23,1,0,125)
w(31,1,0,126)
r(88,2,0,126)
w(74,3,0,127)
w(24,2,0,127)
r(23,1,0,128)
w(33,1,0,128)
r(41,2,0,129)
r(35,1,0,129)
w(97,2,0,130)
r(12,1,0,130)
w(97,3,0,131)
w(96,2,0,131)
w(75,1,0,132)
w(42,3,0,132)
r(54,1,0,133)
r(53,1,0,133)
w(2,3,0,134)
w(30,2,0,134)
w(56,3,0,135)
r(29,1,0,135)
w(35,1,0,136)
r(98,3,0,136)
w(12,2,0,137)
w(92,3,0,137)
w(34,2,0,138)
w(88,3,0,138)
w(70,2,0,139)
r(12,2,0,139)
w(32,2,0,140)
w(65,4,0,140)
r(2,3,0,141)
r(47,1,0,141)
r(60,1,0,142)
r(78,1,0,142)
w(75,2,0,143)
r(61,1,0,143)
r(85,1,0,144)
w(42,4,0,144)
w(32,3,0,145)
r(0,1,0,145)
r(13,1,0,146)
w(25,3,0,146)
r(12,2,0,147)
r(35,1,0,147)
w(83,1,0,148)
r(72,2,0,148)
w(64,1,0,149)
w(49,3,0,149)
r(28,1,0,150)
w(63,1,0,150)
r(60,1,0,151)
r(30,2,0,151)
w(48,2,0,152)
w(65,5,0,152)
r(3,2,0,153)
w(39,3,0,153)
w(79,1,0,154)
r(2,3,0,154)
r(71,1,0,155)
w(69,1,0,155)
w(90,2,0,156)
w(94,2,0,156)
r(12,2,0,157)
w(38,5,0,157)
w(89,3,0,158)
r(8,2,0,158)
r(13,1,0,159)
r(21,1,0,159)
w(37,2,0,160)
w(90,3,0,160)
w(53,2,0,161)
r(49,3,0,161)
r(81,2,0,162)
r(60,1,0,162)
r(96,2,0,163)
w(94,3,0,163)
w(59,1,0,164)
r(44,1,0,164)
w(72,3,0,165)
w(39,4,0,165)
r(76,2,0,166)
w(75,3,0,166)
r(48,2,0,167)
w(15,2,0,167)
r(12,2,0,168)
r(94,3,0,168)
r(73,1,0,169)
r(76,2,0,169)
w(39,5,0,170)
w(76,3,0,170)
r(49,3,0,171)
r(27,1,0,171)
r(28,1,0,172)
r(83,1,0,172)
r(58,1,0,173)
w(5,1,0,173)
w(28,2,0,174)
w(89,4,0,174)
r(59,1,0,175)
w(18,2,0,175)
r(70,2,0,176)
r(13,1,0,176)
r(32,3,0,177)
w(69,2,0,177)
w(81,3,0,178)
w(96,3,0,178)
w(61,2,0,179)
r(2,3,0,179)
w(37,3,0,180)
r(32,3,0,180)
r(31,1,0,181)
w(18,3,0,181)
r(80,2,0,182)
w(72,4,0,182)
w(27,2,0,183)
r(27,2,0,183)
w(68,2,0,184)
r(49,3,0,184)
w(48,3,0,185)
w(56,4,0,185)
w(58,2,0,186)
r(50,2,0,186)
r(98,3,0,187)
w(51,1,0,187)
r(92,3,0,188)
w(75,4,0,188)
w(79,2,0,189)
w(66,4,0,189)
r(91,3,0,190)
r(97,3,0,190)
w(39,6,0,191)
r(62,1,0,191)
w(69,3,0,192)
r(79,2,0,192)
w(0,2,0,193)
w(31,2,0,193)
r(49,3,0,194)
w(41,3,0,194)
r(43,1,0,195)
r(50,2,0,195)
w(77,3,0,196)
r(22,1,0,196)
w(17,2,0,197)
r(14,2,0,197)
w(78,2,0,198)
w(25,4,0,198)
w(8,3,0,199)
w(10,6,0,199)
w(93,2,0,200)
w(58,3,0,200)
w(98,4,0,201)
r(33,1,0,201)
w(39,7,0,202)
r(73,1,0,202)
r(12,2,0,203)
r(54,1,0,203)
w(36,4,0,204)
r(61,2,0,204)
w(60,2,0,205)
r(59,1,0,205)
r(40,2,0,206)
r(22,1,0,206)
w(54,2,0,207)
w(43,1,0,207)
r(80,2,0,208)
w(19,1,0,208)
r(45,1,0,209)
w(66,5,0,209)
w(51,2,0,210)
r(46,1,0,210)
r(21,1,0,211)
w(22,2,0,211)
r(47,1,0,212)
r(34,2,0,212)
r(1,2,0,213)
r(61,2,0,213)
r(19,1,0,214)
r(73,1,0,214)
r(81,3,0,215)
w(81,4,0,215)
r(25,4,0,216)
r(9,3,0,216)
w(7,4,0,217)
r(98,4,0,217)
w(61,3,0,218)
w(4,2,0,218)
r(54,2,0,219)
r(46,1,0,219)
r(15,2,0,220)
w(0,3,0,220)
w(32,4,0,221)
r(0,3,0,221)
r(56,4,0,222)
r(53,2,0,222)
r(47,1,0,223)
r(26,2,0,223)
r(88,3,0,224)
r(53,2,0,224)
r(9,3,0,225)
r(15,2,0,225)
r(25,4,0,226)
w(90,4,0,226)
r(45,1,0,227)
w(70,3,0,227)
r(77,3,0,228)
w(93,3,0,228)
r(81,4,0,229)
r(90,4,0,229)
w(7,5,0,230)
w(29,2,0,230)
r(40,2,0,231)
r(6,2,0,231)
w(95,2,0,232)
w(94,4,0,232)
w(37,4,0,233)
r(11,3,0,233)
w(64,2,0,234)
w(56,5,0,234)
r(15,2,0,235)
r(41,3,0,235)
r(85,1,0,236)
r(89,4,0,236)
w(12,3,0,237)
w(90,5,0,237)
r(49,3,0,238)
r(75,4,0,238)
r(92,3,0,239)
w(91,4,0,239)
w(0,4,0,240)
r(99,2,0,240)
r(72,4,0,241)
w(33,2,0,241)
r(40,2,0,242)
r(12,3,0,242)
w(85,2,0,243)
r(96,3,0,243)
r(5,1,0,244)
r(83,1,0,244)
w(57,1,0,245)
w(18,4,0,245)
w(75,5,0,246)
w(80,3,0,246)
r(54,2,0,247)
r(99,2,0,247)
r(30,2,0,248)
w(57,2,0,248)
r(55,1,0,249)
r(80,3,0,249)
r(27,2,0,250)
r(87,3,0,250)
r(33,2,0,251)
w(58,4,0,251)
r(49,3,0,252)
w(61,4,0,252)
r(70,3,0,253)
w(70,4,0,253)
w(31,3,0,254)
r(27,2,0,254)
r(71,1,0,255)
r(72,4,0,255)
r(53,2,0,256)
r(3,2,0,256)
w(40,3,0,257)
w(57,3,0,257)
w(40,4,0,258)
w(23,2,0,258)
r(89,4,0,259)
w(25,5,0,259)
w(21,2,0,260)
w(67,2,0,260)
r(37,4,0,261)
r(59,1,0,261)
r(72,4,0,262)
r(39,7,0,262)
r(90,5,0,263)
r(64,2,0,263)
w(64,3,0,264)
w(3,3,0,264)
w(71,2,0,265)
r(17,2,0,265)
r(9,3,0,266)
w(40,5,0,266)
r(77,3,0,267)
r(52,2,0,267)
r(45,1,0,268)
r(4,2,0,268)
r(64,3,0,269)
r(61,4,0,269)
w(99,3,0,270)
w(96,4,0,270)
r(25,5,0,271)
r(1,2,0,271)
w(50,3,0,272)
w(87,4,0,272)
r(42,4,0,273)
w(3,4,0,273)
r(37,4,0,274)
w(39,8,0,274)
r(42,4,0,275)
w(70,5,0,275)
r(43,1,0,276)
r(13,1,0,276)
w(40,6,0,277)
w(39,9,0,277)
r(9,3,0,278)
r(30,2,0,278)
w(1,3,0,279)
w(45,2,0,279)
w(87,5,0,280)
r(35,1,0,280)
r(48,3,0,281)
r(70,5,0,281)
r(13,1,0,282)
w(56,6,0,282)
w(23,3,0,283)
w(82,1,0,283)
w(23,4,0,284)
r(56,6,0,284)
r(0,4,0,285)
w(26,3,0,285)
r(70,5,0,286)
w(81,5,0,286)
r(20,1,0,287)
w(18,5,0,287)
r(68,2,0,288)
w(13,2,0,288)
w(59,2,0,289)
w(92,4,0,289)
r(70,5,0,290)
r(26,3,0,290)
r(29,2,0,291)
w(8,4,0,291)
r(52,2,0,292)
r(32,4,0,292)
r(60,2,0,293)
r(89,4,0,293)
w(14,3,0,294)
w(40,7,0,294)
w(77,4,0,295)
r(85,2,0,295)
r(55,1,0,296)
w(82,2,0,296)
w(90,6,0,297)
r(24,2,0,297)
w(6,3,0,298)
w(52,3,0,298)
w(76,4,0,299)
r(19,1,0,299)
w(61,5,0,300)
r(98,4,0,300)
r(31,3,0,301)
w(16,2,0,301)
w(16,3,0,302)
w(13,3,0,302)
r(39,9,0,303)
r(46,1,0,303)
r(69,3,0,304)
r(9,3,0,304)
w(21,3,0,305)
r(19,1,0,305)
w(97,4,0,306)
w(66,6,0,306)
w(86,2,0,307)
r(56,6,0,307)
w(31,4,0,308)
w(55,2,0,308)
w(13,4,0,309)
w(49,4,0,309)
w(52,4,0,310)
r(84,1,0,310)
r(32,4,0,311)
w(61,6,0,311)
w(22,3,0,312)
w(91,5,0,312)
w(18,6,0,313)
w(50,4,0,313)
w(88,4,0,314)
r(12,3,0,314)
r(90,6,0,315)
w(71,3,0,315)
w(79,3,0,316)
r(35,1,0,316)
r(39,9,0,317)
w(59,3,0,317)
r(79,3,0,318)
r(50,4,0,318)
w(69,4,0,319)
r(14,3,0,319)
r(52,4,0,320)
r(40,7,0,320)
r(97,4,0,321)
r(26,3,0,321)
w(17,3,0,322)
r(21,3,0,322)
w(91,6,0,323)
w(21,4,0,323)
r(91,6,0,324)
w(39,10,0,324)
w(61,7,0,325)
w(44,2,0,325)
r(20,1,0,326)
r(59,3,0,326)
w(6,4,0,327)
r(26,3,0,327)
r(55,2,0,328)
w(53,3,0,328)
w(31,5,0,329)
r(74,3,0,329)
w(90,7,0,330)
w(65,6,0,330)
r(13,4,0,331)
r(52,4,0,331)
w(4,3,0,332)
w(74,4,0,332)
w(16,4,0,333)
r(60,2,0,333)
r(28,2,0,334)
r(61,7,0,334)
w(33,3,0,335)
w(72,5,0,335)
r(43,1,0,336)
r(16,4,0,336)
w(69,5,0,337)
w(51,3,0,337)
r(19,1,0,338)
w(66,7,0,338)
r(8,4,0,339)
w(19,2,0,339)
r(53,3,0,340)
r(1,3,0,340)
w(40,8,0,341)
r(7,5,0,341)
w(13,5,0,342)
w(20,1,0,342)
w(38,6,0,343)
r(33,3,0,343)
r(46,1,0,344)
w(77,5,0,344)
w(49,5,0,345)
w(89,5,0,345)
r(79,3,0,346)
w(17,4,0,346)
r(18,6,0,347)
w(68,3,0,347)
r(57,3,0,348)
r(44,2,0,348)
r(62,1,0,349)
r(0,4,0,349)
r(59,3,0,350)
r(41,3,0,350)
r(59,3,0,351)
r(48,3,0,351)
r(53,3,0,352)
r(27,2,0,352)
r(35,1,0,353)
r(18,6,0,353)
w(57,4,0,354)
w(56,7,0,354)
r(64,3,0,355)
w(20,2,0,355)
w(0,5,0,356)
r(47,1,0,356)
r(18,6,0,357)
w(16,5,0,357)
r(65,6,0,358)
w(14,4,0,358)
w(0,6,0,359)
r(24,2,0,359)
w(72,6,0,360)
w(67,3,0,360)
r(82,2,0,361)
w(29,3,0,361)
r(38,6,0,362)
r(44,2,0,362)
r(35,1,0,363)
w(73,1,0,363)
r(73,1,0,364)
r(35,1,0,364)
r(76,4,0,365)
w(22,4,0,365)
w(23,5,0,366)
r(12,3,0,366)
r(57,4,0,367)
w(60,3,0,367)
r(5,1,0,368)
r(43,1,0,368)
w(4,4,0,369)
r(96,4,0,369)
r(61,7,0,370)
w(28,3,0,370)
w(23,6,0,371)
r(19,2,0,371)
w(84,1,0,372)
w(19,3,0,372)
r(3,4,0,373)
r(39,10,0,373)
w(9,4,0,374)
w(24,3,0,374)
r(57,4,0,375)
r(58,4,0,375)
w(76,5,0,376)
r(38,6,0,376)
r(37,4,0,377)
r(44,2,0,377)
r(31,5,0,378)
w(83,2,0,378)
w(50,5,0,379)
w(33,4,0,379)
r(69,5,0,380)
w(88,5,0,380)
r(72,6,0,381)
w(73,2,0,381)
r(53,3,0,382)
w(22,5,0,382)
r(83,2,0,383)
w(59,4,0,383)
w(40,9,0,384)
w(75,6,0,384)
w(53,4,0,385)
r(10,6,0,385)
w(43,2,0,386)
w(55,3,0,386)
r(71,3,0,387)
w(25,6,0,387)
r(2,3,0,388)
r(59,4,0,388)
r(53,4,0,389)
w(82,3,0,389)
r(12,3,0,390)
w(79,4,0,390)
r(97,4,0,391)
r(70,5,0,391)
r(4,4,0,392)
r(45,2,0,392)
w(65,7,0,393)
w(37,5,0,393)
w(14,5,0,394)
w(22,6,0,394)
w(74,5,0,395)
w(21,5,0,395)
w(75,7,0,396)
w(95,3,0,396)
r(86,2,0,397)
r(71,3,0,397)
w(28,4,0,398)
r(67,3,0,398)
r(9,4,0,399)
w(86,3,0,399)
r(3,4,0,400)
w(21,6,0,400)
r(33,4,0,401)
r(19,3,0,401)
w(8,5,0,402)
w(72,7,0,402)
w(28,5,0,403)
w(28,6,0,403)
r(88,5,0,404)
w(79,5,0,404)
r(94,4,0,405)
w(27,3,0,405)
w(78,3,0,406)
w(66,8,0,406)
w(54,3,0,407)
w(52,5,0,407)
w(41,4,0,408)
r(87,5,0,408)
w(68,4,0,409)
w(34,3,0,409)
w(99,4,0,410)
w(35,2,0,410)
w(14,6,0,411)
w(6,5,0,411)
w(47,2,0,412)
w(70,6,0,412)
w(50,6,0,413)
w(89,6,0,413)
r(6,5,0,414)
w(99,5,0,414)
w(3,5,0,415)
r(28,6,0,415)
r(36,4,0,416)
w(81,6,0,416)
r(54,3,0,417)
w(76,6,0,417)
w(65,8,0,418)
r(5,1,0,418)
w(28,7,0,419)
r(41,4,0,419)
r(63,1,0,420)
r(53,4,0,420)
w(15,3,0,421)
w(41,5,0,421)
w(60,4,0,422)
w(76,7,0,422)
r(65,8,0,423)
w(47,3,0,423)
r(92,4,0,424)
w(72,8,0,424)
r(63,1,0,425)
r(15,3,0,425)
r(36,4,0,426)
w(96,5,0,426)
r(63,1,0,427)
r(1,3,0,427)
r(51,3,0,428)
w(74,6,0,428)
w(8,6,0,429)
w(13,6,0,429)
w(21,7,0,430)
r(75,7,0,430)
r(38,6,0,431)
w(63,2,0,431)
r(27,3,0,432)
w(21,8,0,432)
w(56,8,0,433)
r(23,6,0,433)
r(6,5,0,434)
w(42,5,0,434)
r(25,6,0,435)
w(11,4,0,435)
r(97,4,0,436)
r(83,2,0,436)
w(19,4,0,437)
w(18,7,0,437)
w(95,4,0,438)
w(13,7,0,438)
r(60,4,0,439)
r(67,3,0,439)
w(74,7,0,440)
r(25,6,0,440)
r(8,6,0,441)
w(50,7,0,441)
w(89,7,0,442)
r(98,4,0,442)
w(14,7,0,443)
w(34,4,0,443)
w(38,7,0,444)
r(99,5,0,444)
w(74,8,0,445)
r(79,5,0,445)
w(68,5,0,446)
r(65,8,0,446)
w(91,7,0,447)
r(80,3,0,447)
r(4,4,0,448)
w(52,6,0,448)
r(75,7,0,449)
r(57,4,0,449)
w(83,3,0,450)
r(58,4,0,450)
w(29,4,0,451)
r(78,3,0,451)
w(89,8,0,452)
w(17,5,0,452)
w(33,5,0,453)
r(94,4,0,453)
r(27,3,0,454)
w(26,4,0,454)
r(61,7,0,455)
w(68,6,0,455)
w(7,6,0,456)
r(40,9,0,456)
w(17,6,0,457)
r(54,3,0,457)
w(79,6,0,458)
r(31,5,0,458)
r(88,5,0,459)
w(92,5,0,459)
w(94,5,0,460)
w(88,6,0,460)
r(60,4,0,461)
r(78,3,0,461)
r(18,7,0,462)
r(36,4,0,462)
w(81,7,0,463)
r(40,9,0,463)
w(95,5,0,464)
r(92,5,0,464)
w(21,9,0,465)
w(59,5,0,465)
w(57,5,0,466)
r(18,7,0,466)
w(4,5,0,467)
r(70,6,0,467)
w(75,8,0,468)
r(23,6,0,468)
w(37,6,0,469)
r(54,3,0,469)
w(27,4,0,470)
r(78,3,0,470)
r(2,3,0,471)
w(94,6,0,471)
w(66,9,0,472)
r(25,6,0,472)
w(40,10,0,473)
w(65,9,0,473)
r(90,7,0,474)
r(9,4,0,474)
r(24,3,0,475)
r(60,4,0,475)
w(28,8,0,476)
w(61,8,0,476)
r(96,5,0,477)
r(72,8,0,477)
w(22,7,0,478)
r(42,5,0,478)
r(54,3,0,479)
r(47,3,0,479)
r(17,6,0,480)
w(97,5,0,480)
w(8,7,0,481)
w(25,7,0,481)
r(97,5,0,482)
w(86,4,0,482)
w(7,7,0,483)
w(39,11,0,483)
w(45,3,0,484)
w(56,9,0,484)
w(49,6,0,485)
r(17,6,0,485)
r(68,6,0,486)
r(9,4,0,486)
r(39,11,0,487)
r(80,3,0,487)
r(60,4,0,488)
w(8,8,0,488)
w(99,6,0,489)
r(84,1,0,489)
r(47,3,0,490)
w(49,7,0,490)
r(81,7,0,491)
r(34,4,0,491)
w(18,8,0,492)
r(7,7,0,492)
w(27,5,0,493)
w(97,6,0,493)
w(87,6,0,494)
w(29,5,0,494)
w(59,6,0,495)
w(49,8,0,495)
w(27,6,0,496)
r(45,3,0,496)
r(50,7,0,497)
w(41,6,0,497)
w(75,9,0,498)
w(7,8,0,498)
w(37,7,0,499)
w(57,6,0,499)
w(37,8,1,500)
w(97,7,1,500)
w(91,8,1,501)
w(58,5,1,501)
w(16,6,1,502)
w(87,7,1,502)
w(57,7,1,503)
r(54,3,1,503)
r(19,4,1,504)
w(76,8,1,504)
w(59,7,1,505)
r(21,9,1,505)
w(39,12,1,506)
r(6,5,1,506)
w(8,9,1,507)
w(95,6,1,507)
r(14,7,1,508)
w(1,4,1,508)
w(76,9,1,509)
w(87,8,1,509)
r(88,6,1,510)
w(15,4,1,510)
r(39,12,1,511)
r(42,5,1,511)
w(57,8,1,512)
w(78,4,1,512)
w(89,9,1,513)
w(28,9,1,513)
r(73,2,1,514)
r(80,3,1,514)
r(9,4,1,515)
w(57,9,1,515)
r(83,3,1,516)
r(26,4,1,516)
w(92,6,1,517)
w(42,6,1,517)
r(54,3,1,518)
r(77,5,1,518)
r(51,3,1,519)
w(19,5,1,519)
r(94,6,1,520)
r(29,5,1,520)
w(83,4,1,521)
w(5,2,1,521)
r(29,5,1,522)
r(95,6,1,522)
w(92,7,1,523)
w(55,4,1,523)
w(8,10,1,524)
w(58,6,1,524)
r(96,5,1,525)
w(35,3,1,525)
w(73,3,1,526)
w(62,2,1,526)
w(70,7,1,527)
w(36,5,1,527)
r(49,8,1,528)
w(37,9,1,528)
r(86,4,1,529)
w(74,9,1,529)
r(46,1,1,530)
w(91,9,1,530)
w(77,6,1,531)
w(11,5,1,531)
r(93,3,1,532)
r(17,6,1,532)
w(52,7,1,533)
w(7,9,1,533)
r(49,8,1,534)
r(25,7,1,534)
w(53,5,1,535)
r(19,5,1,535)
r(49,8,1,536)
w(12,4,1,536)
w(3,6,1,537)
r(54,3,1,537)
r(21,9,1,538)
r(3,6,1,538)
w(27,7,1,539)
r(12,4,1,539)
w(0,7,1,540)
w(19,6,1,540)
r(82,3,1,541)
r(78,4,1,541)
r(25,7,1,542)
r(84,1,1,542)
r(2,3,1,543)
r(69,5,1,543)
r(98,4,1,544)
r(93,3,1,544)
r(33,5,1,545)
w(99,7,1,545)
r(68,6,1,546)
r(13,7,1,546)
w(80,4,1,547)
r(46,1,1,547)
r(80,4,1,548)
w(25,8,1,548)
w(8,11,1,549)
r(80,4,1,549)
w(95,7,1,550)
r(59,7,1,550)
r(6,5,1,551)
r(12,4,1,551)
r(95,7,1,552)
w(99,8,1,552)
r(37,9,1,553)
r(91,9,1,553)
w(75,10,1,554)
r(43,2,1,554)
r(14,7,1,555)
r(79,6,1,555)
w(75,11,1,556)
r(67,3,1,556)
w(12,5,1,557)
r(50,7,1,557)
r(55,4,1,558)
r(7,9,1,558)
r(60,4,1,559)
w(82,4,1,559)
r(72,8,1,560)
r(65,9,1,560)
w(98,5,1,561)
r(12,5,1,561)
r(83,4,1,562)
r(73,3,1,562)
r(8,11,1,563)
w(72,9,1,563)
r(8,11,1,564)
r(71,3,1,564)
w(14,8,1,565)
r(71,3,1,565)
w(69,6,1,566)
r(81,7,1,566)
w(96,6,1,567)
r(94,6,1,567)
w(6,6,1,568)
r(45,3,1,568)
r(40,10,1,569)
w(68,7,1,569)
r(7,9,1,570)
w(10,7,1,570)
w(97,8,1,571)
w(16,7,1,571)
r(59,7,1,572)
r(12,5,1,572)
r(12,5,1,573)
r(25,8,1,573)
r(46,1,1,574)
w(0,8,1,574)
r(27,7,1,575)
w(26,5,1,575)
w(62,3,1,576)
w(99,9,1,576)
w(73,4,1,577)
w(68,8,1,577)
w(53,6,1,578)
r(47,3,1,578)
w(43,3,1,579)
r(83,4,1,579)
w(86,5,1,580)
w(46,2,1,580)
w(63,3,1,581)
w(84,2,1,581)
r(13,7,1,582)
r(86,5,1,582)
r(76,9,1,583)
w(79,7,1,583)
w(6,7,1,584)
w(26,6,1,584)
r(10,7,1,585)
w(50,8,1,585)
w(4,6,1,586)
r(27,7,1,586)
w(18,9,1,587)
w(22,8,1,587)
w(3,7,1,588)
r(98,5,1,588)
r(85,2,1,589)
r(94,6,1,589)
w(2,4,1,590)
w(96,7,1,590)
w(31,6,1,591)
r(48,3,1,591)
r(8,11,1,592)
w(61,9,1,592)
r(2,4,1,593)
w(1,5,1,593)
r(53,6,1,594)
w(20,3,1,594)
w(53,7,1,595)
r(67,3,1,595)
w(70,8,1,596)
w(50,9,1,596)
r(32,4,1,597)
w(16,8,1,597)
r(84,2,1,598)
w(60,5,1,598)
r(63,3,1,599)
r(59,7,1,599)
w(66,10,1,600)
r(33,5,1,600)
w(13,8,1,601)
w(23,7,1,601)
w(98,6,1,602)
w(66,11,1,602)
r(96,7,1,603)
r(83,4,1,603)
r(75,11,1,604)
w(73,5,1,604)
r(27,7,1,605)
r(76,9,1,605)
w(40,11,1,606)
r(85,2,1,606)
r(73,5,1,607)
w(66,12,1,607)
r(42,6,1,608)
w(50,10,1,608)
r(71,3,1,609)
r(82,4,1,609)
w(28,10,1,610)
r(2,4,1,610)
w(43,4,1,611)
w(41,7,1,611)
w(97,9,1,612)
r(75,11,1,612)
r(79,7,1,613)
w(51,4,1,613)
r(25,8,1,614)
w(28,11,1,614)
w(98,7,1,615)
r(85,2,1,615)
w(97,10,1,616)
w(70,9,1,616)
r(19,6,1,617)
r(76,9,1,617)
r(80,4,1,618)
w(79,8,1,618)
r(9,4,1,619)
w(81,8,1,619)
w(17,7,1,620)
r(17,7,1,620)
w(11,6,1,621)
r(74,9,1,621)
w(17,8,1,622)
w(75,12,1,622)
w(5,3,1,623)
w(37,10,1,623)
w(28,12,1,624)
r(30,2,1,624)
r(97,10,1,625)
r(36,5,1,625)
r(47,3,1,626)
w(77,7,1,626)
r(52,7,1,627)
r(4,6,1,627)
w(3,8,1,628)
w(72,10,1,628)
w(65,10,1,629)
r(11,6,1,629)
w(18,10,1,630)
w(18,11,1,630)
w(79,9,1,631)
r(50,10,1,631)
w(92,8,1,632)
w(99,10,1,632)
w(83,5,1,633)
w(54,4,1,633)
r(59,7,1,634)
r(53,7,1,634)
r(66,12,1,635)
r(21,9,1,635)
r(5,3,1,636)
w(47,4,1,636)
r(89,9,1,637)
w(39,13,1,637)
r(20,3,1,638)
w(28,13,1,638)
r(78,4,1,639)
w(6,8,1,639)
r(3,8,1,640)
w(22,9,1,640)
r(62,3,1,641)
w(20,4,1,641)
r(76,9,1,642)
w(49,9,1,642)
w(97,11,1,643)
r(73,5,1,643)
w(73,6,1,644)
r(32,4,1,644)
r(27,7,1,645)
r(34,4,1,645)
w(17,9,1,646)
w(84,3,1,646)
w(80,5,1,647)
w(74,10,1,647)
w(58,7,1,648)
w(36,6,1,648)
w(22,10,1,649)
r(63,3,1,649)
w(37,11,1,650)
r(11,6,1,650)
r(42,6,1,651)
w(74,11,1,651)
r(94,6,1,652)
w(75,13,1,652)
r(38,7,1,653)
r(21,9,1,653)
w(71,4,1,654)
w(79,10,1,654)
w(91,10,1,655)
r(83,5,1,655)
r(32,4,1,656)
r(74,11,1,656)
r(54,4,1,657)
w(67,4,1,657)
r(47,4,1,658)
w(73,7,1,658)
w(79,11,1,659)
r(30,2,1,659)
w(64,4,1,660)
w(53,8,1,660)
w(87,9,1,661)
w(9,5,1,661)
w(66,13,1,662)
r(84,3,1,662)
w(13,9,1,663)
w(52,8,1,663)
r(4,6,1,664)
w(93,4,1,664)
r(56,9,1,665)
w(1,6,1,665)
w(72,11,1,666)
w(61,10,1,666)
w(19,7,1,667)
r(55,4,1,667)
r(32,4,1,668)
r(32,4,1,668)
r(15,4,1,669)
w(29,6,1,669)
w(91,11,1,670)
w(84,4,1,670)
w(82,5,1,671)
w(55,5,1,671)
w(55,6,1,672)
r(33,5,1,672)
w(62,4,1,673)
w(6,9,1,673)
r(31,6,1,674)
w(99,11,1,674)
r(13,9,1,675)
w(92,9,1,675)
w(98,8,1,676)
w(84,5,1,676)
r(33,5,1,677)
r(98,8,1,677)
w(45,4,1,678)
w(89,10,1,678)
w(53,9,1,679)
w(45,5,1,679)
r(19,7,1,680)
w(31,7,1,680)
r(23,7,1,681)
w(19,8,1,681)
w(5,4,1,682)
w(87,10,1,682)
r(39,13,1,683)
r(74,11,1,683)
w(78,5,1,684)
r(96,7,1,684)
w(23,8,1,685)
r(61,10,1,685)
r(69,6,1,686)
w(83,6,1,686)
w(23,9,1,687)
w(62,5,1,687)
w(72,12,1,688)
w(49,10,1,688)
r(29,6,1,689)
w(77,8,1,689)
r(86,5,1,690)
w(13,10,1,690)
w(87,11,1,691)
w(53,10,1,691)
r(11,6,1,692)
r(54,4,1,692)
w(56,10,1,693)
r(36,6,1,693)
r(76,9,1,694)
r(19,8,1,694)
w(77,9,1,695)
r(90,7,1,695)
w(30,3,1,696)
w(52,9,1,696)
r(59,7,1,697)
r(46,2,1,697)
w(14,9,1,698)
r(90,7,1,698)
r(76,9,1,699)
r(76,9,1,699)
r(36,6,1,700)
w(14,10,1,700)
r(61,10,1,701)
w(91,12,1,701)
r(45,5,1,702)
r(25,8,1,702)
r(41,7,1,703)
w(68,9,1,703)
r(57,9,1,704)
r(1,6,1,704)
r(37,11,1,705)
w(52,10,1,705)
w(72,13,1,706)
w(40,12,1,706)
w(60,6,1,707)
r(91,12,1,707)
r(48,3,1,708)
w(91,13,1,708)
w(17,10,1,709)
w(90,8,1,709)
r(1,6,1,710)
r(46,2,1,710)
r(43,4,1,711)
r(59,7,1,711)
w(79,12,1,712)
w(90,9,1,712)
w(12,6,1,713)
r(66,13,1,713)
w(86,6,1,714)
r(24,3,1,714)
r(3,8,1,715)
r(49,10,1,715)
r(80,5,1,716)
r(12,6,1,716)
r(76,9,1,717)
r(91,13,1,717)
r(86,6,1,718)
w(92,10,1,718)
r(63,3,1,719)
r(77,9,1,719)
w(86,7,1,720)
r(2,4,1,720)
r(92,10,1,721)
w(67,5,1,721)
w(72,14,1,722)
r(81,8,1,722)
w(85,3,1,723)
w(51,5,1,723)
w(7,10,1,724)
w(99,12,1,724)
w(17,11,1,725)
r(19,8,1,725)
w(55,7,1,726)
w(33,6,1,726)
w(38,8,1,727)
w(90,10,1,727)
w(60,7,1,728)
r(73,7,1,728)
r(41,7,1,729)
w(3,9,1,729)
w(73,8,1,730)
r(6,9,1,730)
w(80,6,1,731)
w(62,6,1,731)
w(29,7,1,732)
w(48,4,1,732)
r(23,9,1,733)
w(86,8,1,733)
r(34,4,1,734)
r(10,7,1,734)
r(44,2,1,735)
w(24,4,1,735)
w(88,7,1,736)
r(72,14,1,736)
w(68,10,1,737)
w(48,5,1,737)
w(80,7,1,738)
w(83,7,1,738)
w(83,8,1,739)
w(28,14,1,739)
r(87,11,1,740)
r(59,7,1,740)
r(36,6,1,741)
r(80,7,1,741)
r(54,4,1,742)
w(30,4,1,742)
w(93,5,1,743)
w(2,5,1,743)
w(78,6,1,744)
r(69,6,1,744)
r(7,10,1,745)
r(33,6,1,745)
w(4,7,1,746)
w(86,9,1,746)
r(22,10,1,747)
r(13,10,1,747)
w(93,6,1,748)
r(51,5,1,748)
r(32,4,1,749)
r(41,7,1,749)
r(22,10,1,750)
w(44,3,1,750)
w(16,9,1,751)
w(91,14,1,751)
r(49,10,1,752)
r(50,10,1,752)
r(53,10,1,753)
r(67,5,1,753)
w(14,11,1,754)
w(66,14,1,754)
w(43,5,1,755)
w(23,10,1,755)
w(89,11,1,756)
r(69,6,1,756)
r(61,10,1,757)
r(47,4,1,757)
r(7,10,1,758)
w(49,11,1,758)
r(50,10,1,759)
w(13,11,1,759)
w(18,12,1,760)
r(29,7,1,760)
r(67,5,1,761)
r(89,11,1,761)
r(60,7,1,762)
r(11,6,1,762)
w(62,7,1,763)
r(18,12,1,763)
w(39,14,1,764)
w(49,12,1,764)
w(15,5,1,765)
w(58,8,1,765)
w(84,6,1,766)
w(28,15,1,766)
r(27,7,1,767)
w(52,11,1,767)
r(64,4,1,768)
r(84,6,1,768)
w(7,11,1,769)
w(95,8,1,769)
r(47,4,1,770)
r(45,5,1,770)
w(42,7,1,771)
r(70,9,1,771)
r(88,7,1,772)
w(19,9,1,772)
w(43,6,1,773)
r(77,9,1,773)
r(37,11,1,774)
r(8,11,1,774)
r(81,8,1,775)
r(88,7,1,775)
r(30,4,1,776)
w(48,6,1,776)
r(70,9,1,777)
r(42,7,1,777)
r(43,6,1,778)
w(65,11,1,778)
r(46,2,1,779)
w(9,6,1,779)
r(22,10,1,780)
r(64,4,1,780)
w(92,11,1,781)
w(13,12,1,781)
r(81,8,1,782)
w(95,9,1,782)
w(82,6,1,783)
r(98,8,1,783)
r(80,7,1,784)
w(83,9,1,784)
r(34,4,1,785)
r(15,5,1,785)
r(32,4,1,786)
r(91,14,1,786)
r(61,10,1,787)
w(0,9,1,787)
r(83,9,1,788)
w(77,10,1,788)
r(40,12,1,789)
w(41,8,1,789)
w(9,7,1,790)
r(84,6,1,790)
w(64,5,1,791)
w(12,7,1,791)
w(80,8,1,792)
w(83,10,1,792)
w(17,12,1,793)
r(11,6,1,793)
w(88,8,1,794)
r(41,8,1,794)
w(50,11,1,795)
r(61,10,1,795)
w(56,11,1,796)
w(7,12,1,796)
r(90,10,1,797)
r(39,14,1,797)
r(43,6,1,798)
r(49,12,1,798)
r(61,10,1,799)
r(44,3,1,799)
w(30,5,1,800)
r(53,10,1,800)
w(49,13,1,801)
w(60,8,1,801)
w(13,13,1,802)
r(89,11,1,802)
r(0,9,1,803)
r(78,6,1,803)
r(78,6,1,804)
r(49,13,1,804)
w(11,7,1,805)
r(18,12,1,805)
r(79,12,1,806)
w(41,9,1,806)
r(8,11,1,807)
w(52,12,1,807)
r(15,5,1,808)
w(53,11,1,808)
w(21,10,1,809)
w(6,10,1,809)
r(39,14,1,810)
r(79,12,1,810)
w(49,14,1,811)
r(70,9,1,811)
w(27,8,1,812)
r(11,7,1,812)
r(62,7,1,813)
w(58,9,1,813)
r(3,9,1,814)
r(77,10,1,814)
r(21,10,1,815)
w(0,10,1,815)
r(31,7,1,816)
r(92,11,1,816)
w(17,13,1,817)
w(74,12,1,817)
w(52,13,1,818)
w(47,5,1,818)
r(17,13,1,819)
w(84,7,1,819)
w(53,12,1,820)
r(80,8,1,820)
w(92,12,1,821)
w(43,7,1,821)
w(8,12,1,822)
w(36,7,1,822)
w(65,12,1,823)
r(60,8,1,823)
r(64,5,1,824)
r(77,10,1,824)
r(59,7,1,825)
w(32,5,1,825)
r(77,10,1,826)
w(76,10,1,826)
r(70,9,1,827)
r(19,9,1,827)
w(85,4,1,828)
w(3,10,1,828)
r(23,10,1,829)
w(24,5,1,829)
r(8,12,1,830)
r(2,5,1,830)
r(71,4,1,831)
w(86,10,1,831)
r(35,3,1,832)
w(65,13,1,832)
w(90,11,1,833)
w(26,7,1,833)
r(92,12,1,834)
w(27,9,1,834)
r(70,9,1,835)
w(8,13,1,835)
w(39,15,1,836)
r(98,8,1,836)
r(45,5,1,837)
r(77,10,1,837)
w(50,12,1,838)
r(49,14,1,838)
r(14,11,1,839)
r(61,10,1,839)
r(14,11,1,840)
w(52,14,1,840)
w(21,11,1,841)
w(0,11,1,841)
w(77,11,1,842)
r(42,7,1,842)
w(9,8,1,843)
w(64,6,1,843)
r(7,12,1,844)
r(76,10,1,844)
r(14,11,1,845)
r(97,11,1,845)
w(17,14,1,846)
r(40,12,1,846)
r(0,11,1,847)
r(49,14,1,847)
r(49,14,1,848)
w(71,5,1,848)
r(31,7,1,849)
w(55,8,1,849)
w(68,11,1,850)
w(70,10,1,850)
r(4,7,1,851)
w(92,13,1,851)
w(0,12,1,852)
w(10,8,1,852)
w(39,16,1,853)
w(33,7,1,853)
r(91,14,1,854)
w(23,11,1,854)
w(3,11,1,855)
w(7,13,1,855)
r(18,12,1,856)
w(89,12,1,856)
r(60,8,1,857)
w(76,11,1,857)
w(62,8,1,858)
r(60,8,1,858)
r(94,6,1,859)
r(3,11,1,859)
r(93,6,1,860)
r(29,7,1,860)
w(22,11,1,861)
w(59,8,1,861)
w(78,7,1,862)
w(23,12,1,862)
r(98,8,1,863)
r(14,11,1,863)
w(18,13,1,864)
r(79,12,1,864)
w(72,15,1,865)
r(76,11,1,865)
r(14,11,1,866)
w(31,8,1,866)
w(60,9,1,867)
r(91,14,1,867)
r(18,13,1,868)
r(19,9,1,868)
w(83,11,1,869)
r(61,10,1,869)
w(30,6,1,870)
r(46,2,1,870)
r(45,5,1,871)
r(13,13,1,871)
w(67,6,1,872)
r(92,13,1,872)
w(70,11,1,873)
w(78,8,1,873)
r(48,6,1,874)
r(65,13,1,874)
r(59,8,1,875)
r(66,14,1,875)
w(71,6,1,876)
r(1,6,1,876)
w(86,11,1,877)
w(78,9,1,877)
w(28,16,1,878)
r(64,6,1,878)
w(26,8,1,879)
r(68,11,1,879)
w(45,6,1,880)
w(95,10,1,880)
r(82,6,1,881)
w(75,14,1,881)
w(27,10,1,882)
r(34,4,1,882)
r(23,12,1,883)
w(55,9,1,883)
w(21,12,1,884)
w(76,12,1,884)
r(40,12,1,885)
r(89,12,1,885)
r(35,3,1,886)
w(71,7,1,886)
w(56,12,1,887)
w(49,15,1,887)
w(64,7,1,888)
r(55,9,1,888)
r(82,6,1,889)
w(43,8,1,889)
w(83,12,1,890)
r(29,7,1,890)
r(8,13,1,891)
r(21,12,1,891)
w(56,13,1,892)
w(81,9,1,892)
r(41,9,1,893)
r(0,12,1,893)
w(50,13,1,894)
r(60,9,1,894)
w(84,8,1,895)
r(26,8,1,895)
r(25,8,1,896)
r(6,10,1,896)
r(17,14,1,897)
w(91,15,1,897)
r(83,12,1,898)
r(47,5,1,898)
r(17,14,1,899)
r(36,7,1,899)
w(43,9,1,900)
w(79,13,1,900)
r(77,11,1,901)
w(94,7,1,901)
w(59,9,1,902)
r(21,12,1,902)
r(14,11,1,903)
r(14,11,1,903)
r(80,8,1,904)
w(39,17,1,904)
w(91,16,1,905)
w(60,10,1,905)
r(94,7,1,906)
w(0,13,1,906)
w(66,15,1,907)
w(31,9,1,907)
w(52,15,1,908)
w(30,7,1,908)
w(66,16,1,909)
r(34,4,1,909)
w(25,9,1,910)
r(81,9,1,910)
r(32,5,1,911)
w(97,12,1,911)
r(4,7,1,912)
r(97,12,1,912)
w(92,14,1,913)
w(19,10,1,913)
w(50,14,1,914)
r(27,10,1,914)
r(64,7,1,915)
w(20,5,1,915)
w(12,8,1,916)
r(73,8,1,916)
w(48,7,1,917)
r(94,7,1,917)
w(79,14,1,918)
r(69,6,1,918)
r(4,7,1,919)
r(92,14,1,919)
w(55,10,1,920)
r(74,12,1,920)
r(1,6,1,921)
r(92,14,1,921)
w(3,12,1,922)
r(22,11,1,922)
r(58,9,1,923)
r(95,10,1,923)
w(12,9,1,924)
r(98,8,1,924)
r(82,6,1,925)
r(69,6,1,925)
w(63,4,1,926)
r(57,9,1,926)
w(65,14,1,927)
w(55,11,1,927)
w(14,12,1,928)
w(69,7,1,928)
r(71,7,1,929)
w(66,17,1,929)
r(8,13,1,930)
r(16,9,1,930)
r(71,7,1,931)
r(52,15,1,931)
w(22,12,1,932)
w(84,9,1,932)
r(88,8,1,933)
w(9,9,1,933)
w(77,12,1,934)
w(62,9,1,934)
w(0,14,1,935)
r(6,10,1,935)
w(74,13,1,936)
w(10,9,1,936)
w(88,9,1,937)
w(48,8,1,937)
r(56,13,1,938)
w(18,14,1,938)
r(82,6,1,939)
r(77,12,1,939)
w(84,10,1,940)
r(99,12,1,940)
w(94,8,1,941)
r(31,9,1,941)
w(39,18,1,942)
r(16,9,1,942)
r(96,7,1,943)
r(43,9,1,943)
r(60,10,1,944)
w(2,6,1,944)
r(8,13,1,945)
w(35,4,1,945)
r(84,10,1,946)
r(3,12,1,946)
w(92,15,1,947)
w(3,13,1,947)
r(77,12,1,948)
w(20,6,1,948)
w(47,6,1,949)
w(76,13,1,949)
r(17,14,1,950)
r(84,10,1,950)
w(99,13,1,951)
w(2,7,1,951)
r(30,7,1,952)
w(50,15,1,952)
r(77,12,1,953)
r(17,14,1,953)
r(57,9,1,954)
r(42,7,1,954)
r(7,13,1,955)
w(32,6,1,955)
w(38,9,1,956)
r(29,7,1,956)
w(88,10,1,957)
r(55,11,1,957)
w(42,8,1,958)
w(95,11,1,958)
w(61,11,1,959)
w(8,14,1,959)
w(27,11,1,960)
w(92,16,1,960)
w(23,13,1,961)
r(21,12,1,961)
w(59,10,1,962)
w(60,11,1,962)
w(11,8,1,963)
w(28,17,1,963)
w(49,16,1,964)
w(16,10,1,964)
w(87,12,1,965)
w(44,4,1,965)
r(31,9,1,966)
w(5,5,1,966)
w(63,5,1,967)
w(68,12,1,967)
w(81,10,1,968)
w(98,9,1,968)
r(74,13,1,969)
r(30,7,1,969)
r(50,15,1,970)
r(60,11,1,970)
w(92,17,1,971)
r(20,6,1,971)
r(52,15,1,972)
w(62,10,1,972)
w(95,12,1,973)
r(83,12,1,973)
r(40,12,1,974)
r(95,12,1,974)
r(55,11,1,975)
w(12,10,1,975)
w(47,7,1,976)
w(22,13,1,976)
r(54,4,1,977)
r(61,11,1,977)
r(73,8,1,978)
r(57,9,1,978)
r(1,6,1,979)
w(42,9,1,979)
r(73,8,1,980)
w(71,8,1,980)
w(79,15,1,981)
r(55,11,1,981)
r(38,9,1,982)
r(64,7,1,982)
r(86,11,1,983)
r(31,9,1,983)
w(31,10,1,984)
r(24,5,1,984)
w(78,10,1,985)
r(27,11,1,985)
w(75,15,1,986)
r(61,11,1,986)
w(45,7,1,987)
w(51,6,1,987)
r(44,4,1,988)
r(40,12,1,988)
r(19,10,1,989)
w(27,12,1,989)
r(70,11,1,990)
w(23,14,1,990)
r(94,8,1,991)
r(93,6,1,991)
r(76,13,1,992)
w(26,9,1,992)
r(40,12,1,993)
r(46,2,1,993)
r(94,8,1,994)
r(42,9,1,994)
r(21,12,1,995)
r(50,15,1,995)
r(60,11,1,996)
w(38,10,1,996)
r(53,12,1,997)
w(12,11,1,997)
w(22,14,1,998)
w(11,9,1,998)
r(93,6,1,999)
r(98,9,1,999)
r(43,9,2,1000)
w(90,12,2,1000)
r(25,9,2,1001)
w(64,8,2,1001)
w(41,10,2,1002)
w(40,13,2,1002)
r(0,14,2,1003)
w(99,14,2,1003)
w(10,10,2,1004)
w(52,16,2,1004)
r(7,13,2,1005)
w(86,12,2,1005)
w(45,8,2,1006)
w(55,12,2,1006)
w(5,6,2,1007)
w(18,15,2,1007)
w(93,7,2,1008)
r(99,14,2,1008)
w(70,12,2,1009)
r(81,10,2,1009)
r(51,6,2,1010)
r(23,14,2,1010)
w(97,13,2,1011)
r(36,7,2,1011)
w(42,10,2,1012)
r(62,10,2,1012)
w(71,9,2,1013)
w(40,14,2,1013)
r(83,12,2,1014)
r(89,12,2,1014)
r(64,8,2,1015)
w(45,9,2,1015)
w(47,8,2,1016)
r(95,12,2,1016)
r(12,11,2,1017)
w(29,8,2,1017)
r(50,15,2,1018)
w(18,16,2,1018)
w(89,13,2,1019)
r(1,6,2,1019)
w(45,10,2,1020)
w(64,9,2,1020)
r(76,13,2,1021)
r(14,12,2,1021)
w(54,5,2,1022)
r(77,12,2,1022)
w(83,13,2,1023)
w(42,11,2,1023)
w(54,6,2,1024)
w(87,13,2,1024)
w(12,12,2,1025)
w(24,6,2,1025)
w(13,14,2,1026)
r(90,12,2,1026)
w(26,10,2,1027)
r(24,6,2,1027)
r(18,16,2,1028)
w(91,17,2,1028)
r(15,5,2,1029)
r(69,7,2,1029)
r(38,10,2,1030)
w(51,7,2,1030)
w(53,13,2,1031)
w(67,7,2,1031)
r(15,5,2,1032)
w(68,13,2,1032)
w(46,3,2,1033)
w(29,9,2,1033)
r(7,13,2,1034)
r(42,11,2,1034)
r(8,14,2,1035)
w(42,12,2,1035)
w(53,14,2,1036)
r(67,7,2,1036)
r(62,10,2,1037)
r(49,16,2,1037)
r(88,10,2,1038)
r(79,15,2,1038)
r(4,7,2,1039)
r(3,13,2,1039)
w(40,15,2,1040)
r(60,11,2,1040)
r(56,13,2,1041)
w(59,11,2,1041)
w(84,11,2,1042)
w(97,14,2,1042)
r(71,9,2,1043)
r(21,12,2,1043)
w(1,7,2,1044)
w(80,9,2,1044)
w(42,13,2,1045)
r(61,11,2,1045)
w(56,14,2,1046)
w(21,13,2,1046)
w(45,11,2,1047)
r(43,9,2,1047)
w(99,15,2,1048)
w(40,16,2,1048)
w(40,17,2,1049)
w(40,18,2,1049)
r(88,10,2,1050)
r(24,6,2,1050)
r(19,10,2,1051)
w(8,15,2,1051)
r(62,10,2,1052)
w(11,10,2,1052)
w(92,18,2,1053)
r(52,16,2,1053)
r(28,17,2,1054)
w(29,10,2,1054)
w(71,10,2,1055)
w(9,10,2,1055)
w(87,14,2,1056)
w(13,15,2,1056)
w(42,14,2,1057)
w(35,5,2,1057)
w(62,11,2,1058)
r(97,14,2,1058)
r(18,16,2,1059)
r(84,11,2,1059)
r(35,5,2,1060)
w(14,13,2,1060)
r(77,12,2,1061)
w(32,7,2,1061)
w(15,6,2,1062)
r(28,17,2,1062)
w(42,15,2,1063)
w(15,7,2,1063)
r(88,10,2,1064)
w(52,17,2,1064)
r(27,12,2,1065)
r(27,12,2,1065)
r(43,9,2,1066)
w(28,18,2,1066)
r(31,10,2,1067)
w(82,7,2,1067)
w(28,19,2,1068)
r(46,3,2,1068)
w(82,8,2,1069)
w(56,15,2,1069)
r(57,9,2,1070)
r(35,5,2,1070)
r(30,7,2,1071)
r(58,9,2,1071)
r(58,9,2,1072)
w(43,10,2,1072)
r(75,15,2,1073)
w(23,15,2,1073)
w(82,9,2,1074)
r(4,7,2,1074)
r(37,11,2,1075)
w(89,14,2,1075)
w(34,5,2,1076)
r(74,13,2,1076)
w(5,7,2,1077)
w(92,19,2,1077)
w(75,16,2,1078)
r(5,7,2,1078)
w(5,8,2,1079)
w(92,20,2,1079)
w(62,12,2,1080)
r(35,5,2,1080)
r(13,15,2,1081)
r(53,14,2,1081)
r(88,10,2,1082)
r(47,8,2,1082)
w(56,16,2,1083)
w(85,5,2,1083)
r(92,20,2,1084)
w(20,7,2,1084)
r(91,17,2,1085)
w(95,13,2,1085)
w(41,11,2,1086)
w(94,9,2,1086)
r(61,11,2,1087)
w(61,12,2,1087)
w(42,16,2,1088)
r(2,7,2,1088)
w(51,8,2,1089)
r(6,10,2,1089)
r(26,10,2,1090)
r(55,12,2,1090)
r(47,8,2,1091)
w(95,14,2,1091)
r(66,17,2,1092)
r(14,13,2,1092)
w(21,14,2,1093)
w(3,14,2,1093)
w(45,12,2,1094)
w(55,13,2,1094)
r(40,18,2,1095)
w(3,15,2,1095)
r(13,15,2,1096)
w(73,9,2,1096)
r(75,16,2,1097)
w(96,8,2,1097)
w(89,15,2,1098)
w(47,9,2,1098)
r(18,16,2,1099)
w(23,16,2,1099)
r(57,9,2,1100)
r(15,7,2,1100)
r(27,12,2,1101)
w(96,9,2,1101)
r(78,10,2,1102)
r(86,12,2,1102)
w(59,12,2,1103)
w(75,17,2,1103)
w(26,11,2,1104)
r(42,16,2,1104)
r(78,10,2,1105)
w(91,18,2,1105)
r(34,5,2,1106)
w(33,8,2,1106)
w(6,11,2,1107)
w(38,11,2,1107)
r(13,15,2,1108)
r(76,13,2,1108)
w(54,7,2,1109)
r(68,13,2,1109)
r(82,9,2,1110)
w(61,13,2,1110)
r(38,11,2,1111)
w(74,14,2,1111)
w(88,11,2,1112)
r(18,16,2,1112)
r(13,15,2,1113)
w(68,14,2,1113)
r(53,14,2,1114)
w(64,10,2,1114)
r(6,11,2,1115)
r(18,16,2,1115)
r(65,14,2,1116)
r(34,5,2,1116)
w(77,13,2,1117)
r(4,7,2,1117)
r(68,14,2,1118)
w(6,12,2,1118)
w(21,15,2,1119)
w(25,10,2,1119)
r(69,7,2,1120)
w(29,11,2,1120)
r(62,12,2,1121)
r(52,17,2,1121)
w(10,11,2,1122)
r(31,10,2,1122)
r(99,15,2,1123)
w(45,13,2,1123)
r(3,15,2,1124)
w(96,10,2,1124)
r(98,9,2,1125)
r(13,15,2,1125)
w(44,5,2,1126)
r(51,8,2,1126)
w(81,11,2,1127)
w(30,8,2,1127)
r(75,17,2,1128)
r(0,14,2,1128)
w(40,19,2,1129)
w(93,8,2,1129)
r(46,3,2,1130)
w(58,10,2,1130)
r(20,7,2,1131)
w(59,13,2,1131)
r(46,3,2,1132)
w(40,20,2,1132)
r(45,13,2,1133)
w(90,13,2,1133)
r(58,10,2,1134)
w(64,11,2,1134)
w(59,14,2,1135)
r(47,9,2,1135)
r(81,11,2,1136)
w(33,9,2,1136)
r(61,13,2,1137)
w(73,10,2,1137)
w(51,9,2,1138)
r(81,11,2,1138)
w(77,14,2,1139)
r(39,18,2,1139)
r(2,7,2,1140)
w(60,12,2,1140)
w(14,14,2,1141)
w(55,14,2,1141)
w(94,10,2,1142)
r(52,17,2,1142)
r(70,12,2,1143)
w(30,9,2,1143)
w(31,11,2,1144)
w(85,6,2,1144)
w(19,11,2,1145)
r(82,9,2,1145)
w(40,21,2,1146)
w(14,15,2,1146)
w(15,8,2,1147)
w(18,17,2,1147)
w(19,12,2,1148)
r(16,10,2,1148)
r(82,9,2,1149)
w(11,11,2,1149)
r(21,15,2,1150)
r(26,11,2,1150)
w(87,15,2,1151)
w(29,12,2,1151)
r(81,11,2,1152)
w(34,6,2,1152)
w(80,10,2,1153)
w(64,12,2,1153)
w(34,7,2,1154)
r(30,9,2,1154)
r(7,13,2,1155)
r(88,11,2,1155)
r(64,12,2,1156)
r(50,15,2,1156)
w(19,13,2,1157)
r(65,14,2,1157)
w(54,8,2,1158)
r(27,12,2,1158)
w(67,8,2,1159)
r(98,9,2,1159)
w(70,13,2,1160)
w(91,19,2,1160)
w(70,14,2,1161)
w(79,16,2,1161)
w(97,15,2,1162)
r(56,16,2,1162)
w(94,11,2,1163)
w(64,13,2,1163)
w(3,16,2,1164)
w(66,18,2,1164)
w(47,10,2,1165)
w(73,11,2,1165)
w(52,18,2,1166)
r(14,15,2,1166)
w(2,8,2,1167)
w(14,16,2,1167)
r(85,6,2,1168)
w(27,13,2,1168)
r(12,12,2,1169)
r(23,16,2,1169)
r(56,16,2,1170)
r(65,14,2,1170)
w(97,16,2,1171)
w(35,6,2,1171)
w(86,13,2,1172)
r(1,7,2,1172)
r(9,10,2,1173)
w(20,8,2,1173)
w(60,13,2,1174)
w(43,11,2,1174)
r(53,14,2,1175)
r(6,12,2,1175)
r(18,17,2,1176)
r(0,14,2,1176)
w(80,11,2,1177)
w(9,11,2,1177)
w(8,16,2,1178)
w(3,17,2,1178)
r(61,13,2,1179)
w(99,16,2,1179)
r(4,7,2,1180)
r(85,6,2,1180)
w(13,16,2,1181)
w(85,7,2,1181)
r(95,14,2,1182)
r(64,13,2,1182)
w(8,17,2,1183)
r(21,15,2,1183)
w(18,18,2,1184)
w(80,12,2,1184)
r(87,15,2,1185)
r(62,12,2,1185)
w(23,17,2,1186)
w(19,14,2,1186)
r(51,9,2,1187)
r(24,6,2,1187)
w(13,17,2,1188)
r(18,18,2,1188)
w(68,15,2,1189)
w(12,13,2,1189)
w(54,9,2,1190)
w(64,14,2,1190)
r(76,13,2,1191)
w(41,12,2,1191)
r(60,13,2,1192)
w(72,16,2,1192)
w(68,16,2,1193)
r(2,8,2,1193)
w(96,11,2,1194)
r(97,16,2,1194)
w(90,14,2,1195)
w(66,19,2,1195)
r(41,12,2,1196)
r(86,13,2,1196)
r(2,8,2,1197)
w(97,17,2,1197)
w(93,9,2,1198)
w(75,18,2,1198)
r(20,8,2,1199)
w(72,17,2,1199)
w(72,18,2,1200)
r(84,11,2,1200)
r(76,13,2,1201)
r(39,18,2,1201)
r(27,13,2,1202)
w(82,10,2,1202)
w(11,12,2,1203)
r(29,12,2,1203)
r(78,10,2,1204)
w(74,15,2,1204)
r(51,9,2,1205)
r(54,9,2,1205)
w(33,10,2,1206)
w(32,8,2,1206)
r(27,13,2,1207)
r(92,20,2,1207)
r(43,11,2,1208)
w(76,14,2,1208)
r(22,14,2,1209)
w(19,15,2,1209)
w(81,12,2,1210)
w(68,17,2,1210)
w(88,12,2,1211)
w(51,10,2,1211)
r(31,11,2,1212)
w(16,11,2,1212)
w(86,14,2,1213)
r(24,6,2,1213)
w(63,6,2,1214)
r(36,7,2,1214)
w(35,7,2,1215)
r(80,12,2,1215)
w(22,15,2,1216)
r(82,10,2,1216)
r(32,8,2,1217)
r(24,6,2,1217)
w(96,12,2,1218)
w(71,11,2,1218)
w(73,12,2,1219)
r(46,3,2,1219)
w(37,12,2,1220)
w(25,11,2,1220)
r(61,13,2,1221)
w(47,11,2,1221)
w(91,20,2,1222)
w(97,18,2,1222)
w(0,15,2,1223)
w(38,12,2,1223)
w(24,7,2,1224)
w(90,15,2,1224)
w(62,13,2,1225)
r(29,12,2,1225)
r(41,12,2,1226)
w(84,12,2,1226)
r(88,12,2,1227)
r(31,11,2,1227)
r(47,11,2,1228)
r(47,11,2,1228)
w(43,12,2,1229)
w(54,10,2,1229)
r(0,15,2,1230)
w(63,7,2,1230)
w(50,16,2,1231)
r(63,7,2,1231)
r(67,8,2,1232)
r(98,9,2,1232)
w(73,13,2,1233)
r(94,11,2,1233)
w(0,16,2,1234)
r(91,20,2,1234)
w(88,13,2,1235)
w(65,15,2,1235)
r(28,19,2,1236)
w(58,11,2,1236)
r(67,8,2,1237)
r(48,8,2,1237)
r(10,11,2,1238)
w(12,14,2,1238)
r(50,16,2,1239)
r(27,13,2,1239)
r(37,12,2,1240)
r(26,11,2,1240)
r(27,13,2,1241)
r(76,14,2,1241)
w(34,8,2,1242)
r(95,14,2,1242)
r(62,13,2,1243)
r(43,12,2,1243)
r(27,13,2,1244)
r(43,12,2,1244)
w(78,11,2,1245)
r(51,10,2,1245)
w(10,12,2,1246)
w(83,14,2,1246)
w(73,14,2,1247)
r(28,19,2,1247)
r(39,18,2,1248)
w(67,9,2,1248)
r(76,14,2,1249)
w(88,14,2,1249)
r(61,13,2,1250)
w(55,15,2,1250)
r(12,14,2,1251)
r(81,12,2,1251)
r(19,15,2,1252)
w(22,16,2,1252)
r(92,20,2,1253)
r(17,14,2,1253)
w(11,13,2,1254)
r(87,15,2,1254)
r(60,13,2,1255)
w(25,12,2,1255)
w(7,14,2,1256)
r(69,7,2,1256)
r(61,13,2,1257)
r(16,11,2,1257)
r(1,7,2,1258)
r(12,14,2,1258)
w(65,16,2,1259)
w(5,9,2,1259)
r(82,10,2,1260)
w(99,17,2,1260)
w(76,15,2,1261)
r(97,18,2,1261)
w(72,19,2,1262)
r(78,11,2,1262)
r(95,14,2,1263)
r(21,15,2,1263)
r(92,20,2,1264)
r(22,16,2,1264)
w(64,15,2,1265)
w(12,15,2,1265)
r(4,7,2,1266)
w(90,16,2,1266)
w(72,20,2,1267)
r(57,9,2,1267)
r(5,9,2,1268)
r(80,12,2,1268)
r(15,8,2,1269)
r(6,12,2,1269)
r(57,9,2,1270)
w(59,15,2,1270)
r(21,15,2,1271)
w(36,8,2,1271)
w(53,15,2,1272)
w(72,21,2,1272)
w(57,10,2,1273)
w(78,12,2,1273)
r(96,12,2,1274)
w(9,12,2,1274)
r(23,17,2,1275)
w(69,8,2,1275)
w(5,10,2,1276)
r(31,11,2,1276)
r(30,9,2,1277)
w(16,12,2,1277)
w(70,15,2,1278)
r(56,16,2,1278)
w(44,6,2,1279)
w(90,17,2,1279)
w(21,16,2,1280)
r(23,17,2,1280)
r(51,10,2,1281)
w(26,12,2,1281)
r(97,18,2,1282)
w(94,12,2,1282)
w(69,9,2,1283)
r(24,7,2,1283)
w(59,16,2,1284)
w(20,9,2,1284)
w(8,18,2,1285)
w(26,13,2,1285)
w(92,21,2,1286)
r(73,14,2,1286)
r(38,12,2,1287)
w(18,19,2,1287)
w(80,13,2,1288)
w(41,13,2,1288)
w(55,16,2,1289)
w(25,13,2,1289)
w(8,19,2,1290)
r(68,17,2,1290)
w(15,9,2,1291)
w(58,12,2,1291)
w(76,16,2,1292)
w(83,15,2,1292)
w(81,13,2,1293)
r(75,18,2,1293)
w(52,19,2,1294)
w(7,15,2,1294)
w(62,14,2,1295)
r(53,15,2,1295)
r(88,14,2,1296)
w(37,13,2,1296)
r(53,15,2,1297)
w(88,15,2,1297)
w(78,13,2,1298)
w(19,16,2,1298)
r(32,8,2,1299)
r(74,15,2,1299)
r(39,18,2,1300)
w(32,9,2,1300)
r(49,16,2,1301)
r(8,19,2,1301)
w(45,14,2,1302)
r(1,7,2,1302)
r(83,15,2,1303)
r(61,13,2,1303)
r(80,13,2,1304)
r(51,10,2,1304)
r(20,9,2,1305)
r(83,15,2,1305)
w(55,17,2,1306)
w(19,17,2,1306)
w(38,13,2,1307)
w(57,11,2,1307)
w(45,15,2,1308)
w(7,16,2,1308)
r(40,21,2,1309)
r(62,14,2,1309)
r(89,15,2,1310)
w(41,14,2,1310)
w(11,14,2,1311)
w(73,15,2,1311)
w(97,19,2,1312)
r(35,7,2,1312)
r(30,9,2,1313)
r(31,11,2,1313)
w(25,14,2,1314)
w(14,17,2,1314)
w(47,12,2,1315)
r(20,9,2,1315)
w(69,10,2,1316)
w(32,10,2,1316)
r(31,11,2,1317)
w(64,16,2,1317)
w(10,13,2,1318)
r(4,7,2,1318)
r(88,15,2,1319)
w(1,8,2,1319)
w(92,22,2,1320)
w(42,17,2,1320)
r(20,9,2,1321)
w(22,17,2,1321)
r(23,17,2,1322)
r(63,7,2,1322)
r(65,16,2,1323)
r(86,14,2,1323)
w(28,20,2,1324)
r(85,7,2,1324)
r(26,13,2,1325)
w(56,17,2,1325)
r(42,17,2,1326)
w(60,14,2,1326)
w(54,11,2,1327)
r(9,12,2,1327)
r(49,16,2,1328)
w(1,9,2,1328)
w(11,15,2,1329)
w(47,13,2,1329)
w(79,17,2,1330)
r(81,13,2,1330)
w(68,18,2,1331)
w(37,14,2,1331)
r(22,17,2,1332)
r(20,9,2,1332)
w(40,22,2,1333)
w(84,13,2,1333)
r(34,8,2,1334)
r(36,8,2,1334)
r(30,9,2,1335)
w(85,8,2,1335)
r(30,9,2,1336)
r(55,17,2,1336)
w(62,15,2,1337)
r(68,18,2,1337)
r(95,14,2,1338)
w(65,17,2,1338)
r(7,16,2,1339)
r(44,6,2,1339)
w(23,18,2,1340)
w(49,17,2,1340)
w(74,16,2,1341)
w(28,21,2,1341)
r(51,10,2,1342)
w(87,16,2,1342)
r(99,17,2,1343)
w(15,10,2,1343)
w(72,22,2,1344)
r(88,15,2,1344)
r(74,16,2,1345)
w(33,11,2,1345)
r(37,14,2,1346)
r(4,7,2,1346)
w(91,21,2,1347)
w(81,14,2,1347)
w(1,10,2,1348)
r(75,18,2,1348)
w(2,9,2,1349)
r(64,16,2,1349)
w(8,20,2,1350)
r(2,9,2,1350)
r(18,19,2,1351)
w(32,11,2,1351)
r(43,12,2,1352)
r(61,13,2,1352)
w(44,7,2,1353)
r(14,17,2,1353)
w(8,21,2,1354)
w(91,22,2,1354)
r(53,15,2,1355)
r(72,22,2,1355)
r(86,14,2,1356)
w(11,16,2,1356)
w(65,18,2,1357)
w(49,18,2,1357)
w(83,16,2,1358)
r(25,14,2,1358)
w(33,12,2,1359)
r(35,7,2,1359)
w(20,10,2,1360)
w(44,8,2,1360)
w(55,18,2,1361)
w(6,13,2,1361)
w(47,14,2,1362)
r(91,22,2,1362)
r(99,17,2,1363)
r(34,8,2,1363)
r(85,8,2,1364)
r(74,16,2,1364)
r(88,15,2,1365)
r(85,8,2,1365)
w(96,13,2,1366)
w(74,17,2,1366)
r(50,16,2,1367)
w(32,12,2,1367)
w(48,9,2,1368)
r(69,10,2,1368)
w(80,14,2,1369)
r(29,12,2,1369)
r(92,22,2,1370)
r(16,12,2,1370)
r(73,15,2,1371)
r(49,18,2,1371)
w(6,14,2,1372)
r(12,15,2,1372)
r(34,8,2,1373)
r(88,15,2,1373)
r(31,11,2,1374)
r(70,15,2,1374)
w(43,13,2,1375)
w(55,19,2,1375)
r(51,10,2,1376)
r(31,11,2,1376)
w(95,15,2,1377)
w(81,15,2,1377)
w(77,15,2,1378)
r(74,17,2,1378)
w(96,14,2,1379)
r(79,17,2,1379)
w(0,17,2,1380)
w(37,15,2,1380)
r(83,16,2,1381)
w(93,10,2,1381)
r(5,10,2,1382)
r(19,17,2,1382)
w(12,16,2,1383)
w(25,15,2,1383)
w(98,10,2,1384)
r(5,10,2,1384)
r(8,21,2,1385)
r(64,16,2,1385)
w(51,11,2,1386)
w(68,19,2,1386)
r(64,16,2,1387)
r(92,22,2,1387)
r(24,7,2,1388)
w(16,13,2,1388)
r(75,18,2,1389)
r(77,15,2,1389)
r(39,18,2,1390)
w(55,20,2,1390)
w(40,23,2,1391)
r(38,13,2,1391)
w(55,21,2,1392)
r(79,17,2,1392)
w(2,10,2,1393)
w(81,16,2,1393)
w(85,9,2,1394)
r(9,12,2,1394)
r(94,12,2,1395)
w(46,4,2,1395)
r(12,16,2,1396)
w(6,15,2,1396)
r(31,11,2,1397)
w(70,16,2,1397)
w(95,16,2,1398)
w(66,20,2,1398)
r(60,14,2,1399)
r(98,10,2,1399)
r(82,10,2,1400)
r(77,15,2,1400)
r(60,14,2,1401)
r(74,17,2,1401)
w(3,18,2,1402)
r(23,18,2,1402)
w(80,15,2,1403)
r(8,21,2,1403)
w(15,11,2,1404)
w(21,17,2,1404)
r(81,16,2,1405)
r(11,16,2,1405)
r(71,11,2,1406)
w(19,18,2,1406)
w(23,19,2,1407)
r(46,4,2,1407)
r(76,16,2,1408)
w(35,8,2,1408)
w(19,19,2,1409)
w(81,17,2,1409)
w(19,20,2,1410)
r(42,17,2,1410)
w(73,16,2,1411)
r(72,22,2,1411)
w(6,16,2,1412)
r(74,17,2,1412)
r(38,13,2,1413)
w(65,19,2,1413)
r(53,15,2,1414)
r(22,17,2,1414)
r(58,12,2,1415)
w(82,11,2,1415)
w(4,8,2,1416)
w(90,18,2,1416)
w(58,13,2,1417)
r(89,15,2,1417)
r(35,8,2,1418)
w(95,17,2,1418)
w(59,17,2,1419)
w(1,11,2,1419)
r(51,11,2,1420)
r(8,21,2,1420)
w(33,13,2,1421)
r(95,17,2,1421)
r(26,13,2,1422)
w(99,18,2,1422)
w(87,17,2,1423)
r(56,17,2,1423)
r(58,13,2,1424)
r(43,13,2,1424)
r(74,17,2,1425)
w(32,13,2,1425)
r(55,21,2,1426)
r(7,16,2,1426)
r(30,9,2,1427)
w(49,19,2,1427)
r(36,8,2,1428)
w(45,16,2,1428)
w(88,16,2,1429)
r(7,16,2,1429)
w(69,11,2,1430)
w(56,18,2,1430)
w(24,8,2,1431)
r(71,11,2,1431)
r(58,13,2,1432)
w(47,15,2,1432)
w(59,18,2,1433)
w(43,14,2,1433)
w(46,5,2,1434)
w(74,18,2,1434)
r(19,20,2,1435)
r(9,12,2,1435)
r(12,16,2,1436)
r(74,18,2,1436)
r(83,16,2,1437)
r(86,14,2,1437)
r(21,17,2,1438)
w(23,20,2,1438)
w(0,18,2,1439)
r(52,19,2,1439)
w(81,18,2,1440)
w(1,12,2,1440)
w(94,13,2,1441)
r(76,16,2,1441)
r(50,16,2,1442)
w(53,16,2,1442)
r(39,18,2,1443)
r(19,20,2,1443)
w(7,17,2,1444)
r(5,10,2,1444)
r(14,17,2,1445)
r(99,18,2,1445)
w(95,18,2,1446)
r(85,9,2,1446)
w(75,19,2,1447)
w(78,14,2,1447)
w(10,14,2,1448)
r(54,11,2,1448)
w(68,20,2,1449)
w(48,10,2,1449)
w(1,13,2,1450)
w(7,18,2,1450)
r(71,11,2,1451)
r(5,10,2,1451)
r(74,18,2,1452)
r(6,16,2,1452)
r(7,18,2,1453)
r(79,17,2,1453)
r(80,15,2,1454)
w(0,19,2,1454)
w(21,18,2,1455)
r(54,11,2,1455)
w(86,15,2,1456)
w(14,18,2,1456)
r(58,13,2,1457)
w(65,20,2,1457)
w(7,19,2,1458)
r(92,22,2,1458)
r(96,14,2,1459)
w(31,12,2,1459)
r(8,21,2,1460)
w(22,18,2,1460)
w(54,12,2,1461)
w(27,14,2,1461)
r(65,20,2,1462)
r(68,20,2,1462)
r(75,19,2,1463)
w(84,14,2,1463)
r(50,16,2,1464)
r(41,14,2,1464)
r(98,10,2,1465)
r(87,17,2,1465)
r(38,13,2,1466)
w(71,12,2,1466)
r(97,19,2,1467)
r(67,9,2,1467)
w(11,17,2,1468)
r(64,16,2,1468)
w(70,17,2,1469)
r(32,13,2,1469)
r(22,18,2,1470)
w(51,12,2,1470)
r(50,16,2,1471)
w(45,17,2,1471)
w(66,21,2,1472)
w(29,13,2,1472)
r(85,9,2,1473)
r(59,18,2,1473)
r(90,18,2,1474)
r(60,14,2,1474)
r(43,14,2,1475)
r(94,13,2,1475)
r(10,14,2,1476)
w(97,20,2,1476)
r(52,19,2,1477)
r(78,14,2,1477)
w(34,9,2,1478)
w(66,22,2,1478)
w(76,17,2,1479)
r(26,13,2,1479)
r(73,16,2,1480)
w(82,12,2,1480)
w(20,11,2,1481)
w(89,16,2,1481)
r(64,16,2,1482)
r(77,15,2,1482)
w(90,19,2,1483)
r(30,9,2,1483)
r(61,13,2,1484)
r(94,13,2,1484)
r(49,19,2,1485)
r(15,11,2,1485)
r(64,16,2,1486)
r(79,17,2,1486)
r(72,22,2,1487)
r(96,14,2,1487)
w(62,16,2,1488)
r(87,17,2,1488)
r(60,14,2,1489)
w(95,19,2,1489)
r(4,8,2,1490)
w(35,9,2,1490)
w(48,11,2,1491)
w(2,11,2,1491)
w(42,18,2,1492)
r(3,18,2,1492)
r(47,15,2,1493)
r(55,21,2,1493)
r(1,13,2,1494)
r(72,22,2,1494)
w(7,20,2,1495)
r(88,16,2,1495)
w(39,19,2,1496)
w(47,16,2,1496)
r(26,13,2,1497)
r(89,16,2,1497)
w(99,19,2,1498)
r(96,14,2,1498)
r(25,15,2,1499)
r(19,20,2,1499)
