r(68,1,0,0)
w(30,1,0,0)
r(70,1,0,1)
w(85,1,0,1)
w(57,1,0,2)
w(88,1,0,2)
w(74,1,0,3)
r(42,1,0,3)
w(70,1,0,4)
w(47,1,0,4)
r(85,1,0,5)
r(23,1,0,5)
r(29,1,0,6)
w(3,1,0,6)
w(43,1,0,7)
w(95,1,0,7)
w(32,1,0,8)
w(14,1,0,8)
w(80,1,0,9)
w(66,1,0,9)
w(60,1,0,10)
r(98,1,0,10)
w(10,1,0,11)
w(36,1,0,11)
r(26,1,0,12)
r(87,1,0,12)
w(16,1,0,13)
w(36,2,0,13)
w(65,1,0,14)
w(81,1,0,14)
r(66,1,0,15)
r(58,1,0,15)
r(45,1,0,16)
r(27,1,0,16)
r(16,1,0,17)
r(98,1,0,17)
r(2,1,0,18)
r(35,1,0,18)
w(24,1,0,19)
r(82,1,0,19)
w(98,1,0,20)
w(96,1,0,20)
w(92,1,0,21)
r(13,1,0,21)
w(12,1,0,22)
r(50,1,0,22)
r(89,1,0,23)
w(55,1,0,23)
w(92,2,0,24)
r(84,1,0,24)
w(66,2,0,25)
r(7,1,0,25)
r(66,2,0,26)
w(80,2,0,26)
r(34,1,0,27)
w(21,1,0,27)
r(34,1,0,28)
w(64,1,0,28)
w(15,1,0,29)
r(58,1,0,29)
w(17,1,0,30)
r(14,1,0,30)
r(7,1,0,31)
w(68,1,0,31)
r(42,1,0,32)
w(1,1,0,32)
w(81,2,0,33)
r(72,1,0,33)
w(18,1,0,34)
w(41,1,0,34)
r(58,1,0,35)
w(7,1,0,35)
r(92,2,0,36)
w(55,2,0,36)
w(6,1,0,37)
w(58,1,0,37)
r(93,1,0,38)
r(47,1,0,38)
r(1,1,0,39)
r(81,2,0,39)
w(21,2,0,40)
r(22,1,0,40)
w(88,2,0,41)
r(2,1,0,41)
w(88,3,0,42)
r(90,1,0,42)
r(82,1,0,43)
w(41,2,0,43)
r(79,1,0,44)
w(96,2,0,44)
r(20,1,0,45)
r(68,1,0,45)
w(20,1,0,46)
w(60,2,0,46)
w(12,2,0,47)
r(14,1,0,47)
w(55,3,0,48)
w(12,3,0,48)
r(81,2,0,49)
r(81,2,0,49)
w(6,2,0,50)
w(65,2,0,50)
r(98,1,0,51)
r(27,1,0,51)
r(20,1,0,52)
w(16,2,0,52)
r(97,1,0,53)
w(74,2,0,53)
w(46,1,0,54)
w(23,1,0,54)
r(70,1,0,55)
w(38,1,0,55)
r(72,1,0,56)
w(19,1,0,56)
r(2,1,0,57)
w(63,1,0,57)
w(52,1,0,58)
w(18,2,0,58)
w(69,1,0,59)
r(87,1,0,59)
w(12,4,0,60)
r(58,1,0,60)
w(99,1,0,61)
r(65,2,0,61)
r(2,1,0,62)
w(68,2,0,62)
w(89,1,0,63)
r(68,2,0,63)
r(48,1,0,64)
w(63,2,0,64)
r(81,2,0,65)
w(68,3,0,65)
r(14,1,0,66)
r(74,2,0,66)
r(38,1,0,67)
w(56,1,0,67)
r(83,1,0,68)
w(4,1,0,68)
r(43,1,0,69)
r(65,2,0,69)
w(37,1,0,70)
w(15,2,0,70)
r(66,2,0,71)
w(34,1,0,71)
r(90,1,0,72)
w(22,1,0,72)
w(32,2,0,73)
w(25,1,0,73)
r(46,1,0,74)
r(46,1,0,74)
w(23,2,0,75)
r(35,1,0,75)
w(50,1,0,76)
w(72,1,0,76)
r(31,1,0,77)
r(84,1,0,77)
r(49,1,0,78)
w(71,1,0,78)
r(70,1,0,79)
w(94,1,0,79)
r(77,1,0,80)
r(80,2,0,80)
r(15,2,0,81)
w(13,1,0,81)
r(60,2,0,82)
r(1,1,0,82)
w(77,1,0,83)
r(23,2,0,83)
w(17,2,0,84)
w(27,1,0,84)
r(90,1,0,85)
r(27,1,0,85)
w(46,2,0,86)
w(68,4,0,86)
r(92,2,0,87)
r(57,1,0,87)
r(78,1,0,88)
w(94,2,0,88)
r(38,1,0,89)
r(83,1,0,89)
r(1,1,0,90)
r(46,2,0,90)
w(49,1,0,91)
r(47,1,0,91)
w(75,1,0,92)
w(91,1,0,92)
w(14,2,0,93)
r(59,1,0,93)
r(3,1,0,94)
r(48,1,0,94)
w(55,4,0,95)
w(86,1,0,95)
w(53,1,0,96)
r(39,1,0,96)
r(74,2,0,97)
w(44,1,0,97)
r(14,2,0,98)
r(82,1,0,98)
w(77,2,0,99)
r(39,1,0,99)
w(48,1,0,100)
w(48,2,0,100)
r(6,2,0,101)
w(13,2,0,101)
w(32,3,0,102)
w(76,1,0,102)
r(80,2,0,103)
r(22,1,0,103)
r(86,1,0,104)
w(57,2,0,104)
w(21,3,0,105)
w(41,3,0,105)
r(53,1,0,106)
w(49,2,0,106)
w(78,1,0,107)
w(46,3,0,107)
w(29,1,0,108)
w(85,2,0,108)
r(38,1,0,109)
w(21,4,0,109)
w(95,2,0,110)
r(56,1,0,110)
r(89,1,0,111)
w(0,1,0,111)
w(15,3,0,112)
w(55,5,0,112)
r(83,1,0,113)
w(33,1,0,113)
r(46,3,0,114)
w(23,3,0,114)
w(29,2,0,115)
w(42,1,0,115)
r(55,5,0,116)
w(5,1,0,116)
w(62,1,0,117)
r(89,1,0,117)
r(38,1,0,118)
w(94,3,0,118)
r(47,1,0,119)
w(95,3,0,119)
r(32,3,0,120)
w(10,2,0,120)
w(75,2,0,121)
r(25,1,0,121)
w(93,1,0,122)
w(81,3,0,122)
r(90,1,0,123)
r(80,2,0,123)
w(25,2,0,124)
r(9,1,0,124)
r(74,2,0,125)
w(3,2,0,125)
w(23,4,0,126)
w(3,3,0,126)
w(17,3,0,127)
r(41,3,0,127)
r(18,2,0,128)
r(99,1,0,128)
w(36,3,0,129)
r(97,1,0,129)
r(36,3,0,130)
w(21,5,0,130)
r(96,2,0,131)
r(20,1,0,131)
w(14,3,0,132)
r(66,2,0,132)
r(23,4,0,133)
w(21,6,0,133)
w(18,3,0,134)
r(3,3,0,134)
w(65,3,0,135)
w(99,2,0,135)
w(95,4,0,136)
r(81,3,0,136)
r(43,1,0,137)
r(91,1,0,137)
w(33,2,0,138)
r(38,1,0,138)
r(59,1,0,139)
w(5,2,0,139)
w(8,1,0,140)
w(82,1,0,140)
r(22,1,0,141)
r(45,1,0,141)
r(74,2,0,142)
w(6,3,0,142)
r(66,2,0,143)
w(33,3,0,143)
w(27,2,0,144)
r(9,1,0,144)
w(7,2,0,145)
r(12,4,0,145)
r(79,1,0,146)
w(25,3,0,146)
r(36,3,0,147)
r(75,2,0,147)
r(26,1,0,148)
r(0,1,0,148)
r(1,1,0,149)
w(54,1,0,149)
r(39,1,0,150)
w(85,3,0,150)
w(63,3,0,151)
w(85,4,0,151)
r(28,1,0,152)
w(55,6,0,152)
w(40,1,0,153)
w(93,2,0,153)
w(57,3,0,154)
r(13,2,0,154)
r(57,3,0,155)
r(98,1,0,155)
r(53,1,0,156)
r(11,1,0,156)
w(11,1,0,157)
w(57,4,0,157)
r(62,1,0,158)
r(22,1,0,158)
r(83,1,0,159)
w(79,1,0,159)
r(59,1,0,160)
r(17,3,0,160)
r(0,1,0,161)
r(65,3,0,161)
w(98,2,0,162)
r(94,3,0,162)
w(86,2,0,163)
r(61,1,0,163)
w(35,1,0,164)
w(55,7,0,164)
r(36,3,0,165)
r(39,1,0,165)
w(18,4,0,166)
w(35,2,0,166)
r(57,4,0,167)
w(46,4,0,167)
w(76,2,0,168)
r(95,4,0,168)
w(37,2,0,169)
r(70,1,0,169)
r(1,1,0,170)
r(79,1,0,170)
w(25,4,0,171)
r(70,1,0,171)
w(61,1,0,172)
w(47,2,0,172)
r(54,1,0,173)
r(44,1,0,173)
r(98,2,0,174)
r(88,3,0,174)
r(75,2,0,175)
r(7,2,0,175)
w(41,4,0,176)
w(44,2,0,176)
w(92,3,0,177)
r(53,1,0,177)
r(99,2,0,178)
r(30,1,0,178)
r(37,2,0,179)
r(17,3,0,179)
r(21,6,0,180)
w(44,3,0,180)
r(25,4,0,181)
r(84,1,0,181)
r(0,1,0,182)
w(60,3,0,182)
r(35,2,0,183)
w(57,5,0,183)
r(63,3,0,184)
r(27,2,0,184)
r(11,1,0,185)
w(78,2,0,185)
w(29,3,0,186)
w(72,2,0,186)
w(1,2,0,187)
w(70,2,0,187)
w(88,4,0,188)
w(24,2,0,188)
r(13,2,0,189)
r(86,2,0,189)
r(15,3,0,190)
r(49,2,0,190)
w(68,5,0,191)
w(38,2,0,191)
w(50,2,0,192)
r(80,2,0,192)
w(11,2,0,193)
r(24,2,0,193)
r(14,3,0,194)
w(17,4,0,194)
r(22,1,0,195)
w(46,5,0,195)
r(31,1,0,196)
r(65,3,0,196)
r(40,1,0,197)
r(12,4,0,197)
r(86,2,0,198)
r(99,2,0,198)
r(35,2,0,199)
r(18,4,0,199)
r(66,2,0,200)
w(78,3,0,200)
r(27,2,0,201)
w(64,2,0,201)
r(88,4,0,202)
r(41,4,0,202)
r(27,2,0,203)
w(17,5,0,203)
w(85,5,0,204)
w(38,3,0,204)
r(7,2,0,205)
w(16,3,0,205)
w(17,6,0,206)
w(33,4,0,206)
r(39,1,0,207)
w(0,2,0,207)
w(93,3,0,208)
w(27,3,0,208)
r(4,1,0,209)
r(93,3,0,209)
r(20,1,0,210)
r(21,6,0,210)
w(94,4,0,211)
w(53,2,0,211)
w(25,5,0,212)
w(46,6,0,212)
w(88,5,0,213)
w(4,2,0,213)
r(95,4,0,214)
w(51,1,0,214)
r(11,2,0,215)
r(16,3,0,215)
w(86,3,0,216)
r(9,1,0,216)
r(58,1,0,217)
r(13,2,0,217)
w(37,3,0,218)
w(1,3,0,218)
w(74,3,0,219)
r(84,1,0,219)
r(21,6,0,220)
w(69,2,0,220)
r(67,1,0,221)
w(70,3,0,221)
r(36,3,0,222)
r(1,3,0,222)
w(32,4,0,223)
w(95,5,0,223)
r(5,2,0,224)
w(66,3,0,224)
w(65,4,0,225)
w(44,4,0,225)
r(75,2,0,226)
r(84,1,0,226)
w(39,1,0,227)
w(94,5,0,227)
w(44,5,0,228)
r(44,5,0,228)
w(96,3,0,229)
w(87,1,0,229)
r(37,3,0,230)
w(90,1,0,230)
w(73,1,0,231)
r(10,2,0,231)
r(59,1,0,232)
r(80,2,0,232)
r(99,2,0,233)
r(76,2,0,233)
w(83,1,0,234)
w(0,3,0,234)
r(84,1,0,235)
w(41,5,0,235)
w(9,1,0,236)
r(67,1,0,236)
w(57,6,0,237)
r(87,1,0,237)
r(56,1,0,238)
w(23,5,0,238)
r(53,2,0,239)
r(94,5,0,239)
r(52,1,0,240)
w(33,5,0,240)
w(18,5,0,241)
w(21,7,0,241)
w(66,4,0,242)
w(69,3,0,242)
w(53,3,0,243)
w(44,6,0,243)
r(79,1,0,244)
w(57,7,0,244)
r(83,1,0,245)
w(49,3,0,245)
w(19,2,0,246)
w(88,6,0,246)
r(43,1,0,247)
w(78,4,0,247)
w(61,2,0,248)
r(17,6,0,248)
r(90,1,0,249)
r(65,4,0,249)
r(62,1,0,250)
w(67,1,0,250)
w(63,4,0,251)
w(53,4,0,251)
w(55,8,0,252)
r(2,1,0,252)
r(5,2,0,253)
r(87,1,0,253)
w(70,4,0,254)
w(7,3,0,254)
w(56,2,0,255)
w(6,4,0,255)
w(86,4,0,256)
w(34,2,0,256)
w(85,6,0,257)
w(46,7,0,257)
r(58,1,0,258)
w(90,2,0,258)
r(11,2,0,259)
w(95,6,0,259)
w(39,2,0,260)
r(32,4,0,260)
w(62,2,0,261)
w(51,2,0,261)
w(14,4,0,262)
w(33,6,0,262)
r(27,3,0,263)
r(5,2,0,263)
r(41,5,0,264)
w(46,8,0,264)
w(11,3,0,265)
r(61,2,0,265)
r(94,5,0,266)
r(53,4,0,266)
w(29,4,0,267)
w(23,6,0,267)
w(10,3,0,268)
r(16,3,0,268)
w(3,4,0,269)
w(6,5,0,269)
w(26,1,0,270)
w(40,2,0,270)
w(88,7,0,271)
w(42,2,0,271)
r(14,4,0,272)
r(77,2,0,272)
r(83,1,0,273)
w(22,2,0,273)
r(20,1,0,274)
w(80,3,0,274)
r(0,3,0,275)
r(86,4,0,275)
r(97,1,0,276)
r(98,2,0,276)
r(26,1,0,277)
r(93,3,0,277)
r(57,7,0,278)
r(44,6,0,278)
w(95,7,0,279)
w(54,2,0,279)
r(76,2,0,280)
r(72,2,0,280)
w(96,4,0,281)
r(86,4,0,281)
r(6,5,0,282)
w(63,5,0,282)
r(40,2,0,283)
r(26,1,0,283)
w(28,1,0,284)
r(44,6,0,284)
r(7,3,0,285)
r(65,4,0,285)
r(80,3,0,286)
r(79,1,0,286)
w(86,5,0,287)
w(74,4,0,287)
r(98,2,0,288)
r(94,5,0,288)
r(36,3,0,289)
w(4,3,0,289)
w(59,1,0,290)
w(46,9,0,290)
r(87,1,0,291)
r(83,1,0,291)
w(76,3,0,292)
r(48,2,0,292)
w(9,2,0,293)
w(95,8,0,293)
r(79,1,0,294)
r(75,2,0,294)
r(12,4,0,295)
w(18,6,0,295)
r(72,2,0,296)
w(75,3,0,296)
w(30,2,0,297)
w(78,5,0,297)
w(59,2,0,298)
w(25,6,0,298)
r(95,8,0,299)
r(14,4,0,299)
w(35,3,0,300)
r(0,3,0,300)
w(14,5,0,301)
r(32,4,0,301)
w(53,5,0,302)
w(98,3,0,302)
w(53,6,0,303)
w(52,2,0,303)
r(68,5,0,304)
w(81,4,0,304)
w(46,10,0,305)
r(54,2,0,305)
r(88,7,0,306)
r(2,1,0,306)
r(60,3,0,307)
r(21,7,0,307)
w(22,3,0,308)
w(58,2,0,308)
r(96,4,0,309)
r(32,4,0,309)
r(89,1,0,310)
w(31,1,0,310)
r(82,1,0,311)
w(57,8,0,311)
r(29,4,0,312)
r(93,3,0,312)
w(62,3,0,313)
r(26,1,0,313)
r(10,3,0,314)
r(59,2,0,314)
r(86,5,0,315)
r(42,2,0,315)
r(30,2,0,316)
w(87,2,0,316)
r(78,5,0,317)
r(92,3,0,317)
r(64,2,0,318)
r(95,8,0,318)
w(83,2,0,319)
w(55,9,0,319)
w(57,9,0,320)
w(48,3,0,320)
r(91,1,0,321)
w(61,3,0,321)
r(94,5,0,322)
r(96,4,0,322)
r(64,2,0,323)
w(83,3,0,323)
w(39,3,0,324)
r(59,2,0,324)
r(27,3,0,325)
r(86,5,0,325)
w(25,7,0,326)
w(26,2,0,326)
r(75,3,0,327)
r(79,1,0,327)
w(93,4,0,328)
r(89,1,0,328)
r(64,2,0,329)
r(87,2,0,329)
w(54,3,0,330)
w(77,3,0,330)
r(68,5,0,331)
w(97,1,0,331)
w(22,4,0,332)
w(73,2,0,332)
w(95,9,0,333)
w(66,5,0,333)
w(3,5,0,334)
r(79,1,0,334)
r(77,3,0,335)
w(68,6,0,335)
r(49,3,0,336)
w(62,4,0,336)
w(75,4,0,337)
w(71,2,0,337)
w(38,4,0,338)
w(55,10,0,338)
w(13,3,0,339)
w(49,4,0,339)
w(7,4,0,340)
r(38,4,0,340)
r(35,3,0,341)
w(74,5,0,341)
r(65,4,0,342)
w(78,6,0,342)
r(93,4,0,343)
w(86,6,0,343)
r(57,9,0,344)
w(53,7,0,344)
w(0,4,0,345)
w(9,3,0,345)
w(4,4,0,346)
r(59,2,0,346)
r(26,2,0,347)
w(20,2,0,347)
w(66,6,0,348)
r(4,4,0,348)
r(31,1,0,349)
r(5,2,0,349)
r(77,3,0,350)
w(53,8,0,350)
r(5,2,0,351)
r(29,4,0,351)
w(21,8,0,352)
w(77,4,0,352)
r(86,6,0,353)
w(24,3,0,353)
w(21,9,0,354)
r(66,6,0,354)
r(73,2,0,355)
w(73,3,0,355)
r(70,4,0,356)
r(5,2,0,356)
r(91,1,0,357)
r(48,3,0,357)
w(91,2,0,358)
r(13,3,0,358)
w(89,2,0,359)
w(66,7,0,359)
r(70,4,0,360)
r(96,4,0,360)
w(9,4,0,361)
r(21,9,0,361)
w(10,4,0,362)
r(58,2,0,362)
w(27,4,0,363)
w(29,5,0,363)
r(56,2,0,364)
r(70,4,0,364)
w(76,4,0,365)
w(5,3,0,365)
r(0,4,0,366)
w(46,11,0,366)
w(66,8,0,367)
w(69,4,0,367)
w(88,8,0,368)
w(81,5,0,368)
w(73,4,0,369)
w(87,3,0,369)
w(10,5,0,370)
r(98,3,0,370)
w(39,4,0,371)
r(35,3,0,371)
r(28,1,0,372)
r(27,4,0,372)
r(12,4,0,373)
w(28,2,0,373)
w(29,6,0,374)
w(83,4,0,374)
w(64,3,0,375)
r(71,2,0,375)
r(35,3,0,376)
w(59,3,0,376)
w(21,10,0,377)
r(52,2,0,377)
w(92,4,0,378)
w(81,6,0,378)
w(45,1,0,379)
w(49,5,0,379)
w(22,5,0,380)
r(15,3,0,380)
r(83,4,0,381)
w(4,5,0,381)
r(72,2,0,382)
w(69,5,0,382)
w(1,4,0,383)
w(98,4,0,383)
w(43,2,0,384)
w(42,3,0,384)
w(19,3,0,385)
w(29,7,0,385)
r(22,5,0,386)
w(9,5,0,386)
w(93,5,0,387)
r(35,3,0,387)
w(57,10,0,388)
r(36,3,0,388)
w(66,9,0,389)
w(2,1,0,389)
w(60,4,0,390)
w(52,3,0,390)
w(4,6,0,391)
w(74,6,0,391)
r(37,3,0,392)
w(76,5,0,392)
w(40,3,0,393)
r(54,3,0,393)
w(92,5,0,394)
r(21,10,0,394)
w(46,12,0,395)
r(46,12,0,395)
w(8,2,0,396)
w(58,3,0,396)
r(51,2,0,397)
w(85,7,0,397)
w(13,4,0,398)
w(75,5,0,398)
w(92,6,0,399)
w(32,5,0,399)
r(27,4,0,400)
w(48,4,0,400)
w(97,2,0,401)
r(51,2,0,401)
w(63,6,0,402)
r(18,6,0,402)
r(13,4,0,403)
r(51,2,0,403)
w(32,6,0,404)
w(46,13,0,404)
w(23,7,0,405)
r(2,1,0,405)
w(91,3,0,406)
r(10,5,0,406)
w(19,4,0,407)
w(63,7,0,407)
r(28,2,0,408)
w(67,2,0,408)
w(70,5,0,409)
r(45,1,0,409)
w(43,3,0,410)
r(90,2,0,410)
r(84,1,0,411)
w(1,5,0,411)
w(6,6,0,412)
w(42,4,0,412)
r(64,3,0,413)
r(96,4,0,413)
w(80,4,0,414)
r(13,4,0,414)
r(18,6,0,415)
w(23,8,0,415)
w(35,4,0,416)
r(53,8,0,416)
w(18,7,0,417)
w(51,3,0,417)
r(35,4,0,418)
r(41,5,0,418)
r(1,5,0,419)
r(75,5,0,419)
r(72,2,0,420)
w(65,5,0,420)
r(50,2,0,421)
r(47,2,0,421)
r(31,1,0,422)
r(18,7,0,422)
w(66,10,0,423)
r(41,5,0,423)
r(3,5,0,424)
w(87,4,0,424)
w(90,3,0,425)
w(8,3,0,425)
w(88,9,0,426)
w(78,7,0,426)
w(0,5,0,427)
w(97,3,0,427)
w(89,3,0,428)
r(6,6,0,428)
w(71,3,0,429)
r(47,2,0,429)
r(82,1,0,430)
r(84,1,0,430)
w(16,4,0,431)
r(77,4,0,431)
w(54,4,0,432)
w(54,5,0,432)
w(82,2,0,433)
r(45,1,0,433)
r(72,2,0,434)
w(63,8,0,434)
w(89,4,0,435)
r(76,5,0,435)
w(81,7,0,436)
w(72,3,0,436)
w(94,6,0,437)
r(37,3,0,437)
r(10,5,0,438)
r(69,5,0,438)
r(44,6,0,439)
r(8,3,0,439)
r(62,4,0,440)
w(47,3,0,440)
r(93,5,0,441)
r(1,5,0,441)
w(77,5,0,442)
w(59,4,0,442)
w(85,8,0,443)
r(18,7,0,443)
r(23,8,0,444)
r(16,4,0,444)
w(33,7,0,445)
r(66,10,0,445)
w(38,5,0,446)
w(72,4,0,446)
r(55,10,0,447)
w(77,6,0,447)
w(71,4,0,448)
r(60,4,0,448)
r(0,5,0,449)
w(11,4,0,449)
r(6,6,0,450)
w(19,5,0,450)
r(85,8,0,451)
r(42,4,0,451)
r(31,1,0,452)
r(30,2,0,452)
r(93,5,0,453)
r(7,4,0,453)
r(7,4,0,454)
r(68,6,0,454)
r(24,3,0,455)
r(97,3,0,455)
r(4,6,0,456)
r(36,3,0,456)
r(19,5,0,457)
r(4,6,0,457)
r(92,6,0,458)
r(69,5,0,458)
r(87,4,0,459)
r(95,9,0,459)
r(8,3,0,460)
r(7,4,0,460)
r(49,5,0,461)
r(2,1,0,461)
r(38,5,0,462)
r(60,4,0,462)
w(30,3,0,463)
r(94,6,0,463)
w(8,4,0,464)
w(91,4,0,464)
w(52,4,0,465)
w(14,6,0,465)
r(88,9,0,466)
w(94,7,0,466)
r(63,8,0,467)
w(38,6,0,467)
w(75,6,0,468)
w(75,7,0,468)
w(49,6,0,469)
w(45,2,0,469)
w(35,5,0,470)
r(39,4,0,470)
r(17,6,0,471)
r(42,4,0,471)
w(82,3,0,472)
w(84,1,0,472)
w(49,7,0,473)
r(31,1,0,473)
w(23,9,0,474)
w(90,4,0,474)
w(99,3,0,475)
w(80,5,0,475)
w(59,5,0,476)
w(32,7,0,476)
w(4,7,0,477)
w(34,3,0,477)
w(44,7,0,478)
r(5,3,0,478)
w(35,6,0,479)
r(67,2,0,479)
w(95,10,0,480)
r(88,9,0,480)
r(4,7,0,481)
r(79,1,0,481)
r(42,4,0,482)
w(62,5,0,482)
r(30,3,0,483)
w(28,3,0,483)
r(4,7,0,484)
w(71,5,0,484)
r(16,4,0,485)
r(58,3,0,485)
r(81,7,0,486)
r(56,2,0,486)
w(31,2,0,487)
r(27,4,0,487)
r(55,10,0,488)
r(0,5,0,488)
w(4,8,0,489)
r(81,7,0,489)
r(62,5,0,490)
w(6,7,0,490)
w(38,7,0,491)
r(56,2,0,491)
w(15,4,0,492)
w(5,4,0,492)
w(32,8,0,493)
r(32,8,0,493)
r(92,6,0,494)
w(10,6,0,494)
r(69,5,0,495)
r(21,10,0,495)
w(48,5,0,496)
w(19,6,0,496)
r(55,10,0,497)
w(78,8,0,497)
w(15,5,0,498)
w(44,8,0,498)
w(85,9,0,499)
w(26,3,0,499)
r(62,5,1,500)
w(28,4,1,500)
r(50,2,1,501)
r(48,5,1,501)
r(20,2,1,502)
r(16,4,1,502)
r(83,4,1,503)
r(37,3,1,503)
w(34,4,1,504)
w(36,4,1,504)
r(39,4,1,505)
w(56,3,1,505)
w(8,5,1,506)
r(88,9,1,506)
w(82,4,1,507)
r(78,8,1,507)
r(75,7,1,508)
w(97,4,1,508)
w(43,4,1,509)
w(14,7,1,509)
r(72,4,1,510)
w(49,8,1,510)
w(78,9,1,511)
w(51,4,1,511)
w(25,8,1,512)
w(41,6,1,512)
w(67,3,1,513)
r(12,4,1,513)
w(74,7,1,514)
w(63,9,1,514)
r(29,7,1,515)
w(9,6,1,515)
r(10,6,1,516)
r(71,5,1,516)
r(54,5,1,517)
w(44,9,1,517)
w(2,2,1,518)
w(21,11,1,518)
r(27,4,1,519)
w(33,8,1,519)
w(25,9,1,520)
r(73,4,1,520)
r(67,3,1,521)
w(82,5,1,521)
w(87,5,1,522)
w(51,5,1,522)
w(64,4,1,523)
r(64,4,1,523)
w(75,8,1,524)
w(59,6,1,524)
w(21,12,1,525)
w(67,4,1,525)
w(48,6,1,526)
r(79,1,1,526)
r(18,7,1,527)
r(61,3,1,527)
w(52,5,1,528)
w(90,5,1,528)
w(84,2,1,529)
w(51,6,1,529)
w(52,6,1,530)
r(71,5,1,530)
w(40,4,1,531)
r(61,3,1,531)
w(95,11,1,532)
w(36,5,1,532)
w(75,9,1,533)
w(13,5,1,533)
r(34,4,1,534)
r(80,5,1,534)
r(93,5,1,535)
w(59,7,1,535)
w(15,6,1,536)
r(89,4,1,536)
w(87,6,1,537)
r(28,4,1,537)
w(45,3,1,538)
r(85,9,1,538)
r(94,7,1,539)
r(72,4,1,539)
r(80,5,1,540)
r(27,4,1,540)
w(75,10,1,541)
r(66,10,1,541)
w(16,5,1,542)
r(81,7,1,542)
w(85,10,1,543)
w(37,4,1,543)
w(65,6,1,544)
r(21,12,1,544)
r(33,8,1,545)
r(7,4,1,545)
w(66,11,1,546)
w(28,5,1,546)
r(56,3,1,547)
r(45,3,1,547)
w(32,9,1,548)
w(32,10,1,548)
w(80,6,1,549)
r(24,3,1,549)
r(95,11,1,550)
r(86,6,1,550)
w(17,7,1,551)
r(64,4,1,551)
r(62,5,1,552)
r(90,5,1,552)
r(93,5,1,553)
r(46,13,1,553)
w(37,5,1,554)
r(57,10,1,554)
r(52,6,1,555)
w(38,8,1,555)
w(36,6,1,556)
w(4,9,1,556)
r(42,4,1,557)
w(72,5,1,557)
w(40,5,1,558)
r(30,3,1,558)
w(64,5,1,559)
r(44,9,1,559)
r(86,6,1,560)
w(7,5,1,560)
w(47,4,1,561)
r(29,7,1,561)
r(17,7,1,562)
r(97,4,1,562)
w(21,13,1,563)
w(94,8,1,563)
w(8,6,1,564)
w(98,5,1,564)
w(18,8,1,565)
r(59,7,1,565)
r(38,8,1,566)
r(46,13,1,566)
r(23,9,1,567)
r(66,11,1,567)
r(24,3,1,568)
r(41,6,1,568)
r(52,6,1,569)
w(24,4,1,569)
r(96,4,1,570)
w(30,4,1,570)
r(60,4,1,571)
w(28,6,1,571)
r(67,4,1,572)
r(62,5,1,572)
r(9,6,1,573)
r(54,5,1,573)
w(83,5,1,574)
w(43,5,1,574)
w(41,7,1,575)
r(40,5,1,575)
r(73,4,1,576)
r(41,7,1,576)
w(45,4,1,577)
r(30,4,1,577)
w(37,6,1,578)
r(16,5,1,578)
w(2,3,1,579)
r(98,5,1,579)
r(58,3,1,580)
r(7,5,1,580)
w(91,5,1,581)
w(30,5,1,581)
w(0,6,1,582)
r(94,8,1,582)
w(55,11,1,583)
r(80,6,1,583)
r(97,4,1,584)
w(67,5,1,584)
r(41,7,1,585)
w(35,7,1,585)
w(57,11,1,586)
w(70,6,1,586)
w(77,7,1,587)
w(27,5,1,587)
w(3,6,1,588)
w(17,8,1,588)
r(41,7,1,589)
w(92,7,1,589)
w(18,9,1,590)
r(74,7,1,590)
r(49,8,1,591)
w(64,6,1,591)
w(51,7,1,592)
r(34,4,1,592)
r(16,5,1,593)
w(84,3,1,593)
w(79,2,1,594)
w(58,4,1,594)
w(38,9,1,595)
r(77,7,1,595)
r(80,6,1,596)
w(18,10,1,596)
w(46,14,1,597)
w(78,10,1,597)
w(11,5,1,598)
w(40,6,1,598)
r(16,5,1,599)
w(55,12,1,599)
w(93,6,1,600)
r(69,5,1,600)
w(40,7,1,601)
w(70,7,1,601)
r(72,5,1,602)
w(67,6,1,602)
r(66,11,1,603)
w(28,7,1,603)
w(90,6,1,604)
r(62,5,1,604)
r(79,2,1,605)
r(61,3,1,605)
w(32,11,1,606)
w(92,8,1,606)
r(90,6,1,607)
w(99,4,1,607)
w(32,12,1,608)
w(95,12,1,608)
w(42,5,1,609)
w(64,7,1,609)
w(73,5,1,610)
r(58,4,1,610)
r(70,7,1,611)
w(51,8,1,611)
w(97,5,1,612)
w(36,7,1,612)
w(29,8,1,613)
w(74,8,1,613)
r(67,6,1,614)
r(55,12,1,614)
w(98,6,1,615)
w(49,9,1,615)
r(84,3,1,616)
w(55,13,1,616)
r(21,13,1,617)
r(69,5,1,617)
r(31,2,1,618)
w(21,14,1,618)
r(94,8,1,619)
r(77,7,1,619)
w(12,5,1,620)
r(31,2,1,620)
r(27,5,1,621)
w(33,9,1,621)
r(25,9,1,622)
r(42,5,1,622)
w(75,11,1,623)
r(53,8,1,623)
r(31,2,1,624)
r(3,6,1,624)
r(29,8,1,625)
w(79,3,1,625)
w(12,6,1,626)
w(32,13,1,626)
r(17,8,1,627)
w(57,12,1,627)
w(86,7,1,628)
r(7,5,1,628)
w(47,5,1,629)
w(13,6,1,629)
r(15,6,1,630)
r(75,11,1,630)
r(83,5,1,631)
w(84,4,1,631)
w(27,6,1,632)
r(67,6,1,632)
r(77,7,1,633)
r(54,5,1,633)
r(65,6,1,634)
w(51,9,1,634)
w(48,7,1,635)
w(60,5,1,635)
w(56,4,1,636)
r(47,5,1,636)
r(33,9,1,637)
r(87,6,1,637)
w(94,9,1,638)
w(59,8,1,638)
w(68,7,1,639)
w(11,6,1,639)
r(97,5,1,640)
r(3,6,1,640)
r(38,9,1,641)
r(57,12,1,641)
w(49,10,1,642)
w(76,6,1,642)
w(77,8,1,643)
w(89,5,1,643)
w(66,12,1,644)
w(8,7,1,644)
r(1,5,1,645)
w(46,15,1,645)
r(43,5,1,646)
r(23,9,1,646)
w(21,15,1,647)
r(81,7,1,647)
r(24,4,1,648)
r(58,4,1,648)
r(44,9,1,649)
w(8,8,1,649)
r(10,6,1,650)
r(89,5,1,650)
w(37,7,1,651)
r(25,9,1,651)
w(91,6,1,652)
w(13,7,1,652)
w(57,13,1,653)
w(59,9,1,653)
w(31,3,1,654)
r(46,15,1,654)
r(69,5,1,655)
r(49,10,1,655)
r(96,4,1,656)
r(15,6,1,656)
r(59,9,1,657)
r(41,7,1,657)
w(53,9,1,658)
w(68,8,1,658)
w(11,7,1,659)
w(94,10,1,659)
w(83,6,1,660)
w(39,5,1,660)
r(30,5,1,661)
r(72,5,1,661)
w(26,4,1,662)
r(76,6,1,662)
r(21,15,1,663)
r(8,8,1,663)
r(15,6,1,664)
r(0,6,1,664)
r(35,7,1,665)
r(83,6,1,665)
w(45,5,1,666)
r(60,5,1,666)
w(37,8,1,667)
r(4,9,1,667)
w(8,9,1,668)
w(50,3,1,668)
w(86,8,1,669)
r(59,9,1,669)
r(57,13,1,670)
r(24,4,1,670)
r(37,8,1,671)
r(73,5,1,671)
r(31,3,1,672)
w(14,8,1,672)
r(17,8,1,673)
w(64,8,1,673)
w(35,8,1,674)
r(64,8,1,674)
r(88,9,1,675)
r(4,9,1,675)
r(21,15,1,676)
w(83,7,1,676)
r(41,7,1,677)
r(79,3,1,677)
w(14,9,1,678)
r(14,9,1,678)
r(97,5,1,679)
r(94,10,1,679)
w(60,6,1,680)
r(84,4,1,680)
w(84,5,1,681)
w(6,8,1,681)
w(69,6,1,682)
w(14,10,1,682)
w(52,7,1,683)
r(28,7,1,683)
r(26,4,1,684)
w(43,6,1,684)
w(8,10,1,685)
r(73,5,1,685)
r(68,8,1,686)
w(68,9,1,686)
w(79,4,1,687)
w(50,4,1,687)
w(39,6,1,688)
w(50,5,1,688)
w(98,7,1,689)
w(88,10,1,689)
w(34,5,1,690)
r(64,8,1,690)
r(65,6,1,691)
r(50,5,1,691)
r(44,9,1,692)
w(53,10,1,692)
w(50,6,1,693)
r(39,6,1,693)
w(38,10,1,694)
r(80,6,1,694)
r(34,5,1,695)
r(87,6,1,695)
w(94,11,1,696)
w(79,5,1,696)
w(88,11,1,697)
w(49,11,1,697)
r(65,6,1,698)
w(59,10,1,698)
r(48,7,1,699)
w(1,6,1,699)
r(32,13,1,700)
r(53,10,1,700)
w(69,7,1,701)
w(73,6,1,701)
r(63,9,1,702)
r(81,7,1,702)
r(30,5,1,703)
w(27,7,1,703)
r(77,8,1,704)
r(95,12,1,704)
w(5,5,1,705)
r(57,13,1,705)
w(76,7,1,706)
w(99,5,1,706)
r(66,12,1,707)
r(96,4,1,707)
r(51,9,1,708)
r(39,6,1,708)
r(92,8,1,709)
r(16,5,1,709)
w(86,9,1,710)
w(59,11,1,710)
w(22,6,1,711)
w(58,5,1,711)
r(51,9,1,712)
r(65,6,1,712)
r(12,6,1,713)
w(76,8,1,713)
w(85,11,1,714)
r(35,8,1,714)
w(46,16,1,715)
w(9,7,1,715)
r(59,11,1,716)
r(80,6,1,716)
r(79,5,1,717)
r(4,9,1,717)
w(65,7,1,718)
r(88,11,1,718)
r(99,5,1,719)
w(65,8,1,719)
r(80,6,1,720)
r(76,8,1,720)
r(85,11,1,721)
r(26,4,1,721)
r(52,7,1,722)
r(54,5,1,722)
w(68,10,1,723)
w(7,6,1,723)
w(87,7,1,724)
r(68,10,1,724)
w(28,8,1,725)
w(47,6,1,725)
r(31,3,1,726)
r(8,10,1,726)
w(58,6,1,727)
w(59,12,1,727)
r(7,6,1,728)
w(48,8,1,728)
w(14,11,1,729)
r(34,5,1,729)
w(89,6,1,730)
w(5,6,1,730)
r(94,11,1,731)
r(72,5,1,731)
w(41,8,1,732)
r(96,4,1,732)
w(38,11,1,733)
r(56,4,1,733)
r(70,7,1,734)
w(45,6,1,734)
w(60,7,1,735)
r(51,9,1,735)
r(26,4,1,736)
r(76,8,1,736)
r(13,7,1,737)
r(56,4,1,737)
w(59,13,1,738)
w(49,12,1,738)
w(13,8,1,739)
r(48,8,1,739)
w(63,10,1,740)
r(44,9,1,740)
r(18,10,1,741)
w(50,7,1,741)
w(54,6,1,742)
w(94,12,1,742)
r(77,8,1,743)
r(9,7,1,743)
r(16,5,1,744)
r(41,8,1,744)
w(38,12,1,745)
w(63,11,1,745)
w(25,10,1,746)
r(91,6,1,746)
w(85,12,1,747)
w(25,11,1,747)
w(57,14,1,748)
w(27,8,1,748)
r(60,7,1,749)
r(87,7,1,749)
r(98,7,1,750)
w(86,10,1,750)
w(79,6,1,751)
w(0,7,1,751)
r(52,7,1,752)
w(91,7,1,752)
w(89,7,1,753)
w(81,8,1,753)
r(63,11,1,754)
r(4,9,1,754)
w(49,13,1,755)
w(99,6,1,755)
r(18,10,1,756)
w(85,13,1,756)
w(29,9,1,757)
r(21,15,1,757)
w(43,7,1,758)
r(96,4,1,758)
w(3,7,1,759)
r(8,10,1,759)
w(31,4,1,760)
w(76,9,1,760)
r(55,13,1,761)
w(63,12,1,761)
w(6,9,1,762)
r(55,13,1,762)
w(5,7,1,763)
r(98,7,1,763)
r(4,9,1,764)
w(39,7,1,764)
r(19,6,1,765)
w(2,4,1,765)
r(39,7,1,766)
r(38,12,1,766)
r(79,6,1,767)
r(32,13,1,767)
r(40,7,1,768)
w(54,7,1,768)
w(56,5,1,769)
r(82,5,1,769)
w(47,7,1,770)
r(66,12,1,770)
r(26,4,1,771)
r(7,6,1,771)
r(85,13,1,772)
r(14,11,1,772)
r(19,6,1,773)
r(83,7,1,773)
w(71,6,1,774)
w(76,10,1,774)
w(76,11,1,775)
r(67,6,1,775)
w(67,7,1,776)
w(31,5,1,776)
w(82,6,1,777)
r(88,11,1,777)
w(89,8,1,778)
w(62,6,1,778)
w(58,7,1,779)
r(54,7,1,779)
r(70,7,1,780)
r(83,7,1,780)
w(37,9,1,781)
w(96,5,1,781)
r(91,7,1,782)
w(19,7,1,782)
w(94,13,1,783)
w(94,14,1,783)
w(85,14,1,784)
w(34,6,1,784)
w(83,8,1,785)
r(18,10,1,785)
r(24,4,1,786)
r(97,5,1,786)
r(24,4,1,787)
w(83,9,1,787)
w(47,8,1,788)
r(0,7,1,788)
w(43,8,1,789)
w(82,7,1,789)
w(5,8,1,790)
w(36,8,1,790)
w(13,9,1,791)
r(2,4,1,791)
r(35,8,1,792)
w(14,12,1,792)
r(5,8,1,793)
w(2,5,1,793)
w(74,9,1,794)
r(7,6,1,794)
w(55,14,1,795)
r(45,6,1,795)
w(7,7,1,796)
r(7,7,1,796)
w(59,14,1,797)
r(65,8,1,797)
w(15,7,1,798)
r(22,6,1,798)
w(32,14,1,799)
w(35,9,1,799)
w(49,14,1,800)
r(47,8,1,800)
r(74,9,1,801)
r(24,4,1,801)
w(39,8,1,802)
w(50,8,1,802)
r(31,5,1,803)
w(30,6,1,803)
w(82,8,1,804)
r(79,6,1,804)
r(49,14,1,805)
w(51,10,1,805)
w(41,9,1,806)
w(93,7,1,806)
r(72,5,1,807)
r(34,6,1,807)
w(71,7,1,808)
w(61,4,1,808)
w(21,16,1,809)
w(27,9,1,809)
r(34,6,1,810)
w(58,8,1,810)
r(96,5,1,811)
r(57,14,1,811)
r(63,12,1,812)
r(38,12,1,812)
r(13,9,1,813)
w(60,8,1,813)
r(91,7,1,814)
w(10,7,1,814)
r(65,8,1,815)
r(25,11,1,815)
w(69,8,1,816)
r(6,9,1,816)
w(30,7,1,817)
w(10,8,1,817)
r(15,7,1,818)
w(55,15,1,818)
w(90,7,1,819)
w(11,8,1,819)
r(85,14,1,820)
r(85,14,1,820)
w(34,7,1,821)
w(21,17,1,821)
r(56,5,1,822)
r(80,6,1,822)
w(24,5,1,823)
w(74,10,1,823)
w(78,11,1,824)
w(57,15,1,824)
r(95,12,1,825)
w(13,10,1,825)
w(23,10,1,826)
w(51,11,1,826)
w(78,12,1,827)
r(97,5,1,827)
w(74,11,1,828)
w(57,16,1,828)
r(72,5,1,829)
w(21,18,1,829)
w(58,9,1,830)
r(13,10,1,830)
w(84,6,1,831)
w(60,9,1,831)
r(79,6,1,832)
r(32,14,1,832)
r(44,9,1,833)
r(13,10,1,833)
w(97,6,1,834)
w(77,9,1,834)
r(53,10,1,835)
r(92,8,1,835)
w(85,15,1,836)
r(87,7,1,836)
r(10,8,1,837)
r(78,12,1,837)
w(35,10,1,838)
r(36,8,1,838)
w(60,10,1,839)
r(49,14,1,839)
w(77,10,1,840)
w(9,8,1,840)
w(25,12,1,841)
w(94,15,1,841)
w(82,9,1,842)
w(23,11,1,842)
w(92,9,1,843)
r(27,9,1,843)
r(17,8,1,844)
w(47,9,1,844)
r(76,11,1,845)
w(40,8,1,845)
r(34,7,1,846)
r(2,5,1,846)
w(91,8,1,847)
w(32,15,1,847)
r(46,16,1,848)
r(58,9,1,848)
r(72,5,1,849)
w(11,9,1,849)
w(40,9,1,850)
r(20,2,1,850)
w(0,8,1,851)
r(25,12,1,851)
w(38,13,1,852)
w(10,9,1,852)
w(55,16,1,853)
w(16,6,1,853)
r(3,7,1,854)
r(25,12,1,854)
w(98,8,1,855)
r(90,7,1,855)
w(4,10,1,856)
w(53,11,1,856)
w(72,6,1,857)
r(84,6,1,857)
r(1,6,1,858)
w(30,8,1,858)
r(33,9,1,859)
r(48,8,1,859)
w(49,15,1,860)
r(78,12,1,860)
w(27,10,1,861)
r(40,9,1,861)
r(26,4,1,862)
r(51,11,1,862)
r(86,10,1,863)
r(0,8,1,863)
w(92,10,1,864)
w(81,9,1,864)
w(69,9,1,865)
w(84,7,1,865)
r(20,2,1,866)
r(38,13,1,866)
r(3,7,1,867)
w(90,8,1,867)
r(55,16,1,868)
r(58,9,1,868)
w(41,10,1,869)
r(96,5,1,869)
r(59,14,1,870)
w(15,8,1,870)
r(20,2,1,871)
r(10,9,1,871)
r(89,8,1,872)
r(8,10,1,872)
r(18,10,1,873)
w(45,7,1,873)
r(54,7,1,874)
w(20,3,1,874)
w(62,7,1,875)
w(77,11,1,875)
w(89,9,1,876)
r(14,12,1,876)
r(82,9,1,877)
w(19,8,1,877)
w(11,10,1,878)
w(67,8,1,878)
r(41,10,1,879)
w(20,4,1,879)
w(27,11,1,880)
r(97,6,1,880)
r(76,11,1,881)
r(9,8,1,881)
w(41,11,1,882)
r(91,8,1,882)
r(72,6,1,883)
r(29,9,1,883)
w(66,13,1,884)
r(27,11,1,884)
w(45,8,1,885)
w(44,10,1,885)
r(54,7,1,886)
w(3,8,1,886)
w(95,13,1,887)
r(22,6,1,887)
r(67,8,1,888)
r(7,7,1,888)
w(65,9,1,889)
w(80,7,1,889)
w(75,12,1,890)
r(12,6,1,890)
w(24,6,1,891)
r(48,8,1,891)
r(88,11,1,892)
r(69,9,1,892)
w(12,7,1,893)
w(68,11,1,893)
w(27,12,1,894)
r(72,6,1,894)
r(67,8,1,895)
w(24,7,1,895)
r(46,16,1,896)
r(7,7,1,896)
r(80,7,1,897)
w(20,5,1,897)
w(28,9,1,898)
w(10,10,1,898)
r(69,9,1,899)
r(98,8,1,899)
r(91,8,1,900)
r(77,11,1,900)
w(84,8,1,901)
w(49,16,1,901)
w(11,11,1,902)
r(77,11,1,902)
r(38,13,1,903)
r(76,11,1,903)
w(81,10,1,904)
r(95,13,1,904)
r(48,8,1,905)
r(16,6,1,905)
r(68,11,1,906)
w(9,9,1,906)
r(74,11,1,907)
r(78,12,1,907)
w(36,9,1,908)
w(91,9,1,908)
w(35,11,1,909)
w(90,9,1,909)
r(82,9,1,910)
r(18,10,1,910)
r(22,6,1,911)
w(13,11,1,911)
r(65,9,1,912)
r(8,10,1,912)
w(90,10,1,913)
w(97,7,1,913)
r(33,9,1,914)
r(96,5,1,914)
w(1,7,1,915)
r(27,12,1,915)
w(10,11,1,916)
w(4,11,1,916)
w(13,12,1,917)
r(33,9,1,917)
w(61,5,1,918)
w(42,6,1,918)
r(81,10,1,919)
r(23,11,1,919)
w(5,9,1,920)
w(28,10,1,920)
r(14,12,1,921)
w(99,7,1,921)
w(18,11,1,922)
r(98,8,1,922)
w(23,12,1,923)
r(77,11,1,923)
w(29,10,1,924)
r(30,8,1,924)
w(77,12,1,925)
w(16,7,1,925)
r(80,7,1,926)
r(4,11,1,926)
r(12,7,1,927)
r(43,8,1,927)
r(99,7,1,928)
w(10,12,1,928)
w(23,13,1,929)
w(40,10,1,929)
w(84,9,1,930)
r(9,9,1,930)
r(52,7,1,931)
w(65,10,1,931)
w(65,11,1,932)
w(54,8,1,932)
w(17,9,1,933)
w(32,16,1,933)
w(85,16,1,934)
r(14,12,1,934)
w(41,12,1,935)
w(14,13,1,935)
r(8,10,1,936)
w(29,11,1,936)
w(94,16,1,937)
r(48,8,1,937)
r(12,7,1,938)
r(60,10,1,938)
w(17,10,1,939)
w(74,12,1,939)
r(11,11,1,940)
w(99,8,1,940)
r(15,8,1,941)
r(87,7,1,941)
r(67,8,1,942)
r(50,8,1,942)
r(6,9,1,943)
r(15,8,1,943)
r(90,10,1,944)
w(90,11,1,944)
w(43,9,1,945)
r(57,16,1,945)
w(13,13,1,946)
r(46,16,1,946)
r(34,7,1,947)
w(51,12,1,947)
w(11,12,1,948)
r(25,12,1,948)
w(23,14,1,949)
w(30,9,1,949)
r(86,10,1,950)
w(38,14,1,950)
w(49,17,1,951)
w(32,17,1,951)
w(82,10,1,952)
w(11,13,1,952)
w(60,11,1,953)
r(68,11,1,953)
w(50,9,1,954)
r(13,13,1,954)
r(82,10,1,955)
w(18,12,1,955)
w(37,10,1,956)
w(56,6,1,956)
r(52,7,1,957)
r(2,5,1,957)
r(83,9,1,958)
r(86,10,1,958)
r(39,8,1,959)
r(24,7,1,959)
r(81,10,1,960)
r(74,12,1,960)
r(71,7,1,961)
w(67,9,1,961)
r(73,6,1,962)
w(18,13,1,962)
r(23,14,1,963)
w(88,12,1,963)
r(86,10,1,964)
w(8,11,1,964)
w(74,13,1,965)
r(85,16,1,965)
w(73,7,1,966)
w(57,17,1,966)
w(96,6,1,967)
r(63,12,1,967)
r(23,14,1,968)
r(59,14,1,968)
w(79,7,1,969)
r(81,10,1,969)
r(32,17,1,970)
w(41,13,1,970)
w(38,15,1,971)
r(87,7,1,971)
w(79,8,1,972)
w(16,8,1,972)
w(60,12,1,973)
r(32,17,1,973)
r(60,12,1,974)
w(79,9,1,974)
w(42,7,1,975)
w(83,10,1,975)
w(89,10,1,976)
w(25,13,1,976)
w(26,5,1,977)
w(2,6,1,977)
r(33,9,1,978)
w(98,9,1,978)
w(37,11,1,979)
w(37,12,1,979)
r(9,9,1,980)
r(9,9,1,980)
r(71,7,1,981)
w(50,10,1,981)
w(69,10,1,982)
r(43,9,1,982)
r(85,16,1,983)
w(65,12,1,983)
r(28,10,1,984)
r(4,11,1,984)
w(86,11,1,985)
w(27,13,1,985)
w(27,14,1,986)
r(80,7,1,986)
r(13,13,1,987)
r(23,14,1,987)
w(72,7,1,988)
r(91,9,1,988)
w(31,6,1,989)
w(24,8,1,989)
r(69,10,1,990)
r(36,9,1,990)
w(5,10,1,991)
r(8,11,1,991)
w(6,10,1,992)
w(40,11,1,992)
w(61,6,1,993)
w(29,12,1,993)
r(77,12,1,994)
w(85,17,1,994)
w(75,13,1,995)
r(4,11,1,995)
r(62,7,1,996)
w(95,14,1,996)
r(66,13,1,997)
r(26,5,1,997)
w(85,18,1,998)
r(72,7,1,998)
w(0,9,1,999)
r(14,13,1,999)
w(13,14,2,1000)
w(93,8,2,1000)
w(8,12,2,1001)
r(57,17,2,1001)
w(82,11,2,1002)
w(20,6,2,1002)
w(30,10,2,1003)
r(42,7,2,1003)
w(74,14,2,1004)
w(12,8,2,1004)
r(28,10,2,1005)
w(42,8,2,1005)
r(57,17,2,1006)
w(77,13,2,1006)
w(66,14,2,1007)
r(84,9,2,1007)
r(31,6,2,1008)
w(20,7,2,1008)
w(28,11,2,1009)
w(38,16,2,1009)
w(22,7,2,1010)
r(89,10,2,1010)
r(17,10,2,1011)
r(56,6,2,1011)
w(46,17,2,1012)
r(76,11,2,1012)
r(59,14,2,1013)
r(83,10,2,1013)
r(37,12,2,1014)
r(21,18,2,1014)
r(48,8,2,1015)
w(20,8,2,1015)
r(48,8,2,1016)
r(14,13,2,1016)
r(56,6,2,1017)
r(63,12,2,1017)
r(23,14,2,1018)
r(78,12,2,1018)
w(62,8,2,1019)
r(23,14,2,1019)
r(62,8,2,1020)
r(49,17,2,1020)
r(45,8,2,1021)
r(89,10,2,1021)
w(39,9,2,1022)
w(37,13,2,1022)
r(11,13,2,1023)
w(16,9,2,1023)
r(30,10,2,1024)
w(27,15,2,1024)
w(34,8,2,1025)
r(18,13,2,1025)
w(21,19,2,1026)
w(21,20,2,1026)
w(44,11,2,1027)
r(13,14,2,1027)
r(68,11,2,1028)
r(48,8,2,1028)
w(71,8,2,1029)
w(91,10,2,1029)
w(66,15,2,1030)
r(93,8,2,1030)
r(1,7,2,1031)
r(48,8,2,1031)
w(77,14,2,1032)
w(47,10,2,1032)
r(75,13,2,1033)
w(67,10,2,1033)
r(39,9,2,1034)
r(86,11,2,1034)
w(99,9,2,1035)
w(87,8,2,1035)
w(77,15,2,1036)
w(66,16,2,1036)
w(43,10,2,1037)
w(53,12,2,1037)
r(15,8,2,1038)
w(19,9,2,1038)
w(1,8,2,1039)
w(27,16,2,1039)
r(56,6,2,1040)
w(14,14,2,1040)
w(9,10,2,1041)
r(9,10,2,1041)
r(93,8,2,1042)
w(37,14,2,1042)
w(52,8,2,1043)
w(67,11,2,1043)
r(4,11,2,1044)
r(39,9,2,1044)
w(94,17,2,1045)
r(36,9,2,1045)
r(7,7,2,1046)
w(5,11,2,1046)
r(27,16,2,1047)
r(17,10,2,1047)
w(34,9,2,1048)
r(97,7,2,1048)
r(89,10,2,1049)
r(64,8,2,1049)
w(32,18,2,1050)
r(19,9,2,1050)
r(55,16,2,1051)
w(47,11,2,1051)
r(46,17,2,1052)
r(40,11,2,1052)
w(6,11,2,1053)
r(56,6,2,1053)
r(10,12,2,1054)
w(72,8,2,1054)
r(8,12,2,1055)
w(40,12,2,1055)
w(45,9,2,1056)
r(60,12,2,1056)
w(70,8,2,1057)
w(86,12,2,1057)
w(95,15,2,1058)
w(96,7,2,1058)
r(72,8,2,1059)
w(36,10,2,1059)
r(82,11,2,1060)
r(77,15,2,1060)
w(58,10,2,1061)
r(21,20,2,1061)
w(40,13,2,1062)
r(44,11,2,1062)
r(78,12,2,1063)
w(45,10,2,1063)
w(34,10,2,1064)
w(65,13,2,1064)
r(25,13,2,1065)
w(5,12,2,1065)
w(54,9,2,1066)
w(44,12,2,1066)
r(51,12,2,1067)
r(36,10,2,1067)
w(65,14,2,1068)
r(82,11,2,1068)
w(72,9,2,1069)
w(45,11,2,1069)
r(22,7,2,1070)
r(48,8,2,1070)
w(86,13,2,1071)
r(78,12,2,1071)
r(33,9,2,1072)
r(50,10,2,1072)
w(85,19,2,1073)
r(7,7,2,1073)
r(46,17,2,1074)
r(73,7,2,1074)
r(42,8,2,1075)
r(72,9,2,1075)
r(21,20,2,1076)
r(85,19,2,1076)
r(36,10,2,1077)
w(27,17,2,1077)
r(99,9,2,1078)
w(36,11,2,1078)
w(2,7,2,1079)
r(31,6,2,1079)
w(71,9,2,1080)
w(77,16,2,1080)
w(98,10,2,1081)
w(80,8,2,1081)
w(39,10,2,1082)
r(3,8,2,1082)
r(85,19,2,1083)
r(45,11,2,1083)
r(64,8,2,1084)
w(53,13,2,1084)
w(93,9,2,1085)
r(18,13,2,1085)
w(98,11,2,1086)
r(28,11,2,1086)
r(69,10,2,1087)
r(99,9,2,1087)
w(52,9,2,1088)
r(0,9,2,1088)
r(65,14,2,1089)
r(64,8,2,1089)
r(79,9,2,1090)
w(79,10,2,1090)
r(54,9,2,1091)
r(60,12,2,1091)
r(19,9,2,1092)
r(47,11,2,1092)
r(75,13,2,1093)
w(35,12,2,1093)
r(61,6,2,1094)
w(79,11,2,1094)
r(17,10,2,1095)
w(1,9,2,1095)
r(35,12,2,1096)
r(4,11,2,1096)
r(70,8,2,1097)
w(22,8,2,1097)
w(54,10,2,1098)
r(19,9,2,1098)
w(31,7,2,1099)
w(6,12,2,1099)
w(90,12,2,1100)
r(89,10,2,1100)
r(67,11,2,1101)
r(55,16,2,1101)
r(61,6,2,1102)
r(31,7,2,1102)
w(88,13,2,1103)
r(65,14,2,1103)
w(33,10,2,1104)
r(15,8,2,1104)
w(49,18,2,1105)
r(44,12,2,1105)
r(28,11,2,1106)
w(82,12,2,1106)
r(6,12,2,1107)
r(10,12,2,1107)
w(90,13,2,1108)
r(4,11,2,1108)
r(28,11,2,1109)
w(48,9,2,1109)
r(33,10,2,1110)
r(38,16,2,1110)
r(35,12,2,1111)
w(31,8,2,1111)
r(35,12,2,1112)
r(76,11,2,1112)
r(68,11,2,1113)
r(73,7,2,1113)
r(70,8,2,1114)
r(69,10,2,1114)
w(21,21,2,1115)
r(97,7,2,1115)
w(17,11,2,1116)
w(61,7,2,1116)
r(24,8,2,1117)
r(85,19,2,1117)
w(83,11,2,1118)
r(83,11,2,1118)
r(27,17,2,1119)
r(36,11,2,1119)
r(5,12,2,1120)
w(85,20,2,1120)
r(76,11,2,1121)
w(11,14,2,1121)
r(99,9,2,1122)
w(44,13,2,1122)
w(70,9,2,1123)
w(91,11,2,1123)
w(31,9,2,1124)
w(44,14,2,1124)
w(3,9,2,1125)
w(72,10,2,1125)
r(3,9,2,1126)
r(72,10,2,1126)
w(85,21,2,1127)
w(73,8,2,1127)
r(52,9,2,1128)
r(52,9,2,1128)
w(25,14,2,1129)
r(95,15,2,1129)
w(51,13,2,1130)
r(41,13,2,1130)
r(99,9,2,1131)
w(53,14,2,1131)
r(67,11,2,1132)
r(67,11,2,1132)
r(71,9,2,1133)
r(54,10,2,1133)
w(29,13,2,1134)
r(55,16,2,1134)
w(58,11,2,1135)
w(46,18,2,1135)
r(66,16,2,1136)
r(90,13,2,1136)
w(97,8,2,1137)
r(22,8,2,1137)
w(35,13,2,1138)
r(63,12,2,1138)
r(44,14,2,1139)
r(10,12,2,1139)
r(2,7,2,1140)
r(43,10,2,1140)
r(0,9,2,1141)
r(49,18,2,1141)
r(46,18,2,1142)
r(44,14,2,1142)
r(38,16,2,1143)
w(95,16,2,1143)
r(46,18,2,1144)
w(0,10,2,1144)
r(58,11,2,1145)
w(65,15,2,1145)
w(44,15,2,1146)
w(89,11,2,1146)
w(50,11,2,1147)
w(54,11,2,1147)
w(55,17,2,1148)
w(92,11,2,1148)
w(16,10,2,1149)
w(13,15,2,1149)
r(29,13,2,1150)
w(37,15,2,1150)
w(22,9,2,1151)
r(49,18,2,1151)
w(15,9,2,1152)
w(44,16,2,1152)
r(12,8,2,1153)
w(21,22,2,1153)
w(85,22,2,1154)
r(47,11,2,1154)
w(11,15,2,1155)
w(53,15,2,1155)
r(80,8,2,1156)
r(70,9,2,1156)
w(64,9,2,1157)
r(72,10,2,1157)
w(3,10,2,1158)
r(85,22,2,1158)
w(61,8,2,1159)
r(53,15,2,1159)
w(45,12,2,1160)
r(62,8,2,1160)
w(78,13,2,1161)
r(44,16,2,1161)
w(51,14,2,1162)
r(5,12,2,1162)
r(82,12,2,1163)
w(19,10,2,1163)
r(44,16,2,1164)
r(62,8,2,1164)
r(70,9,2,1165)
w(14,15,2,1165)
w(9,11,2,1166)
r(59,14,2,1166)
w(62,9,2,1167)
w(17,12,2,1167)
w(2,8,2,1168)
r(86,13,2,1168)
r(39,10,2,1169)
r(32,18,2,1169)
r(36,11,2,1170)
r(30,10,2,1170)
r(21,22,2,1171)
w(50,12,2,1171)
w(13,16,2,1172)
w(28,12,2,1172)
w(70,10,2,1173)
w(70,11,2,1173)
w(54,12,2,1174)
r(6,12,2,1174)
r(32,18,2,1175)
w(70,12,2,1175)
r(88,13,2,1176)
r(43,10,2,1176)
w(98,12,2,1177)
w(4,12,2,1177)
r(22,9,2,1178)
r(87,8,2,1178)
w(81,11,2,1179)
r(34,10,2,1179)
r(86,13,2,1180)
w(18,14,2,1180)
r(84,9,2,1181)
r(55,17,2,1181)
r(75,13,2,1182)
w(50,13,2,1182)
w(15,10,2,1183)
r(84,9,2,1183)
r(32,18,2,1184)
r(14,15,2,1184)
w(71,10,2,1185)
w(12,9,2,1185)
w(91,12,2,1186)
r(33,10,2,1186)
w(52,10,2,1187)
r(51,14,2,1187)
r(19,10,2,1188)
r(98,12,2,1188)
r(36,11,2,1189)
r(6,12,2,1189)
w(49,19,2,1190)
w(47,12,2,1190)
r(84,9,2,1191)
r(73,8,2,1191)
w(34,11,2,1192)
w(76,12,2,1192)
r(12,9,2,1193)
r(75,13,2,1193)
r(22,9,2,1194)
r(47,12,2,1194)
w(95,17,2,1195)
r(67,11,2,1195)
r(0,10,2,1196)
r(41,13,2,1196)
r(57,17,2,1197)
r(47,12,2,1197)
r(27,17,2,1198)
r(38,16,2,1198)
r(67,11,2,1199)
r(60,12,2,1199)
w(58,12,2,1200)
w(26,6,2,1200)
r(7,7,2,1201)
w(27,18,2,1201)
r(6,12,2,1202)
r(7,7,2,1202)
w(91,13,2,1203)
r(10,12,2,1203)
w(40,14,2,1204)
r(73,8,2,1204)
r(87,8,2,1205)
w(64,10,2,1205)
w(56,7,2,1206)
w(40,15,2,1206)
r(56,7,2,1207)
r(35,13,2,1207)
r(11,15,2,1208)
r(82,12,2,1208)
w(36,12,2,1209)
w(6,13,2,1209)
w(46,19,2,1210)
r(20,8,2,1210)
w(99,10,2,1211)
r(80,8,2,1211)
r(84,9,2,1212)
r(39,10,2,1212)
r(81,11,2,1213)
w(26,7,2,1213)
w(96,8,2,1214)
r(49,19,2,1214)
w(46,20,2,1215)
r(52,10,2,1215)
w(83,12,2,1216)
w(93,10,2,1216)
w(98,13,2,1217)
w(33,11,2,1217)
w(45,13,2,1218)
w(94,18,2,1218)
r(97,8,2,1219)
w(41,14,2,1219)
w(37,16,2,1220)
w(51,15,2,1220)
w(78,14,2,1221)
r(60,12,2,1221)
w(69,11,2,1222)
r(9,11,2,1222)
w(69,12,2,1223)
w(72,11,2,1223)
w(41,15,2,1224)
w(59,15,2,1224)
w(93,11,2,1225)
r(60,12,2,1225)
r(89,11,2,1226)
r(76,12,2,1226)
r(95,17,2,1227)
w(27,19,2,1227)
r(66,16,2,1228)
w(31,10,2,1228)
w(27,20,2,1229)
r(56,7,2,1229)
w(17,13,2,1230)
w(24,9,2,1230)
w(76,13,2,1231)
w(61,9,2,1231)
w(50,14,2,1232)
r(59,15,2,1232)
r(57,17,2,1233)
r(5,12,2,1233)
r(7,7,2,1234)
r(74,14,2,1234)
w(38,17,2,1235)
r(47,12,2,1235)
w(48,10,2,1236)
w(62,10,2,1236)
r(28,12,2,1237)
w(98,14,2,1237)
w(24,10,2,1238)
w(7,8,2,1238)
r(4,12,2,1239)
r(12,9,2,1239)
r(32,18,2,1240)
w(24,11,2,1240)
r(77,16,2,1241)
w(92,12,2,1241)
w(66,17,2,1242)
r(64,10,2,1242)
w(31,11,2,1243)
w(6,14,2,1243)
r(20,8,2,1244)
w(17,14,2,1244)
w(87,9,2,1245)
r(86,13,2,1245)
w(41,16,2,1246)
w(60,13,2,1246)
w(97,9,2,1247)
w(53,16,2,1247)
r(85,22,2,1248)
r(49,19,2,1248)
r(10,12,2,1249)
w(78,15,2,1249)
r(2,8,2,1250)
r(43,10,2,1250)
w(42,9,2,1251)
r(12,9,2,1251)
w(57,18,2,1252)
w(85,23,2,1252)
w(17,15,2,1253)
w(68,12,2,1253)
r(72,11,2,1254)
w(25,15,2,1254)
w(73,9,2,1255)
w(31,12,2,1255)
w(66,18,2,1256)
r(90,13,2,1256)
w(87,10,2,1257)
w(5,13,2,1257)
r(89,11,2,1258)
w(37,17,2,1258)
w(21,23,2,1259)
r(23,14,2,1259)
w(71,11,2,1260)
w(22,10,2,1260)
r(68,12,2,1261)
w(66,19,2,1261)
r(84,9,2,1262)
w(64,11,2,1262)
w(26,8,2,1263)
w(97,10,2,1263)
w(92,13,2,1264)
r(61,9,2,1264)
w(80,9,2,1265)
w(5,14,2,1265)
w(82,13,2,1266)
w(7,9,2,1266)
w(17,16,2,1267)
r(4,12,2,1267)
r(66,19,2,1268)
r(88,13,2,1268)
w(61,10,2,1269)
r(1,9,2,1269)
r(42,9,2,1270)
r(51,15,2,1270)
w(44,17,2,1271)
r(41,16,2,1271)
w(21,24,2,1272)
w(23,15,2,1272)
r(56,7,2,1273)
w(27,21,2,1273)
r(30,10,2,1274)
r(46,20,2,1274)
r(28,12,2,1275)
w(28,13,2,1275)
r(52,10,2,1276)
r(98,14,2,1276)
r(80,9,2,1277)
r(4,12,2,1277)
w(13,17,2,1278)
r(76,13,2,1278)
r(84,9,2,1279)
r(0,10,2,1279)
w(7,10,2,1280)
r(22,10,2,1280)
r(32,18,2,1281)
w(29,14,2,1281)
r(92,13,2,1282)
w(3,11,2,1282)
r(29,14,2,1283)
w(28,14,2,1283)
w(97,11,2,1284)
r(40,15,2,1284)
w(35,14,2,1285)
w(27,22,2,1285)
w(10,13,2,1286)
w(99,11,2,1286)
w(2,9,2,1287)
w(15,11,2,1287)
w(65,16,2,1288)
r(11,15,2,1288)
w(27,23,2,1289)
r(64,11,2,1289)
r(91,13,2,1290)
r(80,9,2,1290)
r(20,8,2,1291)
w(32,19,2,1291)
r(3,11,2,1292)
w(54,13,2,1292)
r(38,17,2,1293)
w(18,15,2,1293)
r(23,15,2,1294)
w(36,13,2,1294)
w(87,11,2,1295)
r(16,10,2,1295)
r(20,8,2,1296)
w(13,18,2,1296)
r(66,19,2,1297)
w(27,24,2,1297)
w(14,16,2,1298)
w(51,16,2,1298)
w(92,14,2,1299)
w(61,11,2,1299)
w(20,9,2,1300)
r(85,23,2,1300)
r(60,13,2,1301)
r(25,15,2,1301)
w(85,24,2,1302)
r(71,11,2,1302)
r(70,12,2,1303)
r(61,11,2,1303)
w(67,12,2,1304)
r(32,19,2,1304)
r(43,10,2,1305)
r(27,24,2,1305)
w(43,11,2,1306)
r(80,9,2,1306)
w(70,13,2,1307)
r(25,15,2,1307)
w(88,14,2,1308)
r(81,11,2,1308)
r(24,11,2,1309)
r(53,16,2,1309)
r(2,9,2,1310)
w(52,11,2,1310)
w(97,12,2,1311)
w(40,16,2,1311)
r(26,8,2,1312)
w(96,9,2,1312)
r(63,12,2,1313)
r(33,11,2,1313)
w(44,18,2,1314)
r(17,16,2,1314)
w(49,20,2,1315)
r(0,10,2,1315)
r(9,11,2,1316)
r(24,11,2,1316)
w(10,14,2,1317)
r(0,10,2,1317)
r(57,18,2,1318)
r(91,13,2,1318)
w(85,25,2,1319)
w(99,12,2,1319)
w(95,18,2,1320)
r(69,12,2,1320)
w(49,21,2,1321)
r(55,17,2,1321)
r(25,15,2,1322)
w(88,15,2,1322)
w(87,12,2,1323)
w(39,11,2,1323)
r(94,18,2,1324)
r(83,12,2,1324)
r(63,12,2,1325)
w(89,12,2,1325)
r(45,13,2,1326)
w(53,17,2,1326)
r(85,25,2,1327)
r(11,15,2,1327)
r(25,15,2,1328)
r(3,11,2,1328)
w(61,12,2,1329)
w(43,12,2,1329)
w(4,13,2,1330)
r(98,14,2,1330)
w(27,25,2,1331)
r(47,12,2,1331)
w(84,10,2,1332)
w(8,13,2,1332)
r(14,16,2,1333)
r(9,11,2,1333)
w(3,12,2,1334)
r(47,12,2,1334)
w(82,14,2,1335)
w(23,16,2,1335)
r(68,12,2,1336)
w(1,10,2,1336)
w(5,15,2,1337)
r(83,12,2,1337)
r(24,11,2,1338)
w(18,16,2,1338)
r(95,18,2,1339)
w(25,16,2,1339)
w(19,11,2,1340)
w(17,17,2,1340)
w(43,13,2,1341)
r(74,14,2,1341)
w(29,15,2,1342)
w(44,19,2,1342)
w(4,14,2,1343)
w(26,9,2,1343)
w(74,15,2,1344)
r(92,14,2,1344)
w(25,17,2,1345)
r(9,11,2,1345)
r(81,11,2,1346)
w(60,14,2,1346)
r(73,9,2,1347)
w(44,20,2,1347)
w(67,13,2,1348)
r(31,12,2,1348)
r(69,12,2,1349)
w(93,12,2,1349)
r(8,13,2,1350)
w(52,12,2,1350)
r(90,13,2,1351)
w(16,11,2,1351)
r(61,12,2,1352)
w(35,15,2,1352)
r(50,14,2,1353)
r(37,17,2,1353)
r(76,13,2,1354)
r(98,14,2,1354)
r(36,13,2,1355)
w(9,12,2,1355)
r(89,12,2,1356)
r(56,7,2,1356)
w(95,19,2,1357)
r(58,12,2,1357)
r(49,21,2,1358)
w(34,12,2,1358)
r(70,13,2,1359)
r(25,17,2,1359)
w(37,18,2,1360)
w(37,19,2,1360)
w(20,10,2,1361)
w(28,15,2,1361)
w(45,14,2,1362)
r(78,15,2,1362)
r(47,12,2,1363)
w(72,12,2,1363)
w(57,19,2,1364)
w(46,21,2,1364)
w(58,13,2,1365)
r(86,13,2,1365)
r(47,12,2,1366)
r(71,11,2,1366)
w(41,17,2,1367)
w(63,13,2,1367)
w(56,8,2,1368)
r(98,14,2,1368)
w(76,14,2,1369)
w(61,13,2,1369)
w(12,10,2,1370)
r(49,21,2,1370)
r(45,14,2,1371)
r(82,14,2,1371)
w(67,14,2,1372)
w(38,18,2,1372)
r(80,9,2,1373)
r(37,19,2,1373)
w(32,20,2,1374)
w(30,11,2,1374)
w(18,17,2,1375)
r(87,12,2,1375)
r(17,17,2,1376)
r(26,9,2,1376)
w(12,11,2,1377)
w(29,16,2,1377)
r(83,12,2,1378)
r(27,25,2,1378)
r(75,13,2,1379)
r(39,11,2,1379)
r(37,19,2,1380)
r(50,14,2,1380)
w(78,16,2,1381)
r(56,8,2,1381)
w(7,11,2,1382)
r(28,15,2,1382)
w(8,14,2,1383)
r(11,15,2,1383)
w(17,18,2,1384)
w(51,17,2,1384)
w(9,13,2,1385)
r(62,10,2,1385)
r(82,14,2,1386)
r(86,13,2,1386)
r(7,11,2,1387)
r(44,20,2,1387)
w(28,16,2,1388)
r(70,13,2,1388)
w(53,18,2,1389)
r(69,12,2,1389)
r(49,21,2,1390)
w(1,11,2,1390)
w(98,15,2,1391)
w(22,11,2,1391)
w(51,18,2,1392)
w(28,17,2,1392)
r(31,12,2,1393)
w(81,12,2,1393)
r(52,12,2,1394)
w(93,13,2,1394)
w(28,18,2,1395)
w(89,13,2,1395)
r(0,10,2,1396)
r(86,13,2,1396)
w(77,17,2,1397)
w(13,19,2,1397)
r(17,18,2,1398)
r(57,19,2,1398)
w(1,12,2,1399)
r(91,13,2,1399)
r(87,12,2,1400)
w(20,11,2,1400)
w(3,13,2,1401)
w(33,12,2,1401)
w(8,15,2,1402)
w(40,17,2,1402)
w(94,19,2,1403)
r(50,14,2,1403)
w(52,13,2,1404)
w(22,12,2,1404)
w(1,13,2,1405)
r(98,15,2,1405)
w(30,12,2,1406)
r(86,13,2,1406)
w(38,19,2,1407)
r(57,19,2,1407)
w(83,13,2,1408)
w(25,18,2,1408)
w(73,10,2,1409)
r(90,13,2,1409)
w(5,16,2,1410)
r(11,15,2,1410)
w(44,21,2,1411)
r(72,12,2,1411)
r(84,10,2,1412)
r(41,17,2,1412)
w(33,13,2,1413)
r(75,13,2,1413)
w(81,13,2,1414)
r(81,13,2,1414)
w(93,14,2,1415)
r(28,18,2,1415)
w(36,14,2,1416)
r(25,18,2,1416)
r(20,11,2,1417)
r(77,17,2,1417)
r(12,11,2,1418)
w(31,13,2,1418)
r(98,15,2,1419)
w(60,15,2,1419)
w(70,14,2,1420)
w(73,11,2,1420)
r(50,14,2,1421)
w(63,14,2,1421)
r(49,21,2,1422)
w(79,12,2,1422)
w(39,12,2,1423)
r(39,12,2,1423)
r(85,25,2,1424)
w(77,18,2,1424)
r(13,19,2,1425)
w(31,14,2,1425)
r(76,14,2,1426)
r(50,14,2,1426)
r(67,14,2,1427)
r(69,12,2,1427)
r(59,15,2,1428)
w(55,18,2,1428)
w(87,13,2,1429)
w(97,13,2,1429)
r(90,13,2,1430)
w(26,10,2,1430)
w(37,20,2,1431)
w(68,13,2,1431)
r(96,9,2,1432)
r(46,21,2,1432)
w(26,11,2,1433)
r(82,14,2,1433)
r(24,11,2,1434)
w(44,22,2,1434)
r(78,16,2,1435)
w(10,15,2,1435)
w(85,26,2,1436)
w(34,13,2,1436)
w(73,12,2,1437)
w(56,9,2,1437)
r(57,19,2,1438)
r(79,12,2,1438)
r(44,22,2,1439)
w(53,19,2,1439)
w(65,17,2,1440)
r(53,19,2,1440)
r(69,12,2,1441)
r(52,13,2,1441)
w(91,14,2,1442)
r(50,14,2,1442)
r(28,18,2,1443)
w(23,17,2,1443)
w(49,22,2,1444)
r(93,14,2,1444)
w(43,14,2,1445)
r(29,16,2,1445)
w(86,14,2,1446)
w(42,10,2,1446)
r(41,17,2,1447)
w(74,16,2,1447)
w(19,12,2,1448)
r(74,16,2,1448)
w(18,18,2,1449)
r(17,18,2,1449)
w(51,19,2,1450)
r(44,22,2,1450)
r(39,12,2,1451)
w(22,13,2,1451)
r(24,11,2,1452)
r(0,10,2,1452)
r(33,13,2,1453)
w(14,17,2,1453)
w(68,14,2,1454)
w(99,13,2,1454)
w(59,16,2,1455)
w(59,17,2,1455)
r(66,19,2,1456)
w(47,13,2,1456)
r(1,13,2,1457)
w(42,11,2,1457)
w(4,15,2,1458)
r(90,13,2,1458)
w(36,15,2,1459)
r(42,11,2,1459)
r(85,26,2,1460)
w(44,23,2,1460)
r(35,15,2,1461)
w(36,16,2,1461)
w(75,14,2,1462)
r(46,21,2,1462)
r(73,12,2,1463)
w(91,15,2,1463)
r(92,14,2,1464)
w(7,12,2,1464)
r(21,24,2,1465)
w(79,13,2,1465)
r(25,18,2,1466)
r(63,14,2,1466)
r(78,16,2,1467)
r(86,14,2,1467)
w(55,19,2,1468)
r(49,22,2,1468)
w(56,10,2,1469)
w(66,20,2,1469)
w(53,20,2,1470)
w(96,10,2,1470)
r(15,11,2,1471)
r(2,9,2,1471)
r(32,20,2,1472)
r(93,14,2,1472)
w(74,17,2,1473)
r(99,13,2,1473)
r(49,22,2,1474)
w(15,12,2,1474)
r(90,13,2,1475)
w(87,14,2,1475)
w(90,14,2,1476)
r(55,19,2,1476)
w(88,16,2,1477)
r(96,10,2,1477)
w(92,15,2,1478)
w(54,14,2,1478)
r(88,16,2,1479)
w(12,12,2,1479)
r(28,18,2,1480)
w(23,18,2,1480)
w(42,12,2,1481)
w(8,16,2,1481)
r(66,20,2,1482)
w(43,15,2,1482)
r(52,13,2,1483)
w(44,24,2,1483)
w(66,21,2,1484)
r(91,15,2,1484)
r(34,13,2,1485)
r(98,15,2,1485)
r(15,12,2,1486)
w(4,16,2,1486)
r(18,18,2,1487)
r(78,16,2,1487)
r(93,14,2,1488)
w(12,13,2,1488)
r(21,24,2,1489)
r(58,13,2,1489)
w(27,26,2,1490)
w(92,16,2,1490)
w(96,11,2,1491)
w(2,10,2,1491)
w(35,16,2,1492)
w(0,11,2,1492)
r(88,16,2,1493)
w(32,21,2,1493)
w(44,25,2,1494)
w(97,14,2,1494)
r(21,24,2,1495)
w(70,15,2,1495)
w(74,18,2,1496)
r(6,14,2,1496)
w(71,12,2,1497)
w(9,14,2,1497)
w(68,15,2,1498)
w(15,13,2,1498)
w(54,15,2,1499)
r(72,12,2,1499)
