r(71,1,0,0)
r(83,1,0,0)
w(0,1,0,1)
r(53,1,0,1)
r(38,1,0,2)
r(4,1,0,2)
r(14,1,0,3)
w(21,1,0,3)
r(14,1,0,4)
r(81,1,0,4)
w(58,1,0,5)
r(33,1,0,5)
w(98,1,0,6)
r(89,1,0,6)
w(92,1,0,7)
w(26,1,0,7)
w(96,1,0,8)
r(27,1,0,8)
w(79,1,0,9)
w(77,1,0,9)
w(90,1,0,10)
r(10,1,0,10)
r(5,1,0,11)
w(43,1,0,11)
w(96,2,0,12)
r(55,1,0,12)
r(2,1,0,13)
r(10,1,0,13)
r(59,1,0,14)
r(72,1,0,14)
r(83,1,0,15)
w(14,1,0,15)
w(81,1,0,16)
w(45,1,0,16)
w(12,1,0,17)
w(1,1,0,17)
w(92,2,0,18)
r(21,1,0,18)
w(66,1,0,19)
w(28,1,0,19)
w(88,1,0,20)
w(81,2,0,20)
r(67,1,0,21)
r(29,1,0,21)
r(18,1,0,22)
w(4,1,0,22)
r(85,1,0,23)
r(3,1,0,23)
w(87,1,0,24)
w(2,1,0,24)
w(85,1,0,25)
w(42,1,0,25)
r(72,1,0,26)
r(85,1,0,26)
r(69,1,0,27)
r(14,1,0,27)
w(24,1,0,28)
r(25,1,0,28)
r(53,1,0,29)
w(18,1,0,29)
w(16,1,0,30)
r(47,1,0,30)
r(4,1,0,31)
r(51,1,0,31)
r(96,2,0,32)
r(9,1,0,32)
r(56,1,0,33)
w(96,3,0,33)
w(79,2,0,34)
w(23,1,0,34)
w(84,1,0,35)
w(84,2,0,35)
r(44,1,0,36)
r(84,2,0,36)
w(38,1,0,37)
w(49,1,0,37)
w(24,2,0,38)
w(75,1,0,38)
w(98,2,0,39)
w(46,1,0,39)
r(76,1,0,40)
r(12,1,0,40)
w(71,1,0,41)
r(26,1,0,41)
r(72,1,0,42)
r(71,1,0,42)
w(26,2,0,43)
w(14,2,0,43)
r(32,1,0,44)
w(24,3,0,44)
w(89,1,0,45)
r(1,1,0,45)
w(41,1,0,46)
r(51,1,0,46)
r(3,1,0,47)
w(94,1,0,47)
w(38,2,0,48)
r(64,1,0,48)
w(81,3,0,49)
r(31,1,0,49)
w(43,2,0,50)
r(72,1,0,50)
r(97,1,0,51)
r(70,1,0,51)
w(22,1,0,52)
w(67,1,0,52)
r(0,1,0,53)
w(97,1,0,53)
w(82,1,0,54)
r(76,1,0,54)
r(62,1,0,55)
w(99,1,0,55)
w(82,2,0,56)
w(19,1,0,56)
w(14,3,0,57)
r(45,1,0,57)
w(63,1,0,58)
w(94,2,0,58)
w(7,1,0,59)
r(79,2,0,59)
r(62,1,0,60)
w(16,2,0,60)
r(45,1,0,61)
r(21,1,0,61)
w(35,1,0,62)
w(3,1,0,62)
r(10,1,0,63)
r(84,2,0,63)
w(47,1,0,64)
w(22,2,0,64)
r(5,1,0,65)
w(86,1,0,65)
w(89,2,0,66)
w(13,1,0,66)
r(4,1,0,67)
r(83,1,0,67)
w(99,2,0,68)
w(34,1,0,68)
w(94,3,0,69)
w(2,2,0,69)
r(30,1,0,70)
r(80,1,0,70)
r(3,1,0,71)
r(9,1,0,71)
w(50,1,0,72)
r(3,1,0,72)
w(35,2,0,73)
r(75,1,0,73)
r(58,1,0,74)
w(16,3,0,74)
w(37,1,0,75)
w(94,4,0,75)
r(65,1,0,76)
w(9,1,0,76)
r(82,2,0,77)
r(80,1,0,77)
w(79,3,0,78)
r(80,1,0,78)
r(73,1,0,79)
w(78,1,0,79)
w(6,1,0,80)
r(20,1,0,80)
r(54,1,0,81)
r(21,1,0,81)
w(84,3,0,82)
r(39,1,0,82)
w(92,3,0,83)
w(99,3,0,83)
r(47,1,0,84)
w(74,1,0,84)
r(66,1,0,85)
w(1,2,0,85)
r(96,3,0,86)
r(69,1,0,86)
w(55,1,0,87)
w(17,1,0,87)
r(71,1,0,88)
r(0,1,0,88)
w(49,2,0,89)
w(70,1,0,89)
r(65,1,0,90)
r(2,2,0,90)
r(19,1,0,91)
w(82,3,0,91)
r(33,1,0,92)
w(87,2,0,92)
w(37,2,0,93)
r(17,1,0,93)
w(27,1,0,94)
w(54,1,0,94)
r(2,2,0,95)
w(11,1,0,95)
r(43,2,0,96)
w(40,1,0,96)
w(48,1,0,97)
r(86,1,0,97)
r(6,1,0,98)
r(32,1,0,98)
r(12,1,0,99)
w(78,2,0,99)
w(1,3,0,100)
r(76,1,0,100)
w(31,1,0,101)
r(23,1,0,101)
r(81,3,0,102)
r(45,1,0,102)
w(71,2,0,103)
w(72,1,0,103)
w(52,1,0,104)
w(43,3,0,104)
r(69,1,0,105)
w(60,1,0,105)
r(98,2,0,106)
w(88,2,0,106)
r(56,1,0,107)
r(27,1,0,107)
w(31,2,0,108)
w(22,3,0,108)
r(19,1,0,109)
w(43,4,0,109)
w(51,1,0,110)
w(85,2,0,110)
r(29,1,0,111)
r(65,1,0,111)
w(31,3,0,112)
w(61,1,0,112)
w(59,1,0,113)
w(58,2,0,113)
r(20,1,0,114)
r(30,1,0,114)
w(96,4,0,115)
r(67,1,0,115)
w(39,1,0,116)
r(61,1,0,116)
w(51,2,0,117)
w(60,2,0,117)
w(55,2,0,118)
r(68,1,0,118)
w(96,5,0,119)
w(41,2,0,119)
r(46,1,0,120)
r(10,1,0,120)
r(66,1,0,121)
r(13,1,0,121)
w(59,2,0,122)
r(54,1,0,122)
r(96,5,0,123)
w(68,1,0,123)
r(84,3,0,124)
w(91,1,0,124)
w(60,3,0,125)
w(87,3,0,125)
r(49,2,0,126)
w(62,1,0,126)
w(26,3,0,127)
r(58,2,0,127)
r(64,1,0,128)
w(20,1,0,128)
w(52,2,0,129)
w(61,2,0,129)
w(33,1,0,130)
w(6,2,0,130)
w(2,3,0,131)
w(36,1,0,131)
r(28,1,0,132)
r(91,1,0,132)
r(20,1,0,133)
r(8,1,0,133)
w(49,3,0,134)
w(46,2,0,134)
w(0,2,0,135)
w(74,2,0,135)
r(23,1,0,136)
r(21,1,0,136)
w(95,1,0,137)
w(72,2,0,137)
r(63,1,0,138)
w(25,1,0,138)
w(57,1,0,139)
w(29,1,0,139)
w(52,3,0,140)
r(44,1,0,140)
r(12,1,0,141)
w(35,3,0,141)
w(81,4,0,142)
r(37,2,0,142)
r(91,1,0,143)
w(7,2,0,143)
w(77,2,0,144)
w(9,2,0,144)
r(95,1,0,145)
w(87,4,0,145)
w(7,3,0,146)
r(45,1,0,146)
w(63,2,0,147)
r(30,1,0,147)
w(39,2,0,148)
w(63,3,0,148)
w(45,2,0,149)
r(47,1,0,149)
w(94,5,0,150)
w(69,1,0,150)
w(14,4,0,151)
w(18,2,0,151)
r(95,1,0,152)
r(84,3,0,152)
w(25,2,0,153)
r(95,1,0,153)
w(17,2,0,154)
r(25,2,0,154)
w(95,2,0,155)
w(18,3,0,155)
r(67,1,0,156)
r(51,2,0,156)
w(32,1,0,157)
w(39,3,0,157)
w(85,3,0,158)
w(10,1,0,158)
w(63,4,0,159)
w(43,5,0,159)
w(66,2,0,160)
r(85,3,0,160)
w(52,4,0,161)
w(94,6,0,161)
w(84,4,0,162)
w(14,5,0,162)
w(8,1,0,163)
r(37,2,0,163)
w(78,3,0,164)
r(8,1,0,164)
w(61,3,0,165)
r(75,1,0,165)
r(76,1,0,166)
w(13,2,0,166)
w(46,3,0,167)
r(69,1,0,167)
w(47,2,0,168)
r(30,1,0,168)
w(92,4,0,169)
w(1,4,0,169)
w(64,1,0,170)
w(0,3,0,170)
w(95,3,0,171)
r(4,1,0,171)
r(33,1,0,172)
w(14,6,0,172)
w(44,1,0,173)
w(27,2,0,173)
r(91,1,0,174)
w(94,7,0,174)
r(2,3,0,175)
r(42,1,0,175)
r(97,1,0,176)
w(98,3,0,176)
w(29,2,0,177)
w(23,2,0,177)
w(25,3,0,178)
w(84,5,0,178)
r(40,1,0,179)
r(1,4,0,179)
w(56,1,0,180)
w(50,2,0,180)
w(10,2,0,181)
r(65,1,0,181)
w(73,1,0,182)
w(80,1,0,182)
r(78,3,0,183)
w(74,3,0,183)
r(55,2,0,184)
r(85,3,0,184)
w(49,4,0,185)
w(96,6,0,185)
r(62,1,0,186)
w(14,7,0,186)
r(15,1,0,187)
w(90,2,0,187)
r(17,2,0,188)
r(81,4,0,188)
w(9,3,0,189)
w(63,5,0,189)
w(76,1,0,190)
r(7,3,0,190)
w(62,2,0,191)
w(97,2,0,191)
w(3,2,0,192)
r(33,1,0,192)
r(14,7,0,193)
r(83,1,0,193)
w(23,3,0,194)
w(3,3,0,194)
w(69,2,0,195)
r(82,3,0,195)
w(95,4,0,196)
r(26,3,0,196)
w(70,2,0,197)
r(28,1,0,197)
w(65,1,0,198)
r(56,1,0,198)
w(80,2,0,199)
w(92,5,0,199)
w(59,3,0,200)
r(18,3,0,200)
r(56,1,0,201)
r(74,3,0,201)
w(87,5,0,202)
w(91,2,0,202)
w(18,4,0,203)
w(69,3,0,203)
w(76,2,0,204)
w(37,3,0,204)
w(3,4,0,205)
w(97,3,0,205)
r(6,2,0,206)
r(8,1,0,206)
w(20,2,0,207)
w(19,2,0,207)
w(47,3,0,208)
w(31,4,0,208)
r(60,3,0,209)
r(62,2,0,209)
r(17,2,0,210)
w(34,2,0,210)
w(83,1,0,211)
r(87,5,0,211)
w(72,3,0,212)
r(70,2,0,212)
w(8,2,0,213)
r(57,1,0,213)
w(26,4,0,214)
r(30,1,0,214)
r(58,2,0,215)
r(46,3,0,215)
r(68,1,0,216)
r(95,4,0,216)
r(44,1,0,217)
r(62,2,0,217)
w(33,2,0,218)
r(4,1,0,218)
w(36,2,0,219)
r(88,2,0,219)
r(92,5,0,220)
r(61,3,0,220)
w(10,3,0,221)
w(39,4,0,221)
w(32,2,0,222)
w(48,2,0,222)
w(17,3,0,223)
r(67,1,0,223)
r(16,3,0,224)
r(0,3,0,224)
w(22,4,0,225)
w(9,4,0,225)
r(39,4,0,226)
w(69,4,0,226)
r(10,3,0,227)
w(30,1,0,227)
r(99,3,0,228)
r(64,1,0,228)
r(6,2,0,229)
w(26,5,0,229)
w(22,5,0,230)
r(3,4,0,230)
r(16,3,0,231)
w(41,3,0,231)
w(98,4,0,232)
w(3,5,0,232)
r(41,3,0,233)
r(75,1,0,233)
r(28,1,0,234)
r(21,1,0,234)
r(5,1,0,235)
r(19,2,0,235)
w(46,4,0,236)
r(67,1,0,236)
r(59,3,0,237)
w(51,3,0,237)
w(99,4,0,238)
r(25,3,0,238)
r(93,1,0,239)
r(86,1,0,239)
r(41,3,0,240)
w(55,3,0,240)
w(81,5,0,241)
w(89,3,0,241)
r(50,2,0,242)
r(31,4,0,242)
w(87,6,0,243)
r(94,7,0,243)
r(19,2,0,244)
w(75,2,0,244)
w(14,8,0,245)
w(50,3,0,245)
w(65,2,0,246)
w(11,2,0,246)
r(74,3,0,247)
r(48,2,0,247)
w(91,3,0,248)
w(38,3,0,248)
r(75,2,0,249)
r(5,1,0,249)
w(55,4,0,250)
r(29,2,0,250)
r(38,3,0,251)
w(2,4,0,251)
r(56,1,0,252)
r(14,8,0,252)
r(74,3,0,253)
r(80,2,0,253)
r(38,3,0,254)
w(45,3,0,254)
w(42,2,0,255)
w(11,3,0,255)
r(6,2,0,256)
w(41,4,0,256)
w(80,3,0,257)
r(32,2,0,257)
w(13,3,0,258)
w(59,4,0,258)
w(63,6,0,259)
r(54,1,0,259)
w(21,2,0,260)
w(98,5,0,260)
r(25,3,0,261)
r(19,2,0,261)
r(87,6,0,262)
w(37,4,0,262)
r(80,3,0,263)
r(97,3,0,263)
w(15,1,0,264)
r(85,3,0,264)
r(9,4,0,265)
r(29,2,0,265)
w(7,4,0,266)
w(47,4,0,266)
r(58,2,0,267)
r(57,1,0,267)
r(70,2,0,268)
r(94,7,0,268)
w(39,5,0,269)
r(16,3,0,269)
r(44,1,0,270)
r(39,5,0,270)
r(81,5,0,271)
w(58,3,0,271)
w(85,4,0,272)
w(23,4,0,272)
w(27,3,0,273)
r(34,2,0,273)
r(19,2,0,274)
r(57,1,0,274)
w(85,5,0,275)
w(15,2,0,275)
w(26,6,0,276)
r(63,6,0,276)
r(49,4,0,277)
r(67,1,0,277)
r(83,1,0,278)
w(16,4,0,278)
w(25,4,0,279)
w(38,4,0,279)
w(84,6,0,280)
w(21,3,0,280)
r(70,2,0,281)
w(28,2,0,281)
r(76,2,0,282)
r(7,4,0,282)
w(88,3,0,283)
r(19,2,0,283)
w(47,5,0,284)
w(95,5,0,284)
r(34,2,0,285)
w(61,4,0,285)
w(69,5,0,286)
w(94,8,0,286)
w(0,4,0,287)
w(88,4,0,287)
r(61,4,0,288)
r(3,5,0,288)
w(19,3,0,289)
r(74,3,0,289)
w(6,3,0,290)
w(91,4,0,290)
r(96,6,0,291)
r(37,4,0,291)
w(98,6,0,292)
w(66,3,0,292)
r(21,3,0,293)
w(22,6,0,293)
r(76,2,0,294)
r(53,1,0,294)
w(72,4,0,295)
w(97,4,0,295)
r(99,4,0,296)
r(94,8,0,296)
r(6,3,0,297)
r(31,4,0,297)
w(28,3,0,298)
r(93,1,0,298)
r(46,4,0,299)
r(34,2,0,299)
r(97,4,0,300)
r(16,4,0,300)
r(80,3,0,301)
r(82,3,0,301)
w(9,5,0,302)
r(71,2,0,302)
r(83,1,0,303)
r(94,8,0,303)
w(74,4,0,304)
r(68,1,0,304)
r(65,2,0,305)
w(98,7,0,305)
w(16,5,0,306)
w(19,4,0,306)
w(85,6,0,307)
r(47,5,0,307)
r(94,8,0,308)
r(15,2,0,308)
w(75,3,0,309)
w(14,9,0,309)
r(38,4,0,310)
w(6,4,0,310)
w(92,6,0,311)
r(3,5,0,311)
w(94,9,0,312)
w(70,3,0,312)
r(69,5,0,313)
r(80,3,0,313)
w(29,3,0,314)
w(32,3,0,314)
r(55,4,0,315)
r(66,3,0,315)
r(41,4,0,316)
r(76,2,0,316)
r(98,7,0,317)
r(90,2,0,317)
r(35,3,0,318)
r(44,1,0,318)
w(6,5,0,319)
w(84,7,0,319)
w(10,4,0,320)
r(83,1,0,320)
r(9,5,0,321)
r(52,4,0,321)
w(14,10,0,322)
r(91,4,0,322)
r(21,3,0,323)
w(39,6,0,323)
r(69,5,0,324)
w(1,5,0,324)
r(43,5,0,325)
w(56,2,0,325)
w(33,3,0,326)
w(79,4,0,326)
r(81,5,0,327)
w(8,3,0,327)
w(74,5,0,328)
w(68,2,0,328)
w(26,7,0,329)
r(82,3,0,329)
r(55,4,0,330)
w(51,4,0,330)
w(14,11,0,331)
r(68,2,0,331)
r(21,3,0,332)
w(77,3,0,332)
w(3,6,0,333)
r(31,4,0,333)
r(36,2,0,334)
r(3,6,0,334)
r(90,2,0,335)
w(64,2,0,335)
w(90,3,0,336)
r(4,1,0,336)
w(71,3,0,337)
r(9,5,0,337)
w(62,3,0,338)
r(53,1,0,338)
w(17,4,0,339)
r(6,5,0,339)
r(41,4,0,340)
r(63,6,0,340)
r(18,4,0,341)
r(72,4,0,341)
w(73,2,0,342)
r(42,2,0,342)
w(56,3,0,343)
w(40,2,0,343)
w(14,12,0,344)
r(7,4,0,344)
r(42,2,0,345)
r(2,4,0,345)
w(92,7,0,346)
r(88,4,0,346)
r(21,3,0,347)
r(8,3,0,347)
w(85,7,0,348)
w(64,3,0,348)
w(63,7,0,349)
w(94,10,0,349)
w(47,6,0,350)
r(52,4,0,350)
r(37,4,0,351)
w(87,7,0,351)
w(34,3,0,352)
r(28,3,0,352)
r(70,3,0,353)
r(61,4,0,353)
w(64,4,0,354)
r(81,5,0,354)
w(13,4,0,355)
w(63,8,0,355)
r(7,4,0,356)
w(15,3,0,356)
w(8,4,0,357)
w(99,5,0,357)
w(19,5,0,358)
w(96,7,0,358)
r(66,3,0,359)
r(27,3,0,359)
w(14,13,0,360)
w(89,4,0,360)
r(84,7,0,361)
w(52,5,0,361)
r(19,5,0,362)
w(32,4,0,362)
r(59,4,0,363)
r(35,3,0,363)
w(26,8,0,364)
r(97,4,0,364)
r(51,4,0,365)
r(51,4,0,365)
r(26,8,0,366)
r(20,2,0,366)
w(88,5,0,367)
w(94,11,0,367)
r(34,3,0,368)
r(33,3,0,368)
r(4,1,0,369)
w(95,6,0,369)
w(65,3,0,370)
w(93,1,0,370)
w(83,2,0,371)
w(35,4,0,371)
w(68,3,0,372)
r(47,6,0,372)
w(17,5,0,373)
r(75,3,0,373)
r(45,3,0,374)
w(79,5,0,374)
w(89,5,0,375)
w(32,5,0,375)
r(48,2,0,376)
r(18,4,0,376)
r(81,5,0,377)
r(97,4,0,377)
w(54,2,0,378)
r(8,4,0,378)
w(64,5,0,379)
w(79,6,0,379)
w(57,2,0,380)
w(9,6,0,380)
w(68,4,0,381)
r(12,1,0,381)
w(78,4,0,382)
r(85,7,0,382)
r(23,4,0,383)
w(86,2,0,383)
w(22,7,0,384)
w(85,8,0,384)
w(95,7,0,385)
w(21,4,0,385)
w(84,8,0,386)
r(66,3,0,386)
r(78,4,0,387)
w(37,5,0,387)
r(42,2,0,388)
r(84,8,0,388)
r(21,4,0,389)
r(70,3,0,389)
r(15,3,0,390)
r(30,1,0,390)
r(10,4,0,391)
w(43,6,0,391)
w(32,6,0,392)
r(8,4,0,392)
w(49,5,0,393)
w(16,6,0,393)
w(16,7,0,394)
w(37,6,0,394)
r(58,3,0,395)
r(33,3,0,395)
w(33,4,0,396)
w(49,6,0,396)
r(47,6,0,397)
w(27,4,0,397)
r(97,4,0,398)
w(95,8,0,398)
r(26,8,0,399)
w(12,2,0,399)
r(59,4,0,400)
w(63,9,0,400)
r(12,2,0,401)
w(47,7,0,401)
w(82,4,0,402)
w(44,2,0,402)
w(78,5,0,403)
w(34,4,0,403)
w(51,5,0,404)
w(28,4,0,404)
r(22,7,0,405)
w(4,2,0,405)
r(43,6,0,406)
r(61,4,0,406)
r(9,6,0,407)
r(81,5,0,407)
w(9,7,0,408)
w(75,4,0,408)
r(27,4,0,409)
r(2,4,0,409)
r(3,6,0,410)
r(71,3,0,410)
w(42,3,0,411)
r(12,2,0,411)
w(85,9,0,412)
w(22,8,0,412)
w(21,5,0,413)
w(55,5,0,413)
w(49,7,0,414)
w(37,7,0,414)
w(49,8,0,415)
w(13,5,0,415)
r(11,3,0,416)
w(24,4,0,416)
w(74,6,0,417)
w(34,5,0,417)
r(74,6,0,418)
r(77,3,0,418)
r(8,4,0,419)
r(15,3,0,419)
r(39,6,0,420)
w(29,4,0,420)
w(58,4,0,421)
w(83,3,0,421)
r(11,3,0,422)
w(17,6,0,422)
w(45,4,0,423)
r(29,4,0,423)
w(76,3,0,424)
w(89,6,0,424)
r(75,4,0,425)
r(55,5,0,425)
r(38,4,0,426)
w(1,6,0,426)
w(89,7,0,427)
w(8,5,0,427)
w(6,6,0,428)
w(36,3,0,428)
r(76,3,0,429)
w(43,7,0,429)
w(85,10,0,430)
r(18,4,0,430)
w(35,5,0,431)
r(83,3,0,431)
w(33,5,0,432)
r(72,4,0,432)
r(14,13,0,433)
r(59,4,0,433)
w(88,6,0,434)
r(12,2,0,434)
r(14,13,0,435)
w(49,9,0,435)
r(71,3,0,436)
w(40,3,0,436)
w(90,4,0,437)
w(81,6,0,437)
w(95,9,0,438)
w(82,5,0,438)
w(5,1,0,439)
w(18,5,0,439)
w(87,8,0,440)
r(86,2,0,440)
w(4,3,0,441)
r(30,1,0,441)
w(6,7,0,442)
w(35,6,0,442)
r(58,4,0,443)
r(18,5,0,443)
w(43,8,0,444)
w(55,6,0,444)
w(62,4,0,445)
w(0,5,0,445)
r(63,9,0,446)
r(88,6,0,446)
w(15,4,0,447)
r(48,2,0,447)
r(3,6,0,448)
r(45,4,0,448)
w(5,2,0,449)
r(29,4,0,449)
r(92,7,0,450)
r(57,2,0,450)
r(36,3,0,451)
w(23,5,0,451)
w(66,4,0,452)
w(51,6,0,452)
r(33,5,0,453)
r(42,3,0,453)
w(73,3,0,454)
r(64,5,0,454)
w(80,4,0,455)
w(89,8,0,455)
w(45,5,0,456)
w(14,14,0,456)
w(59,5,0,457)
w(84,9,0,457)
w(99,6,0,458)
r(90,4,0,458)
w(73,4,0,459)
r(93,1,0,459)
w(30,2,0,460)
w(27,5,0,460)
w(28,5,0,461)
w(50,4,0,461)
r(39,6,0,462)
r(2,4,0,462)
w(92,8,0,463)
w(89,9,0,463)
w(91,5,0,464)
w(11,4,0,464)
r(92,8,0,465)
w(45,6,0,465)
r(69,5,0,466)
r(93,1,0,466)
w(45,7,0,467)
r(34,5,0,467)
r(17,6,0,468)
w(5,3,0,468)
w(76,4,0,469)
r(2,4,0,469)
r(74,6,0,470)
r(65,3,0,470)
r(81,6,0,471)
w(94,12,0,471)
r(83,3,0,472)
w(40,4,0,472)
r(63,9,0,473)
w(51,7,0,473)
r(63,9,0,474)
r(86,2,0,474)
r(81,6,0,475)
r(46,4,0,475)
w(41,5,0,476)
r(41,5,0,476)
r(30,2,0,477)
w(32,7,0,477)
r(39,6,0,478)
w(55,7,0,478)
w(49,10,0,479)
r(80,4,0,479)
r(33,5,0,480)
r(26,8,0,480)
w(45,8,0,481)
r(6,7,0,481)
r(4,3,0,482)
w(71,4,0,482)
r(79,6,0,483)
w(20,3,0,483)
r(19,5,0,484)
w(1,7,0,484)
r(13,5,0,485)
w(61,5,0,485)
r(47,7,0,486)
w(79,7,0,486)
r(40,4,0,487)
w(6,8,0,487)
r(90,4,0,488)
r(9,7,0,488)
w(15,5,0,489)
r(68,4,0,489)
r(6,8,0,490)
w(19,6,0,490)
w(77,4,0,491)
r(96,7,0,491)
w(72,5,0,492)
r(52,5,0,492)
w(12,3,0,493)
r(75,4,0,493)
r(12,3,0,494)
r(32,7,0,494)
r(47,7,0,495)
w(1,8,0,495)
r(18,5,0,496)
w(72,6,0,496)
w(34,6,0,497)
r(62,4,0,497)
r(12,3,0,498)
w(91,6,0,498)
w(87,9,0,499)
r(64,5,0,499)
w(33,6,1,500)
r(42,3,1,500)
w(12,4,1,501)
r(43,8,1,501)
r(17,6,1,502)
w(99,7,1,502)
r(26,8,1,503)
w(91,7,1,503)
w(30,3,1,504)
w(29,5,1,504)
w(10,5,1,505)
w(35,7,1,505)
w(53,1,1,506)
w(24,5,1,506)
r(17,6,1,507)
w(40,5,1,507)
w(1,9,1,508)
r(52,5,1,508)
w(69,6,1,509)
r(24,5,1,509)
w(45,9,1,510)
w(83,4,1,510)
r(56,3,1,511)
w(3,7,1,511)
w(87,10,1,512)
w(41,6,1,512)
w(28,6,1,513)
r(59,5,1,513)
w(63,10,1,514)
w(73,5,1,514)
w(88,7,1,515)
r(15,5,1,515)
w(0,6,1,516)
r(5,3,1,516)
w(86,3,1,517)
r(28,6,1,517)
w(59,6,1,518)
r(20,3,1,518)
r(42,3,1,519)
r(86,3,1,519)
r(78,5,1,520)
w(44,3,1,520)
r(30,3,1,521)
w(15,6,1,521)
w(18,6,1,522)
r(15,6,1,522)
w(38,5,1,523)
w(26,9,1,523)
w(38,6,1,524)
r(41,6,1,524)
w(26,10,1,525)
w(30,4,1,525)
r(1,9,1,526)
r(61,5,1,526)
r(56,3,1,527)
r(79,7,1,527)
w(77,5,1,528)
w(14,15,1,528)
w(8,6,1,529)
r(28,6,1,529)
w(85,11,1,530)
w(76,5,1,530)
w(39,7,1,531)
r(31,4,1,531)
w(11,5,1,532)
r(23,5,1,532)
r(55,7,1,533)
r(6,8,1,533)
r(76,5,1,534)
w(97,5,1,534)
w(0,7,1,535)
w(88,8,1,535)
r(19,6,1,536)
r(8,6,1,536)
w(8,7,1,537)
r(49,10,1,537)
w(76,6,1,538)
r(24,5,1,538)
r(32,7,1,539)
r(69,6,1,539)
w(91,8,1,540)
r(0,7,1,540)
r(20,3,1,541)
w(53,2,1,541)
r(15,6,1,542)
w(19,7,1,542)
r(26,10,1,543)
w(17,7,1,543)
w(4,4,1,544)
r(63,10,1,544)
r(97,5,1,545)
w(93,2,1,545)
w(64,6,1,546)
w(57,3,1,546)
w(26,11,1,547)
w(3,8,1,547)
w(88,9,1,548)
w(42,4,1,548)
w(60,4,1,549)
w(14,16,1,549)
w(36,4,1,550)
w(73,6,1,550)
r(28,6,1,551)
w(78,6,1,551)
w(62,5,1,552)
r(97,5,1,552)
w(71,5,1,553)
r(27,5,1,553)
w(8,8,1,554)
r(33,6,1,554)
w(58,5,1,555)
w(20,4,1,555)
r(74,6,1,556)
w(10,6,1,556)
r(87,10,1,557)
r(46,4,1,557)
r(52,5,1,558)
r(61,5,1,558)
r(63,10,1,559)
w(22,9,1,559)
w(47,8,1,560)
r(55,7,1,560)
w(44,4,1,561)
r(57,3,1,561)
w(65,4,1,562)
r(36,4,1,562)
w(31,5,1,563)
w(76,7,1,563)
r(42,4,1,564)
w(72,7,1,564)
w(17,8,1,565)
w(6,9,1,565)
w(70,4,1,566)
r(97,5,1,566)
r(66,4,1,567)
w(80,5,1,567)
r(68,4,1,568)
r(0,7,1,568)
w(33,7,1,569)
r(27,5,1,569)
w(14,17,1,570)
r(96,7,1,570)
r(90,4,1,571)
r(12,4,1,571)
w(31,6,1,572)
r(73,6,1,572)
w(90,5,1,573)
w(60,5,1,573)
w(33,8,1,574)
r(74,6,1,574)
w(37,8,1,575)
r(12,4,1,575)
r(99,7,1,576)
w(65,5,1,576)
r(36,4,1,577)
w(64,7,1,577)
w(31,7,1,578)
w(52,6,1,578)
w(30,5,1,579)
w(88,10,1,579)
r(60,5,1,580)
w(58,6,1,580)
w(70,5,1,581)
r(19,7,1,581)
r(33,8,1,582)
r(81,6,1,582)
w(4,5,1,583)
r(23,5,1,583)
w(29,6,1,584)
w(4,6,1,584)
r(10,6,1,585)
r(6,9,1,585)
r(81,6,1,586)
w(59,7,1,586)
r(10,6,1,587)
r(95,9,1,587)
w(5,4,1,588)
r(35,7,1,588)
w(44,5,1,589)
r(82,5,1,589)
w(4,7,1,590)
w(64,8,1,590)
r(14,17,1,591)
r(1,9,1,591)
r(59,7,1,592)
w(4,8,1,592)
w(24,6,1,593)
w(61,6,1,593)
r(75,4,1,594)
r(60,5,1,594)
r(48,2,1,595)
w(66,5,1,595)
w(97,6,1,596)
w(30,6,1,596)
w(83,5,1,597)
r(30,6,1,597)
r(72,7,1,598)
r(70,5,1,598)
r(13,5,1,599)
w(31,8,1,599)
r(27,5,1,600)
r(34,6,1,600)
w(0,8,1,601)
w(44,6,1,601)
w(59,8,1,602)
r(12,4,1,602)
r(89,9,1,603)
r(69,6,1,603)
w(12,5,1,604)
r(72,7,1,604)
w(99,8,1,605)
w(9,8,1,605)
r(24,6,1,606)
r(46,4,1,606)
r(23,5,1,607)
w(74,7,1,607)
w(79,8,1,608)
r(95,9,1,608)
r(39,7,1,609)
r(60,5,1,609)
r(34,6,1,610)
r(15,6,1,610)
r(16,7,1,611)
w(68,5,1,611)
w(52,7,1,612)
r(50,4,1,612)
r(33,8,1,613)
r(69,6,1,613)
w(89,10,1,614)
w(60,6,1,614)
r(31,8,1,615)
w(82,6,1,615)
r(66,5,1,616)
r(41,6,1,616)
r(1,9,1,617)
r(25,4,1,617)
w(44,7,1,618)
r(72,7,1,618)
r(92,8,1,619)
r(43,8,1,619)
w(71,6,1,620)
r(65,5,1,620)
r(63,10,1,621)
r(50,4,1,621)
r(63,10,1,622)
w(6,10,1,622)
r(76,7,1,623)
w(73,7,1,623)
r(61,6,1,624)
w(17,9,1,624)
r(41,6,1,625)
w(30,7,1,625)
w(73,8,1,626)
r(26,11,1,626)
r(60,6,1,627)
w(20,5,1,627)
w(5,5,1,628)
r(37,8,1,628)
w(86,4,1,629)
r(63,10,1,629)
r(63,10,1,630)
r(1,9,1,630)
r(43,8,1,631)
w(36,5,1,631)
r(65,5,1,632)
r(57,3,1,632)
w(20,6,1,633)
r(70,5,1,633)
r(78,6,1,634)
w(53,3,1,634)
r(45,9,1,635)
r(60,6,1,635)
w(95,10,1,636)
w(95,11,1,636)
w(61,7,1,637)
r(68,5,1,637)
w(41,7,1,638)
w(92,9,1,638)
w(24,7,1,639)
w(53,4,1,639)
r(6,10,1,640)
w(22,10,1,640)
r(67,1,1,641)
r(39,7,1,641)
w(6,11,1,642)
w(19,8,1,642)
w(41,8,1,643)
w(87,11,1,643)
w(61,8,1,644)
w(94,13,1,644)
w(74,8,1,645)
r(35,7,1,645)
r(78,6,1,646)
r(1,9,1,646)
w(37,9,1,647)
w(49,11,1,647)
w(83,6,1,648)
r(66,5,1,648)
r(95,11,1,649)
r(62,5,1,649)
w(61,9,1,650)
r(61,9,1,650)
r(17,9,1,651)
w(21,6,1,651)
w(35,8,1,652)
r(70,5,1,652)
r(84,9,1,653)
r(19,8,1,653)
w(59,9,1,654)
r(30,7,1,654)
r(44,7,1,655)
r(99,8,1,655)
w(26,12,1,656)
r(48,2,1,656)
r(96,7,1,657)
w(44,8,1,657)
w(4,9,1,658)
w(90,6,1,658)
w(35,9,1,659)
w(27,6,1,659)
r(9,8,1,660)
w(92,10,1,660)
w(79,9,1,661)
w(53,5,1,661)
w(88,11,1,662)
r(94,13,1,662)
r(18,6,1,663)
w(0,9,1,663)
r(6,11,1,664)
w(18,7,1,664)
w(53,6,1,665)
w(79,10,1,665)
r(16,7,1,666)
w(38,7,1,666)
w(49,12,1,667)
w(6,12,1,667)
w(29,7,1,668)
r(65,5,1,668)
r(71,6,1,669)
w(88,12,1,669)
r(35,9,1,670)
w(25,5,1,670)
w(6,13,1,671)
r(18,7,1,671)
r(84,9,1,672)
r(46,4,1,672)
r(53,6,1,673)
r(26,12,1,673)
w(24,8,1,674)
r(82,6,1,674)
r(98,7,1,675)
w(49,13,1,675)
w(23,6,1,676)
r(57,3,1,676)
r(31,8,1,677)
w(8,9,1,677)
r(73,8,1,678)
r(98,7,1,678)
r(84,9,1,679)
r(31,8,1,679)
w(6,14,1,680)
r(33,8,1,680)
w(21,7,1,681)
w(85,12,1,681)
w(99,9,1,682)
w(37,10,1,682)
r(39,7,1,683)
r(83,6,1,683)
w(92,11,1,684)
w(55,8,1,684)
r(65,5,1,685)
w(79,11,1,685)
w(34,7,1,686)
r(46,4,1,686)
r(83,6,1,687)
r(41,8,1,687)
w(97,7,1,688)
w(0,10,1,688)
w(52,8,1,689)
w(77,6,1,689)
r(39,7,1,690)
w(75,5,1,690)
w(57,4,1,691)
w(6,15,1,691)
w(80,6,1,692)
w(30,8,1,692)
r(1,9,1,693)
w(54,3,1,693)
w(56,4,1,694)
r(58,6,1,694)
w(70,6,1,695)
w(6,16,1,695)
r(7,4,1,696)
r(93,2,1,696)
r(27,6,1,697)
r(47,8,1,697)
r(79,11,1,698)
w(9,9,1,698)
w(70,7,1,699)
r(82,6,1,699)
w(80,7,1,700)
w(0,11,1,700)
r(29,7,1,701)
w(93,3,1,701)
r(13,5,1,702)
w(7,5,1,702)
r(79,11,1,703)
w(53,7,1,703)
w(56,5,1,704)
r(56,5,1,704)
r(36,5,1,705)
w(91,9,1,705)
w(53,8,1,706)
r(69,6,1,706)
w(36,6,1,707)
w(46,5,1,707)
w(78,7,1,708)
w(0,12,1,708)
r(15,6,1,709)
r(71,6,1,709)
r(29,7,1,710)
w(6,17,1,710)
w(53,9,1,711)
w(39,8,1,711)
r(3,8,1,712)
w(26,13,1,712)
w(12,6,1,713)
r(50,4,1,713)
r(83,6,1,714)
r(99,9,1,714)
w(29,8,1,715)
w(76,8,1,715)
r(28,6,1,716)
r(16,7,1,716)
w(66,6,1,717)
r(76,8,1,717)
r(69,6,1,718)
r(22,10,1,718)
r(85,12,1,719)
r(67,1,1,719)
r(83,6,1,720)
w(62,6,1,720)
r(86,4,1,721)
r(83,6,1,721)
r(17,9,1,722)
r(7,5,1,722)
r(77,6,1,723)
w(33,9,1,723)
w(49,14,1,724)
r(28,6,1,724)
w(65,6,1,725)
r(15,6,1,725)
w(40,6,1,726)
r(57,4,1,726)
w(16,8,1,727)
r(2,4,1,727)
w(68,6,1,728)
w(35,10,1,728)
r(56,5,1,729)
r(30,8,1,729)
r(88,12,1,730)
r(66,6,1,730)
w(55,9,1,731)
r(74,8,1,731)
w(19,9,1,732)
r(10,6,1,732)
w(95,12,1,733)
w(51,8,1,733)
w(42,5,1,734)
w(97,8,1,734)
w(62,7,1,735)
w(60,7,1,735)
w(29,9,1,736)
r(27,6,1,736)
r(15,6,1,737)
r(38,7,1,737)
w(24,9,1,738)
r(39,8,1,738)
w(45,10,1,739)
r(79,11,1,739)
w(1,10,1,740)
r(20,6,1,740)
w(61,10,1,741)
w(77,7,1,741)
w(85,13,1,742)
r(24,9,1,742)
w(73,9,1,743)
w(63,11,1,743)
w(24,10,1,744)
r(84,9,1,744)
r(77,7,1,745)
w(31,9,1,745)
w(90,7,1,746)
r(71,6,1,746)
r(56,5,1,747)
w(86,5,1,747)
w(86,6,1,748)
w(73,10,1,748)
r(61,10,1,749)
w(15,7,1,749)
r(59,9,1,750)
r(18,7,1,750)
w(66,7,1,751)
w(57,5,1,751)
w(57,6,1,752)
r(98,7,1,752)
w(99,10,1,753)
r(42,5,1,753)
w(27,7,1,754)
w(60,8,1,754)
w(38,8,1,755)
r(39,8,1,755)
r(24,10,1,756)
w(79,12,1,756)
w(92,12,1,757)
r(50,4,1,757)
w(33,10,1,758)
w(94,14,1,758)
r(68,6,1,759)
w(96,8,1,759)
r(60,8,1,760)
r(86,6,1,760)
w(77,8,1,761)
w(34,8,1,761)
r(87,11,1,762)
w(21,8,1,762)
r(31,9,1,763)
r(67,1,1,763)
r(68,6,1,764)
r(63,11,1,764)
r(98,7,1,765)
w(82,7,1,765)
r(61,10,1,766)
w(5,6,1,766)
w(29,10,1,767)
r(24,10,1,767)
w(93,4,1,768)
w(19,10,1,768)
r(46,5,1,769)
r(22,10,1,769)
r(19,10,1,770)
r(98,7,1,770)
w(44,9,1,771)
w(98,8,1,771)
r(74,8,1,772)
r(87,11,1,772)
r(34,8,1,773)
r(0,12,1,773)
w(62,8,1,774)
w(64,9,1,774)
r(92,12,1,775)
r(73,10,1,775)
r(61,10,1,776)
w(78,8,1,776)
w(5,7,1,777)
w(89,11,1,777)
r(82,7,1,778)
w(24,11,1,778)
r(64,9,1,779)
w(42,6,1,779)
w(88,13,1,780)
r(14,17,1,780)
r(81,6,1,781)
w(55,10,1,781)
r(81,6,1,782)
r(30,8,1,782)
w(47,9,1,783)
w(81,7,1,783)
r(58,6,1,784)
w(0,13,1,784)
r(63,11,1,785)
w(41,9,1,785)
r(61,10,1,786)
w(51,9,1,786)
r(72,7,1,787)
w(60,9,1,787)
w(49,15,1,788)
r(99,10,1,788)
w(89,12,1,789)
w(40,7,1,789)
w(35,11,1,790)
r(27,7,1,790)
r(89,12,1,791)
r(73,10,1,791)
w(61,11,1,792)
r(96,8,1,792)
w(80,8,1,793)
w(92,13,1,793)
r(85,13,1,794)
w(23,7,1,794)
w(73,11,1,795)
r(24,11,1,795)
w(52,9,1,796)
w(22,11,1,796)
w(60,10,1,797)
r(60,10,1,797)
w(47,10,1,798)
r(47,10,1,798)
w(96,9,1,799)
w(85,14,1,799)
w(3,9,1,800)
w(74,9,1,800)
w(83,7,1,801)
w(46,6,1,801)
w(63,12,1,802)
r(90,7,1,802)
w(46,7,1,803)
r(22,11,1,803)
r(83,7,1,804)
w(89,13,1,804)
w(75,6,1,805)
r(1,10,1,805)
r(65,6,1,806)
r(91,9,1,806)
w(96,10,1,807)
r(28,6,1,807)
w(60,11,1,808)
r(63,12,1,808)
w(73,12,1,809)
w(77,9,1,809)
w(50,5,1,810)
r(98,8,1,810)
w(44,10,1,811)
r(65,6,1,811)
r(66,7,1,812)
r(11,5,1,812)
w(12,7,1,813)
w(4,10,1,813)
w(68,7,1,814)
w(42,7,1,814)
w(74,10,1,815)
w(35,12,1,815)
w(42,8,1,816)
r(73,12,1,816)
r(31,9,1,817)
w(81,8,1,817)
w(92,14,1,818)
r(52,9,1,818)
r(27,7,1,819)
w(62,9,1,819)
w(60,12,1,820)
r(74,10,1,820)
w(97,9,1,821)
w(85,15,1,821)
r(91,9,1,822)
w(46,8,1,822)
w(84,10,1,823)
r(90,7,1,823)
w(10,7,1,824)
r(35,12,1,824)
r(98,8,1,825)
r(72,7,1,825)
w(98,9,1,826)
w(34,9,1,826)
w(32,8,1,827)
w(2,5,1,827)
w(49,16,1,828)
r(68,7,1,828)
r(10,7,1,829)
w(23,8,1,829)
r(66,7,1,830)
w(6,18,1,830)
r(5,7,1,831)
r(45,10,1,831)
r(7,5,1,832)
w(48,3,1,832)
r(51,9,1,833)
w(73,13,1,833)
r(23,8,1,834)
w(11,6,1,834)
r(95,12,1,835)
w(74,11,1,835)
w(65,7,1,836)
w(13,6,1,836)
r(26,13,1,837)
r(58,6,1,837)
r(28,6,1,838)
r(43,8,1,838)
r(60,12,1,839)
w(29,11,1,839)
r(4,10,1,840)
r(95,12,1,840)
r(50,5,1,841)
w(89,14,1,841)
w(5,8,1,842)
r(58,6,1,842)
w(28,7,1,843)
w(34,10,1,843)
w(1,11,1,844)
w(98,10,1,844)
r(36,6,1,845)
w(76,9,1,845)
r(29,11,1,846)
r(83,7,1,846)
r(7,5,1,847)
r(56,5,1,847)
r(28,7,1,848)
w(24,12,1,848)
r(61,11,1,849)
r(64,9,1,849)
w(67,2,1,850)
w(87,12,1,850)
w(99,11,1,851)
r(75,6,1,851)
r(71,6,1,852)
r(64,9,1,852)
r(16,8,1,853)
r(9,9,1,853)
w(55,11,1,854)
r(4,10,1,854)
r(86,6,1,855)
w(60,13,1,855)
r(57,6,1,856)
w(48,4,1,856)
r(47,10,1,857)
w(73,14,1,857)
r(94,14,1,858)
w(89,15,1,858)
r(5,8,1,859)
r(22,11,1,859)
w(96,11,1,860)
w(59,10,1,860)
w(3,10,1,861)
r(80,8,1,861)
w(18,8,1,862)
r(37,10,1,862)
r(51,9,1,863)
w(33,11,1,863)
w(83,8,1,864)
r(16,8,1,864)
r(79,12,1,865)
r(44,10,1,865)
r(85,15,1,866)
w(69,7,1,866)
w(76,10,1,867)
w(28,8,1,867)
r(57,6,1,868)
r(19,10,1,868)
w(36,7,1,869)
w(81,9,1,869)
w(3,11,1,870)
w(50,6,1,870)
r(79,12,1,871)
w(28,9,1,871)
r(26,13,1,872)
r(26,13,1,872)
w(38,9,1,873)
w(52,10,1,873)
r(66,7,1,874)
w(9,10,1,874)
w(0,14,1,875)
r(48,4,1,875)
r(77,9,1,876)
r(17,9,1,876)
w(5,9,1,877)
w(61,12,1,877)
r(69,7,1,878)
w(11,7,1,878)
r(47,10,1,879)
w(81,10,1,879)
w(52,11,1,880)
w(76,11,1,880)
r(21,8,1,881)
r(63,12,1,881)
r(60,13,1,882)
r(17,9,1,882)
w(15,8,1,883)
w(4,11,1,883)
r(11,7,1,884)
r(3,11,1,884)
w(4,12,1,885)
w(58,7,1,885)
r(32,8,1,886)
w(85,16,1,886)
w(25,6,1,887)
w(41,10,1,887)
w(10,8,1,888)
w(68,8,1,888)
r(44,10,1,889)
w(66,8,1,889)
r(75,6,1,890)
w(92,15,1,890)
r(93,4,1,891)
w(46,9,1,891)
r(37,10,1,892)
r(20,6,1,892)
w(48,5,1,893)
r(20,6,1,893)
w(1,12,1,894)
w(37,11,1,894)
w(86,7,1,895)
r(98,10,1,895)
w(7,6,1,896)
w(92,16,1,896)
r(53,9,1,897)
w(6,19,1,897)
w(47,11,1,898)
r(93,4,1,898)
w(49,17,1,899)
r(11,7,1,899)
w(33,12,1,900)
w(46,10,1,900)
w(50,7,1,901)
w(56,6,1,901)
r(55,11,1,902)
r(50,7,1,902)
r(78,8,1,903)
w(72,8,1,903)
r(9,10,1,904)
r(92,16,1,904)
r(95,12,1,905)
r(0,14,1,905)
r(19,10,1,906)
r(29,11,1,906)
w(97,10,1,907)
r(90,7,1,907)
w(26,14,1,908)
r(38,9,1,908)
r(10,8,1,909)
r(67,2,1,909)
w(52,12,1,910)
w(95,13,1,910)
r(73,14,1,911)
w(80,9,1,911)
w(39,9,1,912)
w(35,13,1,912)
r(83,8,1,913)
w(67,3,1,913)
w(65,8,1,914)
w(83,9,1,914)
w(47,12,1,915)
w(19,11,1,915)
w(96,12,1,916)
r(45,10,1,916)
r(14,17,1,917)
r(43,8,1,917)
w(45,11,1,918)
w(3,12,1,918)
w(75,7,1,919)
w(59,11,1,919)
w(50,8,1,920)
w(94,15,1,920)
w(45,12,1,921)
w(43,9,1,921)
w(54,4,1,922)
r(51,9,1,922)
r(18,8,1,923)
w(27,8,1,923)
w(45,13,1,924)
r(38,9,1,924)
r(29,11,1,925)
w(92,17,1,925)
r(67,3,1,926)
w(82,8,1,926)
w(70,8,1,927)
r(3,12,1,927)
r(73,14,1,928)
r(0,14,1,928)
w(92,18,1,929)
w(89,16,1,929)
r(0,14,1,930)
w(45,14,1,930)
r(11,7,1,931)
r(62,9,1,931)
r(93,4,1,932)
r(9,10,1,932)
r(84,10,1,933)
r(48,5,1,933)
r(61,12,1,934)
w(86,8,1,934)
w(37,12,1,935)
r(58,7,1,935)
r(31,9,1,936)
r(87,12,1,936)
r(97,10,1,937)
w(17,10,1,937)
w(29,12,1,938)
w(30,9,1,938)
r(24,12,1,939)
w(59,12,1,939)
w(50,9,1,940)
w(64,10,1,940)
w(58,8,1,941)
r(92,18,1,941)
w(55,12,1,942)
r(66,8,1,942)
r(22,11,1,943)
r(94,15,1,943)
r(93,4,1,944)
w(82,9,1,944)
w(1,13,1,945)
w(80,10,1,945)
w(82,10,1,946)
w(24,13,1,946)
r(72,8,1,947)
w(57,7,1,947)
w(73,15,1,948)
r(64,10,1,948)
w(62,10,1,949)
r(25,6,1,949)
w(55,13,1,950)
w(52,13,1,950)
r(57,7,1,951)
w(31,10,1,951)
r(45,14,1,952)
r(40,7,1,952)
w(79,13,1,953)
w(51,10,1,953)
w(26,15,1,954)
w(92,19,1,954)
r(86,8,1,955)
r(30,9,1,955)
w(30,10,1,956)
r(21,8,1,956)
w(36,8,1,957)
r(43,9,1,957)
r(81,10,1,958)
w(27,9,1,958)
r(81,10,1,959)
w(23,9,1,959)
r(17,10,1,960)
r(55,13,1,960)
r(42,8,1,961)
w(64,11,1,961)
w(41,11,1,962)
w(10,9,1,962)
w(42,9,1,963)
w(6,20,1,963)
r(1,13,1,964)
r(42,9,1,964)
r(56,6,1,965)
r(73,15,1,965)
w(50,10,1,966)
r(39,9,1,966)
r(27,9,1,967)
w(58,9,1,967)
w(78,9,1,968)
w(2,6,1,968)
r(3,12,1,969)
r(58,9,1,969)
r(74,11,1,970)
r(50,10,1,970)
w(75,8,1,971)
r(98,10,1,971)
r(21,8,1,972)
w(59,13,1,972)
r(75,8,1,973)
w(33,13,1,973)
w(24,14,1,974)
w(66,9,1,974)
w(93,5,1,975)
r(27,9,1,975)
r(40,7,1,976)
r(19,11,1,976)
r(89,16,1,977)
r(59,13,1,977)
r(31,10,1,978)
r(32,8,1,978)
r(58,9,1,979)
r(10,9,1,979)
w(71,7,1,980)
w(60,14,1,980)
w(56,7,1,981)
w(44,11,1,981)
w(63,13,1,982)
r(29,12,1,982)
w(43,10,1,983)
r(18,8,1,983)
r(94,15,1,984)
w(93,6,1,984)
r(43,10,1,985)
r(28,9,1,985)
w(19,12,1,986)
w(0,15,1,986)
w(67,4,1,987)
r(54,4,1,987)
r(85,16,1,988)
r(44,11,1,988)
r(59,13,1,989)
w(63,14,1,989)
w(59,14,1,990)
r(26,15,1,990)
w(23,10,1,991)
r(48,5,1,991)
r(54,4,1,992)
r(95,13,1,992)
w(57,8,1,993)
r(10,9,1,993)
r(65,8,1,994)
r(22,11,1,994)
r(61,12,1,995)
r(63,14,1,995)
r(16,8,1,996)
r(14,17,1,996)
w(68,9,1,997)
r(15,8,1,997)
r(19,12,1,998)
r(96,12,1,998)
w(30,11,1,999)
r(43,10,1,999)
w(9,11,2,1000)
w(25,7,2,1000)
w(23,11,2,1001)
w(99,12,2,1001)
r(62,10,2,1002)
w(99,13,2,1002)
r(42,9,2,1003)
r(43,10,2,1003)
r(81,10,2,1004)
r(84,10,2,1004)
r(5,9,2,1005)
r(69,7,2,1005)
r(17,10,2,1006)
r(96,12,2,1006)
r(67,4,2,1007)
w(84,11,2,1007)
w(21,9,2,1008)
w(61,13,2,1008)
r(78,9,2,1009)
w(72,9,2,1009)
r(7,6,2,1010)
w(40,8,2,1010)
w(86,9,2,1011)
r(75,8,2,1011)
w(46,11,2,1012)
r(87,12,2,1012)
w(18,9,2,1013)
w(20,7,2,1013)
w(98,11,2,1014)
r(14,17,2,1014)
w(43,11,2,1015)
w(41,12,2,1015)
w(39,10,2,1016)
w(71,8,2,1016)
w(48,6,2,1017)
r(58,9,2,1017)
r(52,13,2,1018)
r(76,11,2,1018)
w(90,8,2,1019)
w(25,8,2,1019)
w(80,11,2,1020)
w(28,10,2,1020)
w(12,8,2,1021)
r(95,13,2,1021)
r(42,9,2,1022)
r(63,14,2,1022)
w(89,17,2,1023)
w(30,12,2,1023)
r(14,17,2,1024)
w(22,12,2,1024)
r(57,8,2,1025)
w(4,13,2,1025)
w(78,10,2,1026)
w(31,11,2,1026)
r(20,7,2,1027)
r(90,8,2,1027)
w(70,9,2,1028)
r(71,8,2,1028)
w(23,12,2,1029)
w(60,15,2,1029)
r(41,12,2,1030)
r(61,13,2,1030)
w(79,14,2,1031)
w(6,21,2,1031)
r(78,10,2,1032)
r(71,8,2,1032)
r(97,10,2,1033)
r(1,13,2,1033)
r(3,12,2,1034)
r(42,9,2,1034)
r(50,10,2,1035)
w(27,10,2,1035)
w(11,8,2,1036)
r(7,6,2,1036)
w(2,7,2,1037)
w(43,12,2,1037)
r(31,11,2,1038)
w(8,10,2,1038)
r(61,13,2,1039)
w(68,10,2,1039)
w(58,10,2,1040)
r(72,9,2,1040)
r(42,9,2,1041)
r(61,13,2,1041)
w(77,10,2,1042)
w(65,9,2,1042)
r(62,10,2,1043)
w(96,13,2,1043)
w(99,14,2,1044)
r(41,12,2,1044)
w(69,8,2,1045)
r(23,12,2,1045)
r(96,13,2,1046)
r(36,8,2,1046)
r(4,13,2,1047)
r(34,10,2,1047)
r(76,11,2,1048)
w(33,14,2,1048)
r(59,14,2,1049)
w(18,10,2,1049)
r(85,16,2,1050)
w(61,14,2,1050)
r(69,8,2,1051)
r(57,8,2,1051)
w(83,10,2,1052)
w(73,16,2,1052)
w(55,14,2,1053)
w(94,16,2,1053)
w(34,11,2,1054)
r(64,11,2,1054)
r(49,17,2,1055)
r(67,4,2,1055)
r(37,12,2,1056)
r(28,10,2,1056)
r(74,11,2,1057)
w(15,9,2,1057)
r(57,8,2,1058)
r(73,16,2,1058)
w(20,8,2,1059)
r(81,10,2,1059)
w(28,11,2,1060)
w(56,8,2,1060)
r(31,11,2,1061)
w(54,5,2,1061)
r(23,12,2,1062)
r(45,14,2,1062)
r(90,8,2,1063)
w(84,12,2,1063)
w(70,10,2,1064)
r(26,15,2,1064)
r(4,13,2,1065)
r(93,6,2,1065)
w(36,9,2,1066)
r(75,8,2,1066)
w(97,11,2,1067)
r(40,8,2,1067)
r(81,10,2,1068)
r(63,14,2,1068)
r(66,9,2,1069)
w(72,10,2,1069)
w(52,14,2,1070)
w(4,14,2,1070)
w(77,11,2,1071)
r(34,11,2,1071)
r(61,14,2,1072)
w(54,6,2,1072)
r(53,9,2,1073)
w(82,11,2,1073)
w(69,9,2,1074)
r(55,14,2,1074)
r(46,11,2,1075)
r(3,12,2,1075)
w(32,9,2,1076)
w(83,11,2,1076)
r(34,11,2,1077)
r(14,17,2,1077)
w(58,11,2,1078)
w(58,12,2,1078)
w(1,14,2,1079)
r(3,12,2,1079)
w(30,13,2,1080)
w(54,7,2,1080)
r(27,10,2,1081)
r(35,13,2,1081)
r(90,8,2,1082)
r(2,7,2,1082)
r(26,15,2,1083)
r(32,9,2,1083)
w(63,15,2,1084)
w(99,15,2,1084)
r(6,21,2,1085)
w(11,9,2,1085)
w(96,14,2,1086)
r(12,8,2,1086)
w(66,10,2,1087)
r(22,12,2,1087)
r(47,12,2,1088)
w(16,9,2,1088)
r(89,17,2,1089)
r(30,13,2,1089)
w(63,16,2,1090)
r(3,12,2,1090)
w(25,9,2,1091)
w(26,16,2,1091)
w(22,13,2,1092)
w(35,14,2,1092)
r(17,10,2,1093)
w(3,13,2,1093)
r(59,14,2,1094)
w(88,14,2,1094)
r(26,16,2,1095)
w(12,9,2,1095)
r(85,16,2,1096)
w(64,12,2,1096)
r(29,12,2,1097)
w(33,15,2,1097)
r(26,16,2,1098)
r(25,9,2,1098)
w(11,10,2,1099)
r(23,12,2,1099)
w(47,13,2,1100)
w(38,10,2,1100)
w(37,13,2,1101)
w(86,10,2,1101)
r(75,8,2,1102)
w(79,15,2,1102)
r(63,16,2,1103)
w(82,12,2,1103)
w(34,12,2,1104)
w(71,9,2,1104)
w(14,18,2,1105)
w(23,13,2,1105)
r(55,14,2,1106)
w(61,15,2,1106)
w(36,10,2,1107)
r(24,14,2,1107)
w(70,11,2,1108)
w(40,9,2,1108)
w(32,10,2,1109)
r(16,9,2,1109)
w(69,10,2,1110)
r(76,11,2,1110)
r(81,10,2,1111)
r(22,13,2,1111)
r(99,15,2,1112)
r(47,13,2,1112)
w(45,15,2,1113)
w(50,11,2,1113)
w(91,10,2,1114)
r(89,17,2,1114)
r(26,16,2,1115)
w(12,10,2,1115)
w(80,12,2,1116)
r(0,15,2,1116)
r(72,10,2,1117)
r(37,13,2,1117)
r(5,9,2,1118)
w(52,15,2,1118)
r(87,12,2,1119)
r(89,17,2,1119)
w(27,11,2,1120)
r(19,12,2,1120)
r(1,14,2,1121)
w(33,16,2,1121)
w(60,16,2,1122)
w(47,14,2,1122)
w(68,11,2,1123)
r(16,9,2,1123)
w(11,11,2,1124)
r(52,15,2,1124)
w(97,12,2,1125)
w(57,9,2,1125)
r(21,9,2,1126)
r(9,11,2,1126)
r(67,4,2,1127)
r(7,6,2,1127)
w(34,13,2,1128)
r(53,9,2,1128)
w(64,13,2,1129)
w(16,10,2,1129)
w(17,11,2,1130)
r(87,12,2,1130)
w(22,14,2,1131)
w(70,12,2,1131)
r(31,11,2,1132)
r(36,10,2,1132)
w(54,8,2,1133)
w(99,16,2,1133)
w(35,15,2,1134)
r(22,14,2,1134)
r(21,9,2,1135)
w(7,7,2,1135)
w(90,9,2,1136)
r(1,14,2,1136)
w(68,12,2,1137)
r(1,14,2,1137)
w(98,12,2,1138)
r(93,6,2,1138)
r(55,14,2,1139)
w(17,12,2,1139)
w(39,11,2,1140)
w(0,16,2,1140)
r(88,14,2,1141)
r(54,8,2,1141)
r(80,12,2,1142)
r(30,13,2,1142)
r(56,8,2,1143)
r(84,12,2,1143)
r(95,13,2,1144)
r(90,9,2,1144)
w(5,10,2,1145)
w(81,11,2,1145)
w(73,17,2,1146)
r(70,12,2,1146)
w(83,12,2,1147)
w(41,13,2,1147)
w(32,11,2,1148)
w(72,11,2,1148)
w(54,9,2,1149)
w(94,17,2,1149)
w(88,15,2,1150)
r(8,10,2,1150)
r(73,17,2,1151)
r(88,15,2,1151)
r(31,11,2,1152)
r(16,10,2,1152)
w(71,10,2,1153)
r(52,15,2,1153)
r(28,11,2,1154)
r(87,12,2,1154)
r(92,19,2,1155)
r(26,16,2,1155)
w(74,12,2,1156)
w(92,20,2,1156)
r(3,13,2,1157)
w(9,12,2,1157)
r(65,9,2,1158)
r(67,4,2,1158)
r(48,6,2,1159)
r(67,4,2,1159)
w(3,14,2,1160)
r(39,11,2,1160)
r(7,7,2,1161)
w(73,18,2,1161)
w(79,16,2,1162)
r(87,12,2,1162)
r(83,12,2,1163)
w(59,15,2,1163)
w(66,11,2,1164)
r(22,14,2,1164)
r(46,11,2,1165)
w(78,11,2,1165)
r(74,12,2,1166)
r(79,16,2,1166)
r(23,13,2,1167)
r(77,11,2,1167)
w(19,13,2,1168)
r(95,13,2,1168)
w(72,12,2,1169)
r(89,17,2,1169)
r(30,13,2,1170)
w(60,17,2,1170)
r(30,13,2,1171)
r(24,14,2,1171)
w(26,17,2,1172)
r(53,9,2,1172)
r(29,12,2,1173)
w(0,17,2,1173)
w(68,13,2,1174)
w(71,11,2,1174)
w(56,9,2,1175)
w(54,10,2,1175)
w(41,14,2,1176)
w(19,14,2,1176)
w(1,15,2,1177)
w(94,18,2,1177)
w(82,13,2,1178)
w(15,10,2,1178)
r(86,10,2,1179)
w(43,13,2,1179)
r(99,16,2,1180)
w(59,16,2,1180)
w(81,12,2,1181)
w(91,11,2,1181)
r(60,17,2,1182)
r(31,11,2,1182)
r(59,16,2,1183)
r(41,14,2,1183)
r(58,12,2,1184)
w(22,15,2,1184)
w(20,9,2,1185)
w(7,8,2,1185)
r(26,17,2,1186)
r(54,10,2,1186)
r(49,17,2,1187)
r(13,6,2,1187)
r(0,17,2,1188)
w(42,10,2,1188)
r(24,14,2,1189)
w(63,17,2,1189)
w(8,11,2,1190)
w(74,13,2,1190)
w(89,18,2,1191)
r(56,9,2,1191)
r(89,18,2,1192)
r(61,15,2,1192)
r(57,9,2,1193)
r(35,15,2,1193)
r(98,12,2,1194)
r(73,18,2,1194)
w(28,12,2,1195)
w(11,12,2,1195)
w(99,17,2,1196)
w(70,13,2,1196)
w(23,14,2,1197)
w(45,16,2,1197)
r(0,17,2,1198)
w(39,12,2,1198)
w(12,11,2,1199)
w(51,11,2,1199)
w(70,14,2,1200)
r(19,14,2,1200)
w(58,13,2,1201)
r(88,15,2,1201)
r(25,9,2,1202)
w(52,16,2,1202)
w(99,18,2,1203)
r(92,20,2,1203)
r(56,9,2,1204)
w(21,10,2,1204)
w(9,13,2,1205)
w(93,7,2,1205)
w(95,14,2,1206)
r(43,13,2,1206)
w(97,13,2,1207)
r(62,10,2,1207)
r(35,15,2,1208)
r(71,11,2,1208)
w(98,13,2,1209)
r(51,11,2,1209)
r(30,13,2,1210)
w(41,15,2,1210)
r(40,9,2,1211)
r(98,13,2,1211)
w(71,12,2,1212)
w(7,9,2,1212)
w(72,13,2,1213)
w(4,15,2,1213)
w(47,15,2,1214)
r(63,17,2,1214)
w(31,12,2,1215)
w(68,14,2,1215)
r(6,21,2,1216)
r(44,11,2,1216)
w(47,16,2,1217)
w(47,17,2,1217)
r(63,17,2,1218)
r(90,9,2,1218)
w(32,12,2,1219)
r(94,18,2,1219)
r(49,17,2,1220)
r(70,14,2,1220)
r(77,11,2,1221)
r(86,10,2,1221)
r(26,17,2,1222)
w(5,11,2,1222)
w(98,14,2,1223)
w(90,10,2,1223)
r(39,12,2,1224)
w(63,18,2,1224)
r(22,15,2,1225)
r(48,6,2,1225)
w(20,10,2,1226)
r(64,13,2,1226)
r(23,14,2,1227)
r(56,9,2,1227)
r(90,10,2,1228)
r(92,20,2,1228)
w(83,13,2,1229)
w(18,11,2,1229)
r(84,12,2,1230)
r(7,9,2,1230)
w(39,13,2,1231)
w(79,17,2,1231)
w(74,14,2,1232)
r(38,10,2,1232)
r(75,8,2,1233)
w(92,21,2,1233)
r(7,9,2,1234)
r(63,18,2,1234)
w(78,12,2,1235)
w(37,14,2,1235)
w(18,12,2,1236)
w(76,12,2,1236)
r(22,15,2,1237)
w(57,10,2,1237)
w(78,13,2,1238)
r(89,18,2,1238)
r(25,9,2,1239)
r(28,12,2,1239)
w(95,15,2,1240)
r(42,10,2,1240)
r(5,11,2,1241)
w(91,12,2,1241)
w(82,14,2,1242)
r(3,14,2,1242)
r(28,12,2,1243)
w(79,18,2,1243)
r(93,7,2,1244)
w(1,16,2,1244)
r(25,9,2,1245)
r(58,13,2,1245)
r(40,9,2,1246)
r(79,18,2,1246)
r(70,14,2,1247)
w(27,12,2,1247)
r(27,12,2,1248)
w(58,14,2,1248)
r(82,14,2,1249)
w(17,13,2,1249)
w(51,12,2,1250)
w(25,10,2,1250)
w(41,16,2,1251)
r(60,17,2,1251)
w(43,14,2,1252)
w(19,15,2,1252)
r(82,14,2,1253)
w(6,22,2,1253)
r(58,14,2,1254)
r(88,15,2,1254)
w(65,10,2,1255)
r(97,13,2,1255)
r(68,14,2,1256)
w(53,10,2,1256)
r(27,12,2,1257)
r(61,15,2,1257)
w(2,8,2,1258)
w(10,10,2,1258)
r(92,21,2,1259)
w(35,16,2,1259)
r(22,15,2,1260)
r(70,14,2,1260)
w(1,17,2,1261)
w(8,12,2,1261)
w(47,18,2,1262)
r(96,14,2,1262)
r(26,17,2,1263)
r(55,14,2,1263)
w(14,19,2,1264)
w(21,11,2,1264)
r(7,9,2,1265)
r(39,13,2,1265)
r(31,12,2,1266)
r(53,10,2,1266)
w(95,16,2,1267)
w(47,19,2,1267)
w(9,14,2,1268)
r(26,17,2,1268)
r(4,15,2,1269)
w(66,12,2,1269)
r(47,19,2,1270)
r(0,17,2,1270)
w(68,15,2,1271)
w(93,8,2,1271)
r(39,13,2,1272)
r(92,21,2,1272)
w(73,19,2,1273)
r(43,14,2,1273)
r(15,10,2,1274)
r(98,14,2,1274)
w(48,7,2,1275)
r(87,12,2,1275)
w(91,13,2,1276)
r(39,13,2,1276)
w(11,13,2,1277)
w(0,18,2,1277)
w(88,16,2,1278)
r(20,10,2,1278)
r(85,16,2,1279)
w(7,10,2,1279)
r(66,12,2,1280)
w(32,13,2,1280)
w(50,12,2,1281)
w(35,17,2,1281)
r(55,14,2,1282)
w(96,15,2,1282)
w(40,10,2,1283)
r(48,7,2,1283)
w(59,17,2,1284)
r(77,11,2,1284)
w(34,14,2,1285)
w(28,13,2,1285)
w(3,15,2,1286)
r(45,16,2,1286)
r(32,13,2,1287)
r(51,12,2,1287)
w(83,14,2,1288)
w(31,13,2,1288)
w(61,16,2,1289)
w(42,11,2,1289)
r(41,16,2,1290)
w(88,17,2,1290)
w(17,14,2,1291)
w(33,17,2,1291)
w(58,15,2,1292)
w(71,13,2,1292)
r(91,13,2,1293)
r(98,14,2,1293)
w(9,15,2,1294)
w(13,7,2,1294)
r(60,17,2,1295)
r(41,16,2,1295)
r(66,12,2,1296)
w(69,11,2,1296)
r(8,12,2,1297)
r(69,11,2,1297)
r(75,8,2,1298)
w(85,17,2,1298)
r(45,16,2,1299)
w(35,18,2,1299)
w(61,17,2,1300)
w(43,15,2,1300)
r(98,14,2,1301)
w(44,12,2,1301)
r(21,11,2,1302)
r(99,18,2,1302)
w(59,18,2,1303)
r(26,17,2,1303)
r(17,14,2,1304)
r(95,16,2,1304)
w(31,14,2,1305)
w(46,12,2,1305)
w(9,16,2,1306)
r(14,19,2,1306)
r(79,18,2,1307)
w(90,11,2,1307)
r(2,8,2,1308)
r(39,13,2,1308)
r(82,14,2,1309)
r(66,12,2,1309)
w(6,23,2,1310)
r(76,12,2,1310)
r(31,14,2,1311)
r(36,10,2,1311)
w(18,13,2,1312)
w(59,19,2,1312)
r(68,15,2,1313)
w(84,13,2,1313)
r(20,10,2,1314)
r(17,14,2,1314)
w(61,18,2,1315)
r(15,10,2,1315)
w(87,13,2,1316)
r(11,13,2,1316)
r(8,12,2,1317)
w(34,15,2,1317)
r(70,14,2,1318)
r(43,15,2,1318)
w(74,15,2,1319)
w(93,9,2,1319)
r(52,16,2,1320)
r(10,10,2,1320)
w(77,12,2,1321)
w(75,9,2,1321)
r(33,17,2,1322)
r(95,16,2,1322)
r(42,11,2,1323)
w(6,24,2,1323)
w(72,14,2,1324)
r(14,19,2,1324)
r(37,14,2,1325)
w(94,19,2,1325)
w(22,16,2,1326)
r(31,14,2,1326)
r(2,8,2,1327)
r(3,15,2,1327)
r(9,16,2,1328)
w(2,9,2,1328)
r(87,13,2,1329)
r(58,15,2,1329)
r(88,17,2,1330)
w(28,14,2,1330)
w(30,14,2,1331)
w(21,12,2,1331)
w(88,18,2,1332)
r(71,13,2,1332)
r(83,14,2,1333)
r(61,18,2,1333)
r(31,14,2,1334)
r(52,16,2,1334)
r(22,16,2,1335)
w(4,16,2,1335)
w(99,19,2,1336)
w(32,14,2,1336)
r(58,15,2,1337)
w(5,12,2,1337)
w(29,13,2,1338)
r(13,7,2,1338)
w(95,17,2,1339)
w(89,19,2,1339)
w(36,11,2,1340)
w(55,15,2,1340)
r(25,10,2,1341)
r(44,12,2,1341)
r(47,19,2,1342)
w(80,13,2,1342)
r(54,10,2,1343)
w(4,17,2,1343)
w(52,17,2,1344)
r(75,9,2,1344)
w(46,13,2,1345)
w(86,11,2,1345)
r(9,16,2,1346)
r(59,19,2,1346)
w(85,18,2,1347)
w(80,14,2,1347)
r(0,18,2,1348)
w(35,19,2,1348)
r(34,15,2,1349)
r(69,11,2,1349)
w(21,13,2,1350)
w(13,8,2,1350)
w(45,17,2,1351)
r(53,10,2,1351)
r(26,17,2,1352)
w(53,11,2,1352)
r(59,19,2,1353)
w(6,25,2,1353)
r(83,14,2,1354)
r(39,13,2,1354)
r(82,14,2,1355)
w(38,11,2,1355)
r(91,13,2,1356)
r(67,4,2,1356)
w(69,12,2,1357)
r(17,14,2,1357)
w(53,12,2,1358)
w(65,11,2,1358)
r(76,12,2,1359)
w(14,20,2,1359)
r(93,9,2,1360)
r(6,25,2,1360)
r(38,11,2,1361)
w(8,13,2,1361)
r(54,10,2,1362)
r(99,19,2,1362)
r(47,19,2,1363)
w(95,18,2,1363)
r(88,18,2,1364)
r(34,15,2,1364)
r(25,10,2,1365)
w(95,19,2,1365)
w(50,13,2,1366)
w(45,18,2,1366)
r(4,17,2,1367)
r(55,15,2,1367)
w(52,18,2,1368)
r(73,19,2,1368)
r(70,14,2,1369)
w(8,14,2,1369)
w(77,13,2,1370)
w(28,15,2,1370)
r(81,12,2,1371)
w(87,14,2,1371)
r(1,17,2,1372)
r(5,12,2,1372)
w(62,11,2,1373)
r(94,19,2,1373)
r(9,16,2,1374)
w(33,18,2,1374)
w(0,19,2,1375)
r(72,14,2,1375)
w(76,13,2,1376)
w(1,18,2,1376)
r(80,14,2,1377)
r(12,11,2,1377)
r(73,19,2,1378)
r(68,15,2,1378)
r(65,11,2,1379)
r(13,8,2,1379)
r(3,15,2,1380)
w(9,17,2,1380)
w(96,16,2,1381)
r(46,13,2,1381)
r(63,18,2,1382)
r(16,10,2,1382)
w(60,18,2,1383)
r(0,19,2,1383)
w(77,14,2,1384)
w(52,19,2,1384)
r(7,10,2,1385)
w(62,12,2,1385)
w(82,15,2,1386)
r(90,11,2,1386)
r(79,18,2,1387)
w(47,20,2,1387)
r(5,12,2,1388)
w(45,19,2,1388)
w(92,22,2,1389)
r(85,18,2,1389)
r(62,12,2,1390)
r(67,4,2,1390)
w(63,19,2,1391)
r(37,14,2,1391)
r(31,14,2,1392)
r(57,10,2,1392)
r(52,19,2,1393)
r(25,10,2,1393)
w(97,14,2,1394)
w(52,20,2,1394)
r(5,12,2,1395)
w(2,10,2,1395)
w(19,16,2,1396)
w(10,11,2,1396)
r(24,14,2,1397)
r(3,15,2,1397)
w(59,20,2,1398)
w(59,21,2,1398)
r(1,18,2,1399)
w(85,19,2,1399)
w(31,15,2,1400)
r(50,13,2,1400)
w(80,15,2,1401)
r(7,10,2,1401)
r(37,14,2,1402)
w(91,14,2,1402)
r(19,16,2,1403)
w(63,20,2,1403)
r(83,14,2,1404)
r(6,25,2,1404)
w(73,20,2,1405)
w(41,17,2,1405)
w(52,21,2,1406)
w(28,16,2,1406)
w(72,15,2,1407)
r(82,15,2,1407)
w(7,11,2,1408)
r(31,15,2,1408)
w(44,13,2,1409)
w(87,15,2,1409)
r(39,13,2,1410)
w(42,12,2,1410)
r(12,11,2,1411)
r(40,10,2,1411)
r(52,21,2,1412)
w(72,16,2,1412)
w(68,16,2,1413)
r(62,12,2,1413)
r(7,11,2,1414)
w(64,14,2,1414)
r(80,15,2,1415)
r(56,9,2,1415)
r(74,15,2,1416)
r(74,15,2,1416)
w(94,20,2,1417)
w(38,12,2,1417)
w(71,14,2,1418)
r(65,11,2,1418)
w(45,20,2,1419)
r(75,9,2,1419)
r(40,10,2,1420)
w(4,18,2,1420)
w(20,11,2,1421)
w(11,14,2,1421)
w(7,12,2,1422)
w(79,19,2,1422)
w(42,13,2,1423)
w(56,10,2,1423)
w(39,14,2,1424)
w(3,16,2,1424)
r(47,20,2,1425)
r(52,21,2,1425)
w(21,14,2,1426)
w(20,12,2,1426)
w(65,12,2,1427)
r(67,4,2,1427)
r(84,13,2,1428)
r(57,10,2,1428)
r(75,9,2,1429)
r(90,11,2,1429)
r(99,19,2,1430)
r(54,10,2,1430)
r(74,15,2,1431)
r(2,10,2,1431)
w(89,20,2,1432)
w(68,17,2,1432)
r(45,20,2,1433)
r(45,20,2,1433)
w(99,20,2,1434)
r(83,14,2,1434)
r(53,12,2,1435)
w(62,13,2,1435)
w(99,21,2,1436)
w(2,11,2,1436)
w(15,11,2,1437)
r(43,15,2,1437)
w(58,16,2,1438)
r(4,18,2,1438)
r(26,17,2,1439)
r(36,11,2,1439)
w(86,12,2,1440)
r(62,13,2,1440)
w(97,15,2,1441)
w(22,17,2,1441)
r(28,16,2,1442)
w(32,15,2,1442)
r(60,18,2,1443)
r(43,15,2,1443)
w(44,14,2,1444)
w(72,17,2,1444)
r(24,14,2,1445)
r(63,20,2,1445)
r(2,11,2,1446)
w(79,20,2,1446)
w(6,26,2,1447)
r(35,19,2,1447)
w(53,13,2,1448)
w(78,14,2,1448)
w(23,15,2,1449)
r(95,19,2,1449)
r(92,22,2,1450)
w(89,21,2,1450)
r(39,14,2,1451)
r(30,14,2,1451)
w(67,5,2,1452)
r(32,15,2,1452)
r(21,14,2,1453)
r(20,12,2,1453)
r(27,12,2,1454)
r(74,15,2,1454)
r(2,11,2,1455)
w(26,18,2,1455)
w(84,14,2,1456)
r(9,17,2,1456)
w(4,19,2,1457)
w(90,12,2,1457)
w(91,15,2,1458)
w(92,23,2,1458)
w(67,6,2,1459)
w(64,15,2,1459)
r(1,18,2,1460)
w(80,16,2,1460)
w(87,16,2,1461)
w(39,15,2,1461)
r(23,15,2,1462)
w(60,19,2,1462)
w(94,21,2,1463)
r(61,18,2,1463)
r(63,20,2,1464)
w(55,16,2,1464)
r(43,15,2,1465)
r(57,10,2,1465)
w(98,15,2,1466)
r(28,16,2,1466)
w(81,13,2,1467)
r(68,17,2,1467)
r(55,16,2,1468)
w(50,14,2,1468)
r(91,15,2,1469)
r(20,12,2,1469)
r(28,16,2,1470)
w(37,15,2,1470)
w(26,19,2,1471)
r(9,17,2,1471)
w(62,14,2,1472)
w(82,16,2,1472)
r(12,11,2,1473)
r(43,15,2,1473)
w(0,20,2,1474)
w(85,20,2,1474)
r(78,14,2,1475)
r(42,13,2,1475)
w(46,14,2,1476)
w(35,20,2,1476)
r(67,6,2,1477)
r(46,14,2,1477)
w(60,20,2,1478)
w(86,13,2,1478)
r(98,15,2,1479)
r(87,16,2,1479)
r(82,16,2,1480)
r(12,11,2,1480)
w(69,13,2,1481)
w(0,21,2,1481)
w(55,17,2,1482)
r(64,15,2,1482)
r(84,14,2,1483)
r(67,6,2,1483)
r(0,21,2,1484)
w(83,15,2,1484)
r(75,9,2,1485)
w(19,17,2,1485)
w(44,15,2,1486)
w(61,19,2,1486)
r(50,14,2,1487)
r(84,14,2,1487)
w(52,22,2,1488)
r(8,14,2,1488)
r(98,15,2,1489)
r(48,7,2,1489)
w(19,18,2,1490)
r(66,12,2,1490)
w(55,18,2,1491)
r(15,11,2,1491)
w(68,18,2,1492)
w(76,14,2,1492)
r(15,11,2,1493)
r(50,14,2,1493)
w(48,8,2,1494)
w(95,20,2,1494)
r(78,14,2,1495)
r(59,21,2,1495)
r(18,13,2,1496)
w(30,15,2,1496)
r(55,18,2,1497)
r(11,14,2,1497)
w(26,20,2,1498)
r(67,6,2,1498)
w(64,16,2,1499)
w(6,27,2,1499)
