w(33,1,0,0)
r(82,1,0,0)
w(9,1,0,1)
r(50,1,0,1)
w(32,1,0,2)
r(14,1,0,2)
r(95,1,0,3)
w(65,1,0,3)
w(97,1,0,4)
r(52,1,0,4)
w(51,1,0,5)
r(56,1,0,5)
r(60,1,0,6)
r(26,1,0,6)
w(29,1,0,7)
w(67,1,0,7)
w(22,1,0,8)
r(28,1,0,8)
r(32,1,0,9)
w(83,1,0,9)
w(28,1,0,10)
w(13,1,0,10)
r(51,1,0,11)
w(60,1,0,11)
w(88,1,0,12)
w(87,1,0,12)
r(21,1,0,13)
w(62,1,0,13)
r(14,1,0,14)
r(20,1,0,14)
r(18,1,0,15)
w(23,1,0,15)
w(90,1,0,16)
w(25,1,0,16)
w(49,1,0,17)
w(70,1,0,17)
w(77,1,0,18)
w(4,1,0,18)
r(54,1,0,19)
w(5,1,0,19)
r(1,1,0,20)
r(69,1,0,20)
r(4,1,0,21)
r(82,1,0,21)
w(98,1,0,22)
r(30,1,0,22)
w(82,1,0,23)
r(99,1,0,23)
w(17,1,0,24)
w(47,1,0,24)
w(77,2,0,25)
r(3,1,0,25)
w(79,1,0,26)
r(91,1,0,26)
w(78,1,0,27)
w(2,1,0,27)
r(52,1,0,28)
r(92,1,0,28)
w(91,1,0,29)
w(87,2,0,29)
r(71,1,0,30)
r(95,1,0,30)
w(57,1,0,31)
w(77,3,0,31)
w(93,1,0,32)
r(33,1,0,32)
w(85,1,0,33)
r(39,1,0,33)
r(73,1,0,34)
w(76,1,0,34)
r(7,1,0,35)
r(35,1,0,35)
w(32,2,0,36)
r(58,1,0,36)
w(74,1,0,37)
w(34,1,0,37)
r(86,1,0,38)
r(63,1,0,38)
r(23,1,0,39)
w(0,1,0,39)
r(59,1,0,40)
r(96,1,0,40)
w(44,1,0,41)
r(65,1,0,41)
w(9,2,0,42)
r(85,1,0,42)
r(49,1,0,43)
w(0,2,0,43)
w(91,2,0,44)
w(79,2,0,44)
r(75,1,0,45)
r(42,1,0,45)
w(87,3,0,46)
w(40,1,0,46)
w(27,1,0,47)
w(70,2,0,47)
r(31,1,0,48)
w(47,2,0,48)
r(31,1,0,49)
w(81,1,0,49)
w(0,3,0,50)
r(52,1,0,50)
r(13,1,0,51)
r(83,1,0,51)
r(97,1,0,52)
w(96,1,0,52)
r(16,1,0,53)
r(69,1,0,53)
w(5,2,0,54)
r(44,1,0,54)
w(88,2,0,55)
w(82,2,0,55)
w(40,2,0,56)
w(53,1,0,56)
r(6,1,0,57)
r(2,1,0,57)
w(29,2,0,58)
r(78,1,0,58)
r(53,1,0,59)
r(1,1,0,59)
r(84,1,0,60)
r(87,3,0,60)
w(62,2,0,61)
r(2,1,0,61)
w(28,2,0,62)
w(14,1,0,62)
r(65,1,0,63)
r(29,2,0,63)
r(65,1,0,64)
w(25,2,0,64)
w(97,2,0,65)
w(43,1,0,65)
r(81,1,0,66)
r(71,1,0,66)
w(5,3,0,67)
r(8,1,0,67)
w(40,3,0,68)
r(58,1,0,68)
r(98,1,0,69)
w(75,1,0,69)
r(43,1,0,70)
r(31,1,0,70)
r(99,1,0,71)
r(33,1,0,71)
r(3,1,0,72)
w(14,2,0,72)
w(64,1,0,73)
r(72,1,0,73)
r(61,1,0,74)
w(45,1,0,74)
w(24,1,0,75)
w(20,1,0,75)
r(23,1,0,76)
w(37,1,0,76)
r(23,1,0,77)
r(11,1,0,77)
r(49,1,0,78)
w(34,2,0,78)
r(54,1,0,79)
r(33,1,0,79)
r(32,2,0,80)
r(43,1,0,80)
r(4,1,0,81)
w(83,2,0,81)
w(92,1,0,82)
r(16,1,0,82)
w(67,2,0,83)
w(28,3,0,83)
r(15,1,0,84)
r(13,1,0,84)
w(9,3,0,85)
r(33,1,0,85)
w(66,1,0,86)
w(5,4,0,86)
w(99,1,0,87)
w(43,2,0,87)
r(53,1,0,88)
r(68,1,0,88)
r(92,1,0,89)
w(72,1,0,89)
r(29,2,0,90)
w(93,2,0,90)
r(58,1,0,91)
r(5,4,0,91)
w(81,2,0,92)
r(82,2,0,92)
w(27,2,0,93)
r(53,1,0,93)
w(63,1,0,94)
r(56,1,0,94)
w(4,2,0,95)
w(95,1,0,95)
w(93,3,0,96)
w(22,2,0,96)
r(1,1,0,97)
r(23,1,0,97)
r(85,1,0,98)
w(55,1,0,98)
r(23,1,0,99)
w(18,1,0,99)
r(75,1,0,100)
w(15,1,0,100)
w(40,4,0,101)
w(7,1,0,101)
w(22,3,0,102)
w(10,1,0,102)
r(46,1,0,103)
r(22,3,0,103)
r(15,1,0,104)
w(80,1,0,104)
w(0,4,0,105)
r(0,4,0,105)
r(78,1,0,106)
r(95,1,0,106)
r(97,2,0,107)
r(83,2,0,107)
w(7,2,0,108)
w(52,1,0,108)
r(92,1,0,109)
r(70,2,0,109)
w(9,4,0,110)
w(84,1,0,110)
r(65,1,0,111)
r(72,1,0,111)
r(97,2,0,112)
r(33,1,0,112)
r(78,1,0,113)
r(76,1,0,113)
w(99,2,0,114)
r(44,1,0,114)
w(28,4,0,115)
w(90,2,0,115)
w(79,3,0,116)
w(27,3,0,116)
r(38,1,0,117)
r(43,2,0,117)
r(44,1,0,118)
r(84,1,0,118)
r(53,1,0,119)
r(78,1,0,119)
r(59,1,0,120)
r(49,1,0,120)
w(97,3,0,121)
r(51,1,0,121)
w(50,1,0,122)
w(73,1,0,122)
r(54,1,0,123)
r(4,2,0,123)
w(36,1,0,124)
w(48,1,0,124)
w(96,2,0,125)
w(42,1,0,125)
r(87,3,0,126)
w(94,1,0,126)
w(93,4,0,127)
r(5,4,0,127)
r(31,1,0,128)
r(10,1,0,128)
w(78,2,0,129)
w(28,5,0,129)
w(91,3,0,130)
r(29,2,0,130)
w(97,4,0,131)
r(71,1,0,131)
w(30,1,0,132)
w(29,3,0,132)
r(58,1,0,133)
r(49,1,0,133)
r(47,2,0,134)
w(3,1,0,134)
w(44,2,0,135)
w(66,2,0,135)
w(18,2,0,136)
r(38,1,0,136)
r(22,3,0,137)
w(47,3,0,137)
w(14,3,0,138)
w(71,1,0,138)
w(46,1,0,139)
w(68,1,0,139)
r(17,1,0,140)
w(20,2,0,140)
r(65,1,0,141)
r(34,2,0,141)
w(10,2,0,142)
r(60,1,0,142)
w(52,2,0,143)
w(81,3,0,143)
w(32,3,0,144)
r(38,1,0,144)
r(42,1,0,145)
r(58,1,0,145)
r(69,1,0,146)
r(2,1,0,146)
w(6,1,0,147)
w(84,2,0,147)
r(79,3,0,148)
w(4,3,0,148)
r(19,1,0,149)
w(33,2,0,149)
w(61,1,0,150)
r(12,1,0,150)
r(14,3,0,151)
r(4,3,0,151)
w(29,4,0,152)
w(74,2,0,152)
w(4,4,0,153)
r(46,1,0,153)
w(68,2,0,154)
w(16,1,0,154)
w(39,1,0,155)
w(23,2,0,155)
w(54,1,0,156)
r(83,2,0,156)
r(0,4,0,157)
w(20,3,0,157)
r(92,1,0,158)
r(92,1,0,158)
r(22,3,0,159)
r(82,2,0,159)
r(12,1,0,160)
w(12,1,0,160)
w(22,4,0,161)
r(65,1,0,161)
r(15,1,0,162)
r(34,2,0,162)
r(10,2,0,163)
r(14,3,0,163)
w(86,1,0,164)
r(14,3,0,164)
w(17,2,0,165)
r(97,4,0,165)
r(42,1,0,166)
w(56,1,0,166)
r(99,2,0,167)
w(54,2,0,167)
r(89,1,0,168)
r(61,1,0,168)
w(85,2,0,169)
r(2,1,0,169)
w(23,3,0,170)
r(51,1,0,170)
w(16,2,0,171)
w(87,4,0,171)
w(44,3,0,172)
r(63,1,0,172)
r(89,1,0,173)
w(50,2,0,173)
r(56,1,0,174)
r(61,1,0,174)
w(38,1,0,175)
w(3,2,0,175)
w(64,2,0,176)
r(53,1,0,176)
r(91,3,0,177)
r(10,2,0,177)
r(47,3,0,178)
r(7,2,0,178)
w(76,2,0,179)
w(85,3,0,179)
w(24,2,0,180)
r(19,1,0,180)
r(45,1,0,181)
r(37,1,0,181)
w(29,5,0,182)
r(44,3,0,182)
w(30,2,0,183)
r(33,2,0,183)
w(59,1,0,184)
w(85,4,0,184)
r(21,1,0,185)
w(44,4,0,185)
r(32,3,0,186)
w(55,2,0,186)
r(91,3,0,187)
r(91,3,0,187)
r(40,4,0,188)
r(28,5,0,188)
r(67,2,0,189)
w(87,5,0,189)
r(37,1,0,190)
w(25,3,0,190)
w(81,4,0,191)
r(46,1,0,191)
w(26,1,0,192)
w(15,2,0,192)
w(16,3,0,193)
w(95,2,0,193)
w(83,3,0,194)
r(72,1,0,194)
w(23,4,0,195)
w(77,4,0,195)
w(90,3,0,196)
r(60,1,0,196)
w(84,3,0,197)
r(0,4,0,197)
w(20,4,0,198)
w(85,5,0,198)
r(17,2,0,199)
w(6,2,0,199)
w(29,6,0,200)
w(65,2,0,200)
w(87,6,0,201)
r(7,2,0,201)
r(83,3,0,202)
w(79,4,0,202)
r(51,1,0,203)
w(20,5,0,203)
w(44,5,0,204)
w(15,3,0,204)
w(33,3,0,205)
r(47,3,0,205)
r(48,1,0,206)
w(28,6,0,206)
r(48,1,0,207)
w(75,2,0,207)
w(66,3,0,208)
r(40,4,0,208)
r(77,4,0,209)
r(55,2,0,209)
r(48,1,0,210)
w(5,5,0,210)
r(52,2,0,211)
w(86,2,0,211)
r(42,1,0,212)
r(62,2,0,212)
r(38,1,0,213)
r(68,2,0,213)
w(50,3,0,214)
r(48,1,0,214)
r(71,1,0,215)
w(96,3,0,215)
w(14,4,0,216)
r(59,1,0,216)
r(15,3,0,217)
w(15,4,0,217)
r(94,1,0,218)
r(50,3,0,218)
w(40,5,0,219)
r(51,1,0,219)
r(58,1,0,220)
r(59,1,0,220)
w(5,6,0,221)
r(83,3,0,221)
r(39,1,0,222)
w(25,4,0,222)
r(92,1,0,223)
w(72,2,0,223)
r(95,2,0,224)
r(45,1,0,224)
w(80,2,0,225)
w(94,2,0,225)
r(94,2,0,226)
r(1,1,0,226)
r(37,1,0,227)
w(80,3,0,227)
w(29,7,0,228)
r(32,3,0,228)
w(48,2,0,229)
w(17,3,0,229)
r(53,1,0,230)
r(27,3,0,230)
r(75,2,0,231)
r(92,1,0,231)
w(21,1,0,232)
w(15,5,0,232)
r(60,1,0,233)
r(59,1,0,233)
r(32,3,0,234)
w(17,4,0,234)
r(98,1,0,235)
w(46,2,0,235)
w(72,3,0,236)
w(71,2,0,236)
r(99,2,0,237)
w(14,5,0,237)
r(36,1,0,238)
r(34,2,0,238)
r(52,2,0,239)
r(50,3,0,239)
w(15,6,0,240)
w(81,5,0,240)
r(51,1,0,241)
r(72,3,0,241)
w(81,6,0,242)
w(27,4,0,242)
w(39,2,0,243)
r(54,2,0,243)
r(67,2,0,244)
w(45,2,0,244)
r(50,3,0,245)
w(7,3,0,245)
r(21,1,0,246)
w(45,3,0,246)
w(99,3,0,247)
r(0,4,0,247)
r(91,3,0,248)
w(57,2,0,248)
w(45,4,0,249)
r(74,2,0,249)
w(79,5,0,250)
r(29,7,0,250)
r(28,6,0,251)
r(99,3,0,251)
r(88,2,0,252)
w(27,5,0,252)
w(88,3,0,253)
r(46,2,0,253)
w(3,3,0,254)
r(98,1,0,254)
r(79,5,0,255)
w(15,7,0,255)
r(95,2,0,256)
w(7,4,0,256)
w(23,5,0,257)
w(26,2,0,257)
w(21,2,0,258)
r(58,1,0,258)
w(36,2,0,259)
w(28,7,0,259)
w(43,3,0,260)
w(78,3,0,260)
r(45,4,0,261)
r(63,1,0,261)
w(27,6,0,262)
r(25,4,0,262)
w(38,2,0,263)
r(74,2,0,263)
r(73,1,0,264)
w(47,4,0,264)
r(28,7,0,265)
r(66,3,0,265)
r(74,2,0,266)
r(81,6,0,266)
r(19,1,0,267)
r(41,1,0,267)
r(3,3,0,268)
r(38,2,0,268)
r(50,3,0,269)
r(69,1,0,269)
r(69,1,0,270)
r(89,1,0,270)
r(39,2,0,271)
r(92,1,0,271)
r(1,1,0,272)
r(91,3,0,272)
w(9,5,0,273)
w(94,3,0,273)
r(30,2,0,274)
w(1,1,0,274)
r(12,1,0,275)
w(26,3,0,275)
w(49,2,0,276)
w(89,1,0,276)
r(17,4,0,277)
w(20,6,0,277)
r(78,3,0,278)
w(12,2,0,278)
w(33,4,0,279)
w(91,4,0,279)
w(33,5,0,280)
r(74,2,0,280)
w(91,5,0,281)
w(78,4,0,281)
r(86,2,0,282)
r(4,4,0,282)
w(46,3,0,283)
r(45,4,0,283)
w(58,1,0,284)
r(68,2,0,284)
w(31,1,0,285)
w(18,3,0,285)
r(35,1,0,286)
w(13,2,0,286)
w(60,2,0,287)
w(62,3,0,287)
w(73,2,0,288)
w(19,1,0,288)
w(4,5,0,289)
w(4,6,0,289)
r(77,4,0,290)
w(55,3,0,290)
r(2,1,0,291)
w(28,8,0,291)
w(90,4,0,292)
r(19,1,0,292)
w(0,5,0,293)
w(26,4,0,293)
r(23,5,0,294)
w(50,4,0,294)
r(3,3,0,295)
w(38,3,0,295)
w(59,2,0,296)
w(39,3,0,296)
r(41,1,0,297)
w(67,3,0,297)
w(29,8,0,298)
w(53,2,0,298)
w(85,6,0,299)
r(20,6,0,299)
r(40,5,0,300)
w(42,2,0,300)
w(91,6,0,301)
w(33,6,0,301)
w(98,2,0,302)
w(14,6,0,302)
r(69,1,0,303)
r(81,6,0,303)
r(60,2,0,304)
r(30,2,0,304)
r(32,3,0,305)
r(69,1,0,305)
w(49,3,0,306)
r(21,2,0,306)
w(18,4,0,307)
r(99,3,0,307)
w(13,3,0,308)
r(18,4,0,308)
w(9,6,0,309)
r(18,4,0,309)
w(17,5,0,310)
r(27,6,0,310)
w(16,4,0,311)
w(33,7,0,311)
w(55,4,0,312)
r(58,1,0,312)
r(26,4,0,313)
w(67,4,0,313)
w(81,7,0,314)
w(84,4,0,314)
r(72,3,0,315)
r(62,3,0,315)
r(96,3,0,316)
w(30,3,0,316)
r(50,4,0,317)
w(86,3,0,317)
r(79,5,0,318)
w(88,4,0,318)
w(55,5,0,319)
w(32,4,0,319)
w(1,2,0,320)
w(32,5,0,320)
w(32,6,0,321)
r(40,5,0,321)
w(60,3,0,322)
w(73,3,0,322)
r(64,2,0,323)
r(81,7,0,323)
w(71,3,0,324)
w(24,3,0,324)
r(38,3,0,325)
w(68,3,0,325)
r(83,3,0,326)
r(39,3,0,326)
w(87,7,0,327)
r(29,8,0,327)
w(3,4,0,328)
r(70,2,0,328)
r(6,2,0,329)
w(70,3,0,329)
r(18,4,0,330)
r(15,7,0,330)
w(67,5,0,331)
r(28,8,0,331)
r(71,3,0,332)
w(18,5,0,332)
r(0,5,0,333)
r(89,1,0,333)
r(26,4,0,334)
r(18,5,0,334)
w(55,6,0,335)
w(10,3,0,335)
w(84,5,0,336)
w(66,4,0,336)
r(10,3,0,337)
w(10,4,0,337)
r(8,1,0,338)
r(31,1,0,338)
r(23,5,0,339)
w(60,4,0,339)
r(79,5,0,340)
w(75,3,0,340)
r(62,3,0,341)
w(76,3,0,341)
r(25,4,0,342)
r(96,3,0,342)
w(59,3,0,343)
r(54,2,0,343)
r(4,6,0,344)
w(97,5,0,344)
w(26,5,0,345)
w(34,3,0,345)
w(94,4,0,346)
r(35,1,0,346)
r(78,4,0,347)
r(57,2,0,347)
w(23,6,0,348)
w(60,5,0,348)
w(97,6,0,349)
r(11,1,0,349)
w(82,3,0,350)
r(62,3,0,350)
r(95,2,0,351)
r(52,2,0,351)
r(65,2,0,352)
w(9,7,0,352)
r(98,2,0,353)
w(13,4,0,353)
r(54,2,0,354)
w(92,2,0,354)
r(44,5,0,355)
r(93,4,0,355)
r(47,4,0,356)
w(32,7,0,356)
w(5,7,0,357)
r(61,1,0,357)
r(68,3,0,358)
r(11,1,0,358)
w(51,2,0,359)
r(0,5,0,359)
r(71,3,0,360)
w(84,6,0,360)
r(22,4,0,361)
w(14,7,0,361)
w(74,3,0,362)
w(27,7,0,362)
w(18,6,0,363)
r(82,3,0,363)
w(62,4,0,364)
r(96,3,0,364)
w(36,3,0,365)
r(31,1,0,365)
r(64,2,0,366)
w(67,6,0,366)
w(15,8,0,367)
r(21,2,0,367)
w(42,3,0,368)
w(17,6,0,368)
r(15,8,0,369)
r(98,2,0,369)
r(5,7,0,370)
r(23,6,0,370)
r(11,1,0,371)
w(5,8,0,371)
w(83,4,0,372)
r(25,4,0,372)
w(69,1,0,373)
w(65,3,0,373)
w(74,4,0,374)
w(16,5,0,374)
r(90,4,0,375)
w(59,4,0,375)
r(84,6,0,376)
r(48,2,0,376)
r(42,3,0,377)
r(24,3,0,377)
w(54,3,0,378)
r(89,1,0,378)
r(11,1,0,379)
w(97,7,0,379)
w(68,4,0,380)
r(95,2,0,380)
r(51,2,0,381)
w(3,5,0,381)
r(20,6,0,382)
r(30,3,0,382)
w(39,4,0,383)
w(42,4,0,383)
r(71,3,0,384)
w(17,7,0,384)
r(88,4,0,385)
w(78,5,0,385)
r(22,4,0,386)
w(40,6,0,386)
w(54,4,0,387)
r(84,6,0,387)
w(85,7,0,388)
w(33,8,0,388)
w(17,8,0,389)
w(39,5,0,389)
w(99,4,0,390)
r(95,2,0,390)
w(43,4,0,391)
r(39,5,0,391)
w(40,7,0,392)
r(50,4,0,392)
r(81,7,0,393)
w(86,4,0,393)
r(11,1,0,394)
r(92,2,0,394)
r(3,5,0,395)
r(99,4,0,395)
w(26,6,0,396)
r(20,6,0,396)
w(32,8,0,397)
r(65,3,0,397)
w(47,5,0,398)
w(95,3,0,398)
w(82,4,0,399)
w(35,1,0,399)
w(37,2,0,400)
w(52,3,0,400)
w(77,5,0,401)
r(39,5,0,401)
r(50,4,0,402)
r(11,1,0,402)
r(5,8,0,403)
w(3,6,0,403)
r(15,8,0,404)
r(19,1,0,404)
w(64,3,0,405)
r(33,8,0,405)
r(60,5,0,406)
r(26,6,0,406)
w(29,9,0,407)
r(43,4,0,407)
w(3,7,0,408)
w(18,7,0,408)
w(39,6,0,409)
r(87,7,0,409)
r(0,5,0,410)
w(45,5,0,410)
w(0,6,0,411)
w(25,5,0,411)
r(2,1,0,412)
r(48,2,0,412)
r(25,5,0,413)
w(91,7,0,413)
r(28,8,0,414)
w(0,7,0,414)
w(15,9,0,415)
w(13,5,0,415)
w(95,4,0,416)
w(70,4,0,416)
r(46,3,0,417)
w(8,1,0,417)
r(86,4,0,418)
r(43,4,0,418)
w(42,5,0,419)
w(14,8,0,419)
w(0,8,0,420)
r(66,4,0,420)
r(12,2,0,421)
w(90,5,0,421)
w(30,4,0,422)
w(15,10,0,422)
w(54,5,0,423)
r(50,4,0,423)
w(25,6,0,424)
r(40,7,0,424)
r(94,4,0,425)
r(75,3,0,425)
w(76,4,0,426)
w(34,4,0,426)
r(84,6,0,427)
r(13,5,0,427)
r(66,4,0,428)
w(83,5,0,428)
r(55,6,0,429)
r(76,4,0,429)
w(90,6,0,430)
w(83,6,0,430)
r(13,5,0,431)
w(19,2,0,431)
w(77,6,0,432)
r(18,7,0,432)
w(41,1,0,433)
w(98,3,0,433)
w(12,3,0,434)
r(63,1,0,434)
r(50,4,0,435)
w(4,7,0,435)
r(30,4,0,436)
r(3,7,0,436)
w(6,3,0,437)
r(32,8,0,437)
w(11,1,0,438)
w(46,4,0,438)
r(65,3,0,439)
r(41,1,0,439)
r(16,5,0,440)
r(96,3,0,440)
r(86,4,0,441)
r(59,4,0,441)
r(28,8,0,442)
r(63,1,0,442)
r(99,4,0,443)
w(75,4,0,443)
w(42,6,0,444)
w(48,3,0,444)
w(48,4,0,445)
w(1,3,0,445)
w(82,5,0,446)
r(60,5,0,446)
r(44,5,0,447)
w(74,5,0,447)
r(16,5,0,448)
w(1,4,0,448)
w(92,3,0,449)
r(68,4,0,449)
w(89,2,0,450)
w(37,3,0,450)
r(47,5,0,451)
w(96,4,0,451)
r(27,7,0,452)
r(80,3,0,452)
w(13,6,0,453)
w(9,8,0,453)
r(95,4,0,454)
w(18,8,0,454)
w(70,5,0,455)
w(94,5,0,455)
r(69,1,0,456)
r(85,7,0,456)
r(83,6,0,457)
w(87,8,0,457)
r(62,4,0,458)
w(56,2,0,458)
r(29,9,0,459)
r(44,5,0,459)
w(29,10,0,460)
w(11,2,0,460)
w(95,5,0,461)
r(65,3,0,461)
w(2,2,0,462)
r(35,1,0,462)
w(37,4,0,463)
r(2,2,0,463)
w(51,3,0,464)
r(44,5,0,464)
r(5,8,0,465)
r(35,1,0,465)
r(99,4,0,466)
w(46,5,0,466)
w(14,9,0,467)
r(24,3,0,467)
r(74,5,0,468)
r(35,1,0,468)
w(31,2,0,469)
r(34,4,0,469)
r(74,5,0,470)
w(32,9,0,470)
r(54,5,0,471)
r(96,4,0,471)
r(2,2,0,472)
w(95,6,0,472)
w(24,4,0,473)
w(80,4,0,473)
w(96,5,0,474)
w(9,9,0,474)
r(79,5,0,475)
w(27,8,0,475)
r(18,8,0,476)
r(90,6,0,476)
w(80,5,0,477)
r(71,3,0,477)
w(18,9,0,478)
w(33,9,0,478)
w(64,4,0,479)
w(77,7,0,479)
w(7,5,0,480)
r(47,5,0,480)
w(19,3,0,481)
w(56,3,0,481)
w(29,11,0,482)
w(47,6,0,482)
w(8,2,0,483)
r(13,6,0,483)
r(16,5,0,484)
w(21,3,0,484)
r(5,8,0,485)
w(78,6,0,485)
r(26,6,0,486)
r(45,5,0,486)
w(8,3,0,487)
r(2,2,0,487)
r(53,2,0,488)
r(80,5,0,488)
w(65,4,0,489)
r(12,3,0,489)
r(18,9,0,490)
w(83,7,0,490)
w(17,9,0,491)
r(35,1,0,491)
r(90,6,0,492)
w(62,5,0,492)
r(9,9,0,493)
w(23,7,0,493)
w(7,6,0,494)
r(28,8,0,494)
r(66,4,0,495)
r(24,4,0,495)
w(41,2,0,496)
r(98,3,0,496)
r(13,6,0,497)
r(2,2,0,497)
r(48,4,0,498)
r(12,3,0,498)
r(99,4,0,499)
w(38,4,0,499)
r(78,6,1,500)
r(9,9,1,500)
r(19,3,1,501)
r(24,4,1,501)
r(39,6,1,502)
r(5,8,1,502)
r(94,5,1,503)
r(48,4,1,503)
r(9,9,1,504)
w(36,4,1,504)
w(84,7,1,505)
w(42,7,1,505)
r(91,7,1,506)
w(13,7,1,506)
r(92,3,1,507)
w(39,7,1,507)
w(96,6,1,508)
r(83,7,1,508)
r(6,3,1,509)
w(70,6,1,509)
w(7,7,1,510)
w(30,5,1,510)
r(25,6,1,511)
w(29,12,1,511)
w(99,5,1,512)
r(62,5,1,512)
w(91,8,1,513)
w(33,10,1,513)
w(45,6,1,514)
r(25,6,1,514)
w(20,7,1,515)
w(32,10,1,515)
r(69,1,1,516)
w(66,5,1,516)
w(20,8,1,517)
w(68,5,1,517)
w(38,5,1,518)
r(68,5,1,518)
w(22,5,1,519)
w(5,9,1,519)
r(34,4,1,520)
r(8,3,1,520)
w(57,3,1,521)
w(4,8,1,521)
w(83,8,1,522)
w(88,5,1,522)
w(41,3,1,523)
r(88,5,1,523)
w(32,11,1,524)
w(88,6,1,524)
r(24,4,1,525)
w(59,5,1,525)
r(65,4,1,526)
r(39,7,1,526)
r(42,7,1,527)
w(87,9,1,527)
r(49,3,1,528)
w(5,10,1,528)
r(1,4,1,529)
w(39,8,1,529)
r(75,4,1,530)
w(12,4,1,530)
w(47,7,1,531)
w(74,6,1,531)
r(19,3,1,532)
w(52,4,1,532)
r(99,5,1,533)
r(76,4,1,533)
r(41,3,1,534)
r(48,4,1,534)
w(65,5,1,535)
w(48,5,1,535)
w(47,8,1,536)
r(69,1,1,536)
r(30,5,1,537)
r(63,1,1,537)
w(8,4,1,538)
w(67,7,1,538)
w(24,5,1,539)
r(38,5,1,539)
r(51,3,1,540)
w(0,9,1,540)
w(55,7,1,541)
w(46,6,1,541)
r(35,1,1,542)
r(5,10,1,542)
w(11,3,1,543)
r(93,4,1,543)
w(74,7,1,544)
w(57,4,1,544)
w(61,2,1,545)
w(1,5,1,545)
r(79,5,1,546)
w(11,4,1,546)
w(34,5,1,547)
w(29,13,1,547)
r(2,2,1,548)
w(65,6,1,548)
r(17,9,1,549)
r(70,6,1,549)
w(36,5,1,550)
w(92,4,1,550)
r(28,8,1,551)
w(76,5,1,551)
r(7,7,1,552)
w(83,9,1,552)
w(56,4,1,553)
w(23,8,1,553)
w(60,6,1,554)
r(47,8,1,554)
r(55,7,1,555)
w(6,4,1,555)
r(22,5,1,556)
w(21,4,1,556)
w(46,7,1,557)
w(20,9,1,557)
r(0,9,1,558)
w(3,8,1,558)
r(94,5,1,559)
r(19,3,1,559)
w(34,6,1,560)
r(25,6,1,560)
w(85,8,1,561)
w(91,9,1,561)
w(38,6,1,562)
w(38,7,1,562)
w(85,9,1,563)
w(77,8,1,563)
w(39,9,1,564)
w(73,4,1,564)
w(1,6,1,565)
r(35,1,1,565)
r(57,4,1,566)
w(33,11,1,566)
w(58,2,1,567)
w(41,4,1,567)
r(48,5,1,568)
r(76,5,1,568)
w(54,6,1,569)
r(22,5,1,569)
r(81,7,1,570)
r(88,6,1,570)
w(61,3,1,571)
r(72,3,1,571)
r(44,5,1,572)
r(64,4,1,572)
r(64,4,1,573)
w(55,8,1,573)
r(71,3,1,574)
w(5,11,1,574)
w(90,7,1,575)
w(54,7,1,575)
r(80,5,1,576)
r(7,7,1,576)
w(34,7,1,577)
w(40,8,1,577)
r(2,2,1,578)
r(65,6,1,578)
r(94,5,1,579)
w(16,6,1,579)
w(97,8,1,580)
r(46,7,1,580)
w(68,6,1,581)
r(71,3,1,581)
r(28,8,1,582)
w(41,5,1,582)
r(91,9,1,583)
w(59,6,1,583)
w(39,10,1,584)
w(82,6,1,584)
w(40,9,1,585)
w(74,8,1,585)
r(0,9,1,586)
w(96,7,1,586)
r(1,6,1,587)
w(37,5,1,587)
r(41,5,1,588)
r(40,9,1,588)
r(14,9,1,589)
r(5,11,1,589)
r(62,5,1,590)
w(86,5,1,590)
w(15,11,1,591)
w(50,5,1,591)
w(25,7,1,592)
r(1,6,1,592)
r(29,13,1,593)
w(18,10,1,593)
r(60,6,1,594)
r(83,9,1,594)
r(81,7,1,595)
r(84,7,1,595)
r(13,7,1,596)
w(79,6,1,596)
w(10,5,1,597)
r(76,5,1,597)
w(55,9,1,598)
r(66,5,1,598)
r(96,7,1,599)
r(86,5,1,599)
w(82,7,1,600)
w(14,10,1,600)
w(71,4,1,601)
r(18,10,1,601)
r(23,8,1,602)
w(82,8,1,602)
r(69,1,1,603)
w(94,6,1,603)
w(67,8,1,604)
r(94,6,1,604)
r(24,5,1,605)
w(72,4,1,605)
r(72,4,1,606)
r(81,7,1,606)
r(8,4,1,607)
r(80,5,1,607)
w(39,11,1,608)
w(81,8,1,608)
r(21,4,1,609)
w(65,7,1,609)
r(45,6,1,610)
r(91,9,1,610)
w(26,7,1,611)
w(28,9,1,611)
r(46,7,1,612)
r(9,9,1,612)
w(6,5,1,613)
r(30,5,1,613)
r(25,7,1,614)
r(6,5,1,614)
r(22,5,1,615)
w(2,3,1,615)
w(42,8,1,616)
w(57,5,1,616)
r(80,5,1,617)
w(71,5,1,617)
w(65,8,1,618)
r(83,9,1,618)
w(10,6,1,619)
r(50,5,1,619)
w(38,8,1,620)
w(50,6,1,620)
r(1,6,1,621)
r(55,9,1,621)
r(27,8,1,622)
r(24,5,1,622)
r(24,5,1,623)
r(70,6,1,623)
r(9,9,1,624)
r(92,4,1,624)
w(90,8,1,625)
w(35,2,1,625)
r(9,9,1,626)
r(7,7,1,626)
w(61,4,1,627)
w(63,2,1,627)
w(1,7,1,628)
w(38,9,1,628)
r(61,4,1,629)
w(97,9,1,629)
w(8,5,1,630)
w(5,12,1,630)
r(59,6,1,631)
w(55,10,1,631)
w(73,5,1,632)
r(42,8,1,632)
w(0,10,1,633)
w(36,6,1,633)
r(91,9,1,634)
w(3,9,1,634)
w(74,9,1,635)
r(42,8,1,635)
r(64,4,1,636)
w(22,6,1,636)
r(18,10,1,637)
r(0,10,1,637)
r(56,4,1,638)
w(97,10,1,638)
w(98,4,1,639)
r(83,9,1,639)
w(72,5,1,640)
w(25,8,1,640)
r(47,8,1,641)
r(1,7,1,641)
w(5,13,1,642)
w(89,3,1,642)
r(36,6,1,643)
w(42,9,1,643)
w(23,9,1,644)
r(27,8,1,644)
r(29,13,1,645)
w(47,9,1,645)
w(97,11,1,646)
r(69,1,1,646)
r(85,9,1,647)
w(10,7,1,647)
w(36,7,1,648)
w(52,5,1,648)
w(95,7,1,649)
w(48,6,1,649)
r(7,7,1,650)
w(8,6,1,650)
w(65,9,1,651)
w(87,10,1,651)
r(2,3,1,652)
w(55,11,1,652)
w(18,11,1,653)
r(60,6,1,653)
r(36,7,1,654)
r(9,9,1,654)
r(54,7,1,655)
w(78,7,1,655)
w(58,3,1,656)
r(63,2,1,656)
r(59,6,1,657)
w(30,6,1,657)
r(37,5,1,658)
w(45,7,1,658)
r(77,8,1,659)
r(73,5,1,659)
r(51,3,1,660)
w(37,6,1,660)
w(42,10,1,661)
w(51,4,1,661)
w(98,5,1,662)
w(45,8,1,662)
r(45,8,1,663)
w(59,7,1,663)
r(84,7,1,664)
r(57,5,1,664)
w(79,7,1,665)
r(20,9,1,665)
r(83,9,1,666)
w(23,10,1,666)
r(53,2,1,667)
r(92,4,1,667)
w(84,8,1,668)
w(64,5,1,668)
r(89,3,1,669)
w(46,8,1,669)
w(10,8,1,670)
w(56,5,1,670)
w(92,5,1,671)
r(16,6,1,671)
w(99,6,1,672)
r(96,7,1,672)
w(50,7,1,673)
r(54,7,1,673)
r(48,6,1,674)
r(62,5,1,674)
w(12,5,1,675)
w(26,8,1,675)
w(27,9,1,676)
r(0,10,1,676)
r(9,9,1,677)
w(27,10,1,677)
r(46,8,1,678)
w(16,7,1,678)
r(84,8,1,679)
r(44,5,1,679)
r(67,8,1,680)
r(28,9,1,680)
r(97,11,1,681)
w(36,8,1,681)
r(4,8,1,682)
r(78,7,1,682)
r(21,4,1,683)
r(59,7,1,683)
w(58,4,1,684)
r(94,6,1,684)
r(41,5,1,685)
w(13,8,1,685)
r(5,13,1,686)
w(11,5,1,686)
r(54,7,1,687)
w(42,11,1,687)
r(5,13,1,688)
r(17,9,1,688)
w(36,9,1,689)
w(38,10,1,689)
w(77,9,1,690)
r(6,5,1,690)
r(62,5,1,691)
w(58,5,1,691)
w(13,9,1,692)
r(62,5,1,692)
r(42,11,1,693)
w(96,8,1,693)
r(7,7,1,694)
w(2,4,1,694)
r(70,6,1,695)
w(14,11,1,695)
w(27,11,1,696)
w(27,12,1,696)
w(68,7,1,697)
w(27,13,1,697)
r(5,13,1,698)
r(17,9,1,698)
r(10,8,1,699)
w(1,8,1,699)
w(17,10,1,700)
w(81,9,1,700)
w(12,6,1,701)
r(36,9,1,701)
w(72,6,1,702)
r(19,3,1,702)
r(11,5,1,703)
w(31,3,1,703)
w(28,10,1,704)
w(99,7,1,704)
r(90,8,1,705)
w(81,10,1,705)
w(58,6,1,706)
w(18,12,1,706)
w(91,10,1,707)
w(65,10,1,707)
r(23,10,1,708)
w(54,8,1,708)
w(45,9,1,709)
w(31,4,1,709)
r(59,7,1,710)
w(65,11,1,710)
w(82,9,1,711)
w(18,13,1,711)
w(81,11,1,712)
r(88,6,1,712)
r(33,11,1,713)
w(67,9,1,713)
r(14,11,1,714)
r(17,10,1,714)
w(45,10,1,715)
r(24,5,1,715)
r(24,5,1,716)
r(0,10,1,716)
r(94,6,1,717)
w(74,10,1,717)
w(0,11,1,718)
w(97,12,1,718)
w(74,11,1,719)
w(7,8,1,719)
r(65,11,1,720)
w(71,6,1,720)
r(8,6,1,721)
w(79,8,1,721)
r(24,5,1,722)
w(51,5,1,722)
w(85,10,1,723)
w(14,12,1,723)
w(69,2,1,724)
r(68,7,1,724)
w(33,12,1,725)
w(24,6,1,725)
w(11,6,1,726)
w(62,6,1,726)
r(24,6,1,727)
r(12,6,1,727)
r(65,11,1,728)
w(55,12,1,728)
w(97,13,1,729)
w(2,5,1,729)
r(37,6,1,730)
r(54,8,1,730)
w(88,7,1,731)
r(99,7,1,731)
r(94,6,1,732)
r(72,6,1,732)
r(97,13,1,733)
r(43,4,1,733)
r(33,12,1,734)
w(11,7,1,734)
w(16,8,1,735)
w(97,14,1,735)
w(67,10,1,736)
r(80,5,1,736)
w(10,9,1,737)
w(14,13,1,737)
w(8,7,1,738)
r(15,11,1,738)
w(12,7,1,739)
w(0,12,1,739)
r(67,10,1,740)
r(15,11,1,740)
w(23,11,1,741)
r(97,14,1,741)
w(16,9,1,742)
r(38,10,1,742)
r(38,10,1,743)
r(24,6,1,743)
w(63,3,1,744)
w(99,8,1,744)
r(50,7,1,745)
w(83,10,1,745)
r(90,8,1,746)
w(81,12,1,746)
w(79,9,1,747)
w(82,10,1,747)
w(52,6,1,748)
r(2,5,1,748)
w(99,9,1,749)
w(77,10,1,749)
w(18,14,1,750)
w(28,11,1,750)
r(48,6,1,751)
w(53,3,1,751)
w(25,9,1,752)
w(91,11,1,752)
w(25,10,1,753)
w(71,7,1,753)
r(74,11,1,754)
r(64,5,1,754)
w(89,4,1,755)
r(82,10,1,755)
r(94,6,1,756)
w(1,9,1,756)
r(68,7,1,757)
w(69,3,1,757)
r(1,9,1,758)
r(62,6,1,758)
r(17,10,1,759)
r(46,8,1,759)
r(57,5,1,760)
w(68,8,1,760)
r(6,5,1,761)
w(61,5,1,761)
r(22,6,1,762)
w(75,5,1,762)
r(80,5,1,763)
w(41,6,1,763)
r(76,5,1,764)
r(78,7,1,764)
r(12,7,1,765)
r(95,7,1,765)
w(77,11,1,766)
r(87,10,1,766)
w(71,8,1,767)
w(89,5,1,767)
w(11,8,1,768)
w(67,11,1,768)
w(50,8,1,769)
r(81,12,1,769)
r(1,9,1,770)
w(60,7,1,770)
r(37,6,1,771)
r(84,8,1,771)
w(23,12,1,772)
r(47,9,1,772)
w(52,7,1,773)
w(76,6,1,773)
r(88,7,1,774)
r(97,14,1,774)
r(52,7,1,775)
r(11,8,1,775)
w(21,5,1,776)
w(22,7,1,776)
r(63,3,1,777)
w(90,9,1,777)
w(53,4,1,778)
r(6,5,1,778)
w(29,14,1,779)
r(76,6,1,779)
r(86,5,1,780)
r(31,4,1,780)
r(28,11,1,781)
w(77,12,1,781)
w(99,10,1,782)
w(29,15,1,782)
w(69,4,1,783)
r(88,7,1,783)
r(12,7,1,784)
w(84,9,1,784)
r(60,7,1,785)
w(3,10,1,785)
w(60,8,1,786)
r(7,8,1,786)
r(77,12,1,787)
r(71,8,1,787)
r(25,10,1,788)
w(41,7,1,788)
r(49,3,1,789)
w(10,10,1,789)
r(80,5,1,790)
w(29,16,1,790)
w(51,6,1,791)
r(43,4,1,791)
w(51,7,1,792)
w(76,7,1,792)
w(18,15,1,793)
w(71,9,1,793)
r(72,6,1,794)
w(7,9,1,794)
r(5,13,1,795)
r(5,13,1,795)
r(57,5,1,796)
w(46,9,1,796)
w(3,11,1,797)
w(55,13,1,797)
r(48,6,1,798)
w(72,7,1,798)
r(12,7,1,799)
r(24,6,1,799)
w(39,12,1,800)
r(24,6,1,800)
w(60,9,1,801)
r(33,12,1,801)
r(25,10,1,802)
w(30,7,1,802)
r(33,12,1,803)
r(40,9,1,803)
r(29,16,1,804)
r(74,11,1,804)
r(19,3,1,805)
w(35,3,1,805)
r(2,5,1,806)
r(68,8,1,806)
r(27,13,1,807)
r(24,6,1,807)
w(34,8,1,808)
w(45,11,1,808)
w(19,4,1,809)
w(46,10,1,809)
r(83,10,1,810)
r(12,7,1,810)
r(42,11,1,811)
r(39,12,1,811)
r(16,9,1,812)
w(9,10,1,812)
r(99,10,1,813)
w(46,11,1,813)
w(87,11,1,814)
w(47,10,1,814)
r(85,10,1,815)
r(28,11,1,815)
w(36,10,1,816)
w(21,6,1,816)
w(15,12,1,817)
r(88,7,1,817)
r(46,11,1,818)
r(26,8,1,818)
w(96,9,1,819)
r(95,7,1,819)
r(40,9,1,820)
w(97,15,1,820)
w(96,10,1,821)
r(61,5,1,821)
r(40,9,1,822)
w(94,7,1,822)
r(80,5,1,823)
w(86,6,1,823)
r(31,4,1,824)
r(72,7,1,824)
r(37,6,1,825)
w(52,8,1,825)
w(94,8,1,826)
r(1,9,1,826)
w(38,11,1,827)
w(54,9,1,827)
w(34,9,1,828)
w(36,11,1,828)
w(71,10,1,829)
w(79,10,1,829)
r(48,6,1,830)
w(52,9,1,830)
r(18,15,1,831)
r(59,7,1,831)
r(89,5,1,832)
r(3,11,1,832)
w(89,6,1,833)
r(46,11,1,833)
r(37,6,1,834)
w(71,11,1,834)
r(12,7,1,835)
r(21,6,1,835)
w(21,7,1,836)
w(52,10,1,836)
r(29,16,1,837)
r(72,7,1,837)
r(7,9,1,838)
w(38,12,1,838)
r(50,8,1,839)
r(59,7,1,839)
w(86,7,1,840)
w(38,13,1,840)
r(69,4,1,841)
r(12,7,1,841)
w(70,7,1,842)
w(30,8,1,842)
r(3,11,1,843)
r(35,3,1,843)
w(23,13,1,844)
w(65,12,1,844)
r(66,5,1,845)
w(20,10,1,845)
w(12,8,1,846)
r(12,8,1,846)
r(63,3,1,847)
r(90,9,1,847)
w(29,17,1,848)
w(89,7,1,848)
w(86,8,1,849)
r(93,4,1,849)
w(78,8,1,850)
r(55,13,1,850)
w(33,13,1,851)
r(14,13,1,851)
r(90,9,1,852)
w(16,10,1,852)
r(4,8,1,853)
r(7,9,1,853)
w(76,8,1,854)
w(62,7,1,854)
w(7,10,1,855)
w(20,11,1,855)
w(74,12,1,856)
r(43,4,1,856)
r(20,11,1,857)
w(71,12,1,857)
r(62,7,1,858)
w(44,6,1,858)
w(69,5,1,859)
w(60,10,1,859)
w(79,11,1,860)
w(62,8,1,860)
w(6,6,1,861)
w(68,9,1,861)
r(71,12,1,862)
w(17,11,1,862)
w(11,9,1,863)
r(59,7,1,863)
r(36,11,1,864)
r(58,6,1,864)
r(65,12,1,865)
r(73,5,1,865)
w(49,4,1,866)
r(85,10,1,866)
w(43,5,1,867)
w(2,6,1,867)
r(10,10,1,868)
r(17,11,1,868)
w(69,6,1,869)
r(94,8,1,869)
r(11,9,1,870)
r(61,5,1,870)
r(64,5,1,871)
w(96,11,1,871)
w(82,11,1,872)
r(54,9,1,872)
r(80,5,1,873)
w(78,9,1,873)
w(83,11,1,874)
w(23,14,1,874)
w(68,10,1,875)
w(13,10,1,875)
w(16,11,1,876)
r(61,5,1,876)
r(57,5,1,877)
r(43,5,1,877)
r(61,5,1,878)
w(27,14,1,878)
w(11,10,1,879)
w(61,6,1,879)
r(95,7,1,880)
r(36,11,1,880)
r(10,10,1,881)
w(31,5,1,881)
w(99,11,1,882)
r(29,17,1,882)
r(42,11,1,883)
w(12,9,1,883)
r(26,8,1,884)
r(81,12,1,884)
w(88,8,1,885)
r(48,6,1,885)
r(27,14,1,886)
w(36,12,1,886)
r(0,12,1,887)
w(60,11,1,887)
r(45,11,1,888)
r(54,9,1,888)
w(70,8,1,889)
r(50,8,1,889)
w(62,9,1,890)
r(88,8,1,890)
w(36,13,1,891)
w(8,8,1,891)
w(41,8,1,892)
w(26,9,1,892)
r(25,10,1,893)
r(71,12,1,893)
w(57,6,1,894)
w(77,13,1,894)
w(81,13,1,895)
r(34,9,1,895)
w(95,8,1,896)
r(26,9,1,896)
r(84,9,1,897)
w(15,13,1,897)
r(29,17,1,898)
r(35,3,1,898)
w(53,5,1,899)
r(6,6,1,899)
r(1,9,1,900)
r(29,17,1,900)
w(71,13,1,901)
w(44,7,1,901)
w(48,7,1,902)
w(94,9,1,902)
r(77,13,1,903)
r(63,3,1,903)
w(58,7,1,904)
w(96,12,1,904)
w(35,4,1,905)
r(32,11,1,905)
r(93,4,1,906)
r(50,8,1,906)
r(2,6,1,907)
r(52,10,1,907)
r(14,13,1,908)
w(13,11,1,908)
r(34,9,1,909)
w(93,5,1,909)
w(46,12,1,910)
w(25,11,1,910)
w(3,12,1,911)
r(2,6,1,911)
r(22,7,1,912)
r(76,8,1,912)
w(93,6,1,913)
r(47,10,1,913)
w(8,9,1,914)
w(55,14,1,914)
r(69,6,1,915)
r(40,9,1,915)
r(61,6,1,916)
r(50,8,1,916)
w(24,7,1,917)
w(41,9,1,917)
w(71,14,1,918)
r(88,8,1,918)
w(8,10,1,919)
w(43,6,1,919)
w(32,12,1,920)
r(58,7,1,920)
w(43,7,1,921)
r(84,9,1,921)
w(44,8,1,922)
w(29,18,1,922)
r(97,15,1,923)
r(92,5,1,923)
w(53,6,1,924)
w(19,5,1,924)
r(2,6,1,925)
r(5,13,1,925)
w(69,7,1,926)
w(48,8,1,926)
w(41,10,1,927)
r(71,14,1,927)
r(92,5,1,928)
r(7,10,1,928)
r(21,7,1,929)
w(64,6,1,929)
w(65,13,1,930)
r(92,5,1,930)
w(85,11,1,931)
r(54,9,1,931)
w(50,9,1,932)
w(6,7,1,932)
w(39,13,1,933)
w(25,12,1,933)
r(35,4,1,934)
r(66,5,1,934)
r(62,9,1,935)
w(85,12,1,935)
r(60,11,1,936)
w(0,13,1,936)
r(98,5,1,937)
w(97,16,1,937)
r(27,14,1,938)
r(72,7,1,938)
r(70,8,1,939)
w(74,13,1,939)
w(96,13,1,940)
r(61,6,1,940)
w(86,9,1,941)
r(20,11,1,941)
w(5,14,1,942)
r(20,11,1,942)
w(33,14,1,943)
r(49,4,1,943)
w(81,14,1,944)
w(28,12,1,944)
r(82,11,1,945)
r(27,14,1,945)
r(31,5,1,946)
r(96,13,1,946)
w(28,13,1,947)
r(95,8,1,947)
r(6,7,1,948)
w(88,9,1,948)
r(99,11,1,949)
r(41,10,1,949)
r(64,6,1,950)
w(93,7,1,950)
r(24,7,1,951)
r(77,13,1,951)
w(24,8,1,952)
r(84,9,1,952)
w(68,11,1,953)
r(97,16,1,953)
r(94,9,1,954)
r(58,7,1,954)
r(96,13,1,955)
w(78,10,1,955)
r(83,11,1,956)
r(87,11,1,956)
r(50,9,1,957)
r(75,5,1,957)
r(76,8,1,958)
w(53,7,1,958)
w(95,9,1,959)
w(92,6,1,959)
r(14,13,1,960)
w(15,14,1,960)
r(25,12,1,961)
w(34,10,1,961)
w(43,8,1,962)
w(4,9,1,962)
r(49,4,1,963)
r(52,10,1,963)
w(21,8,1,964)
r(6,7,1,964)
w(65,14,1,965)
w(60,12,1,965)
r(97,16,1,966)
r(56,5,1,966)
w(18,16,1,967)
r(78,10,1,967)
r(22,7,1,968)
r(39,13,1,968)
w(7,11,1,969)
r(67,11,1,969)
r(81,14,1,970)
r(16,11,1,970)
r(9,10,1,971)
r(57,6,1,971)
r(98,5,1,972)
w(56,6,1,972)
w(14,14,1,973)
r(15,14,1,973)
w(64,7,1,974)
w(98,6,1,974)
w(1,10,1,975)
r(46,12,1,975)
w(79,12,1,976)
w(0,14,1,976)
r(45,11,1,977)
r(45,11,1,977)
w(61,7,1,978)
r(91,11,1,978)
r(2,6,1,979)
w(24,9,1,979)
r(12,9,1,980)
w(89,8,1,980)
r(21,8,1,981)
w(88,10,1,981)
r(4,9,1,982)
r(9,10,1,982)
r(75,5,1,983)
r(61,7,1,983)
r(45,11,1,984)
w(78,11,1,984)
w(28,14,1,985)
w(23,15,1,985)
w(15,15,1,986)
r(1,10,1,986)
r(28,14,1,987)
w(21,9,1,987)
r(41,10,1,988)
w(16,12,1,988)
w(98,7,1,989)
r(52,10,1,989)
w(21,10,1,990)
w(74,14,1,990)
w(81,15,1,991)
r(25,12,1,991)
w(54,10,1,992)
r(41,10,1,992)
r(23,15,1,993)
r(16,12,1,993)
r(39,13,1,994)
w(61,8,1,994)
w(15,16,1,995)
w(96,14,1,995)
w(67,12,1,996)
w(12,10,1,996)
r(59,7,1,997)
r(89,8,1,997)
w(28,15,1,998)
w(43,9,1,998)
r(96,14,1,999)
w(17,12,1,999)
r(28,15,2,1000)
r(95,9,2,1000)
r(63,3,2,1001)
w(35,5,2,1001)
r(8,10,2,1002)
w(25,13,2,1002)
r(12,10,2,1003)
r(30,8,2,1003)
w(17,13,2,1004)
w(55,15,2,1004)
r(72,7,2,1005)
w(18,17,2,1005)
w(37,7,2,1006)
w(2,7,2,1006)
w(5,15,2,1007)
r(86,9,2,1007)
r(86,9,2,1008)
r(60,12,2,1008)
w(12,11,2,1009)
r(60,12,2,1009)
w(69,8,2,1010)
r(49,4,2,1010)
w(19,6,2,1011)
r(32,12,2,1011)
w(63,4,2,1012)
r(45,11,2,1012)
w(5,16,2,1013)
w(92,7,2,1013)
w(71,15,2,1014)
w(44,9,2,1014)
w(64,8,2,1015)
r(3,12,2,1015)
w(63,5,2,1016)
w(72,8,2,1016)
r(80,5,2,1017)
r(92,7,2,1017)
w(50,10,2,1018)
r(53,7,2,1018)
w(68,12,2,1019)
w(14,15,2,1019)
w(98,8,2,1020)
w(50,11,2,1020)
w(72,9,2,1021)
w(70,9,2,1021)
w(72,10,2,1022)
w(54,11,2,1022)
w(35,6,2,1023)
w(37,8,2,1023)
w(11,11,2,1024)
r(10,10,2,1024)
w(17,14,2,1025)
w(34,11,2,1025)
r(33,14,2,1026)
r(84,9,2,1026)
r(23,15,2,1027)
w(16,13,2,1027)
w(56,7,2,1028)
w(68,13,2,1028)
w(91,12,2,1029)
w(50,12,2,1029)
w(84,10,2,1030)
w(48,9,2,1030)
r(93,7,2,1031)
w(13,12,2,1031)
w(88,11,2,1032)
r(26,9,2,1032)
w(29,19,2,1033)
r(10,10,2,1033)
w(8,11,2,1034)
r(19,6,2,1034)
w(38,14,2,1035)
w(88,12,2,1035)
r(63,5,2,1036)
r(39,13,2,1036)
w(47,11,2,1037)
r(93,7,2,1037)
r(22,7,2,1038)
w(82,12,2,1038)
r(79,12,2,1039)
w(4,10,2,1039)
w(37,9,2,1040)
w(16,14,2,1040)
w(69,9,2,1041)
r(12,11,2,1041)
w(83,12,2,1042)
w(36,14,2,1042)
r(52,10,2,1043)
w(56,8,2,1043)
w(93,8,2,1044)
r(23,15,2,1044)
w(48,10,2,1045)
w(29,20,2,1045)
r(99,11,2,1046)
r(29,20,2,1046)
r(79,12,2,1047)
w(52,11,2,1047)
w(10,11,2,1048)
w(67,13,2,1048)
r(44,9,2,1049)
r(21,10,2,1049)
r(97,16,2,1050)
w(67,14,2,1050)
w(98,9,2,1051)
r(74,14,2,1051)
r(21,10,2,1052)
w(1,11,2,1052)
w(86,10,2,1053)
r(8,11,2,1053)
w(79,13,2,1054)
w(54,12,2,1054)
w(78,12,2,1055)
w(8,12,2,1055)
w(31,6,2,1056)
w(47,12,2,1056)
r(69,9,2,1057)
r(34,11,2,1057)
w(44,10,2,1058)
w(1,12,2,1058)
r(63,5,2,1059)
w(28,16,2,1059)
w(1,13,2,1060)
w(74,15,2,1060)
r(50,12,2,1061)
w(65,15,2,1061)
w(17,15,2,1062)
r(87,11,2,1062)
w(58,8,2,1063)
w(79,14,2,1063)
r(97,16,2,1064)
r(71,15,2,1064)
w(54,13,2,1065)
w(37,10,2,1065)
r(31,6,2,1066)
w(35,7,2,1066)
r(64,8,2,1067)
r(87,11,2,1067)
w(34,12,2,1068)
w(67,15,2,1068)
w(85,13,2,1069)
r(73,5,2,1069)
w(40,10,2,1070)
r(55,15,2,1070)
w(74,16,2,1071)
w(61,9,2,1071)
w(20,12,2,1072)
r(26,9,2,1072)
r(31,6,2,1073)
w(51,8,2,1073)
r(80,5,2,1074)
w(11,12,2,1074)
r(67,15,2,1075)
w(30,9,2,1075)
w(98,10,2,1076)
r(65,15,2,1076)
w(60,13,2,1077)
w(60,14,2,1077)
r(66,5,2,1078)
r(96,14,2,1078)
r(26,9,2,1079)
w(62,10,2,1079)
w(35,8,2,1080)
r(44,10,2,1080)
w(32,13,2,1081)
w(37,11,2,1081)
w(23,16,2,1082)
r(12,11,2,1082)
r(1,13,2,1083)
r(94,9,2,1083)
w(98,11,2,1084)
w(38,15,2,1084)
w(26,10,2,1085)
w(76,9,2,1085)
r(27,14,2,1086)
w(23,17,2,1086)
w(39,14,2,1087)
w(7,12,2,1087)
w(63,6,2,1088)
w(84,11,2,1088)
w(74,17,2,1089)
w(41,11,2,1089)
w(56,9,2,1090)
w(91,13,2,1090)
w(18,18,2,1091)
w(40,11,2,1091)
r(68,13,2,1092)
w(31,7,2,1092)
r(81,15,2,1093)
w(31,8,2,1093)
r(87,11,2,1094)
r(74,17,2,1094)
w(36,15,2,1095)
w(71,16,2,1095)
w(3,13,2,1096)
r(8,12,2,1096)
w(91,14,2,1097)
r(93,8,2,1097)
r(30,9,2,1098)
w(98,12,2,1098)
r(17,15,2,1099)
w(8,13,2,1099)
w(23,18,2,1100)
r(55,15,2,1100)
r(14,15,2,1101)
w(45,12,2,1101)
r(41,11,2,1102)
w(8,14,2,1102)
r(19,6,2,1103)
r(15,16,2,1103)
w(65,16,2,1104)
r(48,10,2,1104)
r(70,9,2,1105)
r(71,16,2,1105)
r(38,15,2,1106)
w(96,15,2,1106)
w(38,16,2,1107)
r(69,9,2,1107)
r(5,16,2,1108)
w(24,10,2,1108)
w(55,16,2,1109)
r(12,11,2,1109)
r(92,7,2,1110)
r(85,13,2,1110)
r(71,16,2,1111)
r(13,12,2,1111)
r(82,12,2,1112)
w(45,13,2,1112)
r(83,12,2,1113)
w(43,10,2,1113)
r(65,16,2,1114)
w(13,13,2,1114)
w(6,8,2,1115)
w(27,15,2,1115)
r(78,12,2,1116)
w(33,15,2,1116)
r(68,13,2,1117)
w(17,16,2,1117)
r(81,15,2,1118)
w(62,11,2,1118)
r(24,10,2,1119)
r(60,14,2,1119)
r(38,16,2,1120)
r(4,10,2,1120)
w(35,9,2,1121)
w(91,15,2,1121)
w(92,8,2,1122)
w(75,6,2,1122)
w(92,9,2,1123)
r(38,16,2,1123)
r(84,11,2,1124)
r(62,11,2,1124)
r(61,9,2,1125)
r(86,10,2,1125)
r(66,5,2,1126)
w(97,17,2,1126)
w(70,10,2,1127)
r(70,10,2,1127)
w(15,17,2,1128)
w(11,13,2,1128)
w(27,16,2,1129)
w(29,21,2,1129)
w(16,15,2,1130)
w(25,14,2,1130)
r(12,11,2,1131)
w(31,9,2,1131)
w(6,9,2,1132)
r(62,11,2,1132)
w(27,17,2,1133)
w(59,8,2,1133)
w(21,11,2,1134)
r(93,8,2,1134)
w(53,8,2,1135)
w(3,14,2,1135)
r(95,9,2,1136)
r(8,14,2,1136)
w(2,8,2,1137)
r(20,12,2,1137)
r(8,14,2,1138)
w(71,17,2,1138)
w(79,15,2,1139)
w(46,13,2,1139)
w(18,19,2,1140)
r(94,9,2,1140)
r(21,11,2,1141)
r(51,8,2,1141)
r(0,14,2,1142)
r(38,16,2,1142)
w(9,11,2,1143)
r(58,8,2,1143)
r(11,13,2,1144)
r(17,16,2,1144)
w(42,12,2,1145)
r(53,8,2,1145)
w(51,9,2,1146)
w(88,13,2,1146)
r(65,16,2,1147)
r(36,15,2,1147)
w(24,11,2,1148)
w(39,15,2,1148)
w(95,10,2,1149)
r(78,12,2,1149)
w(12,12,2,1150)
r(50,12,2,1150)
r(92,9,2,1151)
w(24,12,2,1151)
r(66,5,2,1152)
w(14,16,2,1152)
r(57,6,2,1153)
w(37,12,2,1153)
r(84,11,2,1154)
w(42,13,2,1154)
r(20,12,2,1155)
w(59,9,2,1155)
w(54,14,2,1156)
r(95,10,2,1156)
r(35,9,2,1157)
w(67,16,2,1157)
w(3,15,2,1158)
r(25,14,2,1158)
w(8,15,2,1159)
w(57,7,2,1159)
w(6,10,2,1160)
w(81,16,2,1160)
r(39,15,2,1161)
r(41,11,2,1161)
r(43,10,2,1162)
r(41,11,2,1162)
r(91,15,2,1163)
w(71,18,2,1163)
r(81,16,2,1164)
w(6,11,2,1164)
w(69,10,2,1165)
w(44,11,2,1165)
r(23,18,2,1166)
r(90,9,2,1166)
w(10,12,2,1167)
w(3,16,2,1167)
w(93,9,2,1168)
w(88,14,2,1168)
r(85,13,2,1169)
w(90,10,2,1169)
r(26,10,2,1170)
w(80,6,2,1170)
r(57,7,2,1171)
w(23,19,2,1171)
r(30,9,2,1172)
w(46,14,2,1172)
r(6,11,2,1173)
r(29,21,2,1173)
w(34,13,2,1174)
r(46,14,2,1174)
w(74,18,2,1175)
r(82,12,2,1175)
w(9,12,2,1176)
r(39,15,2,1176)
r(84,11,2,1177)
w(28,17,2,1177)
w(58,9,2,1178)
w(23,20,2,1178)
r(53,8,2,1179)
w(16,16,2,1179)
w(44,12,2,1180)
w(5,17,2,1180)
r(31,9,2,1181)
w(16,17,2,1181)
r(15,17,2,1182)
w(82,13,2,1182)
r(50,12,2,1183)
w(94,10,2,1183)
w(3,17,2,1184)
w(77,14,2,1184)
r(95,10,2,1185)
w(42,14,2,1185)
w(67,17,2,1186)
w(94,11,2,1186)
r(65,16,2,1187)
w(28,18,2,1187)
w(86,11,2,1188)
r(68,13,2,1188)
r(46,14,2,1189)
r(11,13,2,1189)
r(28,18,2,1190)
r(15,17,2,1190)
r(81,16,2,1191)
r(12,12,2,1191)
r(34,13,2,1192)
r(83,12,2,1192)
w(2,9,2,1193)
w(86,12,2,1193)
w(1,14,2,1194)
w(80,7,2,1194)
r(6,11,2,1195)
w(36,16,2,1195)
w(29,22,2,1196)
w(41,12,2,1196)
w(46,15,2,1197)
r(99,11,2,1197)
r(49,4,2,1198)
r(77,14,2,1198)
w(60,15,2,1199)
r(47,12,2,1199)
r(63,6,2,1200)
r(83,12,2,1200)
r(77,14,2,1201)
w(46,16,2,1201)
w(92,10,2,1202)
r(55,16,2,1202)
w(36,17,2,1203)
w(87,12,2,1203)
r(48,10,2,1204)
r(76,9,2,1204)
r(72,10,2,1205)
w(79,16,2,1205)
w(47,13,2,1206)
r(92,10,2,1206)
r(21,11,2,1207)
w(0,15,2,1207)
r(57,7,2,1208)
r(66,5,2,1208)
w(81,17,2,1209)
w(12,13,2,1209)
r(9,12,2,1210)
r(52,11,2,1210)
r(11,13,2,1211)
w(64,9,2,1211)
w(78,13,2,1212)
w(0,16,2,1212)
w(72,11,2,1213)
r(53,8,2,1213)
w(45,14,2,1214)
r(99,11,2,1214)
r(79,16,2,1215)
r(10,12,2,1215)
w(20,13,2,1216)
r(55,16,2,1216)
w(29,23,2,1217)
r(43,10,2,1217)
r(9,12,2,1218)
r(19,6,2,1218)
r(77,14,2,1219)
r(80,7,2,1219)
w(62,12,2,1220)
w(62,13,2,1220)
r(17,16,2,1221)
r(92,10,2,1221)
w(98,13,2,1222)
w(87,13,2,1222)
w(19,7,2,1223)
r(89,8,2,1223)
r(9,12,2,1224)
r(35,9,2,1224)
r(59,9,2,1225)
w(69,11,2,1225)
w(40,12,2,1226)
w(99,12,2,1226)
w(51,10,2,1227)
r(25,14,2,1227)
r(54,14,2,1228)
r(94,11,2,1228)
w(44,13,2,1229)
r(9,12,2,1229)
w(76,10,2,1230)
w(14,17,2,1230)
r(22,7,2,1231)
r(87,13,2,1231)
w(63,7,2,1232)
w(78,14,2,1232)
r(42,14,2,1233)
r(28,18,2,1233)
w(68,14,2,1234)
w(79,17,2,1234)
r(67,17,2,1235)
w(30,10,2,1235)
w(19,8,2,1236)
r(34,13,2,1236)
r(52,11,2,1237)
r(53,8,2,1237)
r(38,16,2,1238)
w(4,11,2,1238)
r(86,12,2,1239)
w(88,15,2,1239)
r(23,20,2,1240)
w(46,17,2,1240)
r(74,18,2,1241)
w(65,17,2,1241)
r(57,7,2,1242)
r(12,13,2,1242)
w(33,16,2,1243)
w(65,18,2,1243)
w(16,18,2,1244)
w(27,18,2,1244)
w(6,12,2,1245)
w(66,6,2,1245)
r(8,15,2,1246)
w(35,10,2,1246)
r(18,19,2,1247)
w(39,16,2,1247)
w(22,8,2,1248)
w(53,9,2,1248)
r(60,15,2,1249)
r(45,14,2,1249)
w(59,10,2,1250)
r(94,11,2,1250)
r(63,7,2,1251)
w(88,16,2,1251)
r(57,7,2,1252)
r(19,8,2,1252)
r(41,12,2,1253)
w(29,24,2,1253)
r(1,14,2,1254)
r(50,12,2,1254)
r(79,17,2,1255)
r(7,12,2,1255)
r(34,13,2,1256)
w(34,14,2,1256)
r(7,12,2,1257)
w(30,11,2,1257)
r(35,10,2,1258)
w(28,19,2,1258)
w(0,17,2,1259)
w(43,11,2,1259)
w(39,17,2,1260)
r(27,18,2,1260)
r(43,11,2,1261)
w(93,10,2,1261)
w(71,19,2,1262)
r(79,17,2,1262)
r(23,20,2,1263)
w(10,13,2,1263)
r(71,19,2,1264)
r(40,12,2,1264)
w(28,20,2,1265)
w(94,12,2,1265)
r(12,13,2,1266)
r(65,18,2,1266)
r(30,11,2,1267)
w(99,13,2,1267)
r(97,17,2,1268)
r(50,12,2,1268)
r(55,16,2,1269)
r(7,12,2,1269)
r(37,12,2,1270)
w(69,12,2,1270)
r(67,17,2,1271)
r(80,7,2,1271)
r(25,14,2,1272)
w(68,15,2,1272)
r(35,10,2,1273)
r(72,11,2,1273)
w(55,17,2,1274)
r(97,17,2,1274)
r(54,14,2,1275)
r(41,12,2,1275)
w(41,13,2,1276)
w(42,15,2,1276)
r(14,17,2,1277)
w(29,25,2,1277)
w(25,15,2,1278)
r(7,12,2,1278)
w(57,8,2,1279)
r(63,7,2,1279)
w(61,10,2,1280)
w(35,11,2,1280)
r(26,10,2,1281)
r(83,12,2,1281)
w(73,6,2,1282)
w(0,18,2,1282)
w(14,18,2,1283)
r(50,12,2,1283)
r(75,6,2,1284)
w(65,19,2,1284)
w(35,12,2,1285)
r(54,14,2,1285)
r(0,18,2,1286)
r(91,15,2,1286)
w(61,11,2,1287)
r(60,15,2,1287)
w(59,11,2,1288)
r(1,14,2,1288)
r(89,8,2,1289)
w(66,7,2,1289)
r(84,11,2,1290)
r(38,16,2,1290)
r(13,13,2,1291)
w(15,18,2,1291)
r(22,8,2,1292)
w(88,17,2,1292)
r(22,8,2,1293)
w(70,11,2,1293)
r(89,8,2,1294)
w(2,10,2,1294)
r(27,18,2,1295)
r(95,10,2,1295)
w(3,18,2,1296)
w(90,11,2,1296)
w(70,12,2,1297)
w(78,15,2,1297)
w(25,16,2,1298)
r(81,17,2,1298)
r(60,15,2,1299)
r(42,15,2,1299)
r(20,13,2,1300)
r(83,12,2,1300)
w(17,17,2,1301)
r(84,11,2,1301)
w(44,14,2,1302)
r(30,11,2,1302)
r(40,12,2,1303)
r(42,15,2,1303)
w(74,19,2,1304)
r(77,14,2,1304)
r(23,20,2,1305)
r(76,10,2,1305)
r(60,15,2,1306)
w(97,18,2,1306)
r(71,19,2,1307)
r(34,14,2,1307)
r(76,10,2,1308)
w(98,14,2,1308)
w(29,26,2,1309)
r(80,7,2,1309)
w(53,10,2,1310)
r(38,16,2,1310)
w(99,14,2,1311)
r(35,12,2,1311)
r(14,18,2,1312)
r(60,15,2,1312)
r(21,11,2,1313)
r(9,12,2,1313)
w(28,21,2,1314)
r(50,12,2,1314)
r(67,17,2,1315)
w(0,19,2,1315)
r(50,12,2,1316)
r(80,7,2,1316)
r(76,10,2,1317)
w(16,19,2,1317)
r(71,19,2,1318)
r(47,13,2,1318)
r(39,17,2,1319)
w(54,15,2,1319)
r(40,12,2,1320)
w(80,8,2,1320)
w(24,13,2,1321)
r(92,10,2,1321)
r(10,13,2,1322)
r(72,11,2,1322)
r(69,12,2,1323)
w(18,20,2,1323)
w(46,18,2,1324)
r(10,13,2,1324)
r(94,12,2,1325)
w(36,18,2,1325)
r(8,15,2,1326)
w(52,12,2,1326)
w(47,14,2,1327)
w(87,14,2,1327)
w(39,18,2,1328)
w(8,16,2,1328)
w(82,14,2,1329)
w(83,13,2,1329)
w(59,12,2,1330)
r(3,18,2,1330)
r(22,8,2,1331)
w(2,11,2,1331)
w(29,27,2,1332)
w(19,9,2,1332)
r(92,10,2,1333)
w(98,15,2,1333)
w(50,13,2,1334)
r(22,8,2,1334)
r(31,9,2,1335)
r(44,14,2,1335)
w(34,15,2,1336)
w(17,18,2,1336)
w(47,15,2,1337)
w(65,20,2,1337)
w(83,14,2,1338)
w(59,13,2,1338)
r(88,17,2,1339)
r(50,13,2,1339)
w(37,13,2,1340)
w(91,16,2,1340)
w(14,19,2,1341)
r(30,11,2,1341)
r(1,14,2,1342)
w(90,12,2,1342)
w(47,16,2,1343)
r(45,14,2,1343)
r(99,14,2,1344)
r(92,10,2,1344)
r(37,13,2,1345)
r(56,9,2,1345)
r(74,19,2,1346)
w(99,15,2,1346)
r(97,18,2,1347)
r(34,15,2,1347)
w(50,14,2,1348)
w(96,16,2,1348)
r(41,13,2,1349)
w(91,17,2,1349)
w(68,16,2,1350)
r(53,10,2,1350)
w(86,13,2,1351)
r(86,13,2,1351)
w(83,15,2,1352)
w(53,11,2,1352)
w(56,10,2,1353)
w(11,14,2,1353)
r(47,16,2,1354)
r(35,12,2,1354)
w(48,11,2,1355)
w(7,13,2,1355)
r(29,27,2,1356)
w(26,11,2,1356)
r(72,11,2,1357)
r(59,13,2,1357)
r(48,11,2,1358)
r(26,11,2,1358)
w(50,15,2,1359)
r(67,17,2,1359)
w(16,20,2,1360)
r(19,9,2,1360)
w(91,18,2,1361)
w(74,20,2,1361)
r(66,7,2,1362)
r(49,4,2,1362)
w(38,17,2,1363)
r(29,27,2,1363)
r(78,15,2,1364)
w(57,9,2,1364)
r(27,18,2,1365)
w(37,14,2,1365)
w(83,16,2,1366)
w(69,13,2,1366)
r(58,9,2,1367)
w(80,9,2,1367)
r(48,11,2,1368)
r(83,16,2,1368)
r(80,9,2,1369)
w(79,18,2,1369)
r(5,17,2,1370)
w(83,17,2,1370)
r(17,18,2,1371)
w(48,12,2,1371)
w(97,19,2,1372)
w(20,14,2,1372)
r(2,11,2,1373)
w(67,18,2,1373)
r(46,18,2,1374)
r(95,10,2,1374)
r(20,14,2,1375)
r(80,9,2,1375)
r(32,13,2,1376)
r(58,9,2,1376)
w(97,20,2,1377)
w(73,7,2,1377)
r(67,18,2,1378)
w(6,13,2,1378)
r(28,21,2,1379)
r(15,18,2,1379)
r(17,18,2,1380)
r(56,10,2,1380)
w(4,12,2,1381)
r(61,11,2,1381)
w(25,17,2,1382)
r(16,20,2,1382)
r(46,18,2,1383)
r(63,7,2,1383)
r(75,6,2,1384)
r(27,18,2,1384)
r(44,14,2,1385)
r(97,20,2,1385)
w(94,13,2,1386)
w(81,18,2,1386)
w(36,19,2,1387)
r(36,19,2,1387)
w(45,15,2,1388)
r(29,27,2,1388)
r(50,15,2,1389)
r(56,10,2,1389)
w(91,19,2,1390)
w(98,16,2,1390)
w(38,18,2,1391)
r(13,13,2,1391)
r(81,18,2,1392)
w(69,14,2,1392)
r(37,14,2,1393)
w(27,19,2,1393)
r(77,14,2,1394)
r(22,8,2,1394)
w(89,9,2,1395)
w(28,22,2,1395)
w(88,18,2,1396)
r(48,12,2,1396)
w(6,14,2,1397)
r(91,19,2,1397)
w(28,23,2,1398)
w(58,10,2,1398)
w(48,13,2,1399)
w(88,19,2,1399)
w(60,16,2,1400)
w(52,13,2,1400)
r(16,20,2,1401)
w(41,14,2,1401)
w(85,14,2,1402)
w(76,11,2,1402)
r(3,18,2,1403)
w(48,14,2,1403)
w(23,21,2,1404)
w(77,15,2,1404)
w(28,24,2,1405)
w(96,17,2,1405)
w(56,11,2,1406)
r(19,9,2,1406)
r(47,16,2,1407)
r(38,18,2,1407)
r(95,10,2,1408)
w(57,10,2,1408)
r(84,11,2,1409)
r(51,10,2,1409)
r(87,14,2,1410)
r(40,12,2,1410)
r(28,24,2,1411)
r(33,16,2,1411)
w(11,15,2,1412)
w(32,14,2,1412)
r(25,17,2,1413)
r(54,15,2,1413)
r(61,11,2,1414)
w(78,16,2,1414)
r(4,12,2,1415)
w(58,11,2,1415)
w(90,13,2,1416)
w(9,13,2,1416)
r(7,13,2,1417)
r(15,18,2,1417)
w(86,14,2,1418)
r(45,15,2,1418)
r(72,11,2,1419)
w(30,12,2,1419)
w(44,15,2,1420)
w(11,16,2,1420)
r(42,15,2,1421)
r(62,13,2,1421)
w(79,19,2,1422)
r(52,13,2,1422)
w(61,12,2,1423)
w(40,13,2,1423)
w(88,20,2,1424)
w(59,14,2,1424)
w(70,13,2,1425)
r(23,21,2,1425)
w(98,17,2,1426)
w(44,16,2,1426)
r(23,21,2,1427)
w(2,12,2,1427)
w(47,17,2,1428)
w(68,17,2,1428)
w(5,18,2,1429)
w(40,14,2,1429)
w(52,14,2,1430)
w(55,18,2,1430)
r(73,7,2,1431)
w(89,10,2,1431)
r(87,14,2,1432)
r(86,14,2,1432)
r(52,14,2,1433)
r(18,20,2,1433)
w(75,7,2,1434)
w(65,21,2,1434)
w(38,19,2,1435)
r(23,21,2,1435)
w(60,17,2,1436)
w(80,10,2,1436)
w(4,13,2,1437)
r(79,19,2,1437)
w(94,14,2,1438)
w(97,21,2,1438)
w(79,20,2,1439)
w(43,12,2,1439)
r(95,10,2,1440)
w(95,11,2,1440)
r(58,11,2,1441)
r(41,14,2,1441)
w(98,18,2,1442)
w(33,17,2,1442)
r(21,11,2,1443)
r(41,14,2,1443)
r(34,15,2,1444)
w(16,21,2,1444)
w(61,13,2,1445)
w(17,19,2,1445)
w(19,10,2,1446)
r(32,14,2,1446)
r(64,9,2,1447)
r(93,10,2,1447)
w(5,19,2,1448)
w(68,18,2,1448)
r(70,13,2,1449)
w(17,20,2,1449)
r(35,12,2,1450)
r(56,11,2,1450)
w(16,22,2,1451)
r(10,13,2,1451)
w(32,15,2,1452)
r(37,14,2,1452)
r(87,14,2,1453)
r(60,17,2,1453)
r(25,17,2,1454)
r(53,11,2,1454)
w(26,12,2,1455)
r(58,11,2,1455)
r(94,14,2,1456)
r(41,14,2,1456)
w(21,12,2,1457)
r(42,15,2,1457)
r(85,14,2,1458)
r(11,16,2,1458)
w(81,19,2,1459)
r(50,15,2,1459)
r(84,11,2,1460)
w(74,21,2,1460)
w(68,19,2,1461)
r(30,12,2,1461)
w(41,15,2,1462)
r(35,12,2,1462)
r(80,10,2,1463)
w(66,8,2,1463)
w(10,14,2,1464)
r(79,20,2,1464)
w(88,21,2,1465)
w(67,19,2,1465)
w(68,20,2,1466)
w(57,11,2,1466)
w(38,20,2,1467)
r(84,11,2,1467)
r(68,20,2,1468)
r(37,14,2,1468)
w(36,20,2,1469)
r(97,21,2,1469)
r(90,13,2,1470)
w(69,15,2,1470)
w(11,17,2,1471)
r(30,12,2,1471)
w(22,9,2,1472)
w(89,11,2,1472)
r(84,11,2,1473)
w(58,12,2,1473)
w(62,14,2,1474)
w(46,19,2,1474)
r(11,17,2,1475)
w(33,18,2,1475)
r(19,10,2,1476)
r(12,13,2,1476)
r(41,15,2,1477)
w(19,11,2,1477)
w(23,22,2,1478)
r(92,10,2,1478)
r(28,24,2,1479)
r(79,20,2,1479)
w(60,18,2,1480)
w(44,17,2,1480)
w(8,17,2,1481)
w(98,19,2,1481)
r(30,12,2,1482)
w(89,12,2,1482)
r(74,21,2,1483)
w(20,15,2,1483)
w(60,19,2,1484)
w(25,18,2,1484)
w(75,8,2,1485)
r(46,19,2,1485)
r(54,15,2,1486)
r(48,14,2,1486)
w(30,13,2,1487)
w(64,10,2,1487)
r(66,8,2,1488)
r(88,21,2,1488)
r(42,15,2,1489)
w(20,16,2,1489)
r(59,14,2,1490)
r(8,17,2,1490)
r(36,20,2,1491)
w(30,14,2,1491)
w(44,18,2,1492)
w(83,18,2,1492)
r(82,14,2,1493)
r(38,20,2,1493)
w(41,16,2,1494)
w(84,12,2,1494)
r(87,14,2,1495)
r(45,15,2,1495)
w(3,19,2,1496)
w(54,16,2,1496)
r(19,11,2,1497)
r(1,14,2,1497)
w(30,15,2,1498)
r(68,20,2,1498)
w(45,16,2,1499)
r(8,17,2,1499)
