r(24,1,0,0)
w(80,1,0,0)
r(97,1,0,1)
w(56,1,0,1)
w(31,1,0,2)
w(72,1,0,2)
r(37,1,0,3)
r(83,1,0,3)
w(91,1,0,4)
w(4,1,0,4)
r(87,1,0,5)
w(15,1,0,5)
r(30,1,0,6)
w(14,1,0,6)
w(4,2,0,7)
r(2,1,0,7)
r(20,1,0,8)
r(67,1,0,8)
w(83,1,0,9)
w(28,1,0,9)
w(52,1,0,10)
r(66,1,0,10)
w(95,1,0,11)
w(8,1,0,11)
r(17,1,0,12)
w(75,1,0,12)
r(85,1,0,13)
w(23,1,0,13)
w(51,1,0,14)
w(13,1,0,14)
r(25,1,0,15)
w(53,1,0,15)
r(92,1,0,16)
w(69,1,0,16)
r(13,1,0,17)
r(62,1,0,17)
r(60,1,0,18)
r(78,1,0,18)
r(16,1,0,19)
r(29,1,0,19)
w(78,1,0,20)
r(80,1,0,20)
r(56,1,0,21)
r(41,1,0,21)
r(8,1,0,22)
w(20,1,0,22)
w(0,1,0,23)
r(13,1,0,23)
r(84,1,0,24)
r(96,1,0,24)
r(53,1,0,25)
r(72,1,0,25)
w(80,2,0,26)
w(61,1,0,26)
r(60,1,0,27)
r(23,1,0,27)
w(48,1,0,28)
w(56,2,0,28)
w(22,1,0,29)
w(9,1,0,29)
r(58,1,0,30)
r(87,1,0,30)
w(42,1,0,31)
r(74,1,0,31)
r(18,1,0,32)
r(48,1,0,32)
r(43,1,0,33)
r(81,1,0,33)
r(7,1,0,34)
r(57,1,0,34)
w(30,1,0,35)
w(77,1,0,35)
r(6,1,0,36)
w(65,1,0,36)
w(38,1,0,37)
w(98,1,0,37)
w(55,1,0,38)
w(65,2,0,38)
w(15,2,0,39)
w(17,1,0,39)
r(82,1,0,40)
w(68,1,0,40)
r(68,1,0,41)
w(61,2,0,41)
r(3,1,0,42)
r(88,1,0,42)
r(3,1,0,43)
w(53,2,0,43)
r(94,1,0,44)
w(29,1,0,44)
w(21,1,0,45)
r(59,1,0,45)
r(27,1,0,46)
w(69,2,0,46)
w(30,2,0,47)
r(93,1,0,47)
w(12,1,0,48)
w(31,2,0,48)
r(8,1,0,49)
r(89,1,0,49)
w(84,1,0,50)
w(59,1,0,50)
r(52,1,0,51)
w(15,3,0,51)
r(55,1,0,52)
w(12,2,0,52)
w(7,1,0,53)
r(41,1,0,53)
r(5,1,0,54)
r(31,2,0,54)
r(62,1,0,55)
r(23,1,0,55)
w(9,2,0,56)
r(17,1,0,56)
w(37,1,0,57)
r(58,1,0,57)
r(20,1,0,58)
r(69,2,0,58)
w(59,2,0,59)
r(29,1,0,59)
w(1,1,0,60)
w(62,1,0,60)
w(67,1,0,61)
w(62,2,0,61)
r(70,1,0,62)
w(24,1,0,62)
r(1,1,0,63)
r(24,1,0,63)
w(51,2,0,64)
r(44,1,0,64)
r(65,2,0,65)
r(46,1,0,65)
r(62,2,0,66)
r(36,1,0,66)
w(66,1,0,67)
r(94,1,0,67)
r(62,2,0,68)
w(16,1,0,68)
r(56,2,0,69)
r(75,1,0,69)
r(91,1,0,70)
r(55,1,0,70)
r(12,2,0,71)
w(41,1,0,71)
r(74,1,0,72)
r(15,3,0,72)
w(84,2,0,73)
r(40,1,0,73)
r(59,2,0,74)
r(76,1,0,74)
w(96,1,0,75)
r(89,1,0,75)
r(93,1,0,76)
w(58,1,0,76)
w(21,2,0,77)
w(20,2,0,77)
w(90,1,0,78)
r(60,1,0,78)
w(27,1,0,79)
w(30,3,0,79)
r(70,1,0,80)
r(8,1,0,80)
r(72,1,0,81)
r(50,1,0,81)
w(14,2,0,82)
r(59,2,0,82)
r(31,2,0,83)
r(72,1,0,83)
w(14,3,0,84)
w(91,2,0,84)
w(75,2,0,85)
w(75,3,0,85)
r(18,1,0,86)
w(64,1,0,86)
r(18,1,0,87)
r(31,2,0,87)
w(16,2,0,88)
w(3,1,0,88)
r(28,1,0,89)
r(61,2,0,89)
w(81,1,0,90)
r(98,1,0,90)
w(59,3,0,91)
r(4,2,0,91)
r(42,1,0,92)
w(28,2,0,92)
r(16,2,0,93)
r(75,3,0,93)
r(8,1,0,94)
r(15,3,0,94)
r(74,1,0,95)
r(57,1,0,95)
r(52,1,0,96)
w(83,2,0,96)
w(96,2,0,97)
r(27,1,0,97)
r(40,1,0,98)
w(32,1,0,98)
w(5,1,0,99)
w(29,2,0,99)
r(28,2,0,100)
w(44,1,0,100)
w(4,3,0,101)
w(38,2,0,101)
r(2,1,0,102)
r(14,3,0,102)
w(19,1,0,103)
r(55,1,0,103)
w(82,1,0,104)
w(51,3,0,104)
w(33,1,0,105)
w(87,1,0,105)
w(41,2,0,106)
r(12,2,0,106)
r(36,1,0,107)
r(67,1,0,107)
r(89,1,0,108)
w(89,1,0,108)
r(0,1,0,109)
r(11,1,0,109)
w(14,4,0,110)
w(52,2,0,110)
w(25,1,0,111)
w(77,2,0,111)
r(36,1,0,112)
w(69,3,0,112)
r(50,1,0,113)
r(71,1,0,113)
w(33,2,0,114)
w(91,3,0,114)
r(63,1,0,115)
r(72,1,0,115)
w(66,2,0,116)
w(95,2,0,116)
w(87,2,0,117)
r(33,2,0,117)
r(6,1,0,118)
w(99,1,0,118)
w(23,2,0,119)
w(5,2,0,119)
r(62,2,0,120)
w(13,2,0,120)
r(6,1,0,121)
w(45,1,0,121)
r(84,2,0,122)
w(0,2,0,122)
r(29,2,0,123)
r(61,2,0,123)
w(15,4,0,124)
r(39,1,0,124)
r(3,1,0,125)
r(88,1,0,125)
w(89,2,0,126)
r(32,1,0,126)
w(94,1,0,127)
w(90,2,0,127)
r(57,1,0,128)
r(60,1,0,128)
r(29,2,0,129)
w(17,2,0,129)
w(5,3,0,130)
w(52,3,0,130)
w(38,3,0,131)
r(38,3,0,131)
w(95,3,0,132)
r(52,3,0,132)
r(28,2,0,133)
w(22,2,0,133)
w(78,2,0,134)
w(30,4,0,134)
w(34,1,0,135)
w(21,3,0,135)
r(73,1,0,136)
r(77,2,0,136)
r(95,3,0,137)
w(62,3,0,137)
w(17,3,0,138)
w(7,2,0,138)
r(27,1,0,139)
w(79,1,0,139)
r(30,4,0,140)
r(81,1,0,140)
w(31,3,0,141)
w(41,3,0,141)
r(71,1,0,142)
w(9,3,0,142)
w(37,2,0,143)
w(64,2,0,143)
w(79,2,0,144)
w(82,2,0,144)
w(5,4,0,145)
r(43,1,0,145)
w(32,2,0,146)
w(37,3,0,146)
r(19,1,0,147)
r(95,3,0,147)
w(12,3,0,148)
r(37,3,0,148)
r(64,2,0,149)
r(55,1,0,149)
w(67,2,0,150)
r(19,1,0,150)
w(38,4,0,151)
w(59,4,0,151)
w(70,1,0,152)
w(5,5,0,152)
w(75,4,0,153)
w(67,3,0,153)
w(21,4,0,154)
w(35,1,0,154)
r(35,1,0,155)
r(17,3,0,155)
r(20,2,0,156)
w(63,1,0,156)
r(74,1,0,157)
w(20,3,0,157)
r(77,2,0,158)
w(90,3,0,158)
w(95,4,0,159)
w(55,2,0,159)
w(10,1,0,160)
r(54,1,0,160)
w(73,1,0,161)
r(2,1,0,161)
r(16,2,0,162)
r(86,1,0,162)
w(2,1,0,163)
w(34,2,0,163)
w(22,3,0,164)
w(42,2,0,164)
w(3,2,0,165)
w(52,4,0,165)
w(47,1,0,166)
r(19,1,0,166)
r(14,4,0,167)
r(84,2,0,167)
w(72,2,0,168)
w(68,2,0,168)
w(44,2,0,169)
r(5,5,0,169)
w(71,1,0,170)
r(19,1,0,170)
w(23,3,0,171)
w(14,5,0,171)
r(29,2,0,172)
w(69,4,0,172)
w(92,1,0,173)
r(96,2,0,173)
w(36,1,0,174)
r(97,1,0,174)
w(42,3,0,175)
w(31,4,0,175)
w(57,1,0,176)
w(0,3,0,176)
r(91,3,0,177)
w(52,5,0,177)
w(74,1,0,178)
w(31,5,0,178)
r(11,1,0,179)
w(85,1,0,179)
r(3,2,0,180)
w(45,2,0,180)
w(71,2,0,181)
r(1,1,0,181)
w(4,4,0,182)
r(14,5,0,182)
r(94,1,0,183)
r(54,1,0,183)
r(84,2,0,184)
w(30,5,0,184)
w(81,2,0,185)
r(70,1,0,185)
r(80,2,0,186)
r(99,1,0,186)
w(83,3,0,187)
w(12,4,0,187)
r(1,1,0,188)
w(61,3,0,188)
r(28,2,0,189)
w(62,4,0,189)
w(11,1,0,190)
r(67,3,0,190)
r(13,2,0,191)
w(99,2,0,191)
w(37,4,0,192)
r(14,5,0,192)
w(76,1,0,193)
r(46,1,0,193)
w(62,5,0,194)
w(95,5,0,194)
r(24,1,0,195)
w(95,6,0,195)
w(77,3,0,196)
r(88,1,0,196)
w(22,4,0,197)
r(81,2,0,197)
w(85,2,0,198)
w(74,2,0,198)
r(4,4,0,199)
w(33,3,0,199)
r(21,4,0,200)
r(85,2,0,200)
w(26,1,0,201)
w(89,3,0,201)
r(82,2,0,202)
w(71,3,0,202)
r(16,2,0,203)
r(16,2,0,203)
w(78,3,0,204)
r(75,4,0,204)
w(15,5,0,205)
r(79,2,0,205)
w(3,3,0,206)
w(55,3,0,206)
r(15,5,0,207)
w(4,5,0,207)
w(48,2,0,208)
r(13,2,0,208)
r(52,5,0,209)
w(0,4,0,209)
w(12,5,0,210)
w(30,6,0,210)
w(80,3,0,211)
w(17,4,0,211)
w(46,1,0,212)
r(70,1,0,212)
r(76,1,0,213)
w(85,3,0,213)
r(23,3,0,214)
r(60,1,0,214)
r(94,1,0,215)
r(73,1,0,215)
r(36,1,0,216)
r(29,2,0,216)
r(61,3,0,217)
r(32,2,0,217)
r(59,4,0,218)
r(57,1,0,218)
w(54,1,0,219)
w(21,5,0,219)
r(33,3,0,220)
w(7,3,0,220)
r(1,1,0,221)
w(57,2,0,221)
r(44,2,0,222)
w(3,4,0,222)
r(31,5,0,223)
w(71,4,0,223)
w(49,1,0,224)
r(10,1,0,224)
w(66,3,0,225)
w(50,1,0,225)
w(77,4,0,226)
w(61,4,0,226)
r(81,2,0,227)
r(30,6,0,227)
r(34,2,0,228)
r(73,1,0,228)
r(59,4,0,229)
r(30,6,0,229)
w(53,3,0,230)
r(1,1,0,230)
r(81,2,0,231)
w(72,3,0,231)
w(90,4,0,232)
w(72,4,0,232)
r(88,1,0,233)
r(14,5,0,233)
r(62,5,0,234)
w(11,2,0,234)
r(43,1,0,235)
w(11,3,0,235)
r(52,5,0,236)
w(86,1,0,236)
r(48,2,0,237)
r(17,4,0,237)
w(7,4,0,238)
r(92,1,0,238)
w(95,7,0,239)
r(60,1,0,239)
r(70,1,0,240)
r(39,1,0,240)
r(26,1,0,241)
r(66,3,0,241)
r(9,3,0,242)
r(91,3,0,242)
w(15,6,0,243)
r(2,1,0,243)
w(23,4,0,244)
w(25,2,0,244)
r(61,4,0,245)
r(43,1,0,245)
w(18,1,0,246)
r(98,1,0,246)
r(9,3,0,247)
r(72,4,0,247)
w(52,6,0,248)
r(95,7,0,248)
r(55,3,0,249)
r(62,5,0,249)
r(40,1,0,250)
w(37,5,0,250)
r(19,1,0,251)
r(98,1,0,251)
r(34,2,0,252)
r(98,1,0,252)
r(34,2,0,253)
w(81,3,0,253)
w(71,5,0,254)
w(0,5,0,254)
w(10,2,0,255)
w(15,7,0,255)
r(93,1,0,256)
r(6,1,0,256)
r(32,2,0,257)
w(13,3,0,257)
r(78,3,0,258)
w(79,3,0,258)
r(3,4,0,259)
r(66,3,0,259)
r(2,1,0,260)
w(91,4,0,260)
r(42,3,0,261)
r(57,2,0,261)
w(49,2,0,262)
r(98,1,0,262)
r(85,3,0,263)
w(90,5,0,263)
w(29,3,0,264)
r(34,2,0,264)
r(21,5,0,265)
w(20,4,0,265)
w(34,3,0,266)
w(18,2,0,266)
w(12,6,0,267)
w(9,4,0,267)
r(89,3,0,268)
r(23,4,0,268)
r(54,1,0,269)
r(86,1,0,269)
w(21,6,0,270)
w(96,3,0,270)
w(90,6,0,271)
w(40,1,0,271)
r(31,5,0,272)
r(36,1,0,272)
w(67,4,0,273)
w(87,3,0,273)
r(42,3,0,274)
w(14,6,0,274)
w(33,4,0,275)
r(97,1,0,275)
r(28,2,0,276)
w(14,7,0,276)
r(36,1,0,277)
w(25,3,0,277)
w(4,6,0,278)
w(50,2,0,278)
r(44,2,0,279)
r(74,2,0,279)
r(54,1,0,280)
w(8,2,0,280)
w(79,4,0,281)
w(98,2,0,281)
r(47,1,0,282)
r(6,1,0,282)
r(71,5,0,283)
r(12,6,0,283)
r(69,4,0,284)
r(86,1,0,284)
w(72,5,0,285)
r(13,3,0,285)
r(63,1,0,286)
r(64,2,0,286)
w(37,6,0,287)
w(78,4,0,287)
r(72,5,0,288)
w(61,5,0,288)
w(6,1,0,289)
r(75,4,0,289)
r(93,1,0,290)
r(57,2,0,290)
w(48,3,0,291)
r(17,4,0,291)
r(57,2,0,292)
w(17,5,0,292)
w(96,4,0,293)
r(22,4,0,293)
r(91,4,0,294)
r(33,4,0,294)
r(13,3,0,295)
w(60,1,0,295)
r(14,7,0,296)
r(26,1,0,296)
r(10,2,0,297)
r(31,5,0,297)
r(19,1,0,298)
r(70,1,0,298)
r(63,1,0,299)
r(44,2,0,299)
r(3,4,0,300)
r(4,6,0,300)
r(79,4,0,301)
r(31,5,0,301)
w(91,5,0,302)
w(0,6,0,302)
w(74,3,0,303)
w(9,5,0,303)
r(54,1,0,304)
w(29,4,0,304)
w(13,4,0,305)
w(80,4,0,305)
r(67,4,0,306)
w(65,3,0,306)
w(19,2,0,307)
w(60,2,0,307)
r(36,1,0,308)
r(77,4,0,308)
w(89,4,0,309)
w(52,7,0,309)
r(99,2,0,310)
r(36,1,0,310)
w(32,3,0,311)
w(35,2,0,311)
w(57,3,0,312)
r(24,1,0,312)
w(15,8,0,313)
w(79,5,0,313)
w(70,2,0,314)
r(22,4,0,314)
w(55,4,0,315)
w(56,3,0,315)
w(79,6,0,316)
r(25,3,0,316)
w(50,3,0,317)
r(80,4,0,317)
r(5,5,0,318)
w(14,8,0,318)
r(28,2,0,319)
r(54,1,0,319)
r(77,4,0,320)
r(64,2,0,320)
r(91,5,0,321)
r(97,1,0,321)
w(52,8,0,322)
w(45,3,0,322)
r(35,2,0,323)
r(68,2,0,323)
w(81,4,0,324)
w(87,4,0,324)
r(90,6,0,325)
r(64,2,0,325)
w(73,2,0,326)
w(13,5,0,326)
r(58,1,0,327)
r(26,1,0,327)
r(14,8,0,328)
r(54,1,0,328)
w(16,3,0,329)
r(54,1,0,329)
w(98,3,0,330)
w(53,4,0,330)
r(86,1,0,331)
r(72,5,0,331)
w(21,7,0,332)
r(3,4,0,332)
w(35,3,0,333)
r(52,8,0,333)
w(61,6,0,334)
w(34,4,0,334)
r(96,4,0,335)
w(20,5,0,335)
r(98,3,0,336)
w(35,4,0,336)
w(15,9,0,337)
r(92,1,0,337)
r(49,2,0,338)
r(10,2,0,338)
w(54,2,0,339)
r(31,5,0,339)
w(70,3,0,340)
r(57,3,0,340)
r(8,2,0,341)
r(9,5,0,341)
r(77,4,0,342)
r(38,4,0,342)
w(37,7,0,343)
r(97,1,0,343)
w(67,5,0,344)
r(7,4,0,344)
r(91,5,0,345)
r(81,4,0,345)
r(67,5,0,346)
r(28,2,0,346)
r(82,2,0,347)
r(38,4,0,347)
r(26,1,0,348)
w(42,4,0,348)
w(60,3,0,349)
r(1,1,0,349)
r(34,4,0,350)
r(78,4,0,350)
r(1,1,0,351)
r(72,5,0,351)
r(68,2,0,352)
r(94,1,0,352)
w(64,3,0,353)
w(66,4,0,353)
w(19,3,0,354)
r(22,4,0,354)
w(4,7,0,355)
w(36,2,0,355)
r(38,4,0,356)
r(92,1,0,356)
w(2,2,0,357)
w(6,2,0,357)
r(55,4,0,358)
w(96,5,0,358)
r(15,9,0,359)
r(16,3,0,359)
w(51,4,0,360)
r(69,4,0,360)
w(0,7,0,361)
w(84,3,0,361)
r(32,3,0,362)
w(97,1,0,362)
w(12,7,0,363)
r(87,4,0,363)
w(22,5,0,364)
w(15,10,0,364)
r(52,8,0,365)
w(38,5,0,365)
r(68,2,0,366)
w(48,4,0,366)
w(83,4,0,367)
r(17,5,0,367)
r(61,6,0,368)
r(90,6,0,368)
w(37,8,0,369)
w(83,5,0,369)
r(3,4,0,370)
r(41,3,0,370)
w(73,3,0,371)
w(15,11,0,371)
r(49,2,0,372)
r(80,4,0,372)
r(14,8,0,373)
w(10,3,0,373)
r(15,11,0,374)
w(52,9,0,374)
r(78,4,0,375)
r(55,4,0,375)
r(60,3,0,376)
r(34,4,0,376)
w(67,6,0,377)
w(42,5,0,377)
w(23,5,0,378)
w(1,2,0,378)
r(21,7,0,379)
w(13,6,0,379)
r(89,4,0,380)
w(16,4,0,380)
r(26,1,0,381)
w(90,7,0,381)
w(98,4,0,382)
w(19,4,0,382)
w(25,4,0,383)
w(73,4,0,383)
w(75,5,0,384)
w(50,4,0,384)
w(45,4,0,385)
w(3,5,0,385)
r(3,5,0,386)
r(0,7,0,386)
r(48,4,0,387)
r(41,3,0,387)
w(96,6,0,388)
r(14,8,0,388)
w(74,4,0,389)
w(19,5,0,389)
w(58,2,0,390)
w(25,5,0,390)
w(81,5,0,391)
r(16,4,0,391)
w(42,6,0,392)
w(28,3,0,392)
r(8,2,0,393)
r(99,2,0,393)
r(37,8,0,394)
w(12,8,0,394)
r(17,5,0,395)
r(2,2,0,395)
w(76,2,0,396)
r(54,2,0,396)
w(26,2,0,397)
r(62,5,0,397)
r(29,4,0,398)
r(54,2,0,398)
r(86,1,0,399)
r(81,5,0,399)
w(14,9,0,400)
w(92,2,0,400)
r(64,3,0,401)
w(14,10,0,401)
w(17,6,0,402)
r(1,2,0,402)
r(33,4,0,403)
r(63,1,0,403)
r(0,7,0,404)
w(69,5,0,404)
w(79,7,0,405)
r(55,4,0,405)
w(90,8,0,406)
w(64,4,0,406)
r(73,4,0,407)
w(34,5,0,407)
r(81,5,0,408)
r(47,1,0,408)
r(23,5,0,409)
r(20,5,0,409)
w(98,5,0,410)
w(74,5,0,410)
r(69,5,0,411)
r(33,4,0,411)
w(48,5,0,412)
w(86,2,0,412)
r(31,5,0,413)
w(23,6,0,413)
w(0,8,0,414)
w(54,3,0,414)
w(7,5,0,415)
r(31,5,0,415)
r(55,4,0,416)
r(95,7,0,416)
r(82,2,0,417)
r(54,3,0,417)
w(96,7,0,418)
w(40,2,0,418)
r(20,5,0,419)
r(68,2,0,419)
r(33,4,0,420)
w(22,6,0,420)
r(83,5,0,421)
w(48,6,0,421)
w(78,5,0,422)
r(63,1,0,422)
r(42,6,0,423)
w(46,2,0,423)
r(79,7,0,424)
r(14,10,0,424)
r(9,5,0,425)
r(66,4,0,425)
w(90,9,0,426)
w(5,6,0,426)
w(92,3,0,427)
r(53,4,0,427)
w(21,8,0,428)
r(32,3,0,428)
w(5,7,0,429)
r(47,1,0,429)
w(32,4,0,430)
w(4,8,0,430)
w(35,5,0,431)
r(40,2,0,431)
r(34,5,0,432)
r(53,4,0,432)
r(75,5,0,433)
w(4,9,0,433)
w(46,3,0,434)
r(6,2,0,434)
r(37,8,0,435)
r(4,9,0,435)
r(26,2,0,436)
w(41,4,0,436)
w(43,1,0,437)
w(44,3,0,437)
r(54,3,0,438)
w(57,4,0,438)
r(70,3,0,439)
w(36,3,0,439)
w(67,7,0,440)
r(10,3,0,440)
w(59,5,0,441)
r(59,5,0,441)
w(94,2,0,442)
w(28,4,0,442)
r(21,8,0,443)
r(52,9,0,443)
r(13,6,0,444)
w(95,8,0,444)
r(41,4,0,445)
w(82,3,0,445)
r(39,1,0,446)
w(39,1,0,446)
r(39,1,0,447)
r(52,9,0,447)
w(3,6,0,448)
r(91,5,0,448)
r(72,5,0,449)
r(3,6,0,449)
w(61,7,0,450)
w(88,1,0,450)
r(41,4,0,451)
r(42,6,0,451)
w(30,7,0,452)
w(61,8,0,452)
w(62,6,0,453)
r(68,2,0,453)
w(21,9,0,454)
w(95,9,0,454)
r(71,5,0,455)
r(37,8,0,455)
w(24,2,0,456)
w(37,9,0,456)
w(43,2,0,457)
w(43,3,0,457)
r(83,5,0,458)
w(81,6,0,458)
r(36,3,0,459)
w(61,9,0,459)
w(93,1,0,460)
w(97,2,0,460)
w(80,5,0,461)
w(33,5,0,461)
r(11,3,0,462)
w(3,7,0,462)
w(21,10,0,463)
r(58,2,0,463)
r(79,7,0,464)
w(92,4,0,464)
r(86,2,0,465)
w(30,8,0,465)
w(14,11,0,466)
r(84,3,0,466)
r(98,5,0,467)
w(34,6,0,467)
r(37,9,0,468)
w(44,4,0,468)
w(78,6,0,469)
r(75,5,0,469)
w(46,4,0,470)
w(31,6,0,470)
w(49,3,0,471)
r(58,2,0,471)
r(38,5,0,472)
w(60,4,0,472)
w(77,5,0,473)
r(36,3,0,473)
r(36,3,0,474)
r(19,5,0,474)
w(6,3,0,475)
r(14,11,0,475)
r(98,5,0,476)
w(94,3,0,476)
r(19,5,0,477)
r(10,3,0,477)
w(21,11,0,478)
r(49,3,0,478)
r(86,2,0,479)
r(32,4,0,479)
w(72,6,0,480)
w(92,5,0,480)
w(78,7,0,481)
r(81,6,0,481)
r(14,11,0,482)
r(63,1,0,482)
w(85,4,0,483)
w(4,10,0,483)
w(89,5,0,484)
w(73,5,0,484)
w(11,4,0,485)
r(19,5,0,485)
r(23,6,0,486)
w(46,5,0,486)
r(2,2,0,487)
r(5,7,0,487)
r(51,4,0,488)
w(7,6,0,488)
w(24,3,0,489)
r(97,2,0,489)
r(19,5,0,490)
w(83,6,0,490)
w(15,12,0,491)
r(79,7,0,491)
w(92,6,0,492)
r(89,5,0,492)
w(68,3,0,493)
w(66,5,0,493)
r(80,5,0,494)
w(95,10,0,494)
w(88,2,0,495)
r(48,6,0,495)
r(67,7,0,496)
w(81,7,0,496)
r(48,6,0,497)
r(33,5,0,497)
w(33,6,0,498)
r(97,2,0,498)
r(33,6,0,499)
r(7,6,0,499)
w(4,11,1,500)
r(41,4,1,500)
w(97,3,1,501)
w(23,7,1,501)
r(63,1,1,502)
r(5,7,1,502)
r(57,4,1,503)
r(66,5,1,503)
r(47,1,1,504)
w(21,12,1,504)
r(64,4,1,505)
w(25,6,1,505)
r(92,6,1,506)
r(21,12,1,506)
w(89,6,1,507)
w(34,7,1,507)
r(48,6,1,508)
w(27,2,1,508)
r(52,9,1,509)
w(18,3,1,509)
r(55,4,1,510)
w(47,2,1,510)
w(64,5,1,511)
r(50,4,1,511)
r(49,3,1,512)
r(68,3,1,512)
w(65,4,1,513)
r(40,2,1,513)
r(91,5,1,514)
w(90,10,1,514)
w(63,2,1,515)
w(22,7,1,515)
w(43,4,1,516)
w(68,4,1,516)
w(49,4,1,517)
r(42,6,1,517)
r(71,5,1,518)
r(64,5,1,518)
r(45,4,1,519)
r(94,3,1,519)
w(48,7,1,520)
r(24,3,1,520)
r(72,6,1,521)
r(68,4,1,521)
w(9,6,1,522)
w(1,3,1,522)
r(45,4,1,523)
w(25,7,1,523)
r(86,2,1,524)
r(53,4,1,524)
w(20,6,1,525)
r(93,1,1,525)
r(44,4,1,526)
r(59,5,1,526)
w(80,6,1,527)
r(82,3,1,527)
r(46,5,1,528)
r(48,7,1,528)
w(29,5,1,529)
r(82,3,1,529)
w(30,9,1,530)
r(13,6,1,530)
r(89,6,1,531)
r(45,4,1,531)
r(59,5,1,532)
r(60,4,1,532)
w(46,6,1,533)
r(35,5,1,533)
w(18,4,1,534)
r(61,9,1,534)
r(77,5,1,535)
r(84,3,1,535)
w(83,7,1,536)
r(22,7,1,536)
r(49,4,1,537)
w(3,8,1,537)
r(27,2,1,538)
w(81,8,1,538)
r(53,4,1,539)
w(94,4,1,539)
w(77,6,1,540)
w(23,8,1,540)
w(16,5,1,541)
w(98,6,1,541)
r(41,4,1,542)
w(66,6,1,542)
r(80,6,1,543)
w(7,7,1,543)
w(59,6,1,544)
r(51,4,1,544)
w(68,5,1,545)
r(57,4,1,545)
r(17,6,1,546)
r(85,4,1,546)
w(30,10,1,547)
w(97,4,1,547)
r(86,2,1,548)
w(55,5,1,548)
r(42,6,1,549)
w(95,11,1,549)
r(7,7,1,550)
r(34,7,1,550)
r(2,2,1,551)
w(38,6,1,551)
w(41,5,1,552)
w(67,8,1,552)
r(57,4,1,553)
w(16,6,1,553)
w(28,5,1,554)
r(89,6,1,554)
r(87,4,1,555)
r(53,4,1,555)
r(91,5,1,556)
r(41,5,1,556)
r(31,6,1,557)
w(84,4,1,557)
r(64,5,1,558)
w(85,5,1,558)
w(89,7,1,559)
w(80,7,1,559)
r(90,10,1,560)
r(99,2,1,560)
r(26,2,1,561)
r(55,5,1,561)
r(24,3,1,562)
w(54,4,1,562)
r(92,6,1,563)
r(19,5,1,563)
w(60,5,1,564)
r(70,3,1,564)
w(75,6,1,565)
w(49,5,1,565)
w(4,12,1,566)
w(6,4,1,566)
r(26,2,1,567)
r(93,1,1,567)
r(76,2,1,568)
w(2,3,1,568)
w(17,7,1,569)
w(64,6,1,569)
r(76,2,1,570)
w(66,7,1,570)
r(63,2,1,571)
w(37,10,1,571)
r(55,5,1,572)
r(24,3,1,572)
w(58,3,1,573)
r(11,4,1,573)
w(78,8,1,574)
r(43,4,1,574)
r(3,8,1,575)
w(48,8,1,575)
r(7,7,1,576)
w(25,8,1,576)
r(36,3,1,577)
w(96,8,1,577)
r(75,6,1,578)
r(24,3,1,578)
r(59,6,1,579)
w(96,9,1,579)
r(21,12,1,580)
w(78,9,1,580)
r(56,3,1,581)
w(32,5,1,581)
w(73,6,1,582)
r(88,2,1,582)
w(81,9,1,583)
r(37,10,1,583)
r(24,3,1,584)
w(22,8,1,584)
r(24,3,1,585)
w(11,5,1,585)
r(27,2,1,586)
w(69,6,1,586)
r(23,8,1,587)
w(17,8,1,587)
w(25,9,1,588)
r(2,3,1,588)
w(4,13,1,589)
w(95,12,1,589)
w(65,5,1,590)
w(39,2,1,590)
w(5,8,1,591)
w(38,7,1,591)
r(74,5,1,592)
w(46,7,1,592)
w(50,5,1,593)
w(44,5,1,593)
r(34,7,1,594)
w(24,4,1,594)
r(80,7,1,595)
w(91,6,1,595)
w(85,6,1,596)
r(20,6,1,596)
r(54,4,1,597)
r(40,2,1,597)
r(14,11,1,598)
r(50,5,1,598)
r(39,2,1,599)
r(99,2,1,599)
r(91,6,1,600)
r(31,6,1,600)
r(62,6,1,601)
r(6,4,1,601)
w(42,7,1,602)
r(70,3,1,602)
w(63,3,1,603)
w(32,6,1,603)
r(8,2,1,604)
r(65,5,1,604)
w(76,3,1,605)
r(57,4,1,605)
w(90,11,1,606)
w(79,8,1,606)
r(81,9,1,607)
r(34,7,1,607)
r(18,4,1,608)
w(66,8,1,608)
r(43,4,1,609)
r(78,9,1,609)
w(68,6,1,610)
w(39,3,1,610)
w(38,8,1,611)
r(67,8,1,611)
r(96,9,1,612)
r(24,4,1,612)
w(69,7,1,613)
r(12,8,1,613)
r(75,6,1,614)
w(10,4,1,614)
r(0,8,1,615)
r(91,6,1,615)
r(15,12,1,616)
r(22,8,1,616)
w(81,10,1,617)
r(23,8,1,617)
r(30,10,1,618)
r(40,2,1,618)
r(7,7,1,619)
w(80,8,1,619)
r(41,5,1,620)
r(51,4,1,620)
r(59,6,1,621)
r(46,7,1,621)
r(82,3,1,622)
r(50,5,1,622)
r(5,8,1,623)
r(60,5,1,623)
w(64,7,1,624)
w(24,5,1,624)
r(18,4,1,625)
r(54,4,1,625)
r(16,6,1,626)
r(25,9,1,626)
w(42,8,1,627)
r(26,2,1,627)
r(85,6,1,628)
r(61,9,1,628)
w(72,7,1,629)
w(5,9,1,629)
r(55,5,1,630)
r(99,2,1,630)
w(78,10,1,631)
w(65,6,1,631)
w(40,3,1,632)
w(16,7,1,632)
w(87,5,1,633)
w(95,13,1,633)
w(8,3,1,634)
w(97,5,1,634)
w(89,8,1,635)
r(75,6,1,635)
w(17,9,1,636)
w(9,7,1,636)
w(27,3,1,637)
r(59,6,1,637)
w(47,3,1,638)
w(50,6,1,638)
r(1,3,1,639)
w(42,9,1,639)
w(23,9,1,640)
w(1,4,1,640)
r(85,6,1,641)
r(97,5,1,641)
r(59,6,1,642)
r(96,9,1,642)
w(62,7,1,643)
r(43,4,1,643)
r(34,7,1,644)
r(2,3,1,644)
r(1,4,1,645)
w(2,4,1,645)
w(94,5,1,646)
w(7,8,1,646)
r(57,4,1,647)
w(23,10,1,647)
w(27,4,1,648)
r(97,5,1,648)
w(42,10,1,649)
w(50,7,1,649)
r(55,5,1,650)
w(14,12,1,650)
r(42,10,1,651)
r(17,9,1,651)
w(12,9,1,652)
r(17,9,1,652)
r(2,4,1,653)
w(23,11,1,653)
w(38,9,1,654)
w(33,7,1,654)
r(28,5,1,655)
w(98,7,1,655)
w(6,5,1,656)
r(87,5,1,656)
w(84,5,1,657)
r(38,9,1,657)
r(96,9,1,658)
r(21,12,1,658)
r(48,8,1,659)
r(14,12,1,659)
w(29,6,1,660)
r(44,5,1,660)
r(13,6,1,661)
w(29,7,1,661)
w(67,9,1,662)
w(26,3,1,662)
r(75,6,1,663)
w(61,10,1,663)
w(5,10,1,664)
r(90,11,1,664)
r(71,5,1,665)
w(64,8,1,665)
w(57,5,1,666)
r(61,10,1,666)
w(93,2,1,667)
r(41,5,1,667)
w(94,6,1,668)
r(84,5,1,668)
r(41,5,1,669)
r(65,6,1,669)
r(99,2,1,670)
w(78,11,1,670)
r(95,13,1,671)
r(91,6,1,671)
w(28,6,1,672)
r(71,5,1,672)
w(71,6,1,673)
w(10,5,1,673)
w(55,6,1,674)
r(78,11,1,674)
r(42,10,1,675)
w(9,8,1,675)
w(90,12,1,676)
w(14,13,1,676)
w(65,7,1,677)
r(71,6,1,677)
r(78,11,1,678)
w(54,5,1,678)
w(35,6,1,679)
r(26,3,1,679)
r(54,5,1,680)
r(61,10,1,680)
r(74,5,1,681)
r(51,4,1,681)
w(58,4,1,682)
w(50,8,1,682)
r(22,8,1,683)
r(94,6,1,683)
w(5,11,1,684)
w(63,4,1,684)
w(61,11,1,685)
r(53,4,1,685)
r(1,4,1,686)
r(70,3,1,686)
w(74,6,1,687)
r(57,5,1,687)
w(91,7,1,688)
r(75,6,1,688)
w(20,7,1,689)
w(65,8,1,689)
w(72,8,1,690)
w(63,5,1,690)
r(25,9,1,691)
w(83,8,1,691)
r(34,7,1,692)
r(65,8,1,692)
r(60,5,1,693)
w(96,10,1,693)
w(25,10,1,694)
w(60,6,1,694)
r(80,8,1,695)
r(55,6,1,695)
w(5,12,1,696)
r(90,12,1,696)
w(10,6,1,697)
w(33,8,1,697)
w(11,6,1,698)
r(79,8,1,698)
w(84,6,1,699)
r(76,3,1,699)
w(36,4,1,700)
w(96,11,1,700)
r(35,6,1,701)
w(89,9,1,701)
r(70,3,1,702)
r(0,8,1,702)
w(58,5,1,703)
w(11,7,1,703)
r(36,4,1,704)
w(7,9,1,704)
r(57,5,1,705)
w(35,7,1,705)
w(35,8,1,706)
r(95,13,1,706)
r(39,3,1,707)
w(81,11,1,707)
r(73,6,1,708)
w(5,13,1,708)
r(30,10,1,709)
w(66,9,1,709)
w(18,5,1,710)
w(37,11,1,710)
r(44,5,1,711)
r(82,3,1,711)
r(96,11,1,712)
w(53,5,1,712)
r(63,5,1,713)
r(83,8,1,713)
w(63,6,1,714)
w(61,12,1,714)
w(34,8,1,715)
r(92,6,1,715)
w(78,12,1,716)
w(56,4,1,716)
r(82,3,1,717)
w(71,7,1,717)
r(68,6,1,718)
r(72,8,1,718)
w(61,13,1,719)
r(50,8,1,719)
w(33,9,1,720)
w(89,10,1,720)
r(75,6,1,721)
r(23,11,1,721)
w(34,9,1,722)
r(37,11,1,722)
r(1,4,1,723)
w(87,6,1,723)
r(10,6,1,724)
r(49,5,1,724)
w(74,7,1,725)
w(96,12,1,725)
r(83,8,1,726)
r(59,6,1,726)
w(62,8,1,727)
w(19,6,1,727)
w(35,9,1,728)
r(52,9,1,728)
w(56,5,1,729)
w(65,9,1,729)
w(42,11,1,730)
r(10,6,1,730)
w(28,7,1,731)
w(66,10,1,731)
r(65,9,1,732)
w(13,7,1,732)
r(80,8,1,733)
w(88,3,1,733)
w(96,13,1,734)
w(19,7,1,734)
w(66,11,1,735)
w(23,12,1,735)
w(28,8,1,736)
w(32,7,1,736)
w(74,8,1,737)
w(64,9,1,737)
w(3,9,1,738)
w(85,7,1,738)
w(18,6,1,739)
w(58,6,1,739)
w(58,7,1,740)
r(63,6,1,740)
w(45,5,1,741)
r(21,12,1,741)
r(48,8,1,742)
w(8,4,1,742)
r(88,3,1,743)
r(30,10,1,743)
w(91,8,1,744)
r(90,12,1,744)
r(87,6,1,745)
r(44,5,1,745)
w(85,8,1,746)
r(65,9,1,746)
w(85,9,1,747)
w(52,10,1,747)
r(69,7,1,748)
r(92,6,1,748)
w(56,6,1,749)
r(5,13,1,749)
r(49,5,1,750)
r(86,2,1,750)
r(45,5,1,751)
w(9,9,1,751)
r(78,12,1,752)
w(5,14,1,752)
w(2,5,1,753)
w(9,10,1,753)
r(78,12,1,754)
w(93,3,1,754)
w(24,6,1,755)
r(75,6,1,755)
r(96,13,1,756)
r(20,7,1,756)
r(53,5,1,757)
w(99,3,1,757)
w(52,11,1,758)
w(41,6,1,758)
w(79,9,1,759)
r(32,7,1,759)
w(79,10,1,760)
w(46,8,1,760)
w(15,13,1,761)
w(12,10,1,761)
r(42,11,1,762)
r(7,9,1,762)
w(52,12,1,763)
r(93,3,1,763)
w(54,6,1,764)
r(14,13,1,764)
r(29,7,1,765)
r(77,6,1,765)
r(68,6,1,766)
w(68,7,1,766)
r(7,9,1,767)
w(69,8,1,767)
r(98,7,1,768)
w(28,9,1,768)
r(9,10,1,769)
w(12,11,1,769)
r(84,6,1,770)
w(13,8,1,770)
r(68,7,1,771)
r(33,9,1,771)
w(4,14,1,772)
w(15,14,1,772)
w(11,8,1,773)
r(70,3,1,773)
w(36,5,1,774)
r(39,3,1,774)
w(22,9,1,775)
r(88,3,1,775)
w(78,13,1,776)
r(3,9,1,776)
w(46,9,1,777)
r(25,10,1,777)
w(38,10,1,778)
r(11,8,1,778)
r(69,8,1,779)
r(37,11,1,779)
r(58,7,1,780)
w(12,12,1,780)
w(49,6,1,781)
r(50,8,1,781)
r(69,8,1,782)
r(63,6,1,782)
r(58,7,1,783)
w(42,12,1,783)
r(87,6,1,784)
w(97,6,1,784)
r(2,5,1,785)
w(13,9,1,785)
w(62,9,1,786)
r(48,8,1,786)
w(87,7,1,787)
w(62,10,1,787)
w(15,15,1,788)
r(72,8,1,788)
r(3,9,1,789)
w(0,9,1,789)
r(9,10,1,790)
w(23,13,1,790)
w(78,14,1,791)
w(17,10,1,791)
r(18,6,1,792)
w(49,7,1,792)
r(98,7,1,793)
r(7,9,1,793)
r(95,13,1,794)
r(22,9,1,794)
r(14,13,1,795)
r(62,10,1,795)
r(69,8,1,796)
w(91,9,1,796)
w(64,10,1,797)
r(0,9,1,797)
r(63,6,1,798)
r(84,6,1,798)
w(83,9,1,799)
w(6,6,1,799)
w(25,11,1,800)
r(29,7,1,800)
w(74,9,1,801)
r(33,9,1,801)
r(80,8,1,802)
r(95,13,1,802)
r(56,6,1,803)
w(94,7,1,803)
w(80,9,1,804)
w(35,10,1,804)
r(97,6,1,805)
w(55,7,1,805)
r(58,7,1,806)
w(21,13,1,806)
r(62,10,1,807)
r(36,5,1,807)
w(77,7,1,808)
w(86,3,1,808)
r(2,5,1,809)
r(43,4,1,809)
w(11,9,1,810)
w(55,8,1,810)
r(7,9,1,811)
r(64,10,1,811)
r(63,6,1,812)
w(76,4,1,812)
w(91,10,1,813)
r(33,9,1,813)
w(18,7,1,814)
r(9,10,1,814)
w(89,11,1,815)
w(37,12,1,815)
r(48,8,1,816)
w(52,13,1,816)
w(58,8,1,817)
w(42,13,1,817)
w(46,10,1,818)
r(3,9,1,818)
w(45,6,1,819)
w(32,8,1,819)
w(10,7,1,820)
w(93,4,1,820)
r(94,7,1,821)
w(92,7,1,821)
w(97,7,1,822)
w(35,11,1,822)
r(54,6,1,823)
r(84,6,1,823)
r(38,10,1,824)
r(52,13,1,824)
r(64,10,1,825)
r(46,10,1,825)
w(61,14,1,826)
r(73,6,1,826)
r(70,3,1,827)
w(94,8,1,827)
r(28,9,1,828)
r(84,6,1,828)
w(93,5,1,829)
r(18,7,1,829)
w(77,8,1,830)
r(62,10,1,830)
w(45,7,1,831)
r(89,11,1,831)
r(40,3,1,832)
w(62,11,1,832)
w(93,6,1,833)
w(97,8,1,833)
r(93,6,1,834)
r(60,6,1,834)
w(23,14,1,835)
w(74,10,1,835)
r(23,14,1,836)
w(20,8,1,836)
r(51,4,1,837)
w(18,8,1,837)
r(37,12,1,838)
w(5,15,1,838)
r(30,10,1,839)
r(28,9,1,839)
r(7,9,1,840)
w(10,8,1,840)
r(51,4,1,841)
w(75,7,1,841)
r(68,7,1,842)
w(36,6,1,842)
r(52,13,1,843)
w(46,11,1,843)
r(47,3,1,844)
w(45,8,1,844)
r(68,7,1,845)
r(62,11,1,845)
r(59,6,1,846)
r(93,6,1,846)
r(39,3,1,847)
w(85,10,1,847)
w(8,5,1,848)
r(38,10,1,848)
w(89,12,1,849)
w(17,11,1,849)
w(57,6,1,850)
w(98,8,1,850)
r(14,13,1,851)
r(13,9,1,851)
r(87,7,1,852)
r(30,10,1,852)
w(26,4,1,853)
r(55,8,1,853)
w(45,9,1,854)
w(91,11,1,854)
r(17,11,1,855)
r(97,8,1,855)
w(16,8,1,856)
w(1,5,1,856)
w(5,16,1,857)
r(24,6,1,857)
r(57,6,1,858)
w(13,10,1,858)
r(41,6,1,859)
w(78,15,1,859)
r(35,11,1,860)
r(0,9,1,860)
r(6,6,1,861)
w(8,6,1,861)
r(51,4,1,862)
w(62,12,1,862)
r(68,7,1,863)
r(46,11,1,863)
w(22,10,1,864)
w(76,5,1,864)
w(8,7,1,865)
w(87,8,1,865)
r(92,7,1,866)
w(1,6,1,866)
w(18,9,1,867)
r(16,8,1,867)
w(59,7,1,868)
r(94,8,1,868)
w(50,9,1,869)
r(43,4,1,869)
r(29,7,1,870)
r(86,3,1,870)
w(4,15,1,871)
w(74,11,1,871)
w(1,7,1,872)
w(18,10,1,872)
r(98,8,1,873)
r(41,6,1,873)
w(43,5,1,874)
w(29,8,1,874)
w(43,6,1,875)
w(88,4,1,875)
w(6,7,1,876)
r(35,11,1,876)
r(50,9,1,877)
w(34,10,1,877)
w(41,7,1,878)
r(20,8,1,878)
w(0,10,1,879)
r(82,3,1,879)
r(28,9,1,880)
w(61,15,1,880)
w(86,4,1,881)
w(27,5,1,881)
r(97,8,1,882)
w(22,11,1,882)
w(65,10,1,883)
w(89,13,1,883)
r(19,7,1,884)
w(61,16,1,884)
w(24,7,1,885)
w(91,12,1,885)
r(53,5,1,886)
w(21,14,1,886)
r(55,8,1,887)
r(40,3,1,887)
w(51,5,1,888)
w(66,12,1,888)
r(55,8,1,889)
w(12,13,1,889)
r(66,12,1,890)
w(53,6,1,890)
w(9,11,1,891)
r(71,7,1,891)
r(80,9,1,892)
r(81,11,1,892)
r(66,12,1,893)
r(76,5,1,893)
r(61,16,1,894)
w(15,16,1,894)
w(31,7,1,895)
r(1,7,1,895)
w(10,9,1,896)
r(28,9,1,896)
w(76,6,1,897)
r(66,12,1,897)
r(19,7,1,898)
r(62,12,1,898)
w(87,9,1,899)
w(57,7,1,899)
w(23,15,1,900)
r(41,7,1,900)
r(63,6,1,901)
r(64,10,1,901)
r(61,16,1,902)
r(97,8,1,902)
r(24,7,1,903)
r(16,8,1,903)
r(1,7,1,904)
w(82,4,1,904)
r(85,10,1,905)
w(67,10,1,905)
r(58,8,1,906)
r(82,4,1,906)
r(40,3,1,907)
w(84,7,1,907)
w(74,12,1,908)
w(94,9,1,908)
w(46,12,1,909)
w(83,10,1,909)
r(1,7,1,910)
w(31,8,1,910)
w(9,12,1,911)
w(38,11,1,911)
w(15,17,1,912)
w(27,6,1,912)
r(99,3,1,913)
w(53,7,1,913)
w(93,7,1,914)
w(22,12,1,914)
r(94,9,1,915)
r(51,5,1,915)
r(84,7,1,916)
w(87,10,1,916)
r(76,6,1,917)
r(8,7,1,917)
r(17,11,1,918)
r(60,6,1,918)
w(73,7,1,919)
r(99,3,1,919)
w(7,10,1,920)
r(95,13,1,920)
r(5,16,1,921)
r(8,7,1,921)
r(67,10,1,922)
r(74,12,1,922)
w(82,5,1,923)
w(39,4,1,923)
r(32,8,1,924)
r(61,16,1,924)
w(2,6,1,925)
w(5,17,1,925)
r(86,4,1,926)
w(49,8,1,926)
w(86,5,1,927)
r(68,7,1,927)
w(23,16,1,928)
w(54,7,1,928)
r(39,4,1,929)
w(53,8,1,929)
w(32,9,1,930)
r(82,5,1,930)
r(75,7,1,931)
r(29,8,1,931)
w(90,13,1,932)
r(70,3,1,932)
w(47,4,1,933)
r(73,7,1,933)
w(27,7,1,934)
r(59,7,1,934)
w(3,10,1,935)
w(73,8,1,935)
w(24,8,1,936)
r(53,8,1,936)
r(13,10,1,937)
r(13,10,1,937)
w(97,9,1,938)
w(19,8,1,938)
w(94,10,1,939)
r(69,8,1,939)
r(91,12,1,940)
w(24,9,1,940)
r(35,11,1,941)
r(68,7,1,941)
r(42,13,1,942)
r(66,12,1,942)
w(89,14,1,943)
r(44,5,1,943)
w(85,11,1,944)
r(62,12,1,944)
r(51,5,1,945)
r(82,5,1,945)
r(79,10,1,946)
r(55,8,1,946)
r(19,8,1,947)
w(42,14,1,947)
w(9,13,1,948)
r(79,10,1,948)
r(21,14,1,949)
r(92,7,1,949)
r(81,11,1,950)
w(64,11,1,950)
r(3,10,1,951)
w(32,10,1,951)
r(70,3,1,952)
w(20,9,1,952)
w(74,13,1,953)
w(40,4,1,953)
r(43,6,1,954)
w(26,5,1,954)
r(29,8,1,955)
w(84,8,1,955)
w(18,11,1,956)
w(75,8,1,956)
r(11,9,1,957)
w(87,11,1,957)
w(29,9,1,958)
w(98,9,1,958)
r(98,9,1,959)
r(66,12,1,959)
r(86,5,1,960)
r(65,10,1,960)
w(69,9,1,961)
w(36,7,1,961)
r(98,9,1,962)
r(54,7,1,962)
w(42,15,1,963)
w(38,12,1,963)
r(9,13,1,964)
r(24,9,1,964)
w(82,6,1,965)
r(19,8,1,965)
r(37,12,1,966)
r(91,12,1,966)
w(18,12,1,967)
r(43,6,1,967)
w(0,11,1,968)
w(53,9,1,968)
r(56,6,1,969)
w(45,10,1,969)
r(64,11,1,970)
w(57,8,1,970)
r(40,4,1,971)
r(52,13,1,971)
w(74,14,1,972)
r(37,12,1,972)
w(92,8,1,973)
r(57,8,1,973)
r(58,8,1,974)
w(77,9,1,974)
r(72,8,1,975)
w(94,11,1,975)
w(37,13,1,976)
w(58,9,1,976)
w(65,11,1,977)
r(68,7,1,977)
r(54,7,1,978)
r(22,12,1,978)
w(38,13,1,979)
r(41,7,1,979)
r(94,11,1,980)
w(97,10,1,980)
r(8,7,1,981)
r(69,9,1,981)
w(89,15,1,982)
r(30,10,1,982)
w(71,8,1,983)
r(95,13,1,983)
w(64,12,1,984)
w(56,7,1,984)
r(12,13,1,985)
w(37,14,1,985)
r(20,9,1,986)
w(60,7,1,986)
w(4,16,1,987)
w(55,9,1,987)
w(64,13,1,988)
w(59,8,1,988)
w(45,11,1,989)
r(75,8,1,989)
r(17,11,1,990)
r(77,9,1,990)
w(95,14,1,991)
r(11,9,1,991)
w(43,7,1,992)
w(21,15,1,992)
r(94,11,1,993)
w(11,10,1,993)
r(92,8,1,994)
w(76,7,1,994)
r(21,15,1,995)
r(82,6,1,995)
r(68,7,1,996)
w(91,13,1,996)
r(58,9,1,997)
r(68,7,1,997)
r(2,6,1,998)
w(89,16,1,998)
r(42,15,1,999)
r(13,10,1,999)
r(29,9,2,1000)
r(35,11,2,1000)
w(28,10,2,1001)
r(95,14,2,1001)
r(94,11,2,1002)
w(68,8,2,1002)
r(63,6,2,1003)
r(68,8,2,1003)
r(51,5,2,1004)
r(32,10,2,1004)
r(12,13,2,1005)
r(28,10,2,1005)
r(34,10,2,1006)
w(31,9,2,1006)
w(76,8,2,1007)
w(60,8,2,1007)
r(37,14,2,1008)
w(8,8,2,1008)
r(76,8,2,1009)
w(40,5,2,1009)
r(83,10,2,1010)
w(88,5,2,1010)
r(29,9,2,1011)
w(53,10,2,1011)
r(88,5,2,1012)
w(89,17,2,1012)
w(12,14,2,1013)
w(99,4,2,1013)
r(75,8,2,1014)
r(47,4,2,1014)
w(85,12,2,1015)
r(18,12,2,1015)
r(2,6,2,1016)
w(54,8,2,1016)
r(82,6,2,1017)
r(4,16,2,1017)
r(6,7,2,1018)
r(57,8,2,1018)
r(67,10,2,1019)
r(15,17,2,1019)
r(49,8,2,1020)
r(30,10,2,1020)
r(7,10,2,1021)
w(58,10,2,1021)
w(63,7,2,1022)
r(56,7,2,1022)
r(38,13,2,1023)
w(44,6,2,1023)
w(35,12,2,1024)
w(45,12,2,1024)
w(1,8,2,1025)
r(22,12,2,1025)
r(99,4,2,1026)
r(96,13,2,1026)
r(7,10,2,1027)
w(55,10,2,1027)
w(13,11,2,1028)
r(40,5,2,1028)
r(66,12,2,1029)
w(83,11,2,1029)
w(15,18,2,1030)
r(1,8,2,1030)
r(92,8,2,1031)
w(29,10,2,1031)
w(54,9,2,1032)
w(2,7,2,1032)
r(89,17,2,1033)
w(83,12,2,1033)
r(72,8,2,1034)
r(68,8,2,1034)
r(51,5,2,1035)
r(16,8,2,1035)
w(42,16,2,1036)
w(12,15,2,1036)
r(32,10,2,1037)
w(60,9,2,1037)
w(68,9,2,1038)
r(7,10,2,1038)
w(49,9,2,1039)
r(60,9,2,1039)
r(97,10,2,1040)
r(18,12,2,1040)
r(14,13,2,1041)
w(47,5,2,1041)
w(77,10,2,1042)
w(84,9,2,1042)
r(42,16,2,1043)
w(91,14,2,1043)
r(40,5,2,1044)
r(83,12,2,1044)
r(41,7,2,1045)
r(62,12,2,1045)
w(26,6,2,1046)
r(41,7,2,1046)
r(13,11,2,1047)
w(26,7,2,1047)
r(21,15,2,1048)
r(58,10,2,1048)
r(12,15,2,1049)
w(59,9,2,1049)
w(11,11,2,1050)
w(11,12,2,1050)
r(55,10,2,1051)
w(30,11,2,1051)
w(71,9,2,1052)
r(76,8,2,1052)
w(61,17,2,1053)
w(59,10,2,1053)
r(0,11,2,1054)
w(84,10,2,1054)
r(31,9,2,1055)
w(11,13,2,1055)
w(11,14,2,1056)
r(25,11,2,1056)
r(88,5,2,1057)
w(37,15,2,1057)
w(50,10,2,1058)
w(18,13,2,1058)
r(1,8,2,1059)
w(24,10,2,1059)
w(21,16,2,1060)
w(15,19,2,1060)
w(43,8,2,1061)
w(17,12,2,1061)
r(20,9,2,1062)
w(24,11,2,1062)
r(29,10,2,1063)
w(98,10,2,1063)
r(96,13,2,1064)
r(30,11,2,1064)
r(18,13,2,1065)
w(48,9,2,1065)
r(76,8,2,1066)
r(93,7,2,1066)
r(33,9,2,1067)
w(76,9,2,1067)
r(71,9,2,1068)
w(6,8,2,1068)
w(84,11,2,1069)
w(4,17,2,1069)
r(74,14,2,1070)
r(53,10,2,1070)
r(7,10,2,1071)
r(45,12,2,1071)
w(35,13,2,1072)
w(40,6,2,1072)
r(37,15,2,1073)
w(89,18,2,1073)
w(95,15,2,1074)
r(58,10,2,1074)
w(91,15,2,1075)
r(83,12,2,1075)
r(43,8,2,1076)
w(74,15,2,1076)
w(99,5,2,1077)
w(40,7,2,1077)
w(63,8,2,1078)
r(90,13,2,1078)
r(60,9,2,1079)
r(99,5,2,1079)
w(36,8,2,1080)
w(42,17,2,1080)
r(12,15,2,1081)
w(20,10,2,1081)
r(85,12,2,1082)
w(64,14,2,1082)
w(82,7,2,1083)
w(81,12,2,1083)
w(84,12,2,1084)
r(17,12,2,1084)
w(36,9,2,1085)
w(97,11,2,1085)
w(84,13,2,1086)
w(91,16,2,1086)
r(81,12,2,1087)
w(86,6,2,1087)
r(76,9,2,1088)
w(33,10,2,1088)
w(28,11,2,1089)
r(73,8,2,1089)
r(77,10,2,1090)
w(83,13,2,1090)
r(89,18,2,1091)
w(77,11,2,1091)
r(10,9,2,1092)
w(65,12,2,1092)
r(32,10,2,1093)
r(97,11,2,1093)
w(31,10,2,1094)
r(79,10,2,1094)
r(5,17,2,1095)
w(0,12,2,1095)
r(59,10,2,1096)
w(14,14,2,1096)
w(91,17,2,1097)
w(91,18,2,1097)
w(82,8,2,1098)
r(31,10,2,1098)
w(16,9,2,1099)
w(96,14,2,1099)
w(92,9,2,1100)
w(44,7,2,1100)
r(27,7,2,1101)
r(78,15,2,1101)
r(59,10,2,1102)
w(10,10,2,1102)
r(40,7,2,1103)
r(25,11,2,1103)
w(17,13,2,1104)
r(54,9,2,1104)
r(9,13,2,1105)
w(36,10,2,1105)
r(31,10,2,1106)
w(91,19,2,1106)
r(45,12,2,1107)
r(69,9,2,1107)
w(94,12,2,1108)
w(61,18,2,1108)
w(92,10,2,1109)
w(5,18,2,1109)
w(19,9,2,1110)
r(86,6,2,1110)
w(12,16,2,1111)
r(93,7,2,1111)
w(41,8,2,1112)
w(88,6,2,1112)
w(31,11,2,1113)
r(49,9,2,1113)
r(6,8,2,1114)
r(3,10,2,1114)
r(52,13,2,1115)
w(9,14,2,1115)
r(26,7,2,1116)
r(90,13,2,1116)
w(73,9,2,1117)
r(1,8,2,1117)
w(33,11,2,1118)
r(1,8,2,1118)
r(65,12,2,1119)
r(0,12,2,1119)
r(57,8,2,1120)
r(43,8,2,1120)
w(98,11,2,1121)
r(19,9,2,1121)
r(88,6,2,1122)
w(70,4,2,1122)
r(90,13,2,1123)
w(82,9,2,1123)
w(6,9,2,1124)
r(98,11,2,1124)
r(44,7,2,1125)
r(56,7,2,1125)
r(63,8,2,1126)
r(28,11,2,1126)
r(78,15,2,1127)
w(94,13,2,1127)
w(98,12,2,1128)
r(78,15,2,1128)
r(84,13,2,1129)
w(58,11,2,1129)
r(53,10,2,1130)
r(6,9,2,1130)
r(67,10,2,1131)
r(97,11,2,1131)
w(92,11,2,1132)
r(45,12,2,1132)
r(91,19,2,1133)
w(97,12,2,1133)
w(92,12,2,1134)
r(43,8,2,1134)
r(5,18,2,1135)
r(84,13,2,1135)
r(48,9,2,1136)
w(80,10,2,1136)
r(29,10,2,1137)
r(27,7,2,1137)
r(78,15,2,1138)
w(53,11,2,1138)
r(21,16,2,1139)
r(21,16,2,1139)
r(38,13,2,1140)
w(30,12,2,1140)
r(68,9,2,1141)
w(93,8,2,1141)
r(16,9,2,1142)
w(89,19,2,1142)
w(46,13,2,1143)
w(2,8,2,1143)
w(56,8,2,1144)
w(65,13,2,1144)
w(27,8,2,1145)
w(96,15,2,1145)
r(0,12,2,1146)
r(54,9,2,1146)
w(28,12,2,1147)
w(89,20,2,1147)
w(83,14,2,1148)
w(97,13,2,1148)
r(86,6,2,1149)
r(81,12,2,1149)
r(95,15,2,1150)
r(12,16,2,1150)
r(65,13,2,1151)
r(57,8,2,1151)
w(80,11,2,1152)
r(82,9,2,1152)
r(63,8,2,1153)
w(23,17,2,1153)
w(43,9,2,1154)
w(41,9,2,1154)
w(38,14,2,1155)
w(26,8,2,1155)
r(35,13,2,1156)
w(33,12,2,1156)
w(63,9,2,1157)
r(64,14,2,1157)
w(10,11,2,1158)
r(77,11,2,1158)
r(12,16,2,1159)
r(26,8,2,1159)
w(65,14,2,1160)
w(72,9,2,1160)
r(63,9,2,1161)
r(49,9,2,1161)
r(8,8,2,1162)
r(16,9,2,1162)
r(15,19,2,1163)
w(77,12,2,1163)
r(45,12,2,1164)
w(26,9,2,1164)
r(55,10,2,1165)
w(73,10,2,1165)
r(29,10,2,1166)
r(46,13,2,1166)
r(30,12,2,1167)
r(67,10,2,1167)
r(39,4,2,1168)
w(20,11,2,1168)
r(19,9,2,1169)
r(17,13,2,1169)
r(71,9,2,1170)
w(73,11,2,1170)
r(17,13,2,1171)
r(64,14,2,1171)
w(33,13,2,1172)
r(79,10,2,1172)
r(90,13,2,1173)
w(4,18,2,1173)
r(4,18,2,1174)
r(21,16,2,1174)
w(23,18,2,1175)
r(21,16,2,1175)
r(41,9,2,1176)
r(82,9,2,1176)
r(60,9,2,1177)
r(73,11,2,1177)
r(6,9,2,1178)
w(46,14,2,1178)
r(26,9,2,1179)
w(12,17,2,1179)
w(26,10,2,1180)
w(42,18,2,1180)
w(8,9,2,1181)
w(67,11,2,1181)
r(40,7,2,1182)
r(75,8,2,1182)
w(95,16,2,1183)
w(48,10,2,1183)
r(4,18,2,1184)
w(24,12,2,1184)
w(49,10,2,1185)
r(80,11,2,1185)
r(23,18,2,1186)
w(72,10,2,1186)
w(41,10,2,1187)
w(24,13,2,1187)
w(24,14,2,1188)
r(97,13,2,1188)
r(98,12,2,1189)
w(95,17,2,1189)
r(46,14,2,1190)
r(8,9,2,1190)
r(97,13,2,1191)
r(75,8,2,1191)
r(78,15,2,1192)
r(10,11,2,1192)
w(14,15,2,1193)
r(21,16,2,1193)
r(80,11,2,1194)
r(35,13,2,1194)
w(51,6,2,1195)
r(37,15,2,1195)
w(14,16,2,1196)
r(8,9,2,1196)
r(10,11,2,1197)
w(95,18,2,1197)
w(35,14,2,1198)
w(30,13,2,1198)
w(81,13,2,1199)
r(45,12,2,1199)
w(95,19,2,1200)
w(23,19,2,1200)
r(89,20,2,1201)
w(10,12,2,1201)
w(11,15,2,1202)
r(2,8,2,1202)
w(82,10,2,1203)
w(53,12,2,1203)
w(91,20,2,1204)
w(15,20,2,1204)
w(40,8,2,1205)
w(5,19,2,1205)
w(6,10,2,1206)
r(67,11,2,1206)
w(29,11,2,1207)
r(19,9,2,1207)
r(41,10,2,1208)
w(79,11,2,1208)
r(63,9,2,1209)
r(89,20,2,1209)
r(64,14,2,1210)
w(17,14,2,1210)
r(71,9,2,1211)
w(89,21,2,1211)
r(42,18,2,1212)
r(59,10,2,1212)
r(4,18,2,1213)
r(37,15,2,1213)
w(69,10,2,1214)
w(23,20,2,1214)
r(86,6,2,1215)
w(1,9,2,1215)
r(74,15,2,1216)
w(6,11,2,1216)
w(46,15,2,1217)
w(38,15,2,1217)
w(11,16,2,1218)
r(2,8,2,1218)
w(13,12,2,1219)
w(62,13,2,1219)
r(66,12,2,1220)
w(27,9,2,1220)
w(71,10,2,1221)
r(68,9,2,1221)
r(0,12,2,1222)
w(13,13,2,1222)
w(44,8,2,1223)
w(95,20,2,1223)
w(70,5,2,1224)
w(24,15,2,1224)
r(85,12,2,1225)
r(4,18,2,1225)
r(52,13,2,1226)
w(48,11,2,1226)
w(97,14,2,1227)
w(64,15,2,1227)
w(22,13,2,1228)
w(9,15,2,1228)
w(78,16,2,1229)
w(77,13,2,1229)
w(33,14,2,1230)
w(94,14,2,1230)
w(26,11,2,1231)
w(77,14,2,1231)
r(9,15,2,1232)
r(58,11,2,1232)
r(60,9,2,1233)
w(96,16,2,1233)
r(17,14,2,1234)
r(62,13,2,1234)
r(63,9,2,1235)
r(75,8,2,1235)
r(8,9,2,1236)
r(55,10,2,1236)
w(13,14,2,1237)
w(64,16,2,1237)
w(34,11,2,1238)
w(5,20,2,1238)
r(92,12,2,1239)
w(32,11,2,1239)
r(26,11,2,1240)
w(37,16,2,1240)
r(10,12,2,1241)
r(87,11,2,1241)
r(74,15,2,1242)
r(33,14,2,1242)
w(35,15,2,1243)
w(19,10,2,1243)
w(74,16,2,1244)
w(71,11,2,1244)
w(9,16,2,1245)
r(30,13,2,1245)
r(92,12,2,1246)
r(19,10,2,1246)
r(29,11,2,1247)
w(44,9,2,1247)
w(34,12,2,1248)
w(15,21,2,1248)
w(37,17,2,1249)
r(85,12,2,1249)
w(73,12,2,1250)
w(13,15,2,1250)
r(17,14,2,1251)
r(55,10,2,1251)
w(11,17,2,1252)
r(71,11,2,1252)
r(88,6,2,1253)
r(95,20,2,1253)
w(22,14,2,1254)
r(12,17,2,1254)
w(50,11,2,1255)
w(44,10,2,1255)
w(34,13,2,1256)
r(4,18,2,1256)
w(75,9,2,1257)
w(77,15,2,1257)
w(77,16,2,1258)
r(60,9,2,1258)
r(82,10,2,1259)
r(52,13,2,1259)
r(82,10,2,1260)
w(77,17,2,1260)
r(28,12,2,1261)
w(96,17,2,1261)
r(33,14,2,1262)
w(67,12,2,1262)
w(77,18,2,1263)
w(31,12,2,1263)
w(43,10,2,1264)
w(32,12,2,1264)
r(46,15,2,1265)
w(30,14,2,1265)
r(45,12,2,1266)
w(34,14,2,1266)
r(17,14,2,1267)
w(43,11,2,1267)
w(45,13,2,1268)
w(25,12,2,1268)
r(25,12,2,1269)
w(72,11,2,1269)
w(54,10,2,1270)
r(6,11,2,1270)
r(77,18,2,1271)
r(66,12,2,1271)
r(47,5,2,1272)
w(24,16,2,1272)
r(12,17,2,1273)
w(96,18,2,1273)
r(80,11,2,1274)
r(14,16,2,1274)
w(19,11,2,1275)
w(91,21,2,1275)
r(19,11,2,1276)
r(77,18,2,1276)
r(8,9,2,1277)
r(27,9,2,1277)
w(57,9,2,1278)
r(1,9,2,1278)
r(5,20,2,1279)
r(97,14,2,1279)
w(21,17,2,1280)
w(84,14,2,1280)
w(62,14,2,1281)
w(71,12,2,1281)
r(65,14,2,1282)
w(52,14,2,1282)
w(14,17,2,1283)
w(22,15,2,1283)
w(36,11,2,1284)
w(99,6,2,1284)
r(85,12,2,1285)
w(80,12,2,1285)
r(11,17,2,1286)
w(24,17,2,1286)
w(3,11,2,1287)
r(91,21,2,1287)
w(27,10,2,1288)
r(84,14,2,1288)
r(14,17,2,1289)
r(27,10,2,1289)
w(21,18,2,1290)
r(56,8,2,1290)
w(64,17,2,1291)
r(38,15,2,1291)
r(6,11,2,1292)
w(1,10,2,1292)
r(35,15,2,1293)
r(76,9,2,1293)
w(14,18,2,1294)
w(34,15,2,1294)
w(56,9,2,1295)
r(51,6,2,1295)
w(85,13,2,1296)
r(34,15,2,1296)
w(4,19,2,1297)
w(31,13,2,1297)
w(49,11,2,1298)
r(34,15,2,1298)
r(12,17,2,1299)
w(15,22,2,1299)
w(30,15,2,1300)
w(22,16,2,1300)
w(13,16,2,1301)
w(48,12,2,1301)
w(96,19,2,1302)
w(47,6,2,1302)
r(92,12,2,1303)
r(91,21,2,1303)
w(28,13,2,1304)
r(44,10,2,1304)
r(27,10,2,1305)
w(76,10,2,1305)
w(10,13,2,1306)
r(0,12,2,1306)
r(29,11,2,1307)
w(94,15,2,1307)
w(74,17,2,1308)
r(0,12,2,1308)
w(78,17,2,1309)
w(87,12,2,1309)
w(68,10,2,1310)
r(38,15,2,1310)
r(29,11,2,1311)
w(38,16,2,1311)
r(33,14,2,1312)
r(84,14,2,1312)
r(90,13,2,1313)
r(98,12,2,1313)
r(75,9,2,1314)
r(45,13,2,1314)
w(4,20,2,1315)
r(68,10,2,1315)
r(18,13,2,1316)
w(58,12,2,1316)
w(79,12,2,1317)
r(31,13,2,1317)
r(41,10,2,1318)
w(95,21,2,1318)
w(21,19,2,1319)
r(68,10,2,1319)
r(30,15,2,1320)
r(87,12,2,1320)
w(24,18,2,1321)
r(63,9,2,1321)
r(79,12,2,1322)
r(13,16,2,1322)
w(90,14,2,1323)
w(52,15,2,1323)
r(69,10,2,1324)
w(61,19,2,1324)
r(12,17,2,1325)
w(5,21,2,1325)
w(49,12,2,1326)
w(35,16,2,1326)
w(27,11,2,1327)
r(93,8,2,1327)
r(40,8,2,1328)
w(34,16,2,1328)
r(58,12,2,1329)
w(53,13,2,1329)
r(20,11,2,1330)
w(57,10,2,1330)
w(24,19,2,1331)
r(38,16,2,1331)
w(9,17,2,1332)
r(46,15,2,1332)
w(76,11,2,1333)
r(37,17,2,1333)
r(21,19,2,1334)
r(35,16,2,1334)
r(28,13,2,1335)
w(2,9,2,1335)
w(81,14,2,1336)
r(0,12,2,1336)
w(48,13,2,1337)
w(44,11,2,1337)
r(71,12,2,1338)
w(44,12,2,1338)
r(38,16,2,1339)
w(38,17,2,1339)
r(72,11,2,1340)
w(58,13,2,1340)
r(6,11,2,1341)
r(15,22,2,1341)
r(62,14,2,1342)
w(23,21,2,1342)
r(52,15,2,1343)
w(2,10,2,1343)
w(29,12,2,1344)
r(94,15,2,1344)
r(21,19,2,1345)
r(86,6,2,1345)
r(76,11,2,1346)
w(59,11,2,1346)
w(20,12,2,1347)
r(20,12,2,1347)
r(19,11,2,1348)
w(59,12,2,1348)
w(92,13,2,1349)
r(90,14,2,1349)
r(60,9,2,1350)
r(86,6,2,1350)
r(88,6,2,1351)
r(0,12,2,1351)
r(83,14,2,1352)
r(64,17,2,1352)
r(29,12,2,1353)
w(44,13,2,1353)
w(43,12,2,1354)
w(86,7,2,1354)
w(60,10,2,1355)
r(97,14,2,1355)
w(65,15,2,1356)
r(52,15,2,1356)
r(38,17,2,1357)
w(78,18,2,1357)
w(62,15,2,1358)
w(26,12,2,1358)
r(29,12,2,1359)
w(4,21,2,1359)
w(46,16,2,1360)
r(36,11,2,1360)
w(76,12,2,1361)
w(63,10,2,1361)
r(0,12,2,1362)
r(3,11,2,1362)
r(37,17,2,1363)
r(25,12,2,1363)
r(14,18,2,1364)
r(55,10,2,1364)
w(49,13,2,1365)
w(55,11,2,1365)
r(44,13,2,1366)
r(62,15,2,1366)
w(65,16,2,1367)
r(21,19,2,1367)
w(92,14,2,1368)
r(2,10,2,1368)
r(2,10,2,1369)
r(23,21,2,1369)
r(78,18,2,1370)
w(41,11,2,1370)
w(96,20,2,1371)
r(2,10,2,1371)
w(7,11,2,1372)
r(9,17,2,1372)
r(47,6,2,1373)
w(38,18,2,1373)
w(46,17,2,1374)
r(9,17,2,1374)
w(45,14,2,1375)
r(10,13,2,1375)
r(73,12,2,1376)
r(84,14,2,1376)
r(83,14,2,1377)
r(32,12,2,1377)
r(23,21,2,1378)
w(25,13,2,1378)
r(62,15,2,1379)
w(46,18,2,1379)
r(98,12,2,1380)
r(36,11,2,1380)
w(11,18,2,1381)
w(85,14,2,1381)
r(1,10,2,1382)
w(58,14,2,1382)
r(80,12,2,1383)
r(8,9,2,1383)
w(59,13,2,1384)
w(7,12,2,1384)
w(8,10,2,1385)
r(4,21,2,1385)
w(25,14,2,1386)
r(29,12,2,1386)
r(57,10,2,1387)
r(63,10,2,1387)
w(4,22,2,1388)
r(30,15,2,1388)
r(39,4,2,1389)
r(25,14,2,1389)
w(3,12,2,1390)
w(88,7,2,1390)
r(20,12,2,1391)
r(44,13,2,1391)
r(3,12,2,1392)
w(72,12,2,1392)
r(90,14,2,1393)
r(97,14,2,1393)
w(77,19,2,1394)
r(51,6,2,1394)
w(48,14,2,1395)
w(2,11,2,1395)
r(48,14,2,1396)
w(31,14,2,1396)
r(32,12,2,1397)
w(6,12,2,1397)
w(51,7,2,1398)
w(6,13,2,1398)
w(26,13,2,1399)
r(85,14,2,1399)
r(24,19,2,1400)
w(61,20,2,1400)
r(74,17,2,1401)
w(71,13,2,1401)
w(97,15,2,1402)
w(18,14,2,1402)
r(22,16,2,1403)
w(72,13,2,1403)
r(12,17,2,1404)
w(63,11,2,1404)
r(78,18,2,1405)
w(90,15,2,1405)
r(93,8,2,1406)
r(63,11,2,1406)
w(45,15,2,1407)
w(71,14,2,1407)
r(48,14,2,1408)
r(65,16,2,1408)
r(62,15,2,1409)
w(67,13,2,1409)
r(85,14,2,1410)
w(21,20,2,1410)
r(35,16,2,1411)
w(60,11,2,1411)
w(54,11,2,1412)
w(18,15,2,1412)
w(52,16,2,1413)
w(25,15,2,1413)
r(50,11,2,1414)
w(10,14,2,1414)
w(84,15,2,1415)
w(87,13,2,1415)
w(12,18,2,1416)
w(18,16,2,1416)
w(36,12,2,1417)
w(9,18,2,1417)
w(44,14,2,1418)
w(2,12,2,1418)
w(29,13,2,1419)
w(10,15,2,1419)
w(96,21,2,1420)
w(90,16,2,1420)
r(85,14,2,1421)
r(37,17,2,1421)
w(60,12,2,1422)
w(84,16,2,1422)
w(98,13,2,1423)
w(20,13,2,1423)
r(2,12,2,1424)
r(17,14,2,1424)
w(3,13,2,1425)
r(50,11,2,1425)
r(28,13,2,1426)
w(47,7,2,1426)
w(21,21,2,1427)
r(34,16,2,1427)
r(67,13,2,1428)
r(90,16,2,1428)
r(1,10,2,1429)
w(78,19,2,1429)
r(18,16,2,1430)
w(60,13,2,1430)
r(43,12,2,1431)
r(62,15,2,1431)
r(63,11,2,1432)
w(82,11,2,1432)
w(22,17,2,1433)
w(67,14,2,1433)
r(14,18,2,1434)
r(29,13,2,1434)
w(90,17,2,1435)
w(91,22,2,1435)
r(1,10,2,1436)
r(12,18,2,1436)
r(66,12,2,1437)
w(77,20,2,1437)
w(26,14,2,1438)
r(89,21,2,1438)
r(14,18,2,1439)
w(78,20,2,1439)
w(21,22,2,1440)
w(27,12,2,1440)
r(53,13,2,1441)
w(54,12,2,1441)
w(82,12,2,1442)
w(43,13,2,1442)
r(69,10,2,1443)
w(33,15,2,1443)
w(21,23,2,1444)
r(54,12,2,1444)
r(46,18,2,1445)
w(56,10,2,1445)
r(81,14,2,1446)
r(83,14,2,1446)
r(15,22,2,1447)
r(58,14,2,1447)
r(84,16,2,1448)
r(26,14,2,1448)
w(47,8,2,1449)
r(47,8,2,1449)
w(39,5,2,1450)
r(90,17,2,1450)
r(96,21,2,1451)
w(37,18,2,1451)
w(94,16,2,1452)
w(12,19,2,1452)
w(4,23,2,1453)
w(96,22,2,1453)
r(43,13,2,1454)
r(29,13,2,1454)
r(32,12,2,1455)
w(96,23,2,1455)
w(13,17,2,1456)
w(45,16,2,1456)
r(73,12,2,1457)
w(44,15,2,1457)
w(2,13,2,1458)
r(5,21,2,1458)
w(55,12,2,1459)
w(40,9,2,1459)
w(35,17,2,1460)
w(20,14,2,1460)
r(36,12,2,1461)
w(39,6,2,1461)
w(25,16,2,1462)
r(59,13,2,1462)
w(48,15,2,1463)
r(84,16,2,1463)
w(37,19,2,1464)
r(48,15,2,1464)
w(9,19,2,1465)
w(41,12,2,1465)
w(12,20,2,1466)
r(49,13,2,1466)
w(57,11,2,1467)
r(4,23,2,1467)
r(0,12,2,1468)
w(5,22,2,1468)
r(77,20,2,1469)
w(32,13,2,1469)
r(0,12,2,1470)
r(45,16,2,1470)
r(22,17,2,1471)
r(41,12,2,1471)
r(28,13,2,1472)
r(0,12,2,1472)
w(79,13,2,1473)
w(12,21,2,1473)
w(85,15,2,1474)
r(51,7,2,1474)
w(61,21,2,1475)
w(86,8,2,1475)
w(25,17,2,1476)
r(72,13,2,1476)
w(70,6,2,1477)
w(48,16,2,1477)
r(20,14,2,1478)
w(90,18,2,1478)
w(83,15,2,1479)
r(65,16,2,1479)
r(27,12,2,1480)
w(27,13,2,1480)
w(9,20,2,1481)
r(45,16,2,1481)
r(1,10,2,1482)
w(78,21,2,1482)
r(86,8,2,1483)
w(3,14,2,1483)
r(15,22,2,1484)
r(19,11,2,1484)
r(8,10,2,1485)
r(87,13,2,1485)
w(27,14,2,1486)
w(64,18,2,1486)
r(14,18,2,1487)
r(13,17,2,1487)
r(36,12,2,1488)
r(77,20,2,1488)
w(80,13,2,1489)
w(81,15,2,1489)
r(2,13,2,1490)
r(23,21,2,1490)
w(95,22,2,1491)
w(46,19,2,1491)
r(9,20,2,1492)
r(64,18,2,1492)
r(33,15,2,1493)
r(66,12,2,1493)
w(65,17,2,1494)
w(79,14,2,1494)
r(90,18,2,1495)
r(5,22,2,1495)
w(13,18,2,1496)
w(26,15,2,1496)
w(7,13,2,1497)
r(99,6,2,1497)
r(0,12,2,1498)
w(46,20,2,1498)
r(35,17,2,1499)
w(80,14,2,1499)
