r(80,1,0,0)
r(74,1,0,0)
w(34,1,0,1)
r(51,1,0,1)
r(30,1,0,2)
w(72,1,0,2)
r(31,1,0,3)
r(36,1,0,3)
w(51,1,0,4)
r(54,1,0,4)
r(0,1,0,5)
r(40,1,0,5)
r(89,1,0,6)
w(83,1,0,6)
w(45,1,0,7)
w(21,1,0,7)
w(90,1,0,8)
r(22,1,0,8)
r(10,1,0,9)
w(84,1,0,9)
r(72,1,0,10)
w(53,1,0,10)
w(83,2,0,11)
r(73,1,0,11)
w(57,1,0,12)
r(58,1,0,12)
r(8,1,0,13)
r(80,1,0,13)
r(51,1,0,14)
r(69,1,0,14)
r(45,1,0,15)
r(57,1,0,15)
w(98,1,0,16)
w(37,1,0,16)
r(31,1,0,17)
r(2,1,0,17)
r(35,1,0,18)
w(37,2,0,18)
w(42,1,0,19)
w(43,1,0,19)
r(81,1,0,20)
r(31,1,0,20)
r(39,1,0,21)
w(36,1,0,21)
w(84,2,0,22)
r(19,1,0,22)
r(67,1,0,23)
r(21,1,0,23)
r(98,1,0,24)
w(15,1,0,24)
r(60,1,0,25)
w(66,1,0,25)
r(53,1,0,26)
r(67,1,0,26)
w(34,2,0,27)
r(53,1,0,27)
w(1,1,0,28)
r(43,1,0,28)
w(24,1,0,29)
r(39,1,0,29)
r(0,1,0,30)
w(25,1,0,30)
r(35,1,0,31)
r(51,1,0,31)
r(40,1,0,32)
w(95,1,0,32)
r(4,1,0,33)
r(53,1,0,33)
r(96,1,0,34)
w(37,3,0,34)
w(99,1,0,35)
w(36,2,0,35)
w(58,1,0,36)
r(59,1,0,36)
w(49,1,0,37)
r(69,1,0,37)
w(22,1,0,38)
w(67,1,0,38)
r(27,1,0,39)
r(90,1,0,39)
w(60,1,0,40)
w(97,1,0,40)
r(5,1,0,41)
r(73,1,0,41)
r(6,1,0,42)
r(49,1,0,42)
w(1,2,0,43)
w(6,1,0,43)
w(5,1,0,44)
r(76,1,0,44)
w(95,2,0,45)
r(99,1,0,45)
w(27,1,0,46)
w(43,2,0,46)
r(52,1,0,47)
w(66,2,0,47)
w(93,1,0,48)
w(93,2,0,48)
w(77,1,0,49)
r(76,1,0,49)
w(3,1,0,50)
w(17,1,0,50)
r(29,1,0,51)
w(44,1,0,51)
w(79,1,0,52)
r(17,1,0,52)
r(54,1,0,53)
r(89,1,0,53)
r(84,2,0,54)
r(7,1,0,54)
w(78,1,0,55)
w(49,2,0,55)
w(83,3,0,56)
w(4,1,0,56)
w(55,1,0,57)
r(73,1,0,57)
w(73,1,0,58)
r(28,1,0,58)
w(8,1,0,59)
r(79,1,0,59)
w(5,2,0,60)
w(53,2,0,60)
w(43,3,0,61)
w(75,1,0,61)
r(55,1,0,62)
w(38,1,0,62)
r(53,2,0,63)
w(13,1,0,63)
r(62,1,0,64)
w(48,1,0,64)
r(12,1,0,65)
r(13,1,0,65)
w(11,1,0,66)
w(86,1,0,66)
r(66,2,0,67)
r(74,1,0,67)
r(3,1,0,68)
r(53,2,0,68)
w(17,2,0,69)
w(89,1,0,69)
w(76,1,0,70)
r(93,2,0,70)
w(34,3,0,71)
r(81,1,0,71)
r(30,1,0,72)
r(6,1,0,72)
r(40,1,0,73)
w(52,1,0,73)
w(78,2,0,74)
r(35,1,0,74)
w(21,2,0,75)
w(93,3,0,75)
w(77,2,0,76)
r(32,1,0,76)
r(3,1,0,77)
w(74,1,0,77)
r(11,1,0,78)
r(92,1,0,78)
w(84,3,0,79)
w(39,1,0,79)
w(89,2,0,80)
w(35,1,0,80)
w(98,2,0,81)
r(89,2,0,81)
r(93,3,0,82)
r(18,1,0,82)
w(63,1,0,83)
r(35,1,0,83)
r(26,1,0,84)
w(35,2,0,84)
w(38,2,0,85)
w(21,3,0,85)
w(75,2,0,86)
w(4,2,0,86)
w(94,1,0,87)
r(62,1,0,87)
w(94,2,0,88)
w(91,1,0,88)
w(99,2,0,89)
w(40,1,0,89)
w(71,1,0,90)
w(3,2,0,90)
w(87,1,0,91)
r(12,1,0,91)
r(5,2,0,92)
w(18,1,0,92)
w(44,2,0,93)
r(49,2,0,93)
r(68,1,0,94)
r(95,2,0,94)
r(64,1,0,95)
r(56,1,0,95)
r(89,2,0,96)
w(91,2,0,96)
r(58,1,0,97)
r(33,1,0,97)
r(61,1,0,98)
w(9,1,0,98)
r(7,1,0,99)
r(4,2,0,99)
w(88,1,0,100)
r(29,1,0,100)
w(69,1,0,101)
r(84,3,0,101)
w(19,1,0,102)
r(29,1,0,102)
r(28,1,0,103)
w(31,1,0,103)
r(51,1,0,104)
w(10,1,0,104)
r(81,1,0,105)
w(87,2,0,105)
r(54,1,0,106)
r(27,1,0,106)
w(64,1,0,107)
r(9,1,0,107)
w(1,3,0,108)
r(75,2,0,108)
w(50,1,0,109)
r(52,1,0,109)
w(59,1,0,110)
r(74,1,0,110)
w(13,2,0,111)
r(13,2,0,111)
r(75,2,0,112)
w(41,1,0,112)
w(65,1,0,113)
w(76,2,0,113)
r(19,1,0,114)
r(25,1,0,114)
w(70,1,0,115)
w(96,1,0,115)
r(43,3,0,116)
r(31,1,0,116)
w(95,3,0,117)
r(77,2,0,117)
r(69,1,0,118)
w(47,1,0,118)
w(24,2,0,119)
r(2,1,0,119)
r(64,1,0,120)
r(45,1,0,120)
w(84,4,0,121)
r(80,1,0,121)
w(84,5,0,122)
w(9,2,0,122)
r(30,1,0,123)
r(56,1,0,123)
w(13,3,0,124)
r(36,2,0,124)
w(89,3,0,125)
r(88,1,0,125)
r(97,1,0,126)
r(18,1,0,126)
r(66,2,0,127)
r(55,1,0,127)
r(91,2,0,128)
r(28,1,0,128)
r(52,1,0,129)
r(72,1,0,129)
w(2,1,0,130)
w(42,2,0,130)
r(44,2,0,131)
w(48,2,0,131)
w(55,2,0,132)
r(25,1,0,132)
w(36,3,0,133)
r(7,1,0,133)
r(62,1,0,134)
r(74,1,0,134)
w(21,4,0,135)
r(48,2,0,135)
r(38,2,0,136)
r(24,2,0,136)
w(37,4,0,137)
r(50,1,0,137)
r(29,1,0,138)
r(0,1,0,138)
w(77,3,0,139)
r(43,3,0,139)
w(3,3,0,140)
w(35,3,0,140)
w(37,5,0,141)
r(32,1,0,141)
w(33,1,0,142)
r(89,3,0,142)
r(73,1,0,143)
w(22,2,0,143)
w(36,4,0,144)
w(97,2,0,144)
w(94,3,0,145)
w(5,3,0,145)
w(55,3,0,146)
r(9,2,0,146)
w(75,3,0,147)
r(99,2,0,147)
w(31,2,0,148)
r(19,1,0,148)
w(67,2,0,149)
w(93,4,0,149)
r(30,1,0,150)
w(64,2,0,150)
r(66,2,0,151)
r(77,3,0,151)
r(90,1,0,152)
w(61,1,0,152)
w(97,3,0,153)
w(79,2,0,153)
w(38,3,0,154)
w(55,4,0,154)
r(47,1,0,155)
r(29,1,0,155)
r(52,1,0,156)
w(47,2,0,156)
w(82,1,0,157)
w(12,1,0,157)
r(65,1,0,158)
r(67,2,0,158)
r(65,1,0,159)
r(44,2,0,159)
r(49,2,0,160)
w(62,1,0,160)
w(49,3,0,161)
w(93,5,0,161)
r(69,1,0,162)
r(59,1,0,162)
w(14,1,0,163)
r(49,3,0,163)
r(77,3,0,164)
w(72,2,0,164)
r(27,1,0,165)
r(45,1,0,165)
w(43,4,0,166)
r(82,1,0,166)
r(47,2,0,167)
w(59,2,0,167)
r(42,2,0,168)
w(99,3,0,168)
w(45,2,0,169)
r(53,2,0,169)
r(76,2,0,170)
w(82,2,0,170)
r(5,3,0,171)
w(92,1,0,171)
r(43,4,0,172)
r(74,1,0,172)
r(26,1,0,173)
r(29,1,0,173)
w(30,1,0,174)
r(62,1,0,174)
w(6,2,0,175)
r(13,3,0,175)
r(55,4,0,176)
r(11,1,0,176)
r(81,1,0,177)
r(61,1,0,177)
r(76,2,0,178)
w(0,1,0,178)
r(45,2,0,179)
r(51,1,0,179)
w(60,2,0,180)
r(18,1,0,180)
r(62,1,0,181)
w(89,4,0,181)
r(6,2,0,182)
w(6,3,0,182)
r(96,1,0,183)
r(57,1,0,183)
r(83,3,0,184)
r(23,1,0,184)
w(50,2,0,185)
r(95,3,0,185)
w(70,2,0,186)
w(10,2,0,186)
w(53,3,0,187)
w(86,2,0,187)
w(74,2,0,188)
r(45,2,0,188)
r(56,1,0,189)
w(27,2,0,189)
r(80,1,0,190)
w(49,4,0,190)
r(6,3,0,191)
r(27,2,0,191)
w(80,1,0,192)
w(89,5,0,192)
w(96,2,0,193)
w(35,4,0,193)
r(5,3,0,194)
r(74,2,0,194)
r(34,3,0,195)
w(81,1,0,195)
w(13,4,0,196)
w(99,4,0,196)
r(53,3,0,197)
r(12,1,0,197)
r(88,1,0,198)
w(43,5,0,198)
w(1,4,0,199)
r(4,2,0,199)
r(28,1,0,200)
r(90,1,0,200)
r(10,2,0,201)
w(23,1,0,201)
w(18,2,0,202)
r(13,4,0,202)
w(88,2,0,203)
w(31,3,0,203)
w(18,3,0,204)
r(64,2,0,204)
r(32,1,0,205)
r(49,4,0,205)
r(78,2,0,206)
r(8,1,0,206)
r(82,2,0,207)
w(30,2,0,207)
r(90,1,0,208)
r(75,3,0,208)
w(91,3,0,209)
r(3,3,0,209)
r(97,3,0,210)
w(0,2,0,210)
r(91,3,0,211)
r(25,1,0,211)
r(92,1,0,212)
r(80,1,0,212)
r(97,3,0,213)
r(71,1,0,213)
w(90,2,0,214)
w(6,4,0,214)
r(71,1,0,215)
w(94,4,0,215)
w(25,2,0,216)
r(6,4,0,216)
r(2,1,0,217)
r(88,2,0,217)
w(88,3,0,218)
r(45,2,0,218)
r(35,4,0,219)
w(5,4,0,219)
r(60,2,0,220)
w(41,2,0,220)
w(5,5,0,221)
w(19,2,0,221)
r(70,2,0,222)
w(67,3,0,222)
w(87,3,0,223)
w(50,3,0,223)
w(28,1,0,224)
r(64,2,0,224)
r(38,3,0,225)
r(80,1,0,225)
r(32,1,0,226)
r(54,1,0,226)
w(27,3,0,227)
w(53,4,0,227)
r(94,4,0,228)
r(95,3,0,228)
w(50,4,0,229)
w(87,4,0,229)
w(65,2,0,230)
r(76,2,0,230)
w(16,1,0,231)
r(97,3,0,231)
r(36,4,0,232)
w(0,3,0,232)
r(22,2,0,233)
r(52,1,0,233)
r(92,1,0,234)
w(3,4,0,234)
w(18,4,0,235)
r(8,1,0,235)
w(54,1,0,236)
w(11,2,0,236)
r(9,2,0,237)
w(0,4,0,237)
r(38,3,0,238)
r(68,1,0,238)
r(34,3,0,239)
r(47,2,0,239)
r(7,1,0,240)
r(54,1,0,240)
r(84,5,0,241)
r(22,2,0,241)
r(45,2,0,242)
r(35,4,0,242)
w(58,2,0,243)
r(98,2,0,243)
w(14,2,0,244)
w(4,3,0,244)
w(99,5,0,245)
r(57,1,0,245)
r(80,1,0,246)
r(94,4,0,246)
w(62,2,0,247)
r(89,5,0,247)
w(60,3,0,248)
w(10,3,0,248)
w(30,3,0,249)
r(92,1,0,249)
w(66,3,0,250)
r(38,3,0,250)
w(81,2,0,251)
w(84,6,0,251)
w(82,3,0,252)
w(91,4,0,252)
r(47,2,0,253)
w(66,4,0,253)
r(91,4,0,254)
r(48,2,0,254)
r(63,1,0,255)
w(97,4,0,255)
w(5,6,0,256)
w(58,3,0,256)
r(15,1,0,257)
w(78,3,0,257)
w(18,5,0,258)
w(12,2,0,258)
r(62,2,0,259)
r(2,1,0,259)
r(35,4,0,260)
w(26,1,0,260)
r(25,2,0,261)
r(32,1,0,261)
r(26,1,0,262)
r(60,3,0,262)
r(52,1,0,263)
w(49,5,0,263)
w(18,6,0,264)
w(14,3,0,264)
r(43,5,0,265)
w(41,3,0,265)
r(33,1,0,266)
w(7,1,0,266)
w(82,4,0,267)
w(12,3,0,267)
r(27,3,0,268)
r(0,4,0,268)
w(33,2,0,269)
r(32,1,0,269)
w(45,3,0,270)
r(63,1,0,270)
w(46,1,0,271)
r(30,3,0,271)
w(77,4,0,272)
w(21,5,0,272)
w(69,2,0,273)
w(92,2,0,273)
r(89,5,0,274)
r(24,2,0,274)
w(49,6,0,275)
r(91,4,0,275)
w(75,4,0,276)
r(83,3,0,276)
w(82,5,0,277)
w(29,1,0,277)
w(20,1,0,278)
w(74,3,0,278)
r(72,2,0,279)
w(49,7,0,279)
r(37,5,0,280)
r(35,4,0,280)
r(70,2,0,281)
w(65,3,0,281)
w(41,4,0,282)
w(9,3,0,282)
r(68,1,0,283)
r(47,2,0,283)
r(60,3,0,284)
r(71,1,0,284)
w(31,4,0,285)
w(79,3,0,285)
r(54,1,0,286)
r(48,2,0,286)
r(58,3,0,287)
r(75,4,0,287)
w(82,6,0,288)
w(46,2,0,288)
w(62,3,0,289)
w(80,2,0,289)
w(63,2,0,290)
r(98,2,0,290)
r(32,1,0,291)
w(92,3,0,291)
w(27,4,0,292)
r(9,3,0,292)
r(16,1,0,293)
w(49,8,0,293)
w(19,3,0,294)
w(57,2,0,294)
r(58,3,0,295)
r(47,2,0,295)
w(95,4,0,296)
w(97,5,0,296)
r(23,1,0,297)
w(74,4,0,297)
w(39,2,0,298)
r(63,2,0,298)
w(41,5,0,299)
r(20,1,0,299)
w(68,1,0,300)
w(74,5,0,300)
r(77,4,0,301)
r(44,2,0,301)
w(21,6,0,302)
w(90,3,0,302)
r(0,4,0,303)
r(98,2,0,303)
w(28,2,0,304)
r(70,2,0,304)
r(89,5,0,305)
w(26,2,0,305)
w(26,3,0,306)
r(20,1,0,306)
r(55,4,0,307)
w(77,5,0,307)
r(36,4,0,308)
w(11,3,0,308)
r(25,2,0,309)
w(33,3,0,309)
w(31,5,0,310)
r(58,3,0,310)
w(99,6,0,311)
r(89,5,0,311)
w(79,4,0,312)
r(78,3,0,312)
w(53,5,0,313)
w(27,5,0,313)
r(9,3,0,314)
r(68,1,0,314)
w(75,5,0,315)
w(48,3,0,315)
w(52,2,0,316)
w(77,6,0,316)
r(34,3,0,317)
r(69,2,0,317)
r(90,3,0,318)
w(76,3,0,318)
r(44,2,0,319)
r(59,2,0,319)
w(69,3,0,320)
r(90,3,0,320)
w(56,1,0,321)
w(12,4,0,321)
w(75,6,0,322)
w(5,7,0,322)
w(49,9,0,323)
w(87,5,0,323)
w(22,3,0,324)
w(47,3,0,324)
r(82,6,0,325)
w(10,4,0,325)
w(31,6,0,326)
w(80,3,0,326)
w(46,3,0,327)
w(18,7,0,327)
w(87,6,0,328)
w(19,4,0,328)
r(45,3,0,329)
w(99,7,0,329)
r(37,5,0,330)
r(31,6,0,330)
w(62,4,0,331)
r(57,2,0,331)
r(59,2,0,332)
w(30,4,0,332)
w(63,3,0,333)
r(51,1,0,333)
w(55,5,0,334)
w(23,2,0,334)
r(74,5,0,335)
w(95,5,0,335)
w(5,8,0,336)
w(65,4,0,336)
r(60,3,0,337)
r(84,6,0,337)
w(69,4,0,338)
r(24,2,0,338)
r(33,3,0,339)
r(15,1,0,339)
w(79,5,0,340)
r(20,1,0,340)
w(17,3,0,341)
w(71,2,0,341)
r(39,2,0,342)
r(54,1,0,342)
r(14,3,0,343)
w(13,5,0,343)
r(90,3,0,344)
w(94,5,0,344)
r(88,3,0,345)
w(21,7,0,345)
r(86,2,0,346)
w(60,4,0,346)
w(21,8,0,347)
r(81,2,0,347)
r(46,3,0,348)
w(92,4,0,348)
r(60,4,0,349)
r(58,3,0,349)
w(26,4,0,350)
w(71,3,0,350)
r(68,1,0,351)
w(53,6,0,351)
w(97,6,0,352)
w(81,3,0,352)
r(81,3,0,353)
r(5,8,0,353)
w(39,3,0,354)
r(86,2,0,354)
w(65,5,0,355)
w(32,1,0,355)
w(81,4,0,356)
r(73,1,0,356)
w(62,5,0,357)
w(35,5,0,357)
w(76,4,0,358)
r(77,6,0,358)
w(89,6,0,359)
r(2,1,0,359)
w(31,7,0,360)
w(30,5,0,360)
w(75,7,0,361)
r(92,4,0,361)
r(11,3,0,362)
w(59,3,0,362)
r(0,4,0,363)
r(58,3,0,363)
w(74,6,0,364)
w(92,5,0,364)
r(66,4,0,365)
r(41,5,0,365)
r(41,5,0,366)
w(12,5,0,366)
w(51,2,0,367)
r(70,2,0,367)
r(5,8,0,368)
r(3,4,0,368)
r(16,1,0,369)
r(16,1,0,369)
r(65,5,0,370)
w(60,5,0,370)
w(47,4,0,371)
w(20,2,0,371)
r(69,4,0,372)
r(8,1,0,372)
r(63,3,0,373)
r(14,3,0,373)
r(5,8,0,374)
w(15,2,0,374)
r(62,5,0,375)
w(23,3,0,375)
w(10,5,0,376)
w(98,3,0,376)
r(52,2,0,377)
w(43,6,0,377)
w(7,2,0,378)
r(33,3,0,378)
r(43,6,0,379)
r(63,3,0,379)
w(4,4,0,380)
r(33,3,0,380)
w(70,3,0,381)
r(70,3,0,381)
r(41,5,0,382)
r(63,3,0,382)
r(53,6,0,383)
r(25,2,0,383)
r(16,1,0,384)
w(47,5,0,384)
w(11,4,0,385)
w(86,3,0,385)
r(96,2,0,386)
r(92,5,0,386)
w(69,5,0,387)
r(10,5,0,387)
w(37,6,0,388)
r(54,1,0,388)
w(43,7,0,389)
r(68,1,0,389)
r(19,4,0,390)
w(76,5,0,390)
w(77,7,0,391)
w(61,2,0,391)
r(38,3,0,392)
w(82,7,0,392)
w(99,8,0,393)
r(35,5,0,393)
r(41,5,0,394)
r(13,5,0,394)
r(66,4,0,395)
r(88,3,0,395)
r(44,2,0,396)
r(34,3,0,396)
r(67,3,0,397)
w(92,6,0,397)
w(71,4,0,398)
r(71,4,0,398)
r(34,3,0,399)
r(61,2,0,399)
w(40,2,0,400)
r(62,5,0,400)
r(29,1,0,401)
r(2,1,0,401)
w(54,2,0,402)
w(51,3,0,402)
w(76,6,0,403)
r(95,5,0,403)
w(39,4,0,404)
w(0,5,0,404)
r(95,5,0,405)
r(51,3,0,405)
r(39,4,0,406)
r(42,2,0,406)
w(1,5,0,407)
w(71,5,0,407)
w(29,2,0,408)
r(95,5,0,408)
r(46,3,0,409)
w(40,3,0,409)
r(98,3,0,410)
w(10,6,0,410)
r(81,4,0,411)
w(13,6,0,411)
r(49,9,0,412)
w(5,9,0,412)
r(15,2,0,413)
r(49,9,0,413)
w(7,3,0,414)
r(82,7,0,414)
w(28,3,0,415)
r(4,4,0,415)
w(11,5,0,416)
r(42,2,0,416)
w(4,5,0,417)
w(49,10,0,417)
r(11,5,0,418)
r(99,8,0,418)
w(94,6,0,419)
r(17,3,0,419)
w(77,8,0,420)
r(53,6,0,420)
r(23,3,0,421)
w(24,3,0,421)
r(79,5,0,422)
r(18,7,0,422)
r(55,5,0,423)
r(31,7,0,423)
w(13,7,0,424)
r(71,5,0,424)
r(44,2,0,425)
w(14,4,0,425)
r(79,5,0,426)
r(9,3,0,426)
w(27,6,0,427)
r(44,2,0,427)
r(10,6,0,428)
w(33,4,0,428)
w(29,3,0,429)
w(34,4,0,429)
w(72,3,0,430)
r(52,2,0,430)
r(75,7,0,431)
r(15,2,0,431)
r(39,4,0,432)
w(49,11,0,432)
r(5,9,0,433)
r(77,8,0,433)
r(31,7,0,434)
r(41,5,0,434)
w(76,7,0,435)
r(80,3,0,435)
r(29,3,0,436)
w(15,3,0,436)
w(9,4,0,437)
w(34,5,0,437)
r(32,1,0,438)
r(8,1,0,438)
r(45,3,0,439)
r(30,5,0,439)
r(79,5,0,440)
w(70,4,0,440)
r(87,6,0,441)
w(94,7,0,441)
r(54,2,0,442)
w(58,4,0,442)
r(96,2,0,443)
w(26,5,0,443)
r(30,5,0,444)
r(86,3,0,444)
r(27,6,0,445)
r(37,6,0,445)
w(40,4,0,446)
w(8,2,0,446)
w(35,6,0,447)
r(80,3,0,447)
r(11,5,0,448)
r(58,4,0,448)
w(17,4,0,449)
w(2,2,0,449)
w(15,4,0,450)
w(10,7,0,450)
w(2,3,0,451)
w(11,6,0,451)
w(72,4,0,452)
w(47,6,0,452)
r(83,3,0,453)
r(58,4,0,453)
w(81,5,0,454)
r(33,4,0,454)
w(36,5,0,455)
w(54,3,0,455)
w(24,4,0,456)
r(94,7,0,456)
r(18,7,0,457)
r(40,4,0,457)
r(7,3,0,458)
w(8,3,0,458)
r(26,5,0,459)
w(77,9,0,459)
w(92,7,0,460)
r(77,9,0,460)
w(59,4,0,461)
w(48,4,0,461)
w(20,3,0,462)
r(91,4,0,462)
w(66,5,0,463)
w(17,5,0,463)
r(14,4,0,464)
w(4,6,0,464)
r(39,4,0,465)
w(23,4,0,465)
w(41,6,0,466)
r(91,4,0,466)
r(73,1,0,467)
r(52,2,0,467)
r(76,7,0,468)
r(24,4,0,468)
r(47,6,0,469)
r(55,5,0,469)
w(50,5,0,470)
w(47,7,0,470)
r(53,6,0,471)
r(86,3,0,471)
r(18,7,0,472)
r(42,2,0,472)
r(7,3,0,473)
r(72,4,0,473)
r(99,8,0,474)
r(41,6,0,474)
w(43,8,0,475)
w(30,6,0,475)
r(52,2,0,476)
r(1,5,0,476)
r(92,7,0,477)
w(74,7,0,477)
r(21,8,0,478)
w(17,6,0,478)
r(20,3,0,479)
r(31,7,0,479)
r(12,5,0,480)
w(43,9,0,480)
w(92,8,0,481)
w(63,4,0,481)
w(44,3,0,482)
w(6,5,0,482)
w(84,7,0,483)
w(80,4,0,483)
r(36,5,0,484)
w(72,5,0,484)
r(91,4,0,485)
r(67,3,0,485)
w(45,4,0,486)
w(1,6,0,486)
w(58,5,0,487)
w(18,8,0,487)
w(81,6,0,488)
r(14,4,0,488)
r(22,3,0,489)
w(43,10,0,489)
r(8,3,0,490)
r(55,5,0,490)
w(82,8,0,491)
r(59,4,0,491)
r(84,7,0,492)
w(47,8,0,492)
w(72,6,0,493)
w(27,7,0,493)
r(56,1,0,494)
r(82,8,0,494)
r(53,6,0,495)
w(15,5,0,495)
w(79,6,0,496)
w(65,6,0,496)
w(96,3,0,497)
r(63,4,0,497)
w(56,2,0,498)
r(87,6,0,498)
w(40,5,0,499)
r(72,6,0,499)
w(7,4,1,500)
w(63,5,1,500)
r(28,3,1,501)
w(30,7,1,501)
w(48,5,1,502)
r(93,5,1,502)
w(20,4,1,503)
w(34,6,1,503)
r(37,6,1,504)
r(47,8,1,504)
w(39,5,1,505)
w(94,8,1,505)
r(17,6,1,506)
w(32,2,1,506)
r(63,5,1,507)
w(79,7,1,507)
w(23,5,1,508)
w(32,3,1,508)
r(10,7,1,509)
r(33,4,1,509)
w(63,6,1,510)
w(84,8,1,510)
w(47,9,1,511)
r(23,5,1,511)
w(97,7,1,512)
r(8,3,1,512)
w(52,3,1,513)
r(84,8,1,513)
r(12,5,1,514)
w(50,6,1,514)
w(12,6,1,515)
w(93,6,1,515)
r(7,4,1,516)
r(51,3,1,516)
r(82,8,1,517)
w(24,5,1,517)
r(83,3,1,518)
r(61,2,1,518)
w(12,7,1,519)
r(98,3,1,519)
r(46,3,1,520)
w(12,8,1,520)
w(84,9,1,521)
w(0,6,1,521)
r(64,2,1,522)
r(60,5,1,522)
w(16,2,1,523)
r(42,2,1,523)
r(73,1,1,524)
w(16,3,1,524)
w(38,4,1,525)
r(7,4,1,525)
r(63,6,1,526)
w(61,3,1,526)
r(45,4,1,527)
w(70,5,1,527)
w(4,7,1,528)
w(18,9,1,528)
w(81,7,1,529)
r(33,4,1,529)
w(40,6,1,530)
r(60,5,1,530)
r(8,3,1,531)
r(73,1,1,531)
r(51,3,1,532)
w(74,8,1,532)
w(69,6,1,533)
r(61,3,1,533)
r(31,7,1,534)
w(64,3,1,534)
w(68,2,1,535)
w(62,6,1,535)
w(18,10,1,536)
r(14,4,1,536)
w(55,6,1,537)
w(7,5,1,537)
w(45,5,1,538)
w(14,5,1,538)
r(8,3,1,539)
r(30,7,1,539)
r(25,2,1,540)
w(8,4,1,540)
r(53,6,1,541)
r(84,9,1,541)
w(10,8,1,542)
w(20,5,1,542)
w(40,7,1,543)
w(52,4,1,543)
r(88,3,1,544)
r(98,3,1,544)
r(38,4,1,545)
r(77,9,1,545)
r(34,6,1,546)
r(86,3,1,546)
r(74,8,1,547)
w(51,4,1,547)
w(39,6,1,548)
r(94,8,1,548)
w(25,3,1,549)
w(37,7,1,549)
r(8,4,1,550)
r(39,6,1,550)
w(11,7,1,551)
r(41,6,1,551)
w(11,8,1,552)
r(80,4,1,552)
w(7,6,1,553)
w(57,3,1,553)
r(3,4,1,554)
w(52,5,1,554)
w(39,7,1,555)
w(49,12,1,555)
w(42,3,1,556)
w(49,13,1,556)
r(42,3,1,557)
w(3,5,1,557)
w(24,6,1,558)
w(38,5,1,558)
w(25,4,1,559)
w(32,4,1,559)
w(32,5,1,560)
r(37,7,1,560)
r(36,5,1,561)
r(49,13,1,561)
r(38,5,1,562)
r(20,5,1,562)
w(64,4,1,563)
w(9,5,1,563)
r(19,4,1,564)
w(22,4,1,564)
w(50,7,1,565)
w(72,7,1,565)
w(72,8,1,566)
r(89,6,1,566)
w(61,4,1,567)
w(33,5,1,567)
w(98,4,1,568)
r(37,7,1,568)
w(93,7,1,569)
r(7,6,1,569)
w(85,1,1,570)
w(37,8,1,570)
w(81,8,1,571)
w(58,6,1,571)
w(60,6,1,572)
w(96,4,1,572)
r(27,7,1,573)
w(62,7,1,573)
r(49,13,1,574)
r(53,6,1,574)
w(67,4,1,575)
w(8,5,1,575)
w(71,6,1,576)
r(24,6,1,576)
r(9,5,1,577)
r(23,5,1,577)
r(42,3,1,578)
w(35,7,1,578)
r(77,9,1,579)
r(60,6,1,579)
r(30,7,1,580)
w(66,6,1,580)
w(96,5,1,581)
w(99,9,1,581)
r(37,8,1,582)
r(66,6,1,582)
w(14,6,1,583)
r(49,13,1,583)
r(34,6,1,584)
r(27,7,1,584)
r(96,5,1,585)
r(53,6,1,585)
r(31,7,1,586)
r(11,8,1,586)
w(65,7,1,587)
w(7,7,1,587)
r(7,7,1,588)
r(24,6,1,588)
w(25,5,1,589)
w(73,2,1,589)
w(42,4,1,590)
r(0,6,1,590)
r(39,7,1,591)
r(97,7,1,591)
r(62,7,1,592)
w(47,10,1,592)
r(75,7,1,593)
w(87,7,1,593)
r(57,3,1,594)
w(61,5,1,594)
r(12,8,1,595)
r(24,6,1,595)
w(23,6,1,596)
w(80,5,1,596)
r(9,5,1,597)
r(36,5,1,597)
w(16,4,1,598)
r(8,5,1,598)
r(86,3,1,599)
r(91,4,1,599)
w(64,5,1,600)
r(7,7,1,600)
w(20,6,1,601)
w(84,10,1,601)
w(49,14,1,602)
w(61,6,1,602)
r(74,8,1,603)
w(8,6,1,603)
w(35,8,1,604)
w(38,6,1,604)
w(87,8,1,605)
w(2,4,1,605)
w(65,8,1,606)
r(2,4,1,606)
r(4,7,1,607)
w(32,6,1,607)
r(46,3,1,608)
r(54,3,1,608)
w(88,4,1,609)
r(81,8,1,609)
r(22,4,1,610)
r(35,8,1,610)
r(9,5,1,611)
r(93,7,1,611)
w(41,7,1,612)
r(95,5,1,612)
w(68,3,1,613)
r(83,3,1,613)
r(67,4,1,614)
r(28,3,1,614)
w(21,9,1,615)
w(93,8,1,615)
r(71,6,1,616)
w(17,7,1,616)
r(91,4,1,617)
r(34,6,1,617)
w(5,10,1,618)
w(73,3,1,618)
w(93,9,1,619)
r(10,8,1,619)
w(99,10,1,620)
w(79,8,1,620)
w(70,6,1,621)
r(98,4,1,621)
r(12,8,1,622)
r(2,4,1,622)
w(93,10,1,623)
w(67,5,1,623)
r(40,7,1,624)
w(25,6,1,624)
w(19,5,1,625)
w(40,8,1,625)
r(83,3,1,626)
w(15,6,1,626)
r(30,7,1,627)
r(80,5,1,627)
r(29,3,1,628)
r(24,6,1,628)
w(16,5,1,629)
w(87,9,1,629)
w(40,9,1,630)
w(30,8,1,630)
w(80,6,1,631)
w(20,7,1,631)
r(95,5,1,632)
w(98,5,1,632)
r(38,6,1,633)
r(31,7,1,633)
r(75,7,1,634)
w(67,6,1,634)
r(73,3,1,635)
w(85,2,1,635)
w(84,11,1,636)
w(81,9,1,636)
r(92,8,1,637)
r(5,10,1,637)
w(34,7,1,638)
r(96,5,1,638)
w(95,6,1,639)
w(1,7,1,639)
w(19,6,1,640)
w(66,7,1,640)
w(22,5,1,641)
r(50,7,1,641)
r(21,9,1,642)
r(70,6,1,642)
w(45,6,1,643)
r(48,5,1,643)
r(18,10,1,644)
r(65,8,1,644)
w(80,7,1,645)
r(72,8,1,645)
r(72,8,1,646)
r(22,5,1,646)
r(57,3,1,647)
w(90,4,1,647)
r(72,8,1,648)
r(73,3,1,648)
r(28,3,1,649)
w(76,8,1,649)
w(78,4,1,650)
r(61,6,1,650)
r(33,5,1,651)
r(36,5,1,651)
w(87,10,1,652)
w(21,10,1,652)
w(78,5,1,653)
w(40,10,1,653)
r(10,8,1,654)
r(89,6,1,654)
r(85,2,1,655)
r(36,5,1,655)
r(44,3,1,656)
r(80,7,1,656)
w(70,7,1,657)
w(8,7,1,657)
w(57,4,1,658)
w(79,9,1,658)
r(42,4,1,659)
w(81,10,1,659)
r(0,6,1,660)
w(18,11,1,660)
w(2,5,1,661)
w(91,5,1,661)
w(23,7,1,662)
r(83,3,1,662)
w(95,7,1,663)
w(13,8,1,663)
r(46,3,1,664)
w(23,8,1,664)
r(30,8,1,665)
w(58,7,1,665)
w(33,6,1,666)
r(23,8,1,666)
w(86,4,1,667)
w(24,7,1,667)
w(81,11,1,668)
w(2,6,1,668)
w(25,7,1,669)
r(14,6,1,669)
w(33,7,1,670)
r(23,8,1,670)
w(88,5,1,671)
w(48,6,1,671)
w(23,9,1,672)
r(22,5,1,672)
r(12,8,1,673)
w(9,6,1,673)
w(58,8,1,674)
w(17,8,1,674)
r(40,10,1,675)
r(40,10,1,675)
r(71,6,1,676)
r(80,7,1,676)
w(51,5,1,677)
r(76,8,1,677)
r(92,8,1,678)
r(86,4,1,678)
w(8,8,1,679)
r(40,10,1,679)
r(63,6,1,680)
w(62,8,1,680)
w(98,6,1,681)
r(74,8,1,681)
r(95,7,1,682)
r(96,5,1,682)
w(91,6,1,683)
w(91,7,1,683)
w(94,9,1,684)
r(59,4,1,684)
r(22,5,1,685)
w(91,8,1,685)
r(62,8,1,686)
w(85,3,1,686)
w(96,6,1,687)
w(98,7,1,687)
r(81,11,1,688)
w(72,9,1,688)
r(25,7,1,689)
r(94,9,1,689)
r(79,9,1,690)
r(59,4,1,690)
w(59,5,1,691)
w(18,12,1,691)
r(91,8,1,692)
r(56,2,1,692)
w(63,7,1,693)
w(54,4,1,693)
w(14,7,1,694)
w(71,7,1,694)
w(44,4,1,695)
w(81,12,1,695)
w(34,8,1,696)
r(15,6,1,696)
r(75,7,1,697)
r(1,7,1,697)
r(43,10,1,698)
r(79,9,1,698)
r(90,4,1,699)
r(19,6,1,699)
r(84,11,1,700)
r(70,7,1,700)
w(10,9,1,701)
w(41,8,1,701)
w(39,8,1,702)
r(42,4,1,702)
w(4,8,1,703)
w(84,12,1,703)
r(18,12,1,704)
w(35,9,1,704)
r(46,3,1,705)
r(58,8,1,705)
w(31,8,1,706)
w(11,9,1,706)
w(53,7,1,707)
r(80,7,1,707)
w(76,9,1,708)
r(56,2,1,708)
r(60,6,1,709)
w(22,6,1,709)
w(37,9,1,710)
w(52,6,1,710)
w(14,8,1,711)
w(36,6,1,711)
w(40,11,1,712)
r(25,7,1,712)
w(10,10,1,713)
r(45,6,1,713)
w(62,9,1,714)
w(88,6,1,714)
w(61,7,1,715)
w(9,7,1,715)
w(46,4,1,716)
r(27,7,1,716)
r(44,4,1,717)
w(89,7,1,717)
w(58,9,1,718)
w(34,9,1,718)
w(82,9,1,719)
w(51,6,1,719)
w(43,11,1,720)
w(79,10,1,720)
w(40,12,1,721)
r(60,6,1,721)
r(33,7,1,722)
r(25,7,1,722)
w(91,9,1,723)
w(50,8,1,723)
r(43,11,1,724)
r(13,8,1,724)
w(24,8,1,725)
w(14,9,1,725)
w(37,10,1,726)
w(15,7,1,726)
r(42,4,1,727)
w(17,9,1,727)
w(50,9,1,728)
w(45,7,1,728)
w(70,8,1,729)
w(47,11,1,729)
r(54,4,1,730)
r(23,9,1,730)
r(84,12,1,731)
w(7,8,1,731)
r(96,6,1,732)
w(53,8,1,732)
r(77,9,1,733)
r(63,7,1,733)
w(37,11,1,734)
w(10,11,1,734)
r(79,10,1,735)
r(25,7,1,735)
r(71,7,1,736)
r(37,11,1,736)
r(23,9,1,737)
r(84,12,1,737)
r(10,11,1,738)
w(56,3,1,738)
r(17,9,1,739)
w(80,8,1,739)
r(43,11,1,740)
r(28,3,1,740)
w(45,8,1,741)
w(56,4,1,741)
r(46,4,1,742)
r(75,7,1,742)
r(41,8,1,743)
w(30,9,1,743)
r(86,4,1,744)
w(37,12,1,744)
w(41,9,1,745)
w(92,9,1,745)
w(68,4,1,746)
r(34,9,1,746)
r(60,6,1,747)
w(39,9,1,747)
w(5,11,1,748)
w(47,12,1,748)
w(29,4,1,749)
w(80,9,1,749)
r(35,9,1,750)
r(65,8,1,750)
w(41,10,1,751)
r(26,5,1,751)
r(19,6,1,752)
w(39,10,1,752)
r(59,5,1,753)
r(26,5,1,753)
r(23,9,1,754)
w(59,6,1,754)
w(96,7,1,755)
w(64,6,1,755)
w(80,10,1,756)
r(70,8,1,756)
w(22,7,1,757)
r(18,12,1,757)
w(27,8,1,758)
r(75,7,1,758)
w(23,10,1,759)
r(37,12,1,759)
w(5,12,1,760)
w(87,11,1,760)
w(45,9,1,761)
r(92,9,1,761)
r(77,9,1,762)
w(75,8,1,762)
w(68,5,1,763)
w(48,7,1,763)
w(79,11,1,764)
w(3,6,1,764)
w(54,5,1,765)
w(23,11,1,765)
r(0,6,1,766)
r(32,6,1,766)
r(93,10,1,767)
r(68,5,1,767)
w(81,13,1,768)
w(10,12,1,768)
r(33,7,1,769)
r(21,10,1,769)
w(55,7,1,770)
r(40,12,1,770)
r(14,9,1,771)
r(45,9,1,771)
w(16,6,1,772)
r(7,8,1,772)
r(65,8,1,773)
r(7,8,1,773)
r(17,9,1,774)
r(12,8,1,774)
w(75,9,1,775)
r(38,6,1,775)
w(60,7,1,776)
r(3,6,1,776)
w(23,12,1,777)
r(99,10,1,777)
w(75,10,1,778)
r(70,8,1,778)
w(54,6,1,779)
r(28,3,1,779)
r(70,8,1,780)
r(49,14,1,780)
w(35,10,1,781)
w(83,4,1,781)
w(25,8,1,782)
w(39,11,1,782)
r(68,5,1,783)
w(93,11,1,783)
r(66,7,1,784)
r(58,9,1,784)
w(56,5,1,785)
w(4,9,1,785)
w(90,5,1,786)
w(42,5,1,786)
w(41,11,1,787)
w(7,9,1,787)
r(64,6,1,788)
r(88,6,1,788)
r(68,5,1,789)
w(83,5,1,789)
r(88,6,1,790)
r(10,12,1,790)
r(70,8,1,791)
r(4,9,1,791)
w(78,6,1,792)
r(45,9,1,792)
w(72,10,1,793)
r(41,11,1,793)
r(2,6,1,794)
w(97,8,1,794)
r(30,9,1,795)
r(54,6,1,795)
w(57,5,1,796)
w(41,12,1,796)
w(93,12,1,797)
r(92,9,1,797)
w(2,7,1,798)
w(3,7,1,798)
w(9,8,1,799)
r(10,12,1,799)
r(11,9,1,800)
w(59,7,1,800)
w(84,13,1,801)
r(8,8,1,801)
r(69,6,1,802)
w(40,13,1,802)
r(8,8,1,803)
w(71,8,1,803)
w(64,7,1,804)
r(7,9,1,804)
r(61,7,1,805)
r(22,7,1,805)
r(40,13,1,806)
w(87,12,1,806)
r(5,12,1,807)
r(29,4,1,807)
w(53,9,1,808)
w(53,10,1,808)
r(80,10,1,809)
r(24,8,1,809)
w(11,10,1,810)
r(69,6,1,810)
w(30,10,1,811)
w(26,6,1,811)
r(29,4,1,812)
r(36,6,1,812)
r(28,3,1,813)
w(96,8,1,813)
w(0,7,1,814)
w(73,4,1,814)
w(60,8,1,815)
r(47,12,1,815)
w(14,10,1,816)
r(89,7,1,816)
r(28,3,1,817)
w(97,9,1,817)
w(61,8,1,818)
w(84,14,1,818)
r(42,5,1,819)
r(39,11,1,819)
r(60,8,1,820)
r(18,12,1,820)
w(96,9,1,821)
w(56,6,1,821)
w(22,8,1,822)
w(66,8,1,822)
w(60,9,1,823)
r(67,6,1,823)
w(24,9,1,824)
w(58,10,1,824)
r(56,6,1,825)
w(9,9,1,825)
w(18,13,1,826)
r(30,10,1,826)
w(40,14,1,827)
w(71,9,1,827)
r(60,9,1,828)
r(8,8,1,828)
w(79,12,1,829)
r(85,3,1,829)
w(99,11,1,830)
w(99,12,1,830)
r(5,12,1,831)
w(43,12,1,831)
w(95,8,1,832)
w(23,13,1,832)
w(14,11,1,833)
r(15,7,1,833)
w(71,10,1,834)
w(7,10,1,834)
r(98,7,1,835)
r(13,8,1,835)
r(77,9,1,836)
w(81,14,1,836)
w(17,10,1,837)
r(59,7,1,837)
r(46,4,1,838)
w(45,10,1,838)
w(40,15,1,839)
w(32,7,1,839)
r(80,10,1,840)
w(17,11,1,840)
w(60,10,1,841)
w(13,9,1,841)
w(52,7,1,842)
r(67,6,1,842)
w(93,13,1,843)
w(86,5,1,843)
r(62,9,1,844)
r(6,5,1,844)
w(59,8,1,845)
r(62,9,1,845)
w(46,5,1,846)
r(47,12,1,846)
w(71,11,1,847)
r(55,7,1,847)
r(50,9,1,848)
r(20,7,1,848)
r(81,14,1,849)
r(45,10,1,849)
w(51,7,1,850)
r(3,7,1,850)
r(47,12,1,851)
w(26,7,1,851)
r(11,10,1,852)
r(76,9,1,852)
r(8,8,1,853)
w(59,9,1,853)
r(11,10,1,854)
r(85,3,1,854)
w(60,11,1,855)
r(11,10,1,855)
w(1,8,1,856)
r(39,11,1,856)
w(49,15,1,857)
r(8,8,1,857)
w(71,12,1,858)
w(21,11,1,858)
r(29,4,1,859)
r(22,8,1,859)
w(6,6,1,860)
r(9,9,1,860)
w(85,4,1,861)
w(85,5,1,861)
w(48,8,1,862)
w(85,6,1,862)
r(60,11,1,863)
r(34,9,1,863)
w(84,15,1,864)
r(88,6,1,864)
r(39,11,1,865)
r(76,9,1,865)
r(29,4,1,866)
r(43,12,1,866)
r(23,13,1,867)
w(31,9,1,867)
w(16,7,1,868)
w(40,16,1,868)
r(10,12,1,869)
w(51,8,1,869)
r(55,7,1,870)
w(63,8,1,870)
r(16,7,1,871)
r(95,8,1,871)
r(81,14,1,872)
r(33,7,1,872)
r(48,8,1,873)
r(9,9,1,873)
w(31,10,1,874)
w(95,9,1,874)
r(35,10,1,875)
w(35,11,1,875)
r(66,8,1,876)
r(35,11,1,876)
w(90,6,1,877)
w(62,10,1,877)
w(76,10,1,878)
r(45,10,1,878)
r(45,10,1,879)
r(91,9,1,879)
r(14,11,1,880)
w(45,11,1,880)
r(30,10,1,881)
w(60,12,1,881)
r(53,10,1,882)
w(95,10,1,882)
w(89,8,1,883)
w(71,13,1,883)
w(41,13,1,884)
w(21,12,1,884)
r(34,9,1,885)
r(33,7,1,885)
r(96,9,1,886)
r(26,7,1,886)
w(19,7,1,887)
r(86,5,1,887)
w(2,8,1,888)
r(39,11,1,888)
w(31,11,1,889)
r(33,7,1,889)
r(57,5,1,890)
w(26,8,1,890)
r(90,6,1,891)
w(4,10,1,891)
w(23,14,1,892)
r(44,4,1,892)
r(93,13,1,893)
r(48,8,1,893)
w(80,11,1,894)
r(35,11,1,894)
r(3,7,1,895)
w(48,9,1,895)
w(45,12,1,896)
r(98,7,1,896)
r(34,9,1,897)
r(92,9,1,897)
r(87,12,1,898)
r(48,9,1,898)
r(53,10,1,899)
r(96,9,1,899)
w(87,13,1,900)
w(66,9,1,900)
r(78,6,1,901)
w(74,9,1,901)
r(92,9,1,902)
r(33,7,1,902)
w(49,16,1,903)
r(36,6,1,903)
w(23,15,1,904)
w(3,8,1,904)
w(82,10,1,905)
w(6,7,1,905)
w(49,17,1,906)
r(46,5,1,906)
r(71,13,1,907)
w(51,9,1,907)
w(58,11,1,908)
w(28,4,1,908)
r(1,8,1,909)
w(73,5,1,909)
w(86,6,1,910)
r(28,4,1,910)
r(87,13,1,911)
r(50,9,1,911)
w(1,9,1,912)
w(64,8,1,912)
w(67,7,1,913)
w(61,9,1,913)
r(55,7,1,914)
w(32,8,1,914)
r(5,12,1,915)
w(65,9,1,915)
w(71,14,1,916)
r(54,6,1,916)
w(56,7,1,917)
w(74,10,1,917)
w(36,7,1,918)
r(22,8,1,918)
w(79,13,1,919)
w(98,8,1,919)
w(28,5,1,920)
w(18,14,1,920)
r(97,9,1,921)
r(8,8,1,921)
w(59,10,1,922)
w(33,8,1,922)
r(32,8,1,923)
r(42,5,1,923)
r(83,5,1,924)
w(51,10,1,924)
r(64,8,1,925)
r(54,6,1,925)
w(78,7,1,926)
w(26,9,1,926)
r(53,10,1,927)
r(16,7,1,927)
w(46,6,1,928)
w(31,12,1,928)
w(29,5,1,929)
r(18,14,1,929)
w(59,11,1,930)
r(20,7,1,930)
r(24,9,1,931)
w(11,11,1,931)
r(79,13,1,932)
w(21,13,1,932)
w(91,10,1,933)
w(67,8,1,933)
r(49,17,1,934)
r(71,14,1,934)
r(22,8,1,935)
w(51,11,1,935)
w(31,13,1,936)
r(46,6,1,936)
r(72,10,1,937)
w(81,15,1,937)
w(4,11,1,938)
r(62,10,1,938)
r(97,9,1,939)
r(95,10,1,939)
r(51,11,1,940)
r(3,8,1,940)
w(14,12,1,941)
w(81,16,1,941)
r(22,8,1,942)
w(34,10,1,942)
w(99,13,1,943)
w(11,12,1,943)
r(42,5,1,944)
r(50,9,1,944)
w(5,13,1,945)
w(35,12,1,945)
r(21,13,1,946)
w(33,9,1,946)
w(16,8,1,947)
w(19,8,1,947)
w(55,8,1,948)
w(1,10,1,948)
w(91,11,1,949)
r(23,15,1,949)
r(7,10,1,950)
w(6,8,1,950)
w(92,10,1,951)
w(42,6,1,951)
r(29,5,1,952)
w(10,13,1,952)
w(30,11,1,953)
r(93,13,1,953)
w(19,9,1,954)
r(6,8,1,954)
w(95,11,1,955)
w(3,9,1,955)
w(44,5,1,956)
r(60,12,1,956)
r(6,8,1,957)
w(16,9,1,957)
r(38,6,1,958)
r(87,13,1,958)
r(39,11,1,959)
r(75,10,1,959)
r(76,10,1,960)
w(97,10,1,960)
w(11,13,1,961)
w(92,11,1,961)
r(21,13,1,962)
r(46,6,1,962)
w(28,6,1,963)
w(39,12,1,963)
r(21,13,1,964)
r(37,12,1,964)
w(99,14,1,965)
w(16,10,1,965)
w(5,14,1,966)
w(7,11,1,966)
w(31,14,1,967)
w(48,10,1,967)
r(53,10,1,968)
w(83,6,1,968)
r(80,11,1,969)
r(69,6,1,969)
w(5,15,1,970)
r(78,7,1,970)
w(31,15,1,971)
w(51,12,1,971)
w(26,10,1,972)
r(65,9,1,972)
r(4,11,1,973)
r(47,12,1,973)
r(60,12,1,974)
r(11,13,1,974)
r(60,12,1,975)
w(9,10,1,975)
w(61,10,1,976)
r(57,5,1,976)
r(5,15,1,977)
r(86,6,1,977)
r(91,11,1,978)
r(30,11,1,978)
r(55,8,1,979)
r(76,10,1,979)
r(9,10,1,980)
w(90,7,1,980)
w(58,12,1,981)
w(1,11,1,981)
w(14,13,1,982)
r(20,7,1,982)
w(83,7,1,983)
r(53,10,1,983)
r(69,6,1,984)
r(77,9,1,984)
r(48,10,1,985)
w(35,13,1,985)
w(19,10,1,986)
r(83,7,1,986)
w(94,10,1,987)
w(40,17,1,987)
w(9,11,1,988)
r(27,8,1,988)
r(64,8,1,989)
r(33,9,1,989)
w(95,12,1,990)
w(60,13,1,990)
r(8,8,1,991)
w(75,11,1,991)
r(85,6,1,992)
r(83,7,1,992)
w(12,9,1,993)
r(56,7,1,993)
w(87,14,1,994)
w(92,12,1,994)
r(93,13,1,995)
w(65,10,1,995)
w(6,9,1,996)
w(90,8,1,996)
r(37,12,1,997)
r(67,8,1,997)
r(42,6,1,998)
w(3,10,1,998)
r(25,8,1,999)
w(75,12,1,999)
r(32,8,2,1000)
w(30,12,2,1000)
r(28,6,2,1001)
r(80,11,2,1001)
r(51,12,2,1002)
w(73,6,2,1002)
r(2,8,2,1003)
w(98,9,2,1003)
r(76,10,2,1004)
r(66,9,2,1004)
w(74,11,2,1005)
w(81,17,2,1005)
r(65,10,2,1006)
w(63,9,2,1006)
w(70,9,2,1007)
w(24,10,2,1007)
r(38,6,2,1008)
w(16,11,2,1008)
r(89,8,2,1009)
r(37,12,2,1009)
w(89,9,2,1010)
w(89,10,2,1010)
r(23,15,2,1011)
r(30,12,2,1011)
w(78,8,2,1012)
r(39,12,2,1012)
w(47,13,2,1013)
w(47,14,2,1013)
w(79,14,2,1014)
r(59,11,2,1014)
w(38,7,2,1015)
r(81,17,2,1015)
r(51,12,2,1016)
r(47,14,2,1016)
w(46,7,2,1017)
r(78,8,2,1017)
r(66,9,2,1018)
r(58,12,2,1018)
r(4,11,2,1019)
w(0,8,2,1019)
r(25,8,2,1020)
w(91,12,2,1020)
w(18,15,2,1021)
r(96,9,2,1021)
r(71,14,2,1022)
r(95,12,2,1022)
r(71,14,2,1023)
r(85,6,2,1023)
r(77,9,2,1024)
r(16,11,2,1024)
w(60,14,2,1025)
w(49,18,2,1025)
w(65,11,2,1026)
w(53,11,2,1026)
w(96,10,2,1027)
w(22,9,2,1027)
w(70,10,2,1028)
r(90,8,2,1028)
w(26,11,2,1029)
r(30,12,2,1029)
w(87,15,2,1030)
w(89,11,2,1030)
w(78,9,2,1031)
w(74,12,2,1031)
w(74,13,2,1032)
w(9,12,2,1032)
r(31,15,2,1033)
w(97,11,2,1033)
w(67,9,2,1034)
r(48,10,2,1034)
w(82,11,2,1035)
w(22,10,2,1035)
w(44,6,2,1036)
r(58,12,2,1036)
w(38,8,2,1037)
r(46,7,2,1037)
w(98,10,2,1038)
r(3,10,2,1038)
r(61,10,2,1039)
r(8,8,2,1039)
r(84,15,2,1040)
w(59,12,2,1040)
w(45,13,2,1041)
r(33,9,2,1041)
w(39,13,2,1042)
r(24,10,2,1042)
w(12,10,2,1043)
w(29,6,2,1043)
r(28,6,2,1044)
r(32,8,2,1044)
w(75,13,2,1045)
w(48,11,2,1045)
w(72,11,2,1046)
r(76,10,2,1046)
r(17,11,2,1047)
r(11,13,2,1047)
r(73,6,2,1048)
w(50,10,2,1048)
r(48,11,2,1049)
r(17,11,2,1049)
w(49,19,2,1050)
w(49,20,2,1050)
w(87,16,2,1051)
w(42,7,2,1051)
w(39,14,2,1052)
r(98,10,2,1052)
w(65,12,2,1053)
r(39,14,2,1053)
r(41,13,2,1054)
r(57,5,2,1054)
w(7,12,2,1055)
w(17,12,2,1055)
r(36,7,2,1056)
r(74,13,2,1056)
r(14,13,2,1057)
w(59,13,2,1057)
r(86,6,2,1058)
r(89,11,2,1058)
r(37,12,2,1059)
r(87,16,2,1059)
w(9,13,2,1060)
w(31,16,2,1060)
r(96,10,2,1061)
w(80,12,2,1061)
r(50,10,2,1062)
r(88,6,2,1062)
r(98,10,2,1063)
r(96,10,2,1063)
w(34,11,2,1064)
w(96,11,2,1064)
w(57,6,2,1065)
w(20,8,2,1065)
w(54,7,2,1066)
w(24,11,2,1066)
w(70,11,2,1067)
r(92,12,2,1067)
r(59,13,2,1068)
r(93,13,2,1068)
r(90,8,2,1069)
w(82,12,2,1069)
w(86,7,2,1070)
w(88,7,2,1070)
r(43,12,2,1071)
w(96,12,2,1071)
r(88,7,2,1072)
w(32,9,2,1072)
r(67,9,2,1073)
w(19,11,2,1073)
r(4,11,2,1074)
r(18,15,2,1074)
w(0,9,2,1075)
r(22,10,2,1075)
w(20,9,2,1076)
w(15,8,2,1076)
r(20,9,2,1077)
w(41,14,2,1077)
w(56,8,2,1078)
w(18,16,2,1078)
w(6,10,2,1079)
w(81,18,2,1079)
w(66,10,2,1080)
r(43,12,2,1080)
r(74,13,2,1081)
w(75,14,2,1081)
r(58,12,2,1082)
w(81,19,2,1082)
w(76,11,2,1083)
r(13,9,2,1083)
w(45,14,2,1084)
w(96,13,2,1084)
w(84,16,2,1085)
r(58,12,2,1085)
w(52,8,2,1086)
r(51,12,2,1086)
r(8,8,2,1087)
w(7,13,2,1087)
w(32,10,2,1088)
w(68,6,2,1088)
r(47,14,2,1089)
w(57,7,2,1089)
w(89,12,2,1090)
r(42,7,2,1090)
w(87,17,2,1091)
w(16,12,2,1091)
w(0,10,2,1092)
w(77,10,2,1092)
w(42,8,2,1093)
r(71,14,2,1093)
w(77,11,2,1094)
w(47,15,2,1094)
w(14,14,2,1095)
r(16,12,2,1095)
r(83,7,2,1096)
w(88,8,2,1096)
w(58,13,2,1097)
w(53,12,2,1097)
r(7,13,2,1098)
w(60,15,2,1098)
w(88,9,2,1099)
w(10,14,2,1099)
w(7,14,2,1100)
r(64,8,2,1100)
w(92,13,2,1101)
w(56,9,2,1101)
w(75,15,2,1102)
r(29,6,2,1102)
r(46,7,2,1103)
w(9,14,2,1103)
w(24,12,2,1104)
r(81,19,2,1104)
r(92,13,2,1105)
r(42,8,2,1105)
w(3,11,2,1106)
r(66,10,2,1106)
w(59,14,2,1107)
w(98,11,2,1107)
w(76,12,2,1108)
w(91,13,2,1108)
r(64,8,2,1109)
r(92,13,2,1109)
w(19,12,2,1110)
w(33,10,2,1110)
r(78,9,2,1111)
w(97,12,2,1111)
w(56,10,2,1112)
r(86,7,2,1112)
w(99,15,2,1113)
w(14,15,2,1113)
r(80,12,2,1114)
w(95,13,2,1114)
r(89,12,2,1115)
w(24,13,2,1115)
w(60,16,2,1116)
r(21,13,2,1116)
w(82,13,2,1117)
r(54,7,2,1117)
w(36,8,2,1118)
r(59,14,2,1118)
w(64,9,2,1119)
r(40,17,2,1119)
r(45,14,2,1120)
r(3,11,2,1120)
w(71,15,2,1121)
w(71,16,2,1121)
r(21,13,2,1122)
r(78,9,2,1122)
r(81,19,2,1123)
r(13,9,2,1123)
r(5,15,2,1124)
r(42,8,2,1124)
r(60,16,2,1125)
r(0,10,2,1125)
w(69,7,2,1126)
w(29,7,2,1126)
w(50,11,2,1127)
w(41,15,2,1127)
r(36,8,2,1128)
w(74,14,2,1128)
r(80,12,2,1129)
w(71,17,2,1129)
r(90,8,2,1130)
w(36,9,2,1130)
w(1,12,2,1131)
w(31,17,2,1131)
r(65,12,2,1132)
w(20,10,2,1132)
w(51,13,2,1133)
r(16,12,2,1133)
w(61,11,2,1134)
r(67,9,2,1134)
r(8,8,2,1135)
w(10,15,2,1135)
r(33,10,2,1136)
r(23,15,2,1136)
r(46,7,2,1137)
r(99,15,2,1137)
w(52,9,2,1138)
w(59,15,2,1138)
r(22,10,2,1139)
r(36,9,2,1139)
w(74,15,2,1140)
r(3,11,2,1140)
r(84,16,2,1141)
r(41,15,2,1141)
w(38,9,2,1142)
r(20,10,2,1142)
r(68,6,2,1143)
w(56,11,2,1143)
w(62,11,2,1144)
w(32,11,2,1144)
r(14,15,2,1145)
r(67,9,2,1145)
w(14,16,2,1146)
w(18,17,2,1146)
r(93,13,2,1147)
r(36,9,2,1147)
w(24,14,2,1148)
r(22,10,2,1148)
w(80,13,2,1149)
w(90,9,2,1149)
w(67,10,2,1150)
r(87,17,2,1150)
r(60,16,2,1151)
w(65,13,2,1151)
w(19,13,2,1152)
r(47,15,2,1152)
w(98,12,2,1153)
w(71,18,2,1153)
w(65,14,2,1154)
r(69,7,2,1154)
w(37,13,2,1155)
w(28,7,2,1155)
r(14,16,2,1156)
w(53,13,2,1156)
r(28,7,2,1157)
w(61,12,2,1157)
r(18,17,2,1158)
w(68,7,2,1158)
w(15,9,2,1159)
r(35,13,2,1159)
r(99,15,2,1160)
w(6,11,2,1160)
w(91,14,2,1161)
r(81,19,2,1161)
r(13,9,2,1162)
w(0,11,2,1162)
w(76,13,2,1163)
w(16,13,2,1163)
r(58,13,2,1164)
r(85,6,2,1164)
w(8,9,2,1165)
w(70,12,2,1165)
w(4,12,2,1166)
w(79,15,2,1166)
w(46,8,2,1167)
r(41,15,2,1167)
r(46,8,2,1168)
w(38,10,2,1168)
w(36,10,2,1169)
w(72,12,2,1169)
w(87,18,2,1170)
w(83,8,2,1170)
w(25,9,2,1171)
r(10,15,2,1171)
r(49,20,2,1172)
w(64,10,2,1172)
w(22,11,2,1173)
r(70,12,2,1173)
r(94,10,2,1174)
r(23,15,2,1174)
r(88,9,2,1175)
w(11,14,2,1175)
r(43,12,2,1176)
r(37,13,2,1176)
r(16,13,2,1177)
r(84,16,2,1177)
r(44,6,2,1178)
w(0,12,2,1178)
r(81,19,2,1179)
w(35,14,2,1179)
r(30,12,2,1180)
r(85,6,2,1180)
w(14,17,2,1181)
w(94,11,2,1181)
w(55,9,2,1182)
r(19,13,2,1182)
r(5,15,2,1183)
r(96,13,2,1183)
w(99,16,2,1184)
w(3,12,2,1184)
r(6,11,2,1185)
r(68,7,2,1185)
r(28,7,2,1186)
w(78,10,2,1186)
r(81,19,2,1187)
w(21,14,2,1187)
w(8,10,2,1188)
r(61,12,2,1188)
r(96,13,2,1189)
r(1,12,2,1189)
w(21,15,2,1190)
r(22,11,2,1190)
w(93,14,2,1191)
r(3,12,2,1191)
w(75,16,2,1192)
r(6,11,2,1192)
r(87,18,2,1193)
r(86,7,2,1193)
r(2,8,2,1194)
w(53,14,2,1194)
w(98,13,2,1195)
r(12,10,2,1195)
r(2,8,2,1196)
r(45,14,2,1196)
w(48,12,2,1197)
w(71,19,2,1197)
w(24,15,2,1198)
r(4,12,2,1198)
w(49,21,2,1199)
w(96,14,2,1199)
w(78,11,2,1200)
r(98,13,2,1200)
r(27,8,2,1201)
r(17,12,2,1201)
w(39,15,2,1202)
w(19,14,2,1202)
w(58,14,2,1203)
w(7,15,2,1203)
r(29,7,2,1204)
r(73,6,2,1204)
r(13,9,2,1205)
w(59,16,2,1205)
r(0,12,2,1206)
r(70,12,2,1206)
w(11,15,2,1207)
w(88,10,2,1207)
w(52,10,2,1208)
r(29,7,2,1208)
w(82,14,2,1209)
r(0,12,2,1209)
r(34,11,2,1210)
w(96,15,2,1210)
w(92,14,2,1211)
w(14,18,2,1211)
w(54,8,2,1212)
w(22,12,2,1212)
w(91,15,2,1213)
w(99,17,2,1213)
w(16,14,2,1214)
r(59,16,2,1214)
w(40,18,2,1215)
w(30,13,2,1215)
w(2,9,2,1216)
w(95,14,2,1216)
w(85,7,2,1217)
r(62,11,2,1217)
r(5,15,2,1218)
r(35,14,2,1218)
w(85,8,2,1219)
r(50,11,2,1219)
w(26,12,2,1220)
w(70,13,2,1220)
r(47,15,2,1221)
r(91,15,2,1221)
r(17,12,2,1222)
r(54,8,2,1222)
r(82,14,2,1223)
r(45,14,2,1223)
w(16,15,2,1224)
r(98,13,2,1224)
r(15,9,2,1225)
r(76,13,2,1225)
r(16,15,2,1226)
w(59,17,2,1226)
r(0,12,2,1227)
w(7,16,2,1227)
r(62,11,2,1228)
r(35,14,2,1228)
r(64,10,2,1229)
w(14,19,2,1229)
r(85,8,2,1230)
w(11,16,2,1230)
w(71,20,2,1231)
r(42,8,2,1231)
r(50,11,2,1232)
r(35,14,2,1232)
w(0,13,2,1233)
w(50,12,2,1233)
w(79,16,2,1234)
r(51,13,2,1234)
w(7,17,2,1235)
r(22,12,2,1235)
r(11,16,2,1236)
r(73,6,2,1236)
w(63,10,2,1237)
w(87,19,2,1237)
r(49,21,2,1238)
r(18,17,2,1238)
r(59,17,2,1239)
r(77,11,2,1239)
w(81,20,2,1240)
r(39,15,2,1240)
r(18,17,2,1241)
w(38,11,2,1241)
w(75,17,2,1242)
w(41,16,2,1242)
r(1,12,2,1243)
w(86,8,2,1243)
w(97,13,2,1244)
w(79,17,2,1244)
r(56,11,2,1245)
r(33,10,2,1245)
r(38,11,2,1246)
w(24,16,2,1246)
r(96,15,2,1247)
w(87,20,2,1247)
r(53,14,2,1248)
r(67,10,2,1248)
r(46,8,2,1249)
r(70,13,2,1249)
w(25,10,2,1250)
r(6,11,2,1250)
r(13,9,2,1251)
r(27,8,2,1251)
w(84,17,2,1252)
w(34,12,2,1252)
w(46,9,2,1253)
r(9,14,2,1253)
r(9,14,2,1254)
w(50,13,2,1254)
r(63,10,2,1255)
r(15,9,2,1255)
w(96,16,2,1256)
w(67,11,2,1256)
r(88,10,2,1257)
r(15,9,2,1257)
w(28,8,2,1258)
w(0,14,2,1258)
w(12,11,2,1259)
r(82,14,2,1259)
r(4,12,2,1260)
w(34,13,2,1260)
r(20,10,2,1261)
r(42,8,2,1261)
r(67,11,2,1262)
w(54,9,2,1262)
w(26,13,2,1263)
w(16,16,2,1263)
w(17,13,2,1264)
w(36,11,2,1264)
w(77,12,2,1265)
w(27,9,2,1265)
w(9,15,2,1266)
r(57,7,2,1266)
r(85,8,2,1267)
w(99,18,2,1267)
w(21,16,2,1268)
r(30,13,2,1268)
r(83,8,2,1269)
r(91,15,2,1269)
r(10,15,2,1270)
r(63,10,2,1270)
w(57,8,2,1271)
w(12,12,2,1271)
w(79,18,2,1272)
w(61,13,2,1272)
w(8,11,2,1273)
w(43,13,2,1273)
w(13,10,2,1274)
w(58,15,2,1274)
w(67,12,2,1275)
r(64,10,2,1275)
w(0,15,2,1276)
w(4,13,2,1276)
r(65,14,2,1277)
r(27,9,2,1277)
r(13,10,2,1278)
r(70,13,2,1278)
r(90,9,2,1279)
w(34,14,2,1279)
r(16,16,2,1280)
r(66,10,2,1280)
r(65,14,2,1281)
w(30,14,2,1281)
r(79,18,2,1282)
w(24,17,2,1282)
r(44,6,2,1283)
r(90,9,2,1283)
w(11,17,2,1284)
w(23,16,2,1284)
r(48,12,2,1285)
w(0,16,2,1285)
w(29,8,2,1286)
r(13,10,2,1286)
w(35,15,2,1287)
w(28,9,2,1287)
r(77,12,2,1288)
w(43,14,2,1288)
r(40,18,2,1289)
w(21,17,2,1289)
w(23,17,2,1290)
w(34,15,2,1290)
w(58,16,2,1291)
w(54,10,2,1291)
w(99,19,2,1292)
r(69,7,2,1292)
w(70,14,2,1293)
r(72,12,2,1293)
r(86,8,2,1294)
w(37,14,2,1294)
r(84,17,2,1295)
r(86,8,2,1295)
r(41,16,2,1296)
r(40,18,2,1296)
r(25,10,2,1297)
r(51,13,2,1297)
w(20,11,2,1298)
w(40,19,2,1298)
r(78,11,2,1299)
r(59,17,2,1299)
w(18,18,2,1300)
r(58,16,2,1300)
r(54,10,2,1301)
r(46,9,2,1301)
r(12,12,2,1302)
w(39,16,2,1302)
r(50,13,2,1303)
r(4,13,2,1303)
r(8,11,2,1304)
r(98,13,2,1304)
w(54,11,2,1305)
r(52,10,2,1305)
w(78,12,2,1306)
r(20,11,2,1306)
w(34,16,2,1307)
w(50,14,2,1307)
r(14,19,2,1308)
r(94,11,2,1308)
w(4,14,2,1309)
r(81,20,2,1309)
w(33,11,2,1310)
r(48,12,2,1310)
w(64,11,2,1311)
r(84,17,2,1311)
r(83,8,2,1312)
r(11,17,2,1312)
w(64,12,2,1313)
w(11,18,2,1313)
w(2,10,2,1314)
r(29,8,2,1314)
r(27,9,2,1315)
r(94,11,2,1315)
w(32,12,2,1316)
r(79,18,2,1316)
r(86,8,2,1317)
w(3,13,2,1317)
r(28,9,2,1318)
r(5,15,2,1318)
w(59,18,2,1319)
w(67,13,2,1319)
w(63,11,2,1320)
w(27,10,2,1320)
w(2,11,2,1321)
r(40,19,2,1321)
w(33,12,2,1322)
w(64,13,2,1322)
w(96,17,2,1323)
w(74,16,2,1323)
r(18,18,2,1324)
w(54,12,2,1324)
w(78,13,2,1325)
r(73,6,2,1325)
r(86,8,2,1326)
w(30,15,2,1326)
r(12,12,2,1327)
r(70,14,2,1327)
r(72,12,2,1328)
w(25,11,2,1328)
w(31,18,2,1329)
r(48,12,2,1329)
w(84,18,2,1330)
r(97,13,2,1330)
r(13,10,2,1331)
w(59,19,2,1331)
w(15,10,2,1332)
w(81,21,2,1332)
r(81,21,2,1333)
w(64,14,2,1333)
w(79,19,2,1334)
w(27,11,2,1334)
r(34,16,2,1335)
w(73,7,2,1335)
r(27,11,2,1336)
w(13,11,2,1336)
r(15,10,2,1337)
r(97,13,2,1337)
w(97,14,2,1338)
w(34,17,2,1338)
w(5,16,2,1339)
r(58,16,2,1339)
w(23,18,2,1340)
r(53,14,2,1340)
w(22,13,2,1341)
w(90,10,2,1341)
w(12,13,2,1342)
w(20,12,2,1342)
r(43,14,2,1343)
r(19,14,2,1343)
r(69,7,2,1344)
w(78,14,2,1344)
r(95,14,2,1345)
r(71,20,2,1345)
w(33,13,2,1346)
w(65,15,2,1346)
r(70,14,2,1347)
r(0,16,2,1347)
w(8,12,2,1348)
w(20,13,2,1348)
r(5,16,2,1349)
r(79,19,2,1349)
r(32,12,2,1350)
r(46,9,2,1350)
w(6,12,2,1351)
w(30,16,2,1351)
w(5,17,2,1352)
r(20,13,2,1352)
w(97,15,2,1353)
w(96,18,2,1353)
w(77,13,2,1354)
r(27,11,2,1354)
r(41,16,2,1355)
r(77,13,2,1355)
w(2,12,2,1356)
w(41,17,2,1356)
r(5,17,2,1357)
r(62,11,2,1357)
w(35,16,2,1358)
w(88,11,2,1358)
r(67,13,2,1359)
r(65,15,2,1359)
r(9,15,2,1360)
w(89,13,2,1360)
w(39,17,2,1361)
r(24,17,2,1361)
r(89,13,2,1362)
w(56,12,2,1362)
r(42,8,2,1363)
w(21,18,2,1363)
w(63,12,2,1364)
r(53,14,2,1364)
r(13,11,2,1365)
r(82,14,2,1365)
r(8,12,2,1366)
r(90,10,2,1366)
r(50,14,2,1367)
r(34,17,2,1367)
w(91,16,2,1368)
w(33,14,2,1368)
r(54,12,2,1369)
w(34,18,2,1369)
w(10,16,2,1370)
w(47,16,2,1370)
r(72,12,2,1371)
r(64,14,2,1371)
r(85,8,2,1372)
r(20,13,2,1372)
w(87,21,2,1373)
r(82,14,2,1373)
w(76,14,2,1374)
r(16,16,2,1374)
r(77,13,2,1375)
w(2,13,2,1375)
r(73,7,2,1376)
r(39,17,2,1376)
r(55,9,2,1377)
r(9,15,2,1377)
w(50,15,2,1378)
r(86,8,2,1378)
w(15,11,2,1379)
w(85,9,2,1379)
r(30,16,2,1380)
r(48,12,2,1380)
r(8,12,2,1381)
w(38,12,2,1381)
r(65,15,2,1382)
w(31,19,2,1382)
w(0,17,2,1383)
w(11,19,2,1383)
w(28,10,2,1384)
r(69,7,2,1384)
w(18,19,2,1385)
w(30,17,2,1385)
w(23,19,2,1386)
w(49,22,2,1386)
w(71,21,2,1387)
w(31,20,2,1387)
w(8,13,2,1388)
r(9,15,2,1388)
r(50,15,2,1389)
r(36,11,2,1389)
w(10,17,2,1390)
w(91,17,2,1390)
r(92,14,2,1391)
w(56,13,2,1391)
r(93,14,2,1392)
r(30,17,2,1392)
w(59,20,2,1393)
r(0,17,2,1393)
r(76,14,2,1394)
w(9,16,2,1394)
w(83,9,2,1395)
w(61,14,2,1395)
w(68,8,2,1396)
w(71,22,2,1396)
w(43,15,2,1397)
r(69,7,2,1397)
r(35,16,2,1398)
r(40,19,2,1398)
r(70,14,2,1399)
w(48,13,2,1399)
r(23,19,2,1400)
r(74,16,2,1400)
w(19,15,2,1401)
r(89,13,2,1401)
w(74,17,2,1402)
w(85,10,2,1402)
r(33,14,2,1403)
r(34,18,2,1403)
r(75,17,2,1404)
w(73,8,2,1404)
r(15,11,2,1405)
w(78,15,2,1405)
r(56,13,2,1406)
w(89,14,2,1406)
r(50,15,2,1407)
w(27,12,2,1407)
r(39,17,2,1408)
w(53,15,2,1408)
r(48,13,2,1409)
r(45,14,2,1409)
w(28,11,2,1410)
r(73,8,2,1410)
w(83,10,2,1411)
w(45,15,2,1411)
r(40,19,2,1412)
w(22,14,2,1412)
r(80,13,2,1413)
r(9,16,2,1413)
r(88,11,2,1414)
r(34,18,2,1414)
r(19,15,2,1415)
r(90,10,2,1415)
w(62,12,2,1416)
r(52,10,2,1416)
w(31,21,2,1417)
w(42,9,2,1417)
r(94,11,2,1418)
w(16,17,2,1418)
r(48,13,2,1419)
r(54,12,2,1419)
w(85,11,2,1420)
r(50,15,2,1420)
w(14,20,2,1421)
r(85,11,2,1421)
w(82,15,2,1422)
r(65,15,2,1422)
w(6,13,2,1423)
r(96,18,2,1423)
r(99,19,2,1424)
w(83,11,2,1424)
r(5,17,2,1425)
w(15,12,2,1425)
r(81,21,2,1426)
w(50,16,2,1426)
r(54,12,2,1427)
w(67,14,2,1427)
w(63,13,2,1428)
r(45,15,2,1428)
w(23,20,2,1429)
w(87,22,2,1429)
w(73,9,2,1430)
w(31,22,2,1430)
r(25,11,2,1431)
r(71,22,2,1431)
w(36,12,2,1432)
w(55,10,2,1432)
w(45,16,2,1433)
w(48,14,2,1433)
r(24,17,2,1434)
r(59,20,2,1434)
w(67,15,2,1435)
r(38,12,2,1435)
w(88,12,2,1436)
w(58,17,2,1436)
r(49,22,2,1437)
r(75,17,2,1437)
w(54,13,2,1438)
r(2,13,2,1438)
r(34,18,2,1439)
r(80,13,2,1439)
w(93,15,2,1440)
r(38,12,2,1440)
r(9,16,2,1441)
w(41,18,2,1441)
r(0,17,2,1442)
r(41,18,2,1442)
w(64,15,2,1443)
w(23,21,2,1443)
r(26,13,2,1444)
r(94,11,2,1444)
w(40,20,2,1445)
w(32,13,2,1445)
w(53,16,2,1446)
w(52,11,2,1446)
r(73,9,2,1447)
r(44,6,2,1447)
r(49,22,2,1448)
r(48,14,2,1448)
w(19,16,2,1449)
w(90,11,2,1449)
r(3,13,2,1450)
r(53,16,2,1450)
w(53,17,2,1451)
r(29,8,2,1451)
r(41,18,2,1452)
r(1,12,2,1452)
w(11,20,2,1453)
r(99,19,2,1453)
r(68,8,2,1454)
w(71,23,2,1454)
r(50,16,2,1455)
w(29,9,2,1455)
w(48,15,2,1456)
r(76,14,2,1456)
r(15,12,2,1457)
w(0,18,2,1457)
r(89,14,2,1458)
w(66,11,2,1458)
r(12,13,2,1459)
w(7,18,2,1459)
w(55,11,2,1460)
r(94,11,2,1460)
w(41,19,2,1461)
w(12,14,2,1461)
r(78,15,2,1462)
w(57,9,2,1462)
r(49,22,2,1463)
w(43,16,2,1463)
r(42,9,2,1464)
w(11,21,2,1464)
w(4,15,2,1465)
r(27,12,2,1465)
r(43,16,2,1466)
w(88,13,2,1466)
r(60,16,2,1467)
w(5,18,2,1467)
w(19,17,2,1468)
w(91,18,2,1468)
r(41,19,2,1469)
w(79,20,2,1469)
w(3,14,2,1470)
r(1,12,2,1470)
r(23,21,2,1471)
r(54,13,2,1471)
w(68,9,2,1472)
w(33,15,2,1472)
r(35,16,2,1473)
r(99,19,2,1473)
r(94,11,2,1474)
r(63,13,2,1474)
r(40,20,2,1475)
r(94,11,2,1475)
w(67,16,2,1476)
w(90,12,2,1476)
w(48,16,2,1477)
r(48,16,2,1477)
w(23,22,2,1478)
w(54,14,2,1478)
r(30,17,2,1479)
w(55,12,2,1479)
r(39,17,2,1480)
r(3,14,2,1480)
w(3,15,2,1481)
r(6,13,2,1481)
w(53,18,2,1482)
r(37,14,2,1482)
w(76,15,2,1483)
r(71,23,2,1483)
w(10,18,2,1484)
w(68,10,2,1484)
w(20,14,2,1485)
r(25,11,2,1485)
w(8,14,2,1486)
r(22,14,2,1486)
w(40,21,2,1487)
w(23,23,2,1487)
r(59,20,2,1488)
w(67,17,2,1488)
w(26,14,2,1489)
r(17,13,2,1489)
w(5,19,2,1490)
w(10,19,2,1490)
w(19,18,2,1491)
w(22,15,2,1491)
w(45,17,2,1492)
w(19,19,2,1492)
w(16,18,2,1493)
r(58,17,2,1493)
w(77,14,2,1494)
w(15,13,2,1494)
w(84,19,2,1495)
r(88,13,2,1495)
w(35,17,2,1496)
r(78,15,2,1496)
r(53,18,2,1497)
w(7,19,2,1497)
w(99,20,2,1498)
w(94,12,2,1498)
w(69,8,2,1499)
w(74,18,2,1499)
