r(88,1,0,0)
w(80,1,0,0)
w(0,1,0,1)
r(24,1,0,1)
r(77,1,0,2)
r(10,1,0,2)
r(5,1,0,3)
r(91,1,0,3)
r(83,1,0,4)
w(8,1,0,4)
r(40,1,0,5)
r(65,1,0,5)
r(34,1,0,6)
w(62,1,0,6)
w(5,1,0,7)
r(17,1,0,7)
r(44,1,0,8)
w(42,1,0,8)
r(7,1,0,9)
r(78,1,0,9)
w(52,1,0,10)
w(81,1,0,10)
r(54,1,0,11)
w(71,1,0,11)
w(71,2,0,12)
w(24,1,0,12)
r(18,1,0,13)
w(77,1,0,13)
r(96,1,0,14)
r(24,1,0,14)
r(88,1,0,15)
r(35,1,0,15)
w(9,1,0,16)
w(17,1,0,16)
w(21,1,0,17)
r(18,1,0,17)
r(86,1,0,18)
r(79,1,0,18)
r(46,1,0,19)
w(28,1,0,19)
r(17,1,0,20)
r(77,1,0,20)
r(7,1,0,21)
w(14,1,0,21)
r(6,1,0,22)
w(17,2,0,22)
r(3,1,0,23)
r(51,1,0,23)
r(13,1,0,24)
r(74,1,0,24)
w(71,3,0,25)
r(90,1,0,25)
w(78,1,0,26)
w(31,1,0,26)
r(55,1,0,27)
r(75,1,0,27)
r(20,1,0,28)
w(15,1,0,28)
w(27,1,0,29)
r(15,1,0,29)
r(20,1,0,30)
r(88,1,0,30)
w(50,1,0,31)
r(95,1,0,31)
r(3,1,0,32)
w(37,1,0,32)
w(94,1,0,33)
w(33,1,0,33)
r(39,1,0,34)
w(52,2,0,34)
w(44,1,0,35)
w(79,1,0,35)
w(68,1,0,36)
r(69,1,0,36)
r(1,1,0,37)
w(49,1,0,37)
r(54,1,0,38)
w(51,1,0,38)
w(54,1,0,39)
w(26,1,0,39)
w(92,1,0,40)
r(24,1,0,40)
r(30,1,0,41)
w(39,1,0,41)
r(5,1,0,42)
w(18,1,0,42)
r(76,1,0,43)
r(89,1,0,43)
r(14,1,0,44)
r(28,1,0,44)
w(18,2,0,45)
w(0,2,0,45)
w(78,2,0,46)
w(67,1,0,46)
r(11,1,0,47)
r(67,1,0,47)
r(51,1,0,48)
w(59,1,0,48)
w(61,1,0,49)
r(79,1,0,49)
w(39,2,0,50)
r(51,1,0,50)
r(42,1,0,51)
r(27,1,0,51)
r(79,1,0,52)
r(67,1,0,52)
w(14,2,0,53)
w(36,1,0,53)
r(88,1,0,54)
w(92,2,0,54)
w(85,1,0,55)
r(13,1,0,55)
w(93,1,0,56)
w(88,1,0,56)
w(97,1,0,57)
r(49,1,0,57)
w(82,1,0,58)
r(50,1,0,58)
r(70,1,0,59)
r(65,1,0,59)
r(9,1,0,60)
w(90,1,0,60)
w(47,1,0,61)
w(86,1,0,61)
w(17,3,0,62)
w(78,3,0,62)
w(17,4,0,63)
w(37,2,0,63)
w(72,1,0,64)
w(93,2,0,64)
r(68,1,0,65)
w(39,3,0,65)
w(6,1,0,66)
r(80,1,0,66)
r(87,1,0,67)
w(30,1,0,67)
r(54,1,0,68)
r(4,1,0,68)
w(73,1,0,69)
r(71,3,0,69)
w(5,2,0,70)
r(28,1,0,70)
r(2,1,0,71)
w(89,1,0,71)
r(96,1,0,72)
w(49,2,0,72)
r(2,1,0,73)
w(71,4,0,73)
w(93,3,0,74)
w(66,1,0,74)
w(46,1,0,75)
r(92,2,0,75)
r(65,1,0,76)
r(95,1,0,76)
w(63,1,0,77)
w(59,2,0,77)
r(89,1,0,78)
w(22,1,0,78)
r(68,1,0,79)
r(82,1,0,79)
w(94,2,0,80)
r(39,3,0,80)
w(56,1,0,81)
r(41,1,0,81)
w(36,2,0,82)
r(21,1,0,82)
w(52,3,0,83)
w(8,2,0,83)
w(13,1,0,84)
w(92,3,0,84)
r(89,1,0,85)
w(73,2,0,85)
w(88,2,0,86)
r(64,1,0,86)
w(7,1,0,87)
r(17,4,0,87)
r(18,2,0,88)
w(85,2,0,88)
w(91,1,0,89)
w(51,2,0,89)
w(55,1,0,90)
w(29,1,0,90)
r(14,2,0,91)
r(70,1,0,91)
w(93,4,0,92)
w(30,2,0,92)
w(58,1,0,93)
r(73,2,0,93)
w(72,2,0,94)
r(51,2,0,94)
w(77,2,0,95)
r(96,1,0,95)
w(82,2,0,96)
w(43,1,0,96)
w(57,1,0,97)
r(22,1,0,97)
w(53,1,0,98)
r(18,2,0,98)
w(30,3,0,99)
w(30,4,0,99)
w(75,1,0,100)
r(74,1,0,100)
w(83,1,0,101)
r(95,1,0,101)
w(58,2,0,102)
r(10,1,0,102)
r(29,1,0,103)
w(30,5,0,103)
w(25,1,0,104)
r(23,1,0,104)
r(43,1,0,105)
w(99,1,0,105)
r(38,1,0,106)
r(85,2,0,106)
w(88,3,0,107)
r(66,1,0,107)
w(91,2,0,108)
r(76,1,0,108)
w(5,3,0,109)
w(43,2,0,109)
w(71,5,0,110)
r(12,1,0,110)
r(16,1,0,111)
r(97,1,0,111)
r(52,3,0,112)
r(71,5,0,112)
w(60,1,0,113)
r(42,1,0,113)
w(78,4,0,114)
r(53,1,0,114)
r(72,2,0,115)
r(63,1,0,115)
w(85,3,0,116)
r(70,1,0,116)
r(70,1,0,117)
w(43,3,0,117)
w(82,3,0,118)
w(97,2,0,118)
w(9,2,0,119)
w(71,6,0,119)
w(4,1,0,120)
r(99,1,0,120)
w(21,2,0,121)
w(46,2,0,121)
w(22,2,0,122)
r(23,1,0,122)
r(4,1,0,123)
w(69,1,0,123)
w(24,2,0,124)
r(79,1,0,124)
r(6,1,0,125)
w(51,3,0,125)
r(86,1,0,126)
w(41,1,0,126)
r(88,3,0,127)
r(1,1,0,127)
r(32,1,0,128)
w(64,1,0,128)
r(87,1,0,129)
r(74,1,0,129)
r(85,3,0,130)
w(78,5,0,130)
w(24,3,0,131)
w(86,2,0,131)
r(63,1,0,132)
w(4,2,0,132)
w(52,4,0,133)
r(37,2,0,133)
r(40,1,0,134)
w(71,7,0,134)
r(70,1,0,135)
w(18,3,0,135)
r(29,1,0,136)
w(9,3,0,136)
r(3,1,0,137)
w(32,1,0,137)
r(99,1,0,138)
r(77,2,0,138)
r(10,1,0,139)
w(42,2,0,139)
r(7,1,0,140)
r(96,1,0,140)
r(25,1,0,141)
r(32,1,0,141)
r(36,2,0,142)
w(96,1,0,142)
w(27,2,0,143)
r(61,1,0,143)
w(81,2,0,144)
w(52,5,0,144)
w(57,2,0,145)
r(43,3,0,145)
r(53,1,0,146)
w(24,4,0,146)
r(41,1,0,147)
r(73,2,0,147)
w(53,2,0,148)
r(4,2,0,148)
r(18,3,0,149)
r(44,1,0,149)
w(91,3,0,150)
w(46,3,0,150)
w(37,3,0,151)
w(52,6,0,151)
r(52,6,0,152)
w(80,2,0,152)
r(56,1,0,153)
r(81,2,0,153)
w(81,3,0,154)
r(69,1,0,154)
w(30,6,0,155)
w(12,1,0,155)
w(27,3,0,156)
r(49,2,0,156)
r(93,4,0,157)
w(93,5,0,157)
r(67,1,0,158)
w(36,3,0,158)
w(8,3,0,159)
r(9,3,0,159)
r(53,2,0,160)
w(1,1,0,160)
w(56,2,0,161)
w(57,3,0,161)
w(19,1,0,162)
r(93,5,0,162)
w(61,2,0,163)
w(91,4,0,163)
r(3,1,0,164)
r(86,2,0,164)
r(54,1,0,165)
w(75,2,0,165)
w(1,2,0,166)
w(88,4,0,166)
r(74,1,0,167)
w(2,1,0,167)
r(80,2,0,168)
r(39,3,0,168)
r(70,1,0,169)
w(48,1,0,169)
r(53,2,0,170)
w(5,4,0,170)
r(50,1,0,171)
w(86,3,0,171)
r(5,4,0,172)
w(10,1,0,172)
w(85,4,0,173)
w(97,3,0,173)
r(73,2,0,174)
r(5,4,0,174)
w(40,1,0,175)
r(84,1,0,175)
w(1,3,0,176)
r(86,3,0,176)
w(42,3,0,177)
w(84,1,0,177)
r(87,1,0,178)
r(68,1,0,178)
w(32,2,0,179)
r(15,1,0,179)
w(64,2,0,180)
r(48,1,0,180)
r(44,1,0,181)
w(71,8,0,181)
w(73,3,0,182)
r(36,3,0,182)
w(77,3,0,183)
r(96,1,0,183)
r(24,4,0,184)
w(66,2,0,184)
r(8,3,0,185)
w(56,3,0,185)
w(48,2,0,186)
w(37,4,0,186)
w(69,2,0,187)
w(46,4,0,187)
r(75,2,0,188)
r(50,1,0,188)
w(35,1,0,189)
r(69,2,0,189)
w(84,2,0,190)
w(47,2,0,190)
r(95,1,0,191)
r(27,3,0,191)
w(16,1,0,192)
r(67,1,0,192)
r(43,3,0,193)
r(21,2,0,193)
w(99,2,0,194)
r(88,4,0,194)
w(16,2,0,195)
w(70,1,0,195)
r(38,1,0,196)
w(53,3,0,196)
w(14,3,0,197)
r(2,1,0,197)
r(37,4,0,198)
r(20,1,0,198)
w(48,3,0,199)
r(25,1,0,199)
r(34,1,0,200)
w(12,2,0,200)
w(93,6,0,201)
w(62,2,0,201)
r(33,1,0,202)
w(92,4,0,202)
r(93,6,0,203)
r(90,1,0,203)
r(80,2,0,204)
w(62,3,0,204)
w(22,3,0,205)
r(66,2,0,205)
r(38,1,0,206)
r(91,4,0,206)
w(74,1,0,207)
r(71,8,0,207)
w(85,5,0,208)
r(73,3,0,208)
r(45,1,0,209)
r(19,1,0,209)
w(92,5,0,210)
w(2,2,0,210)
r(12,2,0,211)
w(52,7,0,211)
r(80,2,0,212)
r(17,4,0,212)
w(30,7,0,213)
w(51,4,0,213)
w(41,2,0,214)
r(59,2,0,214)
w(62,4,0,215)
r(40,1,0,215)
w(97,4,0,216)
w(71,9,0,216)
w(38,1,0,217)
w(19,2,0,217)
w(60,2,0,218)
r(31,1,0,218)
r(93,6,0,219)
w(86,4,0,219)
r(11,1,0,220)
w(53,4,0,220)
r(87,1,0,221)
w(68,2,0,221)
w(91,5,0,222)
w(33,2,0,222)
w(61,3,0,223)
r(69,2,0,223)
w(43,4,0,224)
r(4,2,0,224)
w(81,4,0,225)
r(17,4,0,225)
w(82,4,0,226)
w(8,4,0,226)
r(52,7,0,227)
r(80,2,0,227)
w(0,3,0,228)
r(30,7,0,228)
w(14,4,0,229)
w(48,4,0,229)
r(60,2,0,230)
r(67,1,0,230)
w(62,5,0,231)
r(34,1,0,231)
r(4,2,0,232)
r(72,2,0,232)
r(0,3,0,233)
r(28,1,0,233)
r(80,2,0,234)
r(15,1,0,234)
r(4,2,0,235)
w(28,2,0,235)
w(44,2,0,236)
r(92,5,0,236)
r(36,3,0,237)
w(25,2,0,237)
r(65,1,0,238)
r(54,1,0,238)
r(36,3,0,239)
r(45,1,0,239)
w(95,1,0,240)
r(97,4,0,240)
r(35,1,0,241)
r(10,1,0,241)
w(51,5,0,242)
w(28,3,0,242)
r(22,3,0,243)
w(35,2,0,243)
w(47,3,0,244)
w(67,2,0,244)
r(56,3,0,245)
r(66,2,0,245)
r(91,5,0,246)
w(33,3,0,246)
w(67,3,0,247)
r(90,1,0,247)
r(64,2,0,248)
r(53,4,0,248)
w(72,3,0,249)
r(81,4,0,249)
w(30,8,0,250)
w(92,6,0,250)
w(74,2,0,251)
w(71,10,0,251)
r(95,1,0,252)
w(65,1,0,252)
r(76,1,0,253)
w(74,3,0,253)
r(89,1,0,254)
w(43,5,0,254)
r(74,3,0,255)
r(73,3,0,255)
r(75,2,0,256)
w(27,4,0,256)
r(94,2,0,257)
r(71,10,0,257)
w(99,3,0,258)
w(20,1,0,258)
w(9,4,0,259)
w(90,2,0,259)
r(16,2,0,260)
w(1,4,0,260)
r(59,2,0,261)
w(11,1,0,261)
w(40,2,0,262)
w(87,1,0,262)
r(0,3,0,263)
w(66,3,0,263)
r(19,2,0,264)
r(13,1,0,264)
w(93,7,0,265)
w(71,11,0,265)
r(16,2,0,266)
w(5,5,0,266)
r(61,3,0,267)
r(13,1,0,267)
r(28,3,0,268)
w(4,3,0,268)
r(68,2,0,269)
r(95,1,0,269)
w(45,1,0,270)
w(72,4,0,270)
r(12,2,0,271)
r(5,5,0,271)
w(95,2,0,272)
r(26,1,0,272)
w(84,3,0,273)
w(81,5,0,273)
w(15,2,0,274)
w(18,4,0,274)
r(55,1,0,275)
r(36,3,0,275)
w(9,5,0,276)
r(90,2,0,276)
w(49,3,0,277)
w(31,2,0,277)
w(76,1,0,278)
r(20,1,0,278)
r(86,4,0,279)
w(60,3,0,279)
r(84,3,0,280)
w(44,3,0,280)
w(64,3,0,281)
w(99,4,0,281)
r(41,2,0,282)
r(45,1,0,282)
w(2,3,0,283)
r(82,4,0,283)
w(62,6,0,284)
r(87,1,0,284)
r(78,5,0,285)
r(59,2,0,285)
r(96,1,0,286)
r(13,1,0,286)
r(75,2,0,287)
r(2,3,0,287)
r(43,5,0,288)
w(63,2,0,288)
w(27,5,0,289)
r(95,2,0,289)
r(90,2,0,290)
r(65,1,0,290)
w(59,3,0,291)
r(68,2,0,291)
w(77,4,0,292)
w(27,6,0,292)
r(6,1,0,293)
r(88,4,0,293)
w(19,3,0,294)
r(58,2,0,294)
r(72,4,0,295)
r(65,1,0,295)
r(11,1,0,296)
r(56,3,0,296)
r(31,2,0,297)
w(85,6,0,297)
w(77,5,0,298)
r(36,3,0,298)
r(87,1,0,299)
r(31,2,0,299)
w(49,4,0,300)
w(71,12,0,300)
w(15,3,0,301)
w(20,2,0,301)
r(94,2,0,302)
r(29,1,0,302)
w(71,13,0,303)
w(3,1,0,303)
r(0,3,0,304)
r(4,3,0,304)
w(55,2,0,305)
w(51,6,0,305)
w(30,9,0,306)
r(31,2,0,306)
w(95,3,0,307)
w(64,4,0,307)
r(56,3,0,308)
w(92,7,0,308)
r(23,1,0,309)
r(82,4,0,309)
r(9,5,0,310)
w(99,5,0,310)
r(70,1,0,311)
r(67,3,0,311)
r(57,3,0,312)
w(31,3,0,312)
r(24,4,0,313)
w(12,3,0,313)
w(39,4,0,314)
r(49,4,0,314)
w(66,4,0,315)
w(17,5,0,315)
r(76,1,0,316)
r(27,6,0,316)
r(3,1,0,317)
r(19,3,0,317)
r(64,4,0,318)
w(56,4,0,318)
w(30,10,0,319)
w(62,7,0,319)
r(51,6,0,320)
r(67,3,0,320)
w(42,4,0,321)
r(4,3,0,321)
r(89,1,0,322)
r(16,2,0,322)
r(13,1,0,323)
r(46,4,0,323)
w(30,11,0,324)
w(63,3,0,324)
w(21,3,0,325)
w(39,5,0,325)
w(32,3,0,326)
w(12,4,0,326)
r(17,5,0,327)
w(80,3,0,327)
r(42,4,0,328)
w(28,4,0,328)
w(8,5,0,329)
r(99,5,0,329)
r(36,3,0,330)
r(24,4,0,330)
r(50,1,0,331)
r(67,3,0,331)
r(97,4,0,332)
w(62,8,0,332)
w(64,5,0,333)
r(35,2,0,333)
w(79,2,0,334)
r(53,4,0,334)
w(99,6,0,335)
w(39,6,0,335)
w(25,3,0,336)
w(42,5,0,336)
r(63,3,0,337)
w(43,6,0,337)
r(11,1,0,338)
w(41,3,0,338)
r(72,4,0,339)
w(30,12,0,339)
r(97,4,0,340)
r(49,4,0,340)
w(63,4,0,341)
r(4,3,0,341)
r(74,3,0,342)
w(75,3,0,342)
w(19,4,0,343)
r(52,7,0,343)
r(68,2,0,344)
w(74,4,0,344)
w(45,2,0,345)
r(63,4,0,345)
w(63,5,0,346)
w(23,1,0,346)
r(73,3,0,347)
r(78,5,0,347)
r(35,2,0,348)
w(71,14,0,348)
r(90,2,0,349)
w(13,2,0,349)
w(23,2,0,350)
w(84,4,0,350)
r(73,3,0,351)
r(13,2,0,351)
w(43,7,0,352)
r(14,4,0,352)
w(60,4,0,353)
w(21,4,0,353)
w(78,6,0,354)
r(80,3,0,354)
w(51,7,0,355)
r(21,4,0,355)
r(24,4,0,356)
r(87,1,0,356)
w(82,5,0,357)
r(11,1,0,357)
r(59,3,0,358)
r(64,5,0,358)
r(13,2,0,359)
w(12,5,0,359)
r(48,4,0,360)
w(30,13,0,360)
r(31,3,0,361)
w(23,3,0,361)
r(88,4,0,362)
w(48,5,0,362)
r(68,2,0,363)
w(90,3,0,363)
w(21,5,0,364)
r(10,1,0,364)
r(84,4,0,365)
r(14,4,0,365)
r(33,3,0,366)
w(64,6,0,366)
w(37,5,0,367)
w(66,5,0,367)
r(10,1,0,368)
r(41,3,0,368)
w(43,8,0,369)
r(66,5,0,369)
r(80,3,0,370)
r(89,1,0,370)
w(16,3,0,371)
r(40,2,0,371)
w(98,1,0,372)
r(69,2,0,372)
w(92,8,0,373)
w(38,2,0,373)
r(41,3,0,374)
w(79,3,0,374)
r(65,1,0,375)
r(1,4,0,375)
w(57,4,0,376)
r(65,1,0,376)
r(2,3,0,377)
r(39,6,0,377)
r(62,8,0,378)
w(98,2,0,378)
w(95,4,0,379)
r(55,2,0,379)
r(35,2,0,380)
w(4,4,0,380)
w(82,6,0,381)
w(85,7,0,381)
w(34,1,0,382)
w(72,5,0,382)
r(50,1,0,383)
w(58,3,0,383)
w(52,8,0,384)
w(89,2,0,384)
r(18,4,0,385)
w(40,3,0,385)
w(95,5,0,386)
w(16,4,0,386)
r(42,5,0,387)
r(34,1,0,387)
r(10,1,0,388)
w(92,9,0,388)
r(45,2,0,389)
r(82,6,0,389)
w(22,4,0,390)
w(10,2,0,390)
r(94,2,0,391)
w(73,4,0,391)
r(30,13,0,392)
w(82,7,0,392)
w(73,5,0,393)
r(39,6,0,393)
r(52,8,0,394)
r(39,6,0,394)
r(11,1,0,395)
w(78,7,0,395)
r(79,3,0,396)
r(52,8,0,396)
w(82,8,0,397)
r(14,4,0,397)
r(23,3,0,398)
w(17,6,0,398)
r(43,8,0,399)
w(75,4,0,399)
r(48,5,0,400)
w(63,6,0,400)
r(9,5,0,401)
w(93,8,0,401)
w(94,3,0,402)
r(96,1,0,402)
r(7,1,0,403)
w(58,4,0,403)
w(18,5,0,404)
w(85,8,0,404)
r(69,2,0,405)
r(55,2,0,405)
w(41,4,0,406)
r(86,4,0,406)
r(30,13,0,407)
w(96,2,0,407)
r(65,1,0,408)
r(34,1,0,408)
r(77,5,0,409)
r(45,2,0,409)
w(85,9,0,410)
w(84,5,0,410)
w(2,4,0,411)
r(18,5,0,411)
r(75,4,0,412)
w(48,6,0,412)
r(11,1,0,413)
r(74,4,0,413)
r(58,4,0,414)
w(14,5,0,414)
r(43,8,0,415)
r(5,5,0,415)
w(24,5,0,416)
w(56,5,0,416)
r(36,3,0,417)
w(59,4,0,417)
w(92,10,0,418)
w(33,4,0,418)
r(49,4,0,419)
r(93,8,0,419)
r(0,3,0,420)
w(21,6,0,420)
r(60,4,0,421)
r(61,3,0,421)
r(66,5,0,422)
r(24,5,0,422)
r(39,6,0,423)
r(33,4,0,423)
w(66,6,0,424)
w(73,6,0,424)
w(65,2,0,425)
w(23,4,0,425)
r(68,2,0,426)
r(65,2,0,426)
r(71,14,0,427)
w(57,5,0,427)
w(93,9,0,428)
w(73,7,0,428)
w(55,3,0,429)
w(22,5,0,429)
w(43,9,0,430)
r(87,1,0,430)
w(45,3,0,431)
r(11,1,0,431)
r(83,1,0,432)
r(91,5,0,432)
w(50,2,0,433)
w(52,9,0,433)
w(75,5,0,434)
w(71,15,0,434)
r(98,2,0,435)
r(28,4,0,435)
w(51,8,0,436)
r(75,5,0,436)
r(60,4,0,437)
r(49,4,0,437)
w(20,3,0,438)
r(2,4,0,438)
w(82,9,0,439)
w(98,3,0,439)
r(69,2,0,440)
w(33,5,0,440)
w(97,5,0,441)
w(88,5,0,441)
w(68,3,0,442)
w(81,6,0,442)
r(73,7,0,443)
w(48,7,0,443)
r(12,5,0,444)
r(48,7,0,444)
r(22,5,0,445)
w(23,5,0,445)
w(7,2,0,446)
r(86,4,0,446)
r(54,1,0,447)
r(35,2,0,447)
w(88,6,0,448)
w(97,6,0,448)
w(33,6,0,449)
r(77,5,0,449)
w(58,5,0,450)
r(68,3,0,450)
w(7,3,0,451)
w(25,4,0,451)
r(33,6,0,452)
r(74,4,0,452)
r(3,1,0,453)
w(31,4,0,453)
r(46,4,0,454)
w(99,7,0,454)
w(12,6,0,455)
w(1,5,0,455)
w(18,6,0,456)
r(5,5,0,456)
r(82,9,0,457)
r(5,5,0,457)
w(92,11,0,458)
r(51,8,0,458)
r(18,6,0,459)
w(42,6,0,459)
r(3,1,0,460)
w(46,5,0,460)
w(97,7,0,461)
r(88,6,0,461)
r(85,9,0,462)
r(68,3,0,462)
r(22,5,0,463)
w(53,5,0,463)
w(66,7,0,464)
r(78,7,0,464)
w(81,7,0,465)
w(59,5,0,465)
r(89,2,0,466)
r(37,5,0,466)
w(85,10,0,467)
r(5,5,0,467)
w(9,6,0,468)
w(2,5,0,468)
w(46,6,0,469)
w(2,6,0,469)
w(3,2,0,470)
r(39,6,0,470)
r(11,1,0,471)
w(30,14,0,471)
w(44,4,0,472)
w(99,8,0,472)
r(22,5,0,473)
w(82,10,0,473)
w(24,6,0,474)
w(46,7,0,474)
w(44,5,0,475)
r(57,5,0,475)
w(61,4,0,476)
r(36,3,0,476)
r(29,1,0,477)
w(56,6,0,477)
r(77,5,0,478)
w(24,7,0,478)
w(37,6,0,479)
r(86,4,0,479)
r(26,1,0,480)
r(83,1,0,480)
r(79,3,0,481)
w(17,7,0,481)
r(53,5,0,482)
w(81,8,0,482)
r(96,2,0,483)
w(15,4,0,483)
r(44,5,0,484)
r(3,2,0,484)
w(70,2,0,485)
r(16,4,0,485)
r(13,2,0,486)
r(56,6,0,486)
w(40,4,0,487)
r(94,3,0,487)
w(99,9,0,488)
r(71,15,0,488)
w(65,3,0,489)
r(31,4,0,489)
r(84,5,0,490)
r(77,5,0,490)
r(22,5,0,491)
w(76,2,0,491)
w(12,7,0,492)
w(41,5,0,492)
w(19,5,0,493)
w(66,8,0,493)
r(49,4,0,494)
w(68,4,0,494)
w(61,5,0,495)
r(74,4,0,495)
w(47,4,0,496)
w(19,6,0,496)
r(16,4,0,497)
w(40,5,0,497)
w(99,10,0,498)
r(21,6,0,498)
w(55,4,0,499)
r(88,6,0,499)
r(40,5,1,500)
w(71,16,1,500)
r(13,2,1,501)
r(4,4,1,501)
w(8,6,1,502)
w(83,2,1,502)
r(13,2,1,503)
r(75,5,1,503)
r(14,5,1,504)
w(94,4,1,504)
r(24,7,1,505)
w(26,2,1,505)
w(60,5,1,506)
w(6,2,1,506)
w(44,6,1,507)
w(98,4,1,507)
w(7,4,1,508)
r(4,4,1,508)
r(36,3,1,509)
w(36,4,1,509)
r(38,2,1,510)
r(12,7,1,510)
w(86,5,1,511)
r(47,4,1,511)
w(53,6,1,512)
w(64,7,1,512)
r(48,7,1,513)
w(19,7,1,513)
w(80,4,1,514)
w(53,7,1,514)
r(8,6,1,515)
w(95,6,1,515)
w(9,7,1,516)
r(69,2,1,516)
r(92,11,1,517)
r(38,2,1,517)
r(18,6,1,518)
w(16,5,1,518)
r(40,5,1,519)
w(68,5,1,519)
w(19,8,1,520)
r(53,7,1,520)
r(30,14,1,521)
w(17,8,1,521)
w(42,7,1,522)
w(44,7,1,522)
r(23,5,1,523)
r(1,5,1,523)
w(86,6,1,524)
w(11,2,1,524)
w(11,3,1,525)
w(76,3,1,525)
w(49,5,1,526)
w(58,6,1,526)
w(47,5,1,527)
r(51,8,1,527)
w(6,3,1,528)
r(14,5,1,528)
w(98,5,1,529)
w(69,3,1,529)
w(49,6,1,530)
r(12,7,1,530)
r(15,4,1,531)
w(14,6,1,531)
w(13,3,1,532)
r(94,4,1,532)
w(66,9,1,533)
r(90,3,1,533)
w(73,8,1,534)
w(45,4,1,534)
r(13,3,1,535)
r(90,3,1,535)
w(75,6,1,536)
w(20,4,1,536)
w(21,7,1,537)
r(21,7,1,537)
r(18,6,1,538)
r(24,7,1,538)
w(73,9,1,539)
w(43,10,1,539)
r(92,11,1,540)
w(63,7,1,540)
r(64,7,1,541)
r(19,8,1,541)
r(29,1,1,542)
r(70,2,1,542)
r(6,3,1,543)
w(13,4,1,543)
r(87,1,1,544)
w(51,9,1,544)
r(88,6,1,545)
w(38,3,1,545)
w(98,6,1,546)
r(6,3,1,546)
r(86,6,1,547)
r(10,2,1,547)
w(70,3,1,548)
r(3,2,1,548)
w(81,9,1,549)
r(46,7,1,549)
w(2,7,1,550)
w(34,2,1,550)
w(25,5,1,551)
r(42,7,1,551)
r(73,9,1,552)
w(76,4,1,552)
r(66,9,1,553)
w(42,8,1,553)
w(38,4,1,554)
w(28,5,1,554)
w(89,3,1,555)
r(93,9,1,555)
r(27,6,1,556)
r(91,5,1,556)
r(33,6,1,557)
r(53,7,1,557)
r(81,9,1,558)
r(24,7,1,558)
w(70,4,1,559)
r(93,9,1,559)
r(77,5,1,560)
w(9,8,1,560)
r(94,4,1,561)
r(5,5,1,561)
r(56,6,1,562)
r(14,6,1,562)
r(47,5,1,563)
w(31,5,1,563)
r(54,1,1,564)
w(2,8,1,564)
r(97,7,1,565)
w(72,6,1,565)
w(59,6,1,566)
w(1,6,1,566)
r(78,7,1,567)
r(81,9,1,567)
w(68,6,1,568)
w(49,7,1,568)
r(39,6,1,569)
w(57,6,1,569)
w(86,7,1,570)
w(76,5,1,570)
r(12,7,1,571)
w(54,2,1,571)
w(65,4,1,572)
r(87,1,1,572)
w(10,3,1,573)
w(63,8,1,573)
w(1,7,1,574)
w(5,6,1,574)
r(45,4,1,575)
r(87,1,1,575)
w(47,6,1,576)
r(49,7,1,576)
w(68,7,1,577)
r(40,5,1,577)
w(3,3,1,578)
w(4,5,1,578)
w(79,4,1,579)
r(85,10,1,579)
w(53,8,1,580)
w(85,11,1,580)
r(6,3,1,581)
w(4,6,1,581)
r(48,7,1,582)
r(69,3,1,582)
r(52,9,1,583)
w(62,9,1,583)
r(42,8,1,584)
w(28,6,1,584)
r(68,7,1,585)
r(46,7,1,585)
r(97,7,1,586)
r(23,5,1,586)
w(91,6,1,587)
r(52,9,1,587)
r(54,2,1,588)
w(97,8,1,588)
w(61,6,1,589)
w(22,6,1,589)
r(61,6,1,590)
w(98,7,1,590)
r(67,3,1,591)
w(70,5,1,591)
r(35,2,1,592)
r(55,4,1,592)
r(3,3,1,593)
r(52,9,1,593)
r(18,6,1,594)
w(79,5,1,594)
r(77,5,1,595)
r(77,5,1,595)
r(10,3,1,596)
r(20,4,1,596)
r(86,7,1,597)
r(35,2,1,597)
w(53,9,1,598)
r(56,6,1,598)
r(81,9,1,599)
r(55,4,1,599)
r(72,6,1,600)
r(31,5,1,600)
w(36,5,1,601)
w(25,6,1,601)
w(45,5,1,602)
r(49,7,1,602)
w(0,4,1,603)
r(36,5,1,603)
r(1,7,1,604)
r(86,7,1,604)
r(68,7,1,605)
r(52,9,1,605)
w(67,4,1,606)
w(10,4,1,606)
w(41,6,1,607)
r(79,5,1,607)
r(99,10,1,608)
r(78,7,1,608)
r(9,8,1,609)
w(25,7,1,609)
w(77,6,1,610)
r(1,7,1,610)
w(40,6,1,611)
w(91,7,1,611)
r(96,2,1,612)
w(46,8,1,612)
w(70,6,1,613)
w(83,3,1,613)
w(62,10,1,614)
r(18,6,1,614)
w(44,8,1,615)
r(22,6,1,615)
w(14,7,1,616)
r(49,7,1,616)
w(78,8,1,617)
r(89,3,1,617)
w(66,10,1,618)
r(10,4,1,618)
r(53,9,1,619)
w(26,3,1,619)
r(29,1,1,620)
r(94,4,1,620)
w(24,8,1,621)
r(59,6,1,621)
r(48,7,1,622)
w(31,6,1,622)
r(83,3,1,623)
w(8,7,1,623)
w(37,7,1,624)
r(72,6,1,624)
r(54,2,1,625)
w(79,6,1,625)
w(45,6,1,626)
r(11,3,1,626)
w(32,4,1,627)
r(56,6,1,627)
w(56,7,1,628)
r(1,7,1,628)
r(63,8,1,629)
w(72,7,1,629)
w(67,5,1,630)
w(89,4,1,630)
w(28,7,1,631)
r(24,8,1,631)
w(89,5,1,632)
w(22,7,1,632)
r(12,7,1,633)
r(13,4,1,633)
w(88,7,1,634)
w(32,5,1,634)
w(84,6,1,635)
w(96,3,1,635)
w(13,5,1,636)
r(85,11,1,636)
w(39,7,1,637)
r(36,5,1,637)
w(46,9,1,638)
r(83,3,1,638)
r(52,9,1,639)
r(56,7,1,639)
w(14,8,1,640)
r(53,9,1,640)
r(82,10,1,641)
r(16,5,1,641)
r(61,6,1,642)
w(46,10,1,642)
w(98,8,1,643)
w(72,8,1,643)
w(15,5,1,644)
r(7,4,1,644)
r(95,6,1,645)
w(6,4,1,645)
r(34,2,1,646)
w(73,10,1,646)
w(79,7,1,647)
w(94,5,1,647)
r(47,6,1,648)
w(4,7,1,648)
w(58,7,1,649)
r(79,7,1,649)
w(93,10,1,650)
w(61,7,1,650)
r(89,5,1,651)
r(86,7,1,651)
w(31,7,1,652)
r(61,7,1,652)
w(47,7,1,653)
r(15,5,1,653)
w(72,9,1,654)
w(38,5,1,654)
w(59,7,1,655)
r(27,6,1,655)
r(20,4,1,656)
w(69,4,1,656)
r(36,5,1,657)
w(71,17,1,657)
w(0,5,1,658)
r(83,3,1,658)
w(91,8,1,659)
w(56,8,1,659)
w(27,7,1,660)
r(6,4,1,660)
w(66,11,1,661)
w(73,11,1,661)
r(78,8,1,662)
r(27,7,1,662)
w(95,7,1,663)
w(47,8,1,663)
w(51,10,1,664)
r(96,3,1,664)
w(76,6,1,665)
w(26,4,1,665)
r(54,2,1,666)
r(74,4,1,666)
w(17,9,1,667)
w(24,9,1,667)
r(52,9,1,668)
w(62,11,1,668)
r(7,4,1,669)
w(57,7,1,669)
w(19,9,1,670)
w(89,6,1,670)
r(8,7,1,671)
w(31,8,1,671)
w(87,2,1,672)
w(59,8,1,672)
r(76,6,1,673)
w(50,3,1,673)
w(16,6,1,674)
w(4,8,1,674)
w(99,11,1,675)
r(45,6,1,675)
r(1,7,1,676)
r(84,6,1,676)
r(2,8,1,677)
w(49,8,1,677)
r(32,5,1,678)
r(9,8,1,678)
r(24,9,1,679)
r(30,14,1,679)
w(51,11,1,680)
w(6,5,1,680)
r(43,10,1,681)
r(14,8,1,681)
r(62,11,1,682)
w(24,10,1,682)
w(4,9,1,683)
r(58,7,1,683)
r(11,3,1,684)
w(9,9,1,684)
w(81,10,1,685)
r(97,8,1,685)
r(62,11,1,686)
r(60,5,1,686)
w(42,9,1,687)
w(29,2,1,687)
w(82,11,1,688)
r(93,10,1,688)
w(70,7,1,689)
w(41,7,1,689)
r(78,8,1,690)
w(53,10,1,690)
r(15,5,1,691)
w(36,6,1,691)
w(40,7,1,692)
w(93,11,1,692)
w(8,8,1,693)
r(40,7,1,693)
r(21,7,1,694)
w(40,8,1,694)
r(28,7,1,695)
r(30,14,1,695)
r(34,2,1,696)
w(33,7,1,696)
r(37,7,1,697)
w(37,8,1,697)
w(98,9,1,698)
r(10,4,1,698)
w(82,12,1,699)
r(57,7,1,699)
r(91,8,1,700)
r(84,6,1,700)
w(57,8,1,701)
r(40,8,1,701)
r(23,5,1,702)
r(3,3,1,702)
w(38,6,1,703)
w(76,7,1,703)
r(83,3,1,704)
r(34,2,1,704)
r(94,5,1,705)
w(81,11,1,705)
r(6,5,1,706)
r(75,6,1,706)
r(32,5,1,707)
r(94,5,1,707)
r(20,4,1,708)
r(10,4,1,708)
w(52,10,1,709)
r(13,5,1,709)
w(83,4,1,710)
w(26,5,1,710)
w(84,7,1,711)
w(5,7,1,711)
r(26,5,1,712)
r(76,7,1,712)
r(30,14,1,713)
r(3,3,1,713)
w(75,7,1,714)
r(29,2,1,714)
r(10,4,1,715)
w(9,10,1,715)
w(79,8,1,716)
r(42,9,1,716)
r(56,8,1,717)
w(46,11,1,717)
w(25,8,1,718)
r(58,7,1,718)
r(38,6,1,719)
w(97,9,1,719)
r(12,7,1,720)
w(21,8,1,720)
r(83,4,1,721)
w(27,8,1,721)
r(6,5,1,722)
r(30,14,1,722)
w(16,7,1,723)
w(49,9,1,723)
w(87,3,1,724)
r(24,10,1,724)
r(42,9,1,725)
w(42,10,1,725)
w(53,11,1,726)
w(11,4,1,726)
r(43,10,1,727)
r(44,8,1,727)
r(94,5,1,728)
w(60,6,1,728)
r(98,9,1,729)
r(7,4,1,729)
r(67,5,1,730)
r(38,6,1,730)
r(90,3,1,731)
w(71,18,1,731)
w(47,9,1,732)
r(9,10,1,732)
r(14,8,1,733)
w(51,12,1,733)
w(56,9,1,734)
r(70,7,1,734)
r(94,5,1,735)
r(23,5,1,735)
r(78,8,1,736)
r(9,10,1,736)
w(65,5,1,737)
r(41,7,1,737)
r(49,9,1,738)
w(19,10,1,738)
r(12,7,1,739)
w(58,8,1,739)
r(26,5,1,740)
r(43,10,1,740)
w(6,6,1,741)
w(68,8,1,741)
w(19,11,1,742)
w(26,6,1,742)
w(0,6,1,743)
r(33,7,1,743)
w(93,12,1,744)
w(36,7,1,744)
w(72,10,1,745)
w(32,6,1,745)
w(40,9,1,746)
w(10,5,1,746)
r(22,7,1,747)
r(3,3,1,747)
r(17,9,1,748)
w(30,15,1,748)
w(0,7,1,749)
w(31,9,1,749)
r(86,7,1,750)
r(30,15,1,750)
r(31,9,1,751)
r(6,6,1,751)
w(69,5,1,752)
r(44,8,1,752)
w(33,8,1,753)
w(42,11,1,753)
w(15,6,1,754)
w(21,9,1,754)
w(68,9,1,755)
r(72,10,1,755)
r(25,8,1,756)
r(88,7,1,756)
w(99,12,1,757)
r(47,9,1,757)
w(47,10,1,758)
r(7,4,1,758)
w(71,19,1,759)
w(98,10,1,759)
r(46,11,1,760)
r(23,5,1,760)
w(54,3,1,761)
r(27,8,1,761)
r(10,5,1,762)
w(58,9,1,762)
w(73,12,1,763)
r(15,6,1,763)
w(13,6,1,764)
r(37,8,1,764)
r(50,3,1,765)
r(58,9,1,765)
w(70,8,1,766)
r(23,5,1,766)
w(43,11,1,767)
w(42,12,1,767)
w(25,9,1,768)
w(54,4,1,768)
r(19,11,1,769)
w(33,9,1,769)
r(14,8,1,770)
w(81,12,1,770)
r(69,5,1,771)
r(56,9,1,771)
r(28,7,1,772)
w(35,3,1,772)
w(9,11,1,773)
w(31,10,1,773)
r(98,10,1,774)
w(1,8,1,774)
r(39,7,1,775)
r(91,8,1,775)
r(79,8,1,776)
r(76,7,1,776)
w(26,7,1,777)
w(97,10,1,777)
r(73,12,1,778)
r(94,5,1,778)
w(64,8,1,779)
w(94,6,1,779)
w(71,20,1,780)
w(11,5,1,780)
r(86,7,1,781)
r(14,8,1,781)
r(0,7,1,782)
w(53,12,1,782)
r(94,6,1,783)
w(38,7,1,783)
r(44,8,1,784)
r(32,6,1,784)
w(92,12,1,785)
r(14,8,1,785)
r(9,11,1,786)
r(36,7,1,786)
r(68,9,1,787)
w(44,9,1,787)
w(11,6,1,788)
r(11,6,1,788)
r(73,12,1,789)
r(62,11,1,789)
r(49,9,1,790)
w(95,8,1,790)
w(14,9,1,791)
r(46,11,1,791)
r(96,3,1,792)
r(35,3,1,792)
r(50,3,1,793)
r(5,7,1,793)
r(14,9,1,794)
w(60,7,1,794)
w(80,5,1,795)
w(68,10,1,795)
w(50,4,1,796)
w(64,9,1,796)
r(44,9,1,797)
r(63,8,1,797)
r(25,9,1,798)
w(76,8,1,798)
w(28,8,1,799)
w(93,13,1,799)
w(34,3,1,800)
w(38,8,1,800)
w(36,8,1,801)
w(80,6,1,801)
r(66,11,1,802)
r(2,8,1,802)
w(71,21,1,803)
r(64,9,1,803)
r(75,7,1,804)
r(64,9,1,804)
w(50,5,1,805)
r(11,6,1,805)
w(19,12,1,806)
w(59,9,1,806)
w(80,7,1,807)
w(59,10,1,807)
r(20,4,1,808)
w(7,5,1,808)
w(59,11,1,809)
r(19,12,1,809)
r(41,7,1,810)
r(71,21,1,810)
r(14,9,1,811)
w(66,12,1,811)
r(6,6,1,812)
r(39,7,1,812)
w(2,9,1,813)
w(64,10,1,813)
w(4,10,1,814)
w(93,14,1,814)
r(7,5,1,815)
r(77,6,1,815)
w(14,10,1,816)
r(75,7,1,816)
r(90,3,1,817)
r(74,4,1,817)
r(47,10,1,818)
r(57,8,1,818)
r(61,7,1,819)
r(33,9,1,819)
w(24,11,1,820)
r(98,10,1,820)
w(87,4,1,821)
w(94,7,1,821)
w(83,5,1,822)
w(0,8,1,822)
w(92,13,1,823)
r(10,5,1,823)
r(66,12,1,824)
r(65,5,1,824)
r(39,7,1,825)
r(78,8,1,825)
r(17,9,1,826)
w(96,4,1,826)
w(18,7,1,827)
w(15,7,1,827)
w(69,6,1,828)
r(45,6,1,828)
w(47,11,1,829)
w(41,8,1,829)
w(14,11,1,830)
w(56,10,1,830)
w(5,8,1,831)
r(57,8,1,831)
r(5,8,1,832)
r(45,6,1,832)
w(70,9,1,833)
r(55,4,1,833)
r(17,9,1,834)
w(58,10,1,834)
w(1,9,1,835)
r(88,7,1,835)
w(33,10,1,836)
w(41,9,1,836)
w(2,10,1,837)
w(18,8,1,837)
w(1,10,1,838)
r(54,4,1,838)
w(44,10,1,839)
r(3,3,1,839)
w(23,6,1,840)
w(93,15,1,840)
w(83,6,1,841)
w(84,8,1,841)
r(74,4,1,842)
r(38,8,1,842)
r(27,8,1,843)
r(63,8,1,843)
r(46,11,1,844)
w(90,4,1,844)
r(13,6,1,845)
w(78,9,1,845)
w(17,10,1,846)
w(98,11,1,846)
w(50,6,1,847)
w(61,8,1,847)
r(25,9,1,848)
r(44,10,1,848)
r(78,9,1,849)
w(16,8,1,849)
w(74,5,1,850)
r(82,12,1,850)
r(18,8,1,851)
r(14,11,1,851)
w(96,5,1,852)
w(24,12,1,852)
w(93,16,1,853)
r(57,8,1,853)
r(56,10,1,854)
w(29,3,1,854)
r(38,8,1,855)
w(26,8,1,855)
r(78,9,1,856)
r(15,7,1,856)
w(93,17,1,857)
w(65,6,1,857)
w(3,4,1,858)
r(74,5,1,858)
r(55,4,1,859)
r(31,10,1,859)
w(87,5,1,860)
r(57,8,1,860)
w(32,7,1,861)
r(30,15,1,861)
w(67,6,1,862)
w(50,7,1,862)
w(37,9,1,863)
w(53,13,1,863)
r(24,12,1,864)
r(95,8,1,864)
r(25,9,1,865)
r(0,8,1,865)
r(7,5,1,866)
r(75,7,1,866)
w(16,9,1,867)
w(86,8,1,867)
w(23,7,1,868)
w(66,13,1,868)
w(70,10,1,869)
w(91,9,1,869)
w(23,8,1,870)
w(81,13,1,870)
w(39,8,1,871)
r(22,7,1,871)
w(97,11,1,872)
r(64,10,1,872)
r(28,8,1,873)
r(47,11,1,873)
w(10,6,1,874)
w(42,13,1,874)
w(8,9,1,875)
w(45,7,1,875)
w(14,12,1,876)
w(60,8,1,876)
r(32,7,1,877)
w(44,11,1,877)
w(92,14,1,878)
r(1,10,1,878)
r(66,13,1,879)
w(18,9,1,879)
w(18,10,1,880)
w(87,6,1,880)
r(8,9,1,881)
r(85,11,1,881)
w(30,16,1,882)
w(87,7,1,882)
r(12,7,1,883)
w(73,13,1,883)
w(9,12,1,884)
w(59,12,1,884)
r(16,9,1,885)
r(93,17,1,885)
r(87,7,1,886)
w(74,6,1,886)
r(51,12,1,887)
r(19,12,1,887)
r(64,10,1,888)
r(95,8,1,888)
r(84,8,1,889)
r(90,4,1,889)
w(23,9,1,890)
w(26,9,1,890)
r(41,9,1,891)
w(77,7,1,891)
w(98,12,1,892)
w(85,12,1,892)
w(57,9,1,893)
w(1,11,1,893)
r(91,9,1,894)
w(60,9,1,894)
w(64,11,1,895)
w(49,10,1,895)
r(20,4,1,896)
w(64,12,1,896)
r(67,6,1,897)
r(87,7,1,897)
r(63,8,1,898)
r(24,12,1,898)
w(41,10,1,899)
r(0,8,1,899)
w(97,12,1,900)
r(64,12,1,900)
r(14,12,1,901)
r(98,12,1,901)
w(19,13,1,902)
w(75,8,1,902)
w(87,8,1,903)
r(2,10,1,903)
w(16,10,1,904)
w(76,9,1,904)
w(65,7,1,905)
r(89,6,1,905)
r(79,8,1,906)
w(71,22,1,906)
w(75,9,1,907)
r(84,8,1,907)
w(3,5,1,908)
r(31,10,1,908)
r(66,13,1,909)
r(96,5,1,909)
w(23,10,1,910)
r(70,10,1,910)
w(25,10,1,911)
w(59,13,1,911)
r(6,6,1,912)
r(85,12,1,912)
w(65,8,1,913)
w(96,6,1,913)
r(16,10,1,914)
w(7,6,1,914)
r(96,6,1,915)
r(91,9,1,915)
w(84,9,1,916)
w(58,11,1,916)
r(44,11,1,917)
r(3,5,1,917)
w(92,15,1,918)
w(11,7,1,918)
w(74,7,1,919)
r(64,12,1,919)
r(34,3,1,920)
r(16,10,1,920)
w(53,14,1,921)
w(21,10,1,921)
w(30,17,1,922)
w(51,13,1,922)
w(57,10,1,923)
w(85,13,1,923)
w(56,11,1,924)
r(44,11,1,924)
r(37,9,1,925)
w(57,11,1,925)
r(60,9,1,926)
w(7,7,1,926)
w(45,8,1,927)
r(16,10,1,927)
r(92,15,1,928)
r(17,10,1,928)
r(55,4,1,929)
w(87,9,1,929)
r(99,12,1,930)
r(73,13,1,930)
r(28,8,1,931)
r(47,11,1,931)
r(35,3,1,932)
r(93,17,1,932)
w(15,8,1,933)
w(44,12,1,933)
r(39,8,1,934)
w(62,12,1,934)
r(74,7,1,935)
r(87,9,1,935)
w(62,13,1,936)
r(97,12,1,936)
w(68,11,1,937)
w(10,7,1,937)
r(53,14,1,938)
r(96,6,1,938)
r(9,12,1,939)
r(45,8,1,939)
w(1,12,1,940)
w(74,8,1,940)
w(94,8,1,941)
r(41,10,1,941)
w(30,18,1,942)
r(52,10,1,942)
r(20,4,1,943)
r(2,10,1,943)
r(15,8,1,944)
w(82,13,1,944)
r(97,12,1,945)
w(75,10,1,945)
r(44,12,1,946)
r(34,3,1,946)
w(57,12,1,947)
r(76,9,1,947)
w(53,15,1,948)
r(35,3,1,948)
r(78,9,1,949)
r(89,6,1,949)
r(96,6,1,950)
r(57,12,1,950)
w(94,9,1,951)
r(91,9,1,951)
w(19,14,1,952)
r(41,10,1,952)
r(20,4,1,953)
r(10,7,1,953)
w(27,9,1,954)
r(70,10,1,954)
r(14,12,1,955)
r(24,12,1,955)
w(58,12,1,956)
w(3,6,1,956)
r(67,6,1,957)
w(24,13,1,957)
w(17,11,1,958)
r(56,11,1,958)
r(57,12,1,959)
r(74,8,1,959)
w(29,4,1,960)
w(61,9,1,960)
r(5,8,1,961)
w(77,8,1,961)
w(71,23,1,962)
w(66,14,1,962)
r(53,15,1,963)
w(52,11,1,963)
w(0,9,1,964)
r(27,9,1,964)
r(5,8,1,965)
r(10,7,1,965)
w(88,8,1,966)
w(46,12,1,966)
w(67,7,1,967)
w(77,9,1,967)
w(77,10,1,968)
w(15,9,1,968)
r(14,12,1,969)
r(37,9,1,969)
r(17,11,1,970)
r(58,12,1,970)
w(74,9,1,971)
w(15,10,1,971)
w(92,16,1,972)
r(75,10,1,972)
r(78,9,1,973)
r(63,8,1,973)
w(52,12,1,974)
r(77,10,1,974)
r(50,7,1,975)
w(76,10,1,975)
r(79,8,1,976)
w(80,8,1,976)
r(42,13,1,977)
w(28,9,1,977)
r(38,8,1,978)
r(38,8,1,978)
w(59,14,1,979)
r(18,10,1,979)
r(68,11,1,980)
r(58,12,1,980)
w(70,11,1,981)
r(97,12,1,981)
w(76,11,1,982)
w(55,5,1,982)
r(79,8,1,983)
r(21,10,1,983)
w(86,9,1,984)
r(18,10,1,984)
r(4,10,1,985)
r(12,7,1,985)
w(95,9,1,986)
w(15,11,1,986)
w(16,11,1,987)
r(56,11,1,987)
w(2,11,1,988)
r(89,6,1,988)
r(58,12,1,989)
w(10,8,1,989)
r(18,10,1,990)
r(31,10,1,990)
r(36,8,1,991)
w(96,7,1,991)
w(65,9,1,992)
w(40,10,1,992)
r(53,15,1,993)
w(47,12,1,993)
w(23,11,1,994)
r(16,11,1,994)
w(81,14,1,995)
w(37,10,1,995)
r(7,7,1,996)
r(12,7,1,996)
r(1,12,1,997)
r(99,12,1,997)
w(62,14,1,998)
w(18,11,1,998)
w(77,11,1,999)
r(59,14,1,999)
w(18,12,2,1000)
r(49,10,2,1000)
r(27,9,2,1001)
r(54,4,2,1001)
r(54,4,2,1002)
r(27,9,2,1002)
w(10,9,2,1003)
w(47,13,2,1003)
w(54,5,2,1004)
w(14,13,2,1004)
w(5,9,2,1005)
w(1,13,2,1005)
r(0,9,2,1006)
r(2,11,2,1006)
r(46,12,2,1007)
r(91,9,2,1007)
w(0,10,2,1008)
r(65,9,2,1008)
r(31,10,2,1009)
w(40,11,2,1009)
r(19,14,2,1010)
r(39,8,2,1010)
w(67,8,2,1011)
w(23,12,2,1011)
w(64,13,2,1012)
r(27,9,2,1012)
w(8,10,2,1013)
w(59,15,2,1013)
w(53,16,2,1014)
w(53,17,2,1014)
r(32,7,2,1015)
w(46,13,2,1015)
w(99,13,2,1016)
r(37,10,2,1016)
r(7,7,2,1017)
r(46,13,2,1017)
w(42,14,2,1018)
w(22,8,2,1018)
r(95,9,2,1019)
r(79,8,2,1019)
w(69,7,2,1020)
w(33,11,2,1020)
r(88,8,2,1021)
w(45,9,2,1021)
w(93,18,2,1022)
w(0,11,2,1022)
w(79,9,2,1023)
r(6,6,2,1023)
r(82,13,2,1024)
w(77,12,2,1024)
r(69,7,2,1025)
w(51,14,2,1025)
r(11,7,2,1026)
r(32,7,2,1026)
w(47,14,2,1027)
r(37,10,2,1027)
w(5,10,2,1028)
w(93,19,2,1028)
w(98,13,2,1029)
r(11,7,2,1029)
r(15,11,2,1030)
r(31,10,2,1030)
w(44,13,2,1031)
w(13,7,2,1031)
r(13,7,2,1032)
w(10,10,2,1032)
r(30,18,2,1033)
r(81,14,2,1033)
w(91,10,2,1034)
r(19,14,2,1034)
w(39,9,2,1035)
w(88,9,2,1035)
r(50,7,2,1036)
w(92,17,2,1036)
w(82,14,2,1037)
r(74,9,2,1037)
r(79,9,2,1038)
w(47,15,2,1038)
r(38,8,2,1039)
r(25,10,2,1039)
r(7,7,2,1040)
w(4,11,2,1040)
r(22,8,2,1041)
w(65,10,2,1041)
w(24,14,2,1042)
r(13,7,2,1042)
r(65,10,2,1043)
w(52,13,2,1043)
r(31,10,2,1044)
w(49,11,2,1044)
r(57,12,2,1045)
r(40,11,2,1045)
r(41,10,2,1046)
r(91,10,2,1046)
w(62,15,2,1047)
w(29,5,2,1047)
r(52,13,2,1048)
r(20,4,2,1048)
r(89,6,2,1049)
r(94,9,2,1049)
r(94,9,2,1050)
w(52,14,2,1050)
r(58,12,2,1051)
w(65,11,2,1051)
w(75,11,2,1052)
r(51,14,2,1052)
r(71,23,2,1053)
r(20,4,2,1053)
w(7,8,2,1054)
r(62,15,2,1054)
w(61,10,2,1055)
r(55,5,2,1055)
r(70,11,2,1056)
w(24,15,2,1056)
w(18,13,2,1057)
r(77,12,2,1057)
r(49,11,2,1058)
w(60,10,2,1058)
r(72,10,2,1059)
w(8,11,2,1059)
r(79,9,2,1060)
r(11,7,2,1060)
r(61,10,2,1061)
w(13,8,2,1061)
w(80,9,2,1062)
w(7,9,2,1062)
r(70,11,2,1063)
r(77,12,2,1063)
w(21,11,2,1064)
w(37,11,2,1064)
w(99,14,2,1065)
w(51,15,2,1065)
r(87,9,2,1066)
r(40,11,2,1066)
w(18,14,2,1067)
r(19,14,2,1067)
w(56,12,2,1068)
r(45,9,2,1068)
w(58,13,2,1069)
r(90,4,2,1069)
w(36,9,2,1070)
w(93,20,2,1070)
r(25,10,2,1071)
r(77,12,2,1071)
w(35,4,2,1072)
w(36,10,2,1072)
r(40,11,2,1073)
w(6,7,2,1073)
w(49,12,2,1074)
r(78,9,2,1074)
r(9,12,2,1075)
w(0,12,2,1075)
r(5,10,2,1076)
w(79,10,2,1076)
w(37,12,2,1077)
w(38,9,2,1077)
r(93,20,2,1078)
w(89,7,2,1078)
r(27,9,2,1079)
r(64,13,2,1079)
w(31,11,2,1080)
r(19,14,2,1080)
r(52,14,2,1081)
r(78,9,2,1081)
w(87,10,2,1082)
w(80,10,2,1082)
r(89,7,2,1083)
w(87,11,2,1083)
r(72,10,2,1084)
w(58,14,2,1084)
r(73,13,2,1085)
w(30,19,2,1085)
r(19,14,2,1086)
r(15,11,2,1086)
r(23,12,2,1087)
w(10,11,2,1087)
w(28,10,2,1088)
w(7,10,2,1088)
r(96,7,2,1089)
r(70,11,2,1089)
w(42,15,2,1090)
r(80,10,2,1090)
r(14,13,2,1091)
w(24,16,2,1091)
r(56,12,2,1092)
r(34,3,2,1092)
w(58,15,2,1093)
w(90,5,2,1093)
r(82,14,2,1094)
r(32,7,2,1094)
w(2,12,2,1095)
w(25,11,2,1095)
r(20,4,2,1096)
r(15,11,2,1096)
w(31,12,2,1097)
r(0,12,2,1097)
r(4,11,2,1098)
w(7,11,2,1098)
r(5,10,2,1099)
r(81,14,2,1099)
w(15,12,2,1100)
w(66,15,2,1100)
w(65,12,2,1101)
w(74,10,2,1101)
w(59,16,2,1102)
r(96,7,2,1102)
w(38,10,2,1103)
r(15,12,2,1103)
w(7,12,2,1104)
r(72,10,2,1104)
r(46,13,2,1105)
r(61,10,2,1105)
r(64,13,2,1106)
w(24,17,2,1106)
r(89,7,2,1107)
w(0,13,2,1107)
w(93,21,2,1108)
w(83,7,2,1108)
w(11,8,2,1109)
r(1,13,2,1109)
w(34,4,2,1110)
r(56,12,2,1110)
r(96,7,2,1111)
r(34,4,2,1111)
w(4,12,2,1112)
r(17,11,2,1112)
r(2,12,2,1113)
w(57,13,2,1113)
w(3,7,2,1114)
r(47,15,2,1114)
r(91,10,2,1115)
w(61,11,2,1115)
w(67,9,2,1116)
r(38,10,2,1116)
w(17,12,2,1117)
r(61,11,2,1117)
r(49,12,2,1118)
w(66,16,2,1118)
r(66,16,2,1119)
r(20,4,2,1119)
w(35,5,2,1120)
w(66,17,2,1120)
w(86,10,2,1121)
r(29,5,2,1121)
w(99,15,2,1122)
r(26,9,2,1122)
r(26,9,2,1123)
r(15,12,2,1123)
w(63,9,2,1124)
r(39,9,2,1124)
w(55,6,2,1125)
r(29,5,2,1125)
w(14,14,2,1126)
w(64,14,2,1126)
r(28,10,2,1127)
r(77,12,2,1127)
w(41,11,2,1128)
w(62,16,2,1128)
r(54,5,2,1129)
w(27,10,2,1129)
r(18,14,2,1130)
w(10,12,2,1130)
w(43,12,2,1131)
r(34,4,2,1131)
w(22,9,2,1132)
r(53,17,2,1132)
r(7,12,2,1133)
r(10,12,2,1133)
r(15,12,2,1134)
w(72,11,2,1134)
w(98,14,2,1135)
w(50,8,2,1135)
w(9,13,2,1136)
w(29,6,2,1136)
r(6,7,2,1137)
r(78,9,2,1137)
w(31,13,2,1138)
w(21,12,2,1138)
r(80,10,2,1139)
w(55,7,2,1139)
w(74,11,2,1140)
w(32,8,2,1140)
w(25,12,2,1141)
w(27,11,2,1141)
r(1,13,2,1142)
w(2,13,2,1142)
w(77,13,2,1143)
w(63,10,2,1143)
r(96,7,2,1144)
w(57,14,2,1144)
w(0,14,2,1145)
r(1,13,2,1145)
r(59,16,2,1146)
w(49,13,2,1146)
w(17,13,2,1147)
w(60,11,2,1147)
r(48,7,2,1148)
r(54,5,2,1148)
r(2,13,2,1149)
w(57,15,2,1149)
r(36,10,2,1150)
w(76,12,2,1150)
r(24,17,2,1151)
w(61,12,2,1151)
w(78,10,2,1152)
w(79,11,2,1152)
r(59,16,2,1153)
r(91,10,2,1153)
w(52,15,2,1154)
w(93,22,2,1154)
r(54,5,2,1155)
w(84,10,2,1155)
w(32,9,2,1156)
w(53,18,2,1156)
r(2,13,2,1157)
r(82,14,2,1157)
w(46,14,2,1158)
r(5,10,2,1158)
w(45,10,2,1159)
r(20,4,2,1159)
r(41,11,2,1160)
r(84,10,2,1160)
w(3,8,2,1161)
w(85,14,2,1161)
r(51,15,2,1162)
w(70,12,2,1162)
w(36,11,2,1163)
r(70,12,2,1163)
r(21,12,2,1164)
r(95,9,2,1164)
r(74,11,2,1165)
w(71,24,2,1165)
r(15,12,2,1166)
w(76,13,2,1166)
r(24,17,2,1167)
r(94,9,2,1167)
w(15,13,2,1168)
r(61,12,2,1168)
w(37,13,2,1169)
w(50,9,2,1169)
w(22,10,2,1170)
w(75,12,2,1170)
r(66,17,2,1171)
r(70,12,2,1171)
w(91,11,2,1172)
w(25,13,2,1172)
w(84,11,2,1173)
w(13,9,2,1173)
r(34,4,2,1174)
r(2,13,2,1174)
w(58,16,2,1175)
r(19,14,2,1175)
w(60,12,2,1176)
w(77,14,2,1176)
r(6,7,2,1177)
r(67,9,2,1177)
w(94,10,2,1178)
r(56,12,2,1178)
r(94,10,2,1179)
r(65,12,2,1179)
r(84,11,2,1180)
w(26,10,2,1180)
w(46,15,2,1181)
w(28,11,2,1181)
w(88,10,2,1182)
w(68,12,2,1182)
r(42,15,2,1183)
w(1,14,2,1183)
w(94,11,2,1184)
r(58,16,2,1184)
r(11,8,2,1185)
w(59,17,2,1185)
r(55,7,2,1186)
r(18,14,2,1186)
r(46,15,2,1187)
w(29,7,2,1187)
w(75,13,2,1188)
r(62,16,2,1188)
r(79,11,2,1189)
w(12,8,2,1189)
r(94,11,2,1190)
r(86,10,2,1190)
r(58,16,2,1191)
w(42,16,2,1191)
w(72,12,2,1192)
w(82,15,2,1192)
r(81,14,2,1193)
w(0,15,2,1193)
w(8,12,2,1194)
r(22,10,2,1194)
r(68,12,2,1195)
w(67,10,2,1195)
r(76,13,2,1196)
w(40,12,2,1196)
r(60,12,2,1197)
w(39,10,2,1197)
r(28,11,2,1198)
r(22,10,2,1198)
r(19,14,2,1199)
r(68,12,2,1199)
w(20,5,2,1200)
r(96,7,2,1200)
w(75,14,2,1201)
w(91,12,2,1201)
r(52,15,2,1202)
w(70,13,2,1202)
r(41,11,2,1203)
w(8,13,2,1203)
w(97,13,2,1204)
r(89,7,2,1204)
r(7,12,2,1205)
w(24,18,2,1205)
w(99,16,2,1206)
w(25,14,2,1206)
w(88,11,2,1207)
r(5,10,2,1207)
w(15,14,2,1208)
r(34,4,2,1208)
w(21,13,2,1209)
w(5,11,2,1209)
r(69,7,2,1210)
w(63,11,2,1210)
w(54,6,2,1211)
r(94,11,2,1211)
w(0,16,2,1212)
r(51,15,2,1212)
w(0,17,2,1213)
w(34,5,2,1213)
w(49,14,2,1214)
w(96,8,2,1214)
w(62,17,2,1215)
w(73,14,2,1215)
w(70,14,2,1216)
r(21,13,2,1216)
r(34,5,2,1217)
r(47,15,2,1217)
w(3,9,2,1218)
w(94,12,2,1218)
w(18,15,2,1219)
w(30,20,2,1219)
w(69,8,2,1220)
r(0,17,2,1220)
w(72,13,2,1221)
r(55,7,2,1221)
w(74,12,2,1222)
r(73,14,2,1222)
w(12,9,2,1223)
w(50,10,2,1223)
w(57,16,2,1224)
w(94,13,2,1224)
w(15,15,2,1225)
w(79,12,2,1225)
r(24,18,2,1226)
w(39,11,2,1226)
w(17,14,2,1227)
r(15,15,2,1227)
w(89,8,2,1228)
r(45,10,2,1228)
r(97,13,2,1229)
r(85,14,2,1229)
w(28,12,2,1230)
r(94,13,2,1230)
w(71,25,2,1231)
w(84,12,2,1231)
w(41,12,2,1232)
r(51,15,2,1232)
w(49,15,2,1233)
r(2,13,2,1233)
r(37,13,2,1234)
r(73,14,2,1234)
r(5,11,2,1235)
r(18,15,2,1235)
r(46,15,2,1236)
r(27,11,2,1236)
r(56,12,2,1237)
r(60,12,2,1237)
w(45,11,2,1238)
w(80,11,2,1238)
r(27,11,2,1239)
w(15,16,2,1239)
w(47,16,2,1240)
w(76,14,2,1240)
w(87,12,2,1241)
w(30,21,2,1241)
r(4,12,2,1242)
r(37,13,2,1242)
r(13,9,2,1243)
w(8,14,2,1243)
w(72,14,2,1244)
w(54,7,2,1244)
w(17,15,2,1245)
r(23,12,2,1245)
r(30,21,2,1246)
w(22,11,2,1246)
r(14,14,2,1247)
w(44,14,2,1247)
w(14,15,2,1248)
w(82,16,2,1248)
r(68,12,2,1249)
w(83,8,2,1249)
w(60,13,2,1250)
r(91,12,2,1250)
w(90,6,2,1251)
w(91,13,2,1251)
w(99,17,2,1252)
r(14,15,2,1252)
r(12,9,2,1253)
w(36,12,2,1253)
r(97,13,2,1254)
w(14,16,2,1254)
r(92,17,2,1255)
w(90,7,2,1255)
w(95,10,2,1256)
r(50,10,2,1256)
w(49,16,2,1257)
r(72,14,2,1257)
w(49,17,2,1258)
w(80,12,2,1258)
r(8,14,2,1259)
w(4,13,2,1259)
w(51,16,2,1260)
w(10,13,2,1260)
w(47,17,2,1261)
r(4,13,2,1261)
r(53,18,2,1262)
r(89,8,2,1262)
r(87,12,2,1263)
w(28,13,2,1263)
w(1,15,2,1264)
w(64,15,2,1264)
r(17,15,2,1265)
r(69,8,2,1265)
w(62,18,2,1266)
r(25,14,2,1266)
r(60,13,2,1267)
w(24,19,2,1267)
r(29,7,2,1268)
w(27,12,2,1268)
w(58,17,2,1269)
r(52,15,2,1269)
w(13,10,2,1270)
r(52,15,2,1270)
w(21,14,2,1271)
w(8,15,2,1271)
r(99,17,2,1272)
r(61,12,2,1272)
r(46,15,2,1273)
w(24,20,2,1273)
r(19,14,2,1274)
r(22,11,2,1274)
w(0,18,2,1275)
r(77,14,2,1275)
r(32,9,2,1276)
w(73,15,2,1276)
w(21,15,2,1277)
r(79,12,2,1277)
w(10,14,2,1278)
w(74,13,2,1278)
r(54,7,2,1279)
r(95,10,2,1279)
w(14,17,2,1280)
w(19,15,2,1280)
r(15,16,2,1281)
w(65,13,2,1281)
r(25,14,2,1282)
r(10,14,2,1282)
r(17,15,2,1283)
r(55,7,2,1283)
r(2,13,2,1284)
w(40,13,2,1284)
w(50,11,2,1285)
w(47,18,2,1285)
w(51,17,2,1286)
r(59,17,2,1286)
w(93,23,2,1287)
w(18,16,2,1287)
r(83,8,2,1288)
w(75,15,2,1288)
r(39,11,2,1289)
r(62,18,2,1289)
r(66,17,2,1290)
w(27,13,2,1290)
r(96,8,2,1291)
r(70,14,2,1291)
w(39,12,2,1292)
r(35,5,2,1292)
w(57,17,2,1293)
w(80,13,2,1293)
r(20,5,2,1294)
w(63,12,2,1294)
r(7,12,2,1295)
r(26,10,2,1295)
w(99,18,2,1296)
w(14,18,2,1296)
w(63,13,2,1297)
r(56,12,2,1297)
w(24,21,2,1298)
r(63,13,2,1298)
w(95,11,2,1299)
r(54,7,2,1299)
w(63,14,2,1300)
r(32,9,2,1300)
r(18,16,2,1301)
w(18,17,2,1301)
w(26,11,2,1302)
r(91,13,2,1302)
r(11,8,2,1303)
w(35,6,2,1303)
r(53,18,2,1304)
r(76,14,2,1304)
w(13,11,2,1305)
w(89,9,2,1305)
r(18,17,2,1306)
r(70,14,2,1306)
w(48,8,2,1307)
w(69,9,2,1307)
w(33,12,2,1308)
w(37,14,2,1308)
r(79,12,2,1309)
w(22,12,2,1309)
w(59,18,2,1310)
r(0,18,2,1310)
r(7,12,2,1311)
r(66,17,2,1311)
r(34,5,2,1312)
w(91,14,2,1312)
w(17,16,2,1313)
r(56,12,2,1313)
w(67,11,2,1314)
w(67,12,2,1314)
r(62,18,2,1315)
r(96,8,2,1315)
r(6,7,2,1316)
r(24,21,2,1316)
w(15,17,2,1317)
r(55,7,2,1317)
w(6,8,2,1318)
r(40,13,2,1318)
r(68,12,2,1319)
w(22,13,2,1319)
r(83,8,2,1320)
w(92,18,2,1320)
r(60,13,2,1321)
w(29,8,2,1321)
r(6,8,2,1322)
r(59,18,2,1322)
r(65,13,2,1323)
r(46,15,2,1323)
r(74,13,2,1324)
r(98,14,2,1324)
w(41,13,2,1325)
w(38,11,2,1325)
w(15,18,2,1326)
w(19,16,2,1326)
r(99,18,2,1327)
r(50,11,2,1327)
r(96,8,2,1328)
r(21,15,2,1328)
r(32,9,2,1329)
r(21,15,2,1329)
r(49,17,2,1330)
w(58,18,2,1330)
r(52,15,2,1331)
w(69,10,2,1331)
r(20,5,2,1332)
w(71,26,2,1332)
r(5,11,2,1333)
w(51,18,2,1333)
r(96,8,2,1334)
w(22,14,2,1334)
r(95,11,2,1335)
r(88,11,2,1335)
r(47,18,2,1336)
w(52,16,2,1336)
r(89,9,2,1337)
w(97,14,2,1337)
r(98,14,2,1338)
r(45,11,2,1338)
w(17,17,2,1339)
r(69,10,2,1339)
r(54,7,2,1340)
r(36,12,2,1340)
r(38,11,2,1341)
w(28,14,2,1341)
w(50,12,2,1342)
r(78,10,2,1342)
r(60,13,2,1343)
r(75,15,2,1343)
w(2,14,2,1344)
r(83,8,2,1344)
r(98,14,2,1345)
w(47,19,2,1345)
r(35,6,2,1346)
r(94,13,2,1346)
w(45,12,2,1347)
w(43,13,2,1347)
w(64,16,2,1348)
w(74,14,2,1348)
w(12,10,2,1349)
r(14,18,2,1349)
r(4,13,2,1350)
r(63,14,2,1350)
r(50,12,2,1351)
r(66,17,2,1351)
w(70,15,2,1352)
r(65,13,2,1352)
w(53,19,2,1353)
w(71,27,2,1353)
r(70,15,2,1354)
w(24,22,2,1354)
w(42,17,2,1355)
r(64,16,2,1355)
r(56,12,2,1356)
w(23,13,2,1356)
w(46,16,2,1357)
r(25,14,2,1357)
r(3,9,2,1358)
w(31,14,2,1358)
r(72,14,2,1359)
w(21,16,2,1359)
w(89,10,2,1360)
w(28,15,2,1360)
r(25,14,2,1361)
r(11,8,2,1361)
w(0,19,2,1362)
r(22,14,2,1362)
w(97,15,2,1363)
w(72,15,2,1363)
w(99,19,2,1364)
w(94,14,2,1364)
r(25,14,2,1365)
r(29,8,2,1365)
r(57,17,2,1366)
w(38,12,2,1366)
w(8,16,2,1367)
r(18,17,2,1367)
r(30,21,2,1368)
r(14,18,2,1368)
r(47,19,2,1369)
w(31,15,2,1369)
r(32,9,2,1370)
w(80,14,2,1370)
r(25,14,2,1371)
r(77,14,2,1371)
r(80,14,2,1372)
r(94,14,2,1372)
w(0,20,2,1373)
r(18,17,2,1373)
w(16,12,2,1374)
w(40,14,2,1374)
r(75,15,2,1375)
r(20,5,2,1375)
r(99,19,2,1376)
r(7,12,2,1376)
r(45,12,2,1377)
w(6,9,2,1377)
r(44,14,2,1378)
r(91,14,2,1378)
w(52,17,2,1379)
w(15,19,2,1379)
r(7,12,2,1380)
r(56,12,2,1380)
w(2,15,2,1381)
r(14,18,2,1381)
w(28,16,2,1382)
r(13,11,2,1382)
r(91,14,2,1383)
w(40,15,2,1383)
r(3,9,2,1384)
r(66,17,2,1384)
w(48,9,2,1385)
w(81,15,2,1385)
w(5,12,2,1386)
r(72,15,2,1386)
w(3,10,2,1387)
r(85,14,2,1387)
r(44,14,2,1388)
r(79,12,2,1388)
r(60,13,2,1389)
r(86,10,2,1389)
w(33,13,2,1390)
r(63,14,2,1390)
w(18,18,2,1391)
w(7,13,2,1391)
w(65,14,2,1392)
r(0,20,2,1392)
w(72,16,2,1393)
r(49,17,2,1393)
r(25,14,2,1394)
w(1,16,2,1394)
w(13,12,2,1395)
w(36,13,2,1395)
w(79,13,2,1396)
r(90,7,2,1396)
w(65,15,2,1397)
w(56,13,2,1397)
w(87,13,2,1398)
r(92,18,2,1398)
r(69,10,2,1399)
r(90,7,2,1399)
w(6,10,2,1400)
w(68,13,2,1400)
r(80,14,2,1401)
r(50,12,2,1401)
w(53,20,2,1402)
r(97,15,2,1402)
w(54,8,2,1403)
w(23,14,2,1403)
w(94,15,2,1404)
w(87,14,2,1404)
w(73,16,2,1405)
r(68,13,2,1405)
r(70,15,2,1406)
w(65,16,2,1406)
r(12,10,2,1407)
r(50,12,2,1407)
w(46,17,2,1408)
r(2,15,2,1408)
w(28,17,2,1409)
r(96,8,2,1409)
r(64,16,2,1410)
r(57,17,2,1410)
r(79,13,2,1411)
w(63,15,2,1411)
w(6,11,2,1412)
w(68,14,2,1412)
r(79,13,2,1413)
r(12,10,2,1413)
w(76,15,2,1414)
r(80,14,2,1414)
r(36,13,2,1415)
w(24,23,2,1415)
r(80,14,2,1416)
w(31,16,2,1416)
r(3,10,2,1417)
w(2,16,2,1417)
w(92,19,2,1418)
w(78,11,2,1418)
w(72,17,2,1419)
r(72,17,2,1419)
w(68,15,2,1420)
r(62,18,2,1420)
r(24,23,2,1421)
w(23,15,2,1421)
w(50,13,2,1422)
r(59,18,2,1422)
r(11,8,2,1423)
w(76,16,2,1423)
r(89,10,2,1424)
w(30,22,2,1424)
r(48,9,2,1425)
r(38,12,2,1425)
r(67,12,2,1426)
r(82,16,2,1426)
w(71,28,2,1427)
r(66,17,2,1427)
w(84,13,2,1428)
r(10,14,2,1428)
w(51,19,2,1429)
r(98,14,2,1429)
w(76,17,2,1430)
r(49,17,2,1430)
w(4,14,2,1431)
r(33,13,2,1431)
r(64,16,2,1432)
r(20,5,2,1432)
w(62,19,2,1433)
w(89,11,2,1433)
w(20,6,2,1434)
r(60,13,2,1434)
r(0,20,2,1435)
r(44,14,2,1435)
r(6,11,2,1436)
w(29,9,2,1436)
w(32,10,2,1437)
w(69,11,2,1437)
w(92,20,2,1438)
r(78,11,2,1438)
r(83,8,2,1439)
r(10,14,2,1439)
r(91,14,2,1440)
r(55,7,2,1440)
r(2,16,2,1441)
w(49,18,2,1441)
w(84,14,2,1442)
w(51,20,2,1442)
r(60,13,2,1443)
r(29,9,2,1443)
w(27,14,2,1444)
r(83,8,2,1444)
w(64,17,2,1445)
r(93,23,2,1445)
w(36,14,2,1446)
w(72,18,2,1446)
r(44,14,2,1447)
r(57,17,2,1447)
r(1,16,2,1448)
w(12,11,2,1448)
r(88,11,2,1449)
w(38,13,2,1449)
r(49,18,2,1450)
r(25,14,2,1450)
w(24,24,2,1451)
r(50,13,2,1451)
w(95,12,2,1452)
w(31,17,2,1452)
r(88,11,2,1453)
w(28,18,2,1453)
r(19,16,2,1454)
r(45,12,2,1454)
w(94,16,2,1455)
w(66,18,2,1455)
r(25,14,2,1456)
w(94,17,2,1456)
r(3,10,2,1457)
w(20,7,2,1457)
w(8,17,2,1458)
w(70,16,2,1458)
r(50,13,2,1459)
r(54,8,2,1459)
w(5,13,2,1460)
w(88,12,2,1460)
w(46,18,2,1461)
r(13,12,2,1461)
r(37,14,2,1462)
w(6,12,2,1462)
w(92,21,2,1463)
w(12,12,2,1463)
w(48,10,2,1464)
w(60,14,2,1464)
r(22,14,2,1465)
r(74,14,2,1465)
r(19,16,2,1466)
w(9,14,2,1466)
w(55,8,2,1467)
r(65,16,2,1467)
r(67,12,2,1468)
w(37,15,2,1468)
w(64,18,2,1469)
r(45,12,2,1469)
r(18,18,2,1470)
w(19,17,2,1470)
w(21,17,2,1471)
w(75,16,2,1471)
r(50,13,2,1472)
w(56,14,2,1472)
r(68,15,2,1473)
r(28,18,2,1473)
w(53,21,2,1474)
r(18,18,2,1474)
r(61,12,2,1475)
r(85,14,2,1475)
w(27,15,2,1476)
w(35,7,2,1476)
r(16,12,2,1477)
r(61,12,2,1477)
r(28,18,2,1478)
w(46,19,2,1478)
r(15,19,2,1479)
r(41,13,2,1479)
r(40,15,2,1480)
r(15,19,2,1480)
r(97,15,2,1481)
w(32,11,2,1481)
r(97,15,2,1482)
r(55,8,2,1482)
w(15,20,2,1483)
w(77,15,2,1483)
w(61,13,2,1484)
w(47,20,2,1484)
w(62,20,2,1485)
w(73,17,2,1485)
w(22,15,2,1486)
r(4,14,2,1486)
w(2,17,2,1487)
r(79,13,2,1487)
r(93,23,2,1488)
w(65,17,2,1488)
r(98,14,2,1489)
r(84,14,2,1489)
w(58,19,2,1490)
r(58,19,2,1490)
r(76,17,2,1491)
w(78,12,2,1491)
r(55,8,2,1492)
r(60,14,2,1492)
w(51,21,2,1493)
w(50,14,2,1493)
r(48,10,2,1494)
r(54,8,2,1494)
r(62,20,2,1495)
w(24,25,2,1495)
r(58,19,2,1496)
r(64,18,2,1496)
r(64,18,2,1497)
r(82,16,2,1497)
r(70,16,2,1498)
w(83,9,2,1498)
w(58,20,2,1499)
w(99,20,2,1499)
