w(22,1,0,0)
w(98,1,0,0)
w(40,1,0,1)
w(46,1,0,1)
w(17,1,0,2)
r(16,1,0,2)
w(78,1,0,3)
w(12,1,0,3)
w(49,1,0,4)
r(68,1,0,4)
r(54,1,0,5)
w(85,1,0,5)
w(95,1,0,6)
r(34,1,0,6)
w(91,1,0,7)
w(95,2,0,7)
r(99,1,0,8)
w(20,1,0,8)
w(90,1,0,9)
w(98,2,0,9)
r(77,1,0,10)
w(70,1,0,10)
w(39,1,0,11)
r(9,1,0,11)
r(14,1,0,12)
w(70,2,0,12)
w(83,1,0,13)
r(5,1,0,13)
r(80,1,0,14)
r(98,2,0,14)
r(53,1,0,15)
w(51,1,0,15)
r(62,1,0,16)
r(77,1,0,16)
r(69,1,0,17)
r(67,1,0,17)
w(83,2,0,18)
w(1,1,0,18)
r(25,1,0,19)
w(23,1,0,19)
w(80,1,0,20)
w(32,1,0,20)
w(32,2,0,21)
w(21,1,0,21)
r(27,1,0,22)
w(16,1,0,22)
w(53,1,0,23)
w(58,1,0,23)
w(51,2,0,24)
r(99,1,0,24)
r(12,1,0,25)
w(15,1,0,25)
w(54,1,0,26)
r(66,1,0,26)
r(31,1,0,27)
w(68,1,0,27)
r(53,1,0,28)
w(27,1,0,28)
r(10,1,0,29)
r(37,1,0,29)
w(89,1,0,30)
w(59,1,0,30)
r(85,1,0,31)
w(32,3,0,31)
r(93,1,0,32)
w(6,1,0,32)
r(14,1,0,33)
w(79,1,0,33)
r(43,1,0,34)
w(91,2,0,34)
w(93,1,0,35)
r(64,1,0,35)
w(74,1,0,36)
r(57,1,0,36)
w(39,2,0,37)
w(40,2,0,37)
r(87,1,0,38)
w(61,1,0,38)
w(76,1,0,39)
r(28,1,0,39)
w(77,1,0,40)
w(4,1,0,40)
w(41,1,0,41)
r(37,1,0,41)
r(30,1,0,42)
w(60,1,0,42)
r(4,1,0,43)
w(3,1,0,43)
w(56,1,0,44)
w(96,1,0,44)
w(21,2,0,45)
w(8,1,0,45)
w(81,1,0,46)
r(47,1,0,46)
r(29,1,0,47)
r(94,1,0,47)
r(47,1,0,48)
w(23,2,0,48)
r(15,1,0,49)
r(98,2,0,49)
r(98,2,0,50)
w(73,1,0,50)
r(96,1,0,51)
r(2,1,0,51)
r(98,2,0,52)
r(6,1,0,52)
w(90,2,0,53)
w(43,1,0,53)
w(9,1,0,54)
w(57,1,0,54)
r(24,1,0,55)
w(67,1,0,55)
r(67,1,0,56)
w(64,1,0,56)
r(79,1,0,57)
w(25,1,0,57)
r(34,1,0,58)
r(76,1,0,58)
w(93,2,0,59)
r(47,1,0,59)
r(43,1,0,60)
w(14,1,0,60)
r(0,1,0,61)
r(46,1,0,61)
w(69,1,0,62)
r(77,1,0,62)
w(70,3,0,63)
r(34,1,0,63)
w(79,2,0,64)
r(41,1,0,64)
r(63,1,0,65)
w(57,2,0,65)
r(43,1,0,66)
w(85,2,0,66)
w(93,3,0,67)
w(20,2,0,67)
w(1,2,0,68)
r(47,1,0,68)
w(56,2,0,69)
r(77,1,0,69)
r(34,1,0,70)
w(55,1,0,70)
w(20,3,0,71)
w(7,1,0,71)
w(51,3,0,72)
r(88,1,0,72)
w(11,1,0,73)
r(18,1,0,73)
w(81,2,0,74)
r(72,1,0,74)
w(57,3,0,75)
r(87,1,0,75)
r(50,1,0,76)
w(45,1,0,76)
w(58,2,0,77)
w(23,3,0,77)
r(21,2,0,78)
w(98,3,0,78)
r(3,1,0,79)
w(65,1,0,79)
r(8,1,0,80)
r(99,1,0,80)
w(96,2,0,81)
r(41,1,0,81)
w(58,3,0,82)
r(10,1,0,82)
r(48,1,0,83)
r(69,1,0,83)
r(39,2,0,84)
r(53,1,0,84)
w(14,2,0,85)
w(87,1,0,85)
w(26,1,0,86)
w(33,1,0,86)
r(14,2,0,87)
r(16,1,0,87)
r(92,1,0,88)
w(14,3,0,88)
w(24,1,0,89)
w(48,1,0,89)
r(77,1,0,90)
r(91,2,0,90)
w(52,1,0,91)
w(16,2,0,91)
w(49,2,0,92)
r(8,1,0,92)
w(91,3,0,93)
w(3,2,0,93)
w(23,4,0,94)
w(11,2,0,94)
w(76,2,0,95)
r(77,1,0,95)
w(49,3,0,96)
w(99,1,0,96)
w(91,4,0,97)
r(0,1,0,97)
w(46,2,0,98)
r(81,2,0,98)
r(37,1,0,99)
r(41,1,0,99)
r(61,1,0,100)
w(42,1,0,100)
r(26,1,0,101)
r(27,1,0,101)
r(27,1,0,102)
w(82,1,0,102)
w(51,4,0,103)
w(91,5,0,103)
w(71,1,0,104)
r(0,1,0,104)
w(90,3,0,105)
w(58,4,0,105)
r(23,4,0,106)
w(61,2,0,106)
r(85,2,0,107)
w(12,2,0,107)
r(90,3,0,108)
r(24,1,0,108)
w(49,4,0,109)
r(68,1,0,109)
w(31,1,0,110)
r(69,1,0,110)
w(56,3,0,111)
w(53,2,0,111)
w(99,2,0,112)
w(1,3,0,112)
w(79,3,0,113)
w(92,1,0,113)
w(19,1,0,114)
w(67,2,0,114)
w(94,1,0,115)
r(10,1,0,115)
r(29,1,0,116)
r(54,1,0,116)
w(9,2,0,117)
r(61,2,0,117)
r(72,1,0,118)
w(17,2,0,118)
w(41,2,0,119)
w(23,5,0,119)
w(10,1,0,120)
r(37,1,0,120)
r(6,1,0,121)
w(0,1,0,121)
r(20,3,0,122)
r(78,1,0,122)
r(21,2,0,123)
w(65,2,0,123)
r(90,3,0,124)
r(71,1,0,124)
w(67,3,0,125)
w(8,2,0,125)
w(62,1,0,126)
r(3,2,0,126)
r(60,1,0,127)
r(25,1,0,127)
r(25,1,0,128)
w(13,1,0,128)
w(53,3,0,129)
w(72,1,0,129)
w(70,4,0,130)
w(10,2,0,130)
r(60,1,0,131)
r(97,1,0,131)
r(2,1,0,132)
w(83,3,0,132)
w(32,4,0,133)
r(0,1,0,133)
w(72,2,0,134)
r(96,2,0,134)
r(76,2,0,135)
r(38,1,0,135)
r(17,2,0,136)
w(46,3,0,136)
w(70,5,0,137)
w(99,3,0,137)
w(47,1,0,138)
r(19,1,0,138)
w(69,2,0,139)
w(44,1,0,139)
r(94,1,0,140)
w(83,4,0,140)
r(23,5,0,141)
w(66,1,0,141)
r(57,3,0,142)
w(85,3,0,142)
r(40,2,0,143)
w(38,1,0,143)
r(49,4,0,144)
w(5,1,0,144)
w(14,4,0,145)
r(81,2,0,145)
r(59,1,0,146)
r(37,1,0,146)
r(86,1,0,147)
r(12,2,0,147)
w(69,3,0,148)
w(43,2,0,148)
r(55,1,0,149)
r(27,1,0,149)
w(10,3,0,150)
r(72,2,0,150)
w(85,4,0,151)
w(48,2,0,151)
r(29,1,0,152)
w(16,3,0,152)
w(3,3,0,153)
r(68,1,0,153)
w(67,4,0,154)
r(6,1,0,154)
r(55,1,0,155)
r(34,1,0,155)
r(27,1,0,156)
w(51,5,0,156)
w(97,1,0,157)
r(80,1,0,157)
r(65,2,0,158)
w(28,1,0,158)
r(86,1,0,159)
r(28,1,0,159)
w(39,3,0,160)
r(95,2,0,160)
r(27,1,0,161)
r(82,1,0,161)
w(38,2,0,162)
w(76,3,0,162)
w(7,2,0,163)
w(2,1,0,163)
r(63,1,0,164)
w(58,5,0,164)
w(92,2,0,165)
r(14,4,0,165)
w(81,3,0,166)
w(89,2,0,166)
w(63,1,0,167)
r(69,3,0,167)
r(4,1,0,168)
r(93,3,0,168)
w(69,4,0,169)
r(18,1,0,169)
w(89,3,0,170)
w(90,4,0,170)
w(48,3,0,171)
w(27,2,0,171)
r(19,1,0,172)
r(52,1,0,172)
r(52,1,0,173)
w(7,3,0,173)
r(70,5,0,174)
r(53,3,0,174)
r(59,1,0,175)
r(97,1,0,175)
w(11,3,0,176)
r(57,3,0,176)
w(33,2,0,177)
w(23,6,0,177)
r(68,1,0,178)
r(81,3,0,178)
w(18,1,0,179)
w(21,3,0,179)
w(73,2,0,180)
r(76,3,0,180)
w(4,2,0,181)
r(12,2,0,181)
r(93,3,0,182)
r(1,3,0,182)
w(87,2,0,183)
w(70,6,0,183)
r(96,2,0,184)
r(53,3,0,184)
w(13,2,0,185)
r(37,1,0,185)
w(23,7,0,186)
r(70,6,0,186)
r(79,3,0,187)
r(32,4,0,187)
r(29,1,0,188)
r(57,3,0,188)
r(99,3,0,189)
r(34,1,0,189)
w(37,1,0,190)
r(24,1,0,190)
r(37,1,0,191)
w(41,3,0,191)
r(51,5,0,192)
w(90,5,0,192)
w(4,3,0,193)
w(14,5,0,193)
r(5,1,0,194)
w(76,4,0,194)
r(99,3,0,195)
r(8,2,0,195)
r(92,2,0,196)
w(88,1,0,196)
r(7,3,0,197)
w(6,2,0,197)
w(34,1,0,198)
r(63,1,0,198)
r(74,1,0,199)
w(27,3,0,199)
w(23,8,0,200)
w(3,4,0,200)
w(95,3,0,201)
w(42,2,0,201)
w(48,4,0,202)
w(76,5,0,202)
r(36,1,0,203)
w(25,2,0,203)
r(99,3,0,204)
r(34,1,0,204)
w(29,1,0,205)
r(31,1,0,205)
r(6,2,0,206)
w(98,4,0,206)
r(97,1,0,207)
w(17,3,0,207)
r(77,1,0,208)
w(80,2,0,208)
w(36,1,0,209)
r(73,2,0,209)
r(24,1,0,210)
w(25,3,0,210)
r(96,2,0,211)
r(71,1,0,211)
r(5,1,0,212)
w(5,2,0,212)
r(65,2,0,213)
w(75,1,0,213)
r(27,3,0,214)
w(82,2,0,214)
w(45,2,0,215)
w(34,2,0,215)
w(13,3,0,216)
r(35,1,0,216)
r(33,2,0,217)
r(23,8,0,217)
w(97,2,0,218)
w(85,5,0,218)
w(82,3,0,219)
w(71,2,0,219)
w(80,3,0,220)
w(96,3,0,220)
r(41,3,0,221)
r(95,3,0,221)
w(46,4,0,222)
w(73,3,0,222)
r(11,3,0,223)
r(17,3,0,223)
w(95,4,0,224)
r(4,3,0,224)
r(40,2,0,225)
r(45,2,0,225)
w(64,2,0,226)
r(19,1,0,226)
w(11,4,0,227)
r(89,3,0,227)
r(78,1,0,228)
w(48,5,0,228)
r(72,2,0,229)
w(87,3,0,229)
w(20,4,0,230)
r(65,2,0,230)
r(61,2,0,231)
w(98,5,0,231)
w(65,3,0,232)
r(50,1,0,232)
r(73,3,0,233)
r(52,1,0,233)
w(8,3,0,234)
w(30,1,0,234)
w(36,2,0,235)
w(83,5,0,235)
w(0,2,0,236)
w(49,5,0,236)
w(9,3,0,237)
w(26,2,0,237)
r(91,5,0,238)
r(49,5,0,238)
r(95,4,0,239)
r(88,1,0,239)
r(20,4,0,240)
w(28,2,0,240)
w(35,1,0,241)
w(12,3,0,241)
r(7,3,0,242)
w(29,2,0,242)
w(83,6,0,243)
w(27,4,0,243)
w(1,4,0,244)
r(95,4,0,244)
w(66,2,0,245)
r(83,6,0,245)
r(0,2,0,246)
w(93,4,0,246)
w(63,2,0,247)
r(66,2,0,247)
w(40,3,0,248)
r(56,3,0,248)
r(43,2,0,249)
r(29,2,0,249)
r(30,1,0,250)
r(65,3,0,250)
w(3,5,0,251)
w(89,4,0,251)
w(50,1,0,252)
w(57,4,0,252)
w(44,2,0,253)
w(18,2,0,253)
w(51,6,0,254)
w(91,6,0,254)
r(36,2,0,255)
r(30,1,0,255)
w(73,4,0,256)
r(68,1,0,256)
w(27,5,0,257)
r(53,3,0,257)
w(40,4,0,258)
r(2,1,0,258)
w(42,3,0,259)
r(31,1,0,259)
r(72,2,0,260)
r(70,6,0,260)
w(81,4,0,261)
w(6,3,0,261)
r(16,3,0,262)
w(40,5,0,262)
r(34,2,0,263)
r(26,2,0,263)
w(55,2,0,264)
r(6,3,0,264)
w(25,4,0,265)
w(0,3,0,265)
r(45,2,0,266)
w(2,2,0,266)
w(49,6,0,267)
w(75,2,0,267)
w(26,3,0,268)
w(72,3,0,268)
w(61,3,0,269)
w(70,7,0,269)
w(34,3,0,270)
w(74,2,0,270)
w(78,2,0,271)
w(65,4,0,271)
w(96,4,0,272)
w(18,3,0,272)
r(87,3,0,273)
r(95,4,0,273)
w(43,3,0,274)
w(59,2,0,274)
r(68,1,0,275)
w(20,5,0,275)
w(29,3,0,276)
r(56,3,0,276)
w(33,3,0,277)
w(40,6,0,277)
r(95,4,0,278)
w(85,6,0,278)
w(25,5,0,279)
r(54,1,0,279)
r(4,3,0,280)
r(76,5,0,280)
r(78,2,0,281)
w(10,4,0,281)
r(93,4,0,282)
w(27,6,0,282)
w(0,4,0,283)
r(7,3,0,283)
w(48,6,0,284)
w(72,4,0,284)
r(90,5,0,285)
r(6,3,0,285)
w(65,5,0,286)
r(45,2,0,286)
w(43,4,0,287)
r(78,2,0,287)
w(24,2,0,288)
r(68,1,0,288)
w(55,3,0,289)
w(43,5,0,289)
w(32,5,0,290)
w(7,4,0,290)
w(97,3,0,291)
w(96,5,0,291)
r(62,1,0,292)
w(17,4,0,292)
w(36,3,0,293)
r(65,5,0,293)
w(19,2,0,294)
w(44,3,0,294)
r(72,4,0,295)
r(88,1,0,295)
w(22,2,0,296)
r(36,3,0,296)
w(98,6,0,297)
r(30,1,0,297)
w(34,4,0,298)
w(25,6,0,298)
r(87,3,0,299)
w(52,2,0,299)
w(38,3,0,300)
w(29,4,0,300)
r(21,3,0,301)
w(6,4,0,301)
r(19,2,0,302)
w(31,2,0,302)
r(77,1,0,303)
r(61,3,0,303)
w(65,6,0,304)
w(74,3,0,304)
w(74,4,0,305)
r(63,2,0,305)
w(75,3,0,306)
r(86,1,0,306)
w(99,4,0,307)
r(93,4,0,307)
r(82,3,0,308)
r(4,3,0,308)
w(81,5,0,309)
r(49,6,0,309)
w(41,4,0,310)
r(81,5,0,310)
r(49,6,0,311)
w(24,3,0,311)
r(29,4,0,312)
w(8,4,0,312)
w(44,4,0,313)
r(10,4,0,313)
r(90,5,0,314)
r(36,3,0,314)
r(95,4,0,315)
w(59,3,0,315)
r(33,3,0,316)
r(18,3,0,316)
r(15,1,0,317)
r(5,2,0,317)
w(24,4,0,318)
r(36,3,0,318)
r(91,6,0,319)
r(95,4,0,319)
w(34,5,0,320)
r(71,2,0,320)
w(40,7,0,321)
w(63,3,0,321)
w(11,5,0,322)
w(53,4,0,322)
r(89,4,0,323)
w(53,5,0,323)
r(90,5,0,324)
w(97,4,0,324)
w(99,5,0,325)
r(86,1,0,325)
w(24,5,0,326)
r(47,1,0,326)
r(63,3,0,327)
w(12,4,0,327)
w(96,6,0,328)
w(68,2,0,328)
w(24,6,0,329)
w(94,2,0,329)
w(89,5,0,330)
w(42,4,0,330)
r(35,1,0,331)
w(83,7,0,331)
r(14,5,0,332)
r(97,4,0,332)
w(49,7,0,333)
r(1,4,0,333)
r(20,5,0,334)
w(33,4,0,334)
r(48,6,0,335)
w(74,5,0,335)
r(76,5,0,336)
r(99,5,0,336)
w(64,3,0,337)
r(26,3,0,337)
w(79,4,0,338)
w(71,3,0,338)
w(22,3,0,339)
w(1,5,0,339)
r(48,6,0,340)
r(48,6,0,340)
r(95,4,0,341)
r(44,4,0,341)
r(8,4,0,342)
r(27,6,0,342)
w(14,6,0,343)
w(59,4,0,343)
w(73,5,0,344)
r(50,1,0,344)
w(65,7,0,345)
w(74,6,0,345)
r(48,6,0,346)
r(33,4,0,346)
w(97,5,0,347)
r(83,7,0,347)
r(79,4,0,348)
w(15,2,0,348)
w(54,2,0,349)
r(63,3,0,349)
w(0,5,0,350)
r(66,2,0,350)
w(18,4,0,351)
w(50,2,0,351)
r(32,5,0,352)
r(2,2,0,352)
r(90,5,0,353)
r(76,5,0,353)
r(43,5,0,354)
w(74,7,0,354)
r(7,4,0,355)
w(80,4,0,355)
w(5,3,0,356)
r(50,2,0,356)
r(55,3,0,357)
w(85,7,0,357)
r(6,4,0,358)
r(77,1,0,358)
w(83,8,0,359)
r(5,3,0,359)
w(34,6,0,360)
r(64,3,0,360)
r(82,3,0,361)
r(66,2,0,361)
r(69,4,0,362)
r(19,2,0,362)
w(42,5,0,363)
w(58,6,0,363)
w(46,5,0,364)
w(60,2,0,364)
w(48,7,0,365)
r(97,5,0,365)
r(81,5,0,366)
r(9,3,0,366)
r(15,2,0,367)
w(48,8,0,367)
r(66,2,0,368)
w(67,5,0,368)
r(81,5,0,369)
r(90,5,0,369)
w(3,6,0,370)
r(29,4,0,370)
w(36,4,0,371)
w(17,5,0,371)
w(88,2,0,372)
w(41,5,0,372)
w(67,6,0,373)
r(9,3,0,373)
w(52,3,0,374)
r(35,1,0,374)
r(85,7,0,375)
r(65,7,0,375)
w(0,6,0,376)
w(85,8,0,376)
r(79,4,0,377)
w(55,4,0,377)
r(85,8,0,378)
r(50,2,0,378)
r(74,7,0,379)
r(10,4,0,379)
r(29,4,0,380)
w(60,3,0,380)
r(62,1,0,381)
w(19,3,0,381)
r(80,4,0,382)
w(69,5,0,382)
r(47,1,0,383)
w(7,5,0,383)
r(0,6,0,384)
w(11,6,0,384)
w(63,4,0,385)
w(45,3,0,385)
w(46,6,0,386)
w(59,5,0,386)
r(15,2,0,387)
w(66,3,0,387)
w(90,6,0,388)
w(88,3,0,388)
r(97,5,0,389)
w(70,8,0,389)
r(94,2,0,390)
w(32,6,0,390)
w(5,4,0,391)
r(47,1,0,391)
w(67,7,0,392)
r(74,7,0,392)
r(44,4,0,393)
w(15,3,0,393)
w(60,4,0,394)
r(27,6,0,394)
r(51,6,0,395)
r(88,3,0,395)
r(55,4,0,396)
w(18,5,0,396)
r(1,5,0,397)
r(84,1,0,397)
w(56,4,0,398)
r(17,5,0,398)
r(46,6,0,399)
w(10,5,0,399)
w(50,3,0,400)
w(28,3,0,400)
w(64,4,0,401)
r(45,3,0,401)
w(19,4,0,402)
r(54,2,0,402)
r(30,1,0,403)
r(91,6,0,403)
r(71,3,0,404)
w(71,4,0,404)
r(95,4,0,405)
r(60,4,0,405)
r(38,3,0,406)
r(68,2,0,406)
w(57,5,0,407)
w(54,3,0,407)
r(74,7,0,408)
r(35,1,0,408)
r(55,4,0,409)
w(20,6,0,409)
w(86,1,0,410)
w(74,8,0,410)
r(1,5,0,411)
w(90,7,0,411)
w(68,3,0,412)
w(63,5,0,412)
w(49,8,0,413)
r(52,3,0,413)
r(0,6,0,414)
w(57,6,0,414)
r(66,3,0,415)
r(4,3,0,415)
w(32,7,0,416)
r(24,6,0,416)
r(53,5,0,417)
w(56,5,0,417)
w(52,4,0,418)
r(10,5,0,418)
w(50,4,0,419)
w(52,5,0,419)
w(79,5,0,420)
r(58,6,0,420)
r(76,5,0,421)
w(3,7,0,421)
r(18,5,0,422)
r(53,5,0,422)
r(51,6,0,423)
w(10,6,0,423)
r(60,4,0,424)
w(73,6,0,424)
r(62,1,0,425)
r(71,4,0,425)
r(67,7,0,426)
r(51,6,0,426)
r(66,3,0,427)
w(21,4,0,427)
r(62,1,0,428)
w(59,6,0,428)
r(64,4,0,429)
w(40,8,0,429)
r(27,6,0,430)
r(67,7,0,430)
r(73,6,0,431)
r(40,8,0,431)
r(21,4,0,432)
w(83,9,0,432)
w(97,6,0,433)
r(78,2,0,433)
w(37,2,0,434)
w(62,2,0,434)
w(42,6,0,435)
w(71,5,0,435)
w(41,6,0,436)
w(29,5,0,436)
r(50,4,0,437)
w(6,5,0,437)
r(22,3,0,438)
w(94,3,0,438)
r(52,5,0,439)
r(53,5,0,439)
r(43,5,0,440)
r(33,4,0,440)
r(30,1,0,441)
r(41,6,0,441)
r(20,6,0,442)
r(31,2,0,442)
r(21,4,0,443)
r(57,6,0,443)
w(68,4,0,444)
r(98,6,0,444)
r(71,5,0,445)
r(54,3,0,445)
r(62,2,0,446)
r(5,4,0,446)
w(21,5,0,447)
r(52,5,0,447)
w(5,5,0,448)
r(50,4,0,448)
r(78,2,0,449)
r(64,4,0,449)
r(77,1,0,450)
w(9,4,0,450)
w(47,2,0,451)
w(54,4,0,451)
r(29,5,0,452)
r(52,5,0,452)
w(33,5,0,453)
w(77,2,0,453)
r(81,5,0,454)
r(21,5,0,454)
r(96,6,0,455)
w(27,7,0,455)
r(2,2,0,456)
r(65,7,0,456)
w(12,5,0,457)
r(51,6,0,457)
w(23,9,0,458)
w(64,5,0,458)
r(36,4,0,459)
r(51,6,0,459)
w(85,9,0,460)
w(73,7,0,460)
r(7,5,0,461)
w(23,10,0,461)
w(79,6,0,462)
w(80,5,0,462)
r(39,3,0,463)
w(50,5,0,463)
r(84,1,0,464)
r(60,4,0,464)
w(45,4,0,465)
w(20,7,0,465)
r(51,6,0,466)
r(35,1,0,466)
r(4,3,0,467)
r(27,7,0,467)
w(19,5,0,468)
w(19,6,0,468)
w(0,7,0,469)
r(81,5,0,469)
r(73,7,0,470)
r(92,2,0,470)
r(34,6,0,471)
r(43,5,0,471)
w(85,10,0,472)
r(94,3,0,472)
w(43,6,0,473)
r(93,4,0,473)
r(71,5,0,474)
w(38,4,0,474)
r(67,7,0,475)
w(34,7,0,475)
w(7,6,0,476)
w(17,6,0,476)
r(46,6,0,477)
r(55,4,0,477)
w(87,4,0,478)
w(61,4,0,478)
w(96,7,0,479)
w(70,9,0,479)
r(82,3,0,480)
w(84,1,0,480)
w(48,9,0,481)
w(3,8,0,481)
r(0,7,0,482)
w(12,6,0,482)
r(89,5,0,483)
w(73,8,0,483)
r(12,6,0,484)
w(49,9,0,484)
w(12,7,0,485)
w(23,11,0,485)
r(32,7,0,486)
r(29,5,0,486)
r(97,6,0,487)
r(98,6,0,487)
w(24,7,0,488)
w(90,8,0,488)
w(22,4,0,489)
w(2,3,0,489)
w(16,4,0,490)
w(32,8,0,490)
w(17,7,0,491)
w(45,5,0,491)
w(62,3,0,492)
w(98,7,0,492)
w(39,4,0,493)
r(97,6,0,493)
w(12,8,0,494)
w(9,5,0,494)
r(68,4,0,495)
w(40,9,0,495)
w(29,6,0,496)
r(20,7,0,496)
w(76,6,0,497)
r(16,4,0,497)
r(25,6,0,498)
w(39,5,0,498)
w(95,5,0,499)
r(64,5,0,499)
w(45,6,1,500)
w(5,6,1,500)
r(96,7,1,501)
w(97,7,1,501)
r(8,4,1,502)
w(85,11,1,502)
r(53,5,1,503)
r(84,1,1,503)
w(78,3,1,504)
r(0,7,1,504)
r(72,4,1,505)
w(86,2,1,505)
r(51,6,1,506)
w(72,5,1,506)
w(17,8,1,507)
w(84,2,1,507)
r(51,6,1,508)
w(56,6,1,508)
w(57,7,1,509)
r(48,9,1,509)
w(58,7,1,510)
r(15,3,1,510)
w(65,8,1,511)
r(4,3,1,511)
r(27,7,1,512)
r(93,4,1,512)
w(12,9,1,513)
w(72,6,1,513)
r(4,3,1,514)
w(93,5,1,514)
r(98,7,1,515)
r(95,5,1,515)
r(26,3,1,516)
r(29,6,1,516)
r(14,6,1,517)
w(91,7,1,517)
r(77,2,1,518)
r(60,4,1,518)
w(94,4,1,519)
r(88,3,1,519)
w(11,7,1,520)
r(1,5,1,520)
w(5,7,1,521)
w(22,5,1,521)
r(71,5,1,522)
r(41,6,1,522)
w(26,4,1,523)
w(65,9,1,523)
w(51,7,1,524)
w(36,5,1,524)
w(28,4,1,525)
w(30,2,1,525)
w(53,6,1,526)
w(66,4,1,526)
r(34,7,1,527)
r(56,6,1,527)
r(0,7,1,528)
w(3,9,1,528)
r(2,3,1,529)
w(76,7,1,529)
w(12,10,1,530)
w(92,3,1,530)
r(47,2,1,531)
r(27,7,1,531)
w(11,8,1,532)
w(71,6,1,532)
r(85,11,1,533)
w(14,7,1,533)
w(24,8,1,534)
w(18,6,1,534)
w(76,8,1,535)
w(64,6,1,535)
w(2,4,1,536)
w(4,4,1,536)
w(55,5,1,537)
w(7,7,1,537)
w(48,10,1,538)
r(55,5,1,538)
w(93,6,1,539)
w(65,10,1,539)
w(97,8,1,540)
r(68,4,1,540)
r(16,4,1,541)
w(67,8,1,541)
r(27,7,1,542)
r(75,3,1,542)
w(57,8,1,543)
w(97,9,1,543)
r(59,6,1,544)
w(24,9,1,544)
r(89,5,1,545)
w(98,8,1,545)
r(15,3,1,546)
w(77,3,1,546)
w(53,7,1,547)
r(89,5,1,547)
w(44,5,1,548)
w(10,7,1,548)
r(91,7,1,549)
r(6,5,1,549)
w(62,4,1,550)
w(55,6,1,550)
w(34,8,1,551)
w(79,7,1,551)
r(4,4,1,552)
r(43,6,1,552)
r(0,7,1,553)
w(68,5,1,553)
r(9,5,1,554)
r(15,3,1,554)
r(25,6,1,555)
w(90,9,1,555)
w(13,4,1,556)
w(8,5,1,556)
w(6,6,1,557)
r(17,8,1,557)
w(87,5,1,558)
w(7,8,1,558)
r(28,4,1,559)
w(50,6,1,559)
w(56,7,1,560)
r(83,9,1,560)
r(89,5,1,561)
w(25,7,1,561)
r(37,2,1,562)
r(45,6,1,562)
w(61,5,1,563)
w(49,10,1,563)
w(53,8,1,564)
w(27,8,1,564)
w(40,10,1,565)
r(85,11,1,565)
r(41,6,1,566)
w(24,10,1,566)
w(61,6,1,567)
w(28,5,1,567)
r(3,9,1,568)
r(31,2,1,568)
w(72,7,1,569)
r(89,5,1,569)
r(18,6,1,570)
w(94,5,1,570)
r(11,8,1,571)
r(61,6,1,571)
w(57,9,1,572)
r(63,5,1,572)
r(61,6,1,573)
r(44,5,1,573)
r(11,8,1,574)
r(71,6,1,574)
r(27,8,1,575)
w(69,6,1,575)
w(19,7,1,576)
w(91,8,1,576)
r(49,10,1,577)
r(55,6,1,577)
w(44,6,1,578)
w(2,5,1,578)
r(99,5,1,579)
r(66,4,1,579)
w(20,8,1,580)
w(45,7,1,580)
r(97,9,1,581)
w(70,10,1,581)
w(54,5,1,582)
r(13,4,1,582)
w(1,6,1,583)
w(92,4,1,583)
r(11,8,1,584)
w(60,5,1,584)
w(7,9,1,585)
w(44,7,1,585)
w(27,9,1,586)
r(59,6,1,586)
r(35,1,1,587)
w(64,7,1,587)
r(54,5,1,588)
r(39,5,1,588)
w(64,8,1,589)
r(62,4,1,589)
r(85,11,1,590)
w(71,7,1,590)
w(54,6,1,591)
w(82,4,1,591)
r(0,7,1,592)
w(33,6,1,592)
r(25,7,1,593)
w(73,9,1,593)
w(12,11,1,594)
r(41,6,1,594)
w(13,5,1,595)
w(69,7,1,595)
r(40,10,1,596)
w(82,5,1,596)
r(82,5,1,597)
w(74,9,1,597)
r(41,6,1,598)
r(88,3,1,598)
r(18,6,1,599)
r(83,9,1,599)
w(87,6,1,600)
w(94,6,1,600)
w(48,11,1,601)
r(98,8,1,601)
r(31,2,1,602)
w(65,11,1,602)
r(66,4,1,603)
w(2,6,1,603)
w(42,7,1,604)
r(40,10,1,604)
w(98,9,1,605)
r(95,5,1,605)
w(88,4,1,606)
r(33,6,1,606)
r(32,8,1,607)
r(60,5,1,607)
r(75,3,1,608)
w(73,10,1,608)
w(96,8,1,609)
r(84,2,1,609)
r(99,5,1,610)
r(3,9,1,610)
w(13,6,1,611)
r(99,5,1,611)
r(24,10,1,612)
r(75,3,1,612)
w(45,8,1,613)
w(53,9,1,613)
w(89,6,1,614)
r(60,5,1,614)
w(16,5,1,615)
w(52,6,1,615)
r(35,1,1,616)
w(74,10,1,616)
w(11,9,1,617)
w(34,9,1,617)
w(8,6,1,618)
r(83,9,1,618)
w(10,8,1,619)
w(75,4,1,619)
r(7,9,1,620)
r(78,3,1,620)
r(64,8,1,621)
r(44,7,1,621)
w(45,9,1,622)
w(18,7,1,622)
w(1,7,1,623)
w(94,7,1,623)
r(9,5,1,624)
r(97,9,1,624)
r(87,6,1,625)
w(12,12,1,625)
w(23,12,1,626)
r(68,5,1,626)
r(0,7,1,627)
r(96,8,1,627)
r(9,5,1,628)
w(48,12,1,628)
r(70,10,1,629)
w(94,8,1,629)
r(40,10,1,630)
r(42,7,1,630)
r(75,4,1,631)
r(57,9,1,631)
w(33,7,1,632)
w(11,10,1,632)
r(43,6,1,633)
w(62,5,1,633)
w(37,3,1,634)
w(50,7,1,634)
w(50,8,1,635)
w(51,8,1,635)
r(98,9,1,636)
w(8,7,1,636)
r(76,8,1,637)
r(67,8,1,637)
w(73,11,1,638)
r(49,10,1,638)
w(97,10,1,639)
r(80,5,1,639)
r(7,9,1,640)
r(69,7,1,640)
w(44,8,1,641)
r(26,4,1,641)
w(47,3,1,642)
w(58,8,1,642)
w(16,6,1,643)
w(50,9,1,643)
w(23,13,1,644)
r(91,8,1,644)
r(32,8,1,645)
w(71,8,1,645)
r(28,5,1,646)
w(64,9,1,646)
r(86,2,1,647)
r(38,4,1,647)
r(42,7,1,648)
w(83,10,1,648)
w(37,4,1,649)
r(48,12,1,649)
r(84,2,1,650)
r(66,4,1,650)
r(18,7,1,651)
w(2,7,1,651)
r(59,6,1,652)
w(83,11,1,652)
r(32,8,1,653)
r(91,8,1,653)
r(96,8,1,654)
w(92,5,1,654)
r(42,7,1,655)
w(42,8,1,655)
r(68,5,1,656)
w(40,11,1,656)
r(19,7,1,657)
r(7,9,1,657)
r(63,5,1,658)
r(38,4,1,658)
r(20,8,1,659)
r(28,5,1,659)
r(89,6,1,660)
w(13,7,1,660)
r(36,5,1,661)
w(24,11,1,661)
w(7,10,1,662)
w(23,14,1,662)
w(98,10,1,663)
w(4,5,1,663)
w(77,4,1,664)
w(41,7,1,664)
w(73,12,1,665)
w(37,5,1,665)
w(6,7,1,666)
r(13,7,1,666)
w(47,4,1,667)
r(92,5,1,667)
w(47,5,1,668)
r(22,5,1,668)
w(70,11,1,669)
r(56,7,1,669)
r(59,6,1,670)
r(63,5,1,670)
w(33,8,1,671)
w(84,3,1,671)
r(8,7,1,672)
r(68,5,1,672)
r(98,10,1,673)
w(34,10,1,673)
w(6,8,1,674)
r(42,8,1,674)
r(2,7,1,675)
w(97,11,1,675)
w(45,10,1,676)
w(2,8,1,676)
r(10,8,1,677)
r(38,4,1,677)
w(19,8,1,678)
w(38,5,1,678)
r(44,8,1,679)
w(90,10,1,679)
r(19,8,1,680)
w(29,7,1,680)
w(81,6,1,681)
r(68,5,1,681)
r(97,11,1,682)
r(57,9,1,682)
w(96,9,1,683)
r(90,10,1,683)
r(39,5,1,684)
w(34,11,1,684)
w(42,9,1,685)
w(48,13,1,685)
r(82,5,1,686)
w(55,7,1,686)
r(20,8,1,687)
w(12,13,1,687)
r(31,2,1,688)
r(97,11,1,688)
w(58,9,1,689)
r(58,9,1,689)
r(52,6,1,690)
w(20,9,1,690)
r(14,7,1,691)
w(66,5,1,691)
r(95,5,1,692)
w(73,13,1,692)
w(6,9,1,693)
w(92,6,1,693)
w(67,9,1,694)
r(80,5,1,694)
r(96,9,1,695)
w(71,9,1,695)
r(76,8,1,696)
w(30,3,1,696)
w(28,6,1,697)
w(23,15,1,697)
w(63,6,1,698)
r(83,11,1,698)
w(83,12,1,699)
w(41,8,1,699)
r(27,9,1,700)
r(84,3,1,700)
w(25,8,1,701)
w(57,10,1,701)
w(12,14,1,702)
w(61,7,1,702)
w(36,6,1,703)
w(79,8,1,703)
w(68,6,1,704)
r(47,5,1,704)
w(1,8,1,705)
r(11,10,1,705)
w(87,7,1,706)
w(39,6,1,706)
w(79,9,1,707)
r(26,4,1,707)
w(62,6,1,708)
w(19,9,1,708)
r(23,15,1,709)
r(85,11,1,709)
w(6,10,1,710)
w(38,6,1,710)
w(38,7,1,711)
r(55,7,1,711)
r(38,7,1,712)
w(24,12,1,712)
r(62,6,1,713)
r(6,10,1,713)
r(24,12,1,714)
r(54,6,1,714)
w(54,7,1,715)
w(51,9,1,715)
r(7,10,1,716)
r(87,7,1,716)
r(96,9,1,717)
w(62,7,1,717)
r(84,3,1,718)
w(67,10,1,718)
w(43,7,1,719)
r(2,8,1,719)
w(0,8,1,720)
w(97,12,1,720)
w(1,9,1,721)
w(28,7,1,721)
r(40,11,1,722)
w(56,8,1,722)
r(67,10,1,723)
r(34,11,1,723)
r(49,10,1,724)
r(80,5,1,724)
w(54,8,1,725)
r(55,7,1,725)
r(67,10,1,726)
r(32,8,1,726)
w(45,11,1,727)
w(44,9,1,727)
r(8,7,1,728)
w(11,11,1,728)
w(30,4,1,729)
w(54,9,1,729)
r(67,10,1,730)
r(25,8,1,730)
r(63,6,1,731)
w(79,10,1,731)
w(65,12,1,732)
r(35,1,1,732)
w(5,8,1,733)
r(23,15,1,733)
w(2,9,1,734)
r(88,4,1,734)
w(72,8,1,735)
w(72,9,1,735)
w(79,11,1,736)
r(28,7,1,736)
w(12,15,1,737)
r(2,9,1,737)
r(29,7,1,738)
r(92,6,1,738)
w(70,12,1,739)
r(95,5,1,739)
r(95,5,1,740)
r(15,3,1,740)
r(50,9,1,741)
w(38,8,1,741)
r(43,7,1,742)
r(34,11,1,742)
w(52,7,1,743)
w(43,8,1,743)
w(81,7,1,744)
r(26,4,1,744)
r(41,8,1,745)
r(95,5,1,745)
w(69,8,1,746)
w(17,9,1,746)
r(44,9,1,747)
r(47,5,1,747)
r(86,2,1,748)
w(30,5,1,748)
r(83,12,1,749)
r(79,11,1,749)
w(69,9,1,750)
r(62,7,1,750)
w(5,9,1,751)
r(97,12,1,751)
r(56,8,1,752)
w(11,12,1,752)
w(32,9,1,753)
r(81,7,1,753)
r(1,9,1,754)
w(37,6,1,754)
r(91,8,1,755)
r(92,6,1,755)
w(45,12,1,756)
r(59,6,1,756)
w(61,8,1,757)
r(36,6,1,757)
w(83,13,1,758)
w(40,12,1,758)
r(61,8,1,759)
w(16,7,1,759)
w(6,11,1,760)
r(43,8,1,760)
r(23,15,1,761)
w(11,13,1,761)
r(9,5,1,762)
w(88,5,1,762)
r(89,6,1,763)
w(20,10,1,763)
r(34,11,1,764)
r(17,9,1,764)
r(1,9,1,765)
r(82,5,1,765)
w(13,8,1,766)
r(11,13,1,766)
r(62,7,1,767)
w(41,9,1,767)
r(67,10,1,768)
r(22,5,1,768)
r(4,5,1,769)
w(71,10,1,769)
w(75,5,1,770)
r(54,9,1,770)
w(68,7,1,771)
w(21,6,1,771)
r(69,9,1,772)
w(25,9,1,772)
r(26,4,1,773)
r(55,7,1,773)
r(2,9,1,774)
w(43,9,1,774)
w(51,10,1,775)
w(94,9,1,775)
w(55,8,1,776)
r(3,9,1,776)
r(83,13,1,777)
r(90,10,1,777)
r(41,9,1,778)
w(58,10,1,778)
r(15,3,1,779)
w(16,8,1,779)
r(62,7,1,780)
w(4,6,1,780)
r(10,8,1,781)
w(90,11,1,781)
w(66,6,1,782)
w(61,9,1,782)
w(47,6,1,783)
w(45,13,1,783)
w(96,10,1,784)
r(93,6,1,784)
r(63,6,1,785)
w(89,7,1,785)
w(21,7,1,786)
w(10,9,1,786)
r(77,4,1,787)
r(66,6,1,787)
w(19,10,1,788)
w(45,14,1,788)
w(22,6,1,789)
r(61,9,1,789)
r(4,6,1,790)
r(31,2,1,790)
w(12,16,1,791)
r(17,9,1,791)
w(30,6,1,792)
w(56,9,1,792)
w(39,7,1,793)
r(78,3,1,793)
w(67,11,1,794)
w(82,6,1,794)
r(89,7,1,795)
w(42,10,1,795)
w(78,4,1,796)
w(29,8,1,796)
r(54,9,1,797)
w(48,14,1,797)
w(38,9,1,798)
w(40,13,1,798)
w(1,10,1,799)
w(97,13,1,799)
w(35,2,1,800)
w(67,12,1,800)
w(67,13,1,801)
r(12,16,1,801)
w(91,9,1,802)
r(31,2,1,802)
r(34,11,1,803)
r(22,6,1,803)
w(70,13,1,804)
w(52,8,1,804)
r(10,9,1,805)
w(0,9,1,805)
r(50,9,1,806)
r(30,6,1,806)
r(46,6,1,807)
r(35,2,1,807)
w(22,7,1,808)
r(17,9,1,808)
r(28,7,1,809)
r(28,7,1,809)
r(49,10,1,810)
r(24,12,1,810)
r(90,11,1,811)
r(56,9,1,811)
w(82,7,1,812)
r(58,10,1,812)
r(95,5,1,813)
w(25,10,1,813)
w(16,9,1,814)
r(28,7,1,814)
r(10,9,1,815)
r(17,9,1,815)
r(83,13,1,816)
w(28,8,1,816)
r(22,7,1,817)
w(97,14,1,817)
r(47,6,1,818)
w(58,11,1,818)
r(2,9,1,819)
r(45,14,1,819)
r(26,4,1,820)
w(73,14,1,820)
w(27,10,1,821)
r(51,10,1,821)
w(75,6,1,822)
w(64,10,1,822)
r(42,10,1,823)
w(57,11,1,823)
w(74,11,1,824)
w(7,11,1,824)
w(61,10,1,825)
w(55,9,1,825)
r(36,6,1,826)
r(56,9,1,826)
r(23,15,1,827)
r(81,7,1,827)
r(12,16,1,828)
r(21,7,1,828)
w(40,14,1,829)
w(76,9,1,829)
r(43,9,1,830)
r(51,10,1,830)
w(20,11,1,831)
w(67,14,1,831)
r(77,4,1,832)
w(49,11,1,832)
r(95,5,1,833)
w(84,4,1,833)
r(8,7,1,834)
w(84,5,1,834)
r(2,9,1,835)
w(26,5,1,835)
w(47,7,1,836)
w(84,6,1,836)
r(42,10,1,837)
w(15,4,1,837)
w(51,11,1,838)
r(87,7,1,838)
w(44,10,1,839)
w(16,10,1,839)
w(83,14,1,840)
w(56,10,1,840)
r(16,10,1,841)
w(43,10,1,841)
w(5,10,1,842)
r(97,14,1,842)
r(2,9,1,843)
r(9,5,1,843)
r(88,5,1,844)
w(38,10,1,844)
w(63,7,1,845)
w(18,8,1,845)
r(27,10,1,846)
w(35,3,1,846)
w(57,12,1,847)
w(64,11,1,847)
w(37,7,1,848)
w(43,11,1,848)
r(84,6,1,849)
w(40,15,1,849)
r(57,12,1,850)
w(5,11,1,850)
w(65,13,1,851)
w(64,12,1,851)
w(87,8,1,852)
w(14,8,1,852)
r(0,9,1,853)
r(64,12,1,853)
r(43,11,1,854)
r(84,6,1,854)
w(44,11,1,855)
w(24,13,1,855)
r(87,8,1,856)
r(21,7,1,856)
w(24,14,1,857)
r(37,7,1,857)
r(62,7,1,858)
r(51,11,1,858)
w(45,15,1,859)
r(44,11,1,859)
w(44,12,1,860)
w(97,15,1,860)
r(77,4,1,861)
r(16,10,1,861)
r(12,16,1,862)
w(59,7,1,862)
r(47,7,1,863)
r(76,9,1,863)
w(79,12,1,864)
w(56,11,1,864)
r(36,6,1,865)
w(57,13,1,865)
r(43,11,1,866)
r(28,8,1,866)
w(52,9,1,867)
r(52,9,1,867)
w(49,12,1,868)
w(54,10,1,868)
r(76,9,1,869)
r(62,7,1,869)
w(96,11,1,870)
r(79,12,1,870)
w(55,10,1,871)
r(24,14,1,871)
r(51,11,1,872)
r(5,11,1,872)
r(10,9,1,873)
r(15,4,1,873)
w(16,11,1,874)
r(73,14,1,874)
r(38,10,1,875)
r(61,10,1,875)
r(84,6,1,876)
r(41,9,1,876)
w(37,8,1,877)
r(10,9,1,877)
r(64,12,1,878)
w(2,10,1,878)
w(74,12,1,879)
r(80,5,1,879)
r(14,8,1,880)
w(15,5,1,880)
r(78,4,1,881)
r(11,13,1,881)
r(15,5,1,882)
w(64,13,1,882)
r(98,10,1,883)
r(29,8,1,883)
w(30,7,1,884)
w(56,12,1,884)
w(80,6,1,885)
r(17,9,1,885)
r(57,13,1,886)
r(64,13,1,886)
w(11,14,1,887)
w(9,6,1,887)
r(48,14,1,888)
r(59,7,1,888)
r(85,11,1,889)
w(90,12,1,889)
w(37,9,1,890)
w(56,13,1,890)
r(28,8,1,891)
w(38,11,1,891)
r(6,11,1,892)
w(73,15,1,892)
r(47,7,1,893)
w(90,13,1,893)
r(59,7,1,894)
w(67,15,1,894)
w(4,7,1,895)
w(59,8,1,895)
w(70,14,1,896)
w(47,8,1,896)
w(44,13,1,897)
w(88,6,1,897)
w(84,7,1,898)
w(34,12,1,898)
r(57,13,1,899)
w(44,14,1,899)
r(94,9,1,900)
r(97,15,1,900)
r(51,11,1,901)
r(66,6,1,901)
w(84,8,1,902)
r(91,9,1,902)
r(6,11,1,903)
r(93,6,1,903)
w(68,8,1,904)
w(81,8,1,904)
r(89,7,1,905)
w(14,9,1,905)
r(5,11,1,906)
w(36,7,1,906)
w(81,9,1,907)
r(72,9,1,907)
r(29,8,1,908)
r(79,12,1,908)
r(83,14,1,909)
w(39,8,1,909)
r(79,12,1,910)
r(62,7,1,910)
w(41,10,1,911)
w(38,12,1,911)
w(8,8,1,912)
w(44,15,1,912)
w(5,12,1,913)
w(9,7,1,913)
r(37,9,1,914)
r(77,4,1,914)
w(51,12,1,915)
r(23,15,1,915)
w(30,8,1,916)
r(92,6,1,916)
w(89,8,1,917)
w(67,16,1,917)
w(98,11,1,918)
r(78,4,1,918)
w(84,9,1,919)
w(50,10,1,919)
w(12,17,1,920)
w(9,8,1,920)
w(60,6,1,921)
r(57,13,1,921)
w(22,8,1,922)
r(61,10,1,922)
r(34,12,1,923)
w(71,11,1,923)
w(7,12,1,924)
r(78,4,1,924)
w(90,14,1,925)
r(34,12,1,925)
r(19,10,1,926)
w(39,9,1,926)
w(23,16,1,927)
r(58,11,1,927)
r(69,9,1,928)
r(65,13,1,928)
w(61,11,1,929)
r(16,11,1,929)
r(72,9,1,930)
r(83,14,1,930)
w(73,16,1,931)
w(68,9,1,931)
r(5,12,1,932)
w(12,18,1,932)
r(46,6,1,933)
r(13,8,1,933)
r(77,4,1,934)
w(6,12,1,934)
w(37,10,1,935)
w(21,8,1,935)
r(24,14,1,936)
w(4,8,1,936)
r(40,15,1,937)
r(64,13,1,937)
w(22,9,1,938)
r(22,9,1,938)
w(9,9,1,939)
w(0,10,1,939)
r(39,9,1,940)
w(96,12,1,940)
r(11,14,1,941)
r(28,8,1,941)
w(34,13,1,942)
r(36,7,1,942)
r(39,9,1,943)
r(7,12,1,943)
w(35,4,1,944)
w(31,3,1,944)
w(30,9,1,945)
w(1,11,1,945)
w(17,10,1,946)
w(22,10,1,946)
r(54,10,1,947)
w(5,13,1,947)
w(27,11,1,948)
w(38,13,1,948)
r(15,5,1,949)
r(12,18,1,949)
r(38,13,1,950)
r(19,10,1,950)
r(17,10,1,951)
r(92,6,1,951)
w(64,14,1,952)
r(14,9,1,952)
r(33,8,1,953)
w(88,7,1,953)
w(26,6,1,954)
w(71,12,1,954)
w(28,9,1,955)
w(90,15,1,955)
w(34,14,1,956)
r(50,10,1,956)
r(24,14,1,957)
w(2,11,1,957)
r(55,10,1,958)
r(0,10,1,958)
r(97,15,1,959)
r(23,16,1,959)
r(81,9,1,960)
r(92,6,1,960)
w(28,10,1,961)
w(44,16,1,961)
w(71,13,1,962)
w(38,14,1,962)
r(33,8,1,963)
r(9,9,1,963)
r(11,14,1,964)
r(42,10,1,964)
w(12,19,1,965)
w(49,13,1,965)
r(75,6,1,966)
w(21,9,1,966)
r(86,2,1,967)
r(45,15,1,967)
w(33,9,1,968)
w(47,9,1,968)
w(71,14,1,969)
r(64,14,1,969)
r(92,6,1,970)
w(94,10,1,970)
w(32,10,1,971)
w(86,3,1,971)
w(46,7,1,972)
r(89,8,1,972)
w(44,17,1,973)
r(63,7,1,973)
w(82,8,1,974)
r(31,3,1,974)
w(85,12,1,975)
r(77,4,1,975)
w(51,13,1,976)
r(48,14,1,976)
r(60,6,1,977)
w(79,13,1,977)
w(25,11,1,978)
w(67,17,1,978)
r(94,10,1,979)
r(60,6,1,979)
w(51,14,1,980)
w(62,8,1,980)
w(43,12,1,981)
r(19,10,1,981)
r(2,11,1,982)
r(20,11,1,982)
w(79,14,1,983)
w(34,15,1,983)
r(53,9,1,984)
w(29,9,1,984)
r(40,15,1,985)
w(84,10,1,985)
r(30,9,1,986)
r(45,15,1,986)
r(74,12,1,987)
r(21,9,1,987)
w(24,15,1,988)
r(29,9,1,988)
r(52,9,1,989)
r(76,9,1,989)
r(53,9,1,990)
w(45,16,1,990)
r(72,9,1,991)
w(33,10,1,991)
w(4,9,1,992)
w(17,11,1,992)
w(99,6,1,993)
w(9,10,1,993)
w(11,15,1,994)
w(47,10,1,994)
r(39,9,1,995)
w(66,7,1,995)
r(10,9,1,996)
w(21,10,1,996)
w(94,11,1,997)
w(86,4,1,997)
r(22,10,1,998)
r(71,14,1,998)
w(35,5,1,999)
r(78,4,1,999)
w(56,14,2,1000)
r(46,7,2,1000)
r(29,9,2,1001)
w(1,12,2,1001)
w(49,14,2,1002)
w(8,9,2,1002)
r(35,5,2,1003)
r(69,9,2,1003)
r(93,6,2,1004)
w(97,16,2,1004)
r(80,6,2,1005)
w(8,10,2,1005)
r(8,10,2,1006)
w(36,8,2,1006)
r(61,11,2,1007)
r(76,9,2,1007)
w(46,8,2,1008)
r(93,6,2,1008)
w(19,11,2,1009)
r(72,9,2,1009)
r(14,9,2,1010)
r(30,9,2,1010)
r(59,8,2,1011)
r(62,8,2,1011)
w(28,11,2,1012)
w(26,7,2,1012)
r(75,6,2,1013)
w(24,16,2,1013)
r(27,11,2,1014)
r(13,8,2,1014)
r(36,8,2,1015)
r(47,10,2,1015)
r(28,11,2,1016)
r(18,8,2,1016)
w(78,5,2,1017)
w(99,7,2,1017)
w(36,9,2,1018)
r(58,11,2,1018)
w(97,17,2,1019)
r(28,11,2,1019)
w(94,12,2,1020)
w(32,11,2,1020)
r(6,12,2,1021)
w(96,13,2,1021)
r(54,10,2,1022)
w(47,11,2,1022)
w(89,9,2,1023)
r(86,4,2,1023)
w(51,15,2,1024)
w(55,11,2,1024)
w(90,16,2,1025)
r(91,9,2,1025)
w(12,20,2,1026)
r(37,10,2,1026)
w(39,10,2,1027)
r(98,11,2,1027)
w(90,17,2,1028)
w(9,11,2,1028)
r(76,9,2,1029)
w(86,5,2,1029)
w(76,10,2,1030)
r(33,10,2,1030)
w(1,13,2,1031)
r(30,9,2,1031)
w(80,7,2,1032)
w(70,15,2,1032)
w(93,7,2,1033)
w(66,8,2,1033)
r(89,9,2,1034)
r(77,4,2,1034)
r(40,15,2,1035)
w(55,12,2,1035)
w(78,6,2,1036)
w(85,13,2,1036)
w(53,10,2,1037)
r(2,11,2,1037)
w(91,10,2,1038)
r(38,14,2,1038)
w(30,10,2,1039)
r(88,7,2,1039)
w(72,10,2,1040)
w(55,13,2,1040)
w(89,10,2,1041)
r(51,15,2,1041)
w(23,17,2,1042)
r(61,11,2,1042)
r(73,16,2,1043)
r(20,11,2,1043)
w(35,6,2,1044)
w(85,14,2,1044)
w(44,18,2,1045)
r(69,9,2,1045)
w(55,14,2,1046)
w(24,17,2,1046)
r(30,10,2,1047)
r(29,9,2,1047)
r(21,10,2,1048)
w(31,4,2,1048)
w(44,19,2,1049)
r(52,9,2,1049)
w(66,9,2,1050)
r(59,8,2,1050)
w(44,20,2,1051)
r(69,9,2,1051)
w(58,12,2,1052)
r(23,17,2,1052)
w(44,21,2,1053)
r(64,14,2,1053)
r(58,12,2,1054)
r(85,14,2,1054)
w(43,13,2,1055)
w(42,11,2,1055)
w(23,18,2,1056)
w(84,11,2,1056)
w(65,14,2,1057)
r(10,9,2,1057)
w(44,22,2,1058)
w(56,15,2,1058)
w(98,12,2,1059)
r(17,11,2,1059)
w(92,7,2,1060)
r(2,11,2,1060)
w(39,11,2,1061)
w(72,11,2,1061)
r(75,6,2,1062)
r(44,22,2,1062)
w(65,15,2,1063)
r(19,11,2,1063)
r(96,13,2,1064)
w(37,11,2,1064)
w(33,11,2,1065)
r(61,11,2,1065)
w(81,10,2,1066)
w(46,9,2,1066)
w(38,15,2,1067)
w(80,8,2,1067)
r(24,17,2,1068)
r(82,8,2,1068)
r(17,11,2,1069)
r(34,15,2,1069)
w(8,11,2,1070)
w(3,10,2,1070)
w(11,16,2,1071)
r(33,11,2,1071)
w(94,13,2,1072)
r(63,7,2,1072)
w(84,12,2,1073)
w(94,14,2,1073)
w(67,18,2,1074)
w(32,12,2,1074)
r(70,15,2,1075)
r(61,11,2,1075)
w(85,15,2,1076)
r(99,7,2,1076)
w(68,10,2,1077)
w(97,18,2,1077)
w(36,10,2,1078)
w(0,11,2,1078)
w(3,11,2,1079)
r(14,9,2,1079)
r(93,7,2,1080)
r(70,15,2,1080)
r(91,10,2,1081)
r(45,16,2,1081)
w(63,8,2,1082)
w(65,16,2,1082)
r(89,10,2,1083)
r(61,11,2,1083)
r(71,14,2,1084)
w(65,17,2,1084)
r(15,5,2,1085)
r(13,8,2,1085)
w(3,12,2,1086)
r(17,11,2,1086)
w(16,12,2,1087)
r(34,15,2,1087)
r(21,10,2,1088)
r(44,22,2,1088)
w(76,11,2,1089)
r(82,8,2,1089)
w(49,15,2,1090)
r(67,18,2,1090)
r(55,14,2,1091)
w(20,12,2,1091)
r(17,11,2,1092)
r(19,11,2,1092)
r(78,6,2,1093)
r(72,11,2,1093)
r(94,14,2,1094)
r(31,4,2,1094)
r(25,11,2,1095)
r(27,11,2,1095)
w(54,11,2,1096)
r(20,12,2,1096)
r(53,10,2,1097)
r(43,13,2,1097)
r(37,11,2,1098)
w(86,6,2,1098)
r(56,15,2,1099)
r(8,11,2,1099)
r(59,8,2,1100)
r(70,15,2,1100)
r(61,11,2,1101)
w(82,9,2,1101)
w(19,12,2,1102)
r(39,11,2,1102)
r(24,17,2,1103)
r(53,10,2,1103)
r(24,17,2,1104)
w(31,5,2,1104)
r(15,5,2,1105)
r(57,13,2,1105)
r(33,11,2,1106)
r(32,12,2,1106)
r(91,10,2,1107)
r(70,15,2,1107)
w(95,6,2,1108)
w(17,12,2,1108)
w(57,14,2,1109)
w(63,9,2,1109)
w(64,15,2,1110)
w(47,12,2,1110)
r(60,6,2,1111)
w(62,9,2,1111)
r(43,13,2,1112)
r(71,14,2,1112)
w(36,11,2,1113)
w(23,19,2,1113)
r(4,9,2,1114)
r(68,10,2,1114)
w(94,15,2,1115)
r(51,15,2,1115)
r(29,9,2,1116)
w(69,10,2,1116)
r(43,13,2,1117)
w(3,13,2,1117)
r(85,15,2,1118)
r(91,10,2,1118)
r(83,14,2,1119)
r(67,18,2,1119)
w(66,10,2,1120)
w(11,17,2,1120)
r(42,11,2,1121)
r(92,7,2,1121)
r(72,11,2,1122)
r(38,15,2,1122)
r(24,17,2,1123)
w(74,13,2,1123)
w(49,16,2,1124)
w(85,16,2,1124)
w(96,14,2,1125)
w(8,12,2,1125)
w(64,16,2,1126)
r(70,15,2,1126)
w(83,15,2,1127)
r(12,20,2,1127)
w(94,16,2,1128)
w(69,11,2,1128)
r(24,17,2,1129)
w(38,16,2,1129)
w(2,12,2,1130)
r(65,17,2,1130)
w(19,13,2,1131)
r(99,7,2,1131)
r(59,8,2,1132)
w(92,8,2,1132)
r(22,10,2,1133)
w(2,13,2,1133)
r(86,6,2,1134)
w(73,17,2,1134)
r(45,16,2,1135)
r(68,10,2,1135)
r(21,10,2,1136)
w(54,12,2,1136)
w(9,12,2,1137)
w(72,12,2,1137)
w(77,5,2,1138)
r(6,12,2,1138)
r(41,10,2,1139)
r(75,6,2,1139)
w(35,7,2,1140)
w(20,13,2,1140)
w(93,8,2,1141)
r(62,9,2,1141)
r(97,18,2,1142)
w(64,17,2,1142)
r(25,11,2,1143)
w(93,9,2,1143)
w(94,17,2,1144)
w(45,17,2,1144)
r(33,11,2,1145)
r(35,7,2,1145)
r(50,10,2,1146)
w(10,10,2,1146)
r(74,13,2,1147)
w(44,23,2,1147)
w(14,10,2,1148)
w(58,13,2,1148)
w(37,12,2,1149)
w(26,8,2,1149)
r(46,9,2,1150)
w(84,13,2,1150)
w(10,11,2,1151)
w(33,12,2,1151)
r(24,17,2,1152)
r(65,17,2,1152)
w(33,13,2,1153)
w(4,10,2,1153)
r(23,19,2,1154)
w(58,14,2,1154)
w(81,11,2,1155)
w(14,11,2,1155)
w(33,14,2,1156)
r(15,5,2,1156)
w(2,14,2,1157)
r(28,11,2,1157)
w(66,11,2,1158)
r(21,10,2,1158)
w(87,9,2,1159)
r(94,17,2,1159)
r(74,13,2,1160)
r(16,12,2,1160)
w(37,13,2,1161)
r(4,10,2,1161)
w(95,7,2,1162)
r(17,12,2,1162)
w(82,10,2,1163)
r(55,14,2,1163)
r(14,11,2,1164)
w(67,19,2,1164)
w(44,24,2,1165)
w(15,6,2,1165)
w(32,13,2,1166)
r(99,7,2,1166)
w(18,9,2,1167)
w(88,8,2,1167)
w(77,6,2,1168)
r(79,14,2,1168)
w(85,17,2,1169)
w(97,19,2,1169)
w(40,16,2,1170)
r(50,10,2,1170)
r(21,10,2,1171)
w(43,14,2,1171)
w(97,20,2,1172)
w(78,7,2,1172)
w(10,12,2,1173)
r(3,13,2,1173)
r(48,14,2,1174)
w(54,13,2,1174)
r(77,6,2,1175)
r(83,15,2,1175)
r(23,19,2,1176)
r(14,11,2,1176)
r(47,12,2,1177)
r(45,17,2,1177)
r(79,14,2,1178)
r(91,10,2,1178)
w(4,11,2,1179)
w(71,15,2,1179)
r(54,13,2,1180)
r(97,20,2,1180)
w(31,6,2,1181)
r(75,6,2,1181)
w(12,21,2,1182)
w(39,12,2,1182)
w(11,18,2,1183)
w(63,10,2,1183)
w(63,11,2,1184)
w(88,9,2,1184)
r(25,11,2,1185)
w(2,15,2,1185)
w(39,13,2,1186)
w(69,12,2,1186)
w(46,10,2,1187)
r(6,12,2,1187)
r(62,9,2,1188)
w(26,9,2,1188)
w(5,14,2,1189)
r(67,19,2,1189)
r(0,11,2,1190)
r(95,7,2,1190)
w(74,14,2,1191)
w(59,9,2,1191)
r(42,11,2,1192)
w(23,20,2,1192)
w(42,12,2,1193)
r(3,13,2,1193)
w(52,10,2,1194)
w(31,7,2,1194)
w(29,10,2,1195)
r(53,10,2,1195)
r(61,11,2,1196)
w(45,18,2,1196)
r(40,16,2,1197)
w(26,10,2,1197)
w(57,15,2,1198)
w(68,11,2,1198)
w(74,15,2,1199)
w(49,17,2,1199)
r(58,14,2,1200)
w(23,21,2,1200)
w(17,13,2,1201)
r(0,11,2,1201)
r(20,13,2,1202)
w(65,18,2,1202)
r(17,13,2,1203)
w(93,10,2,1203)
w(84,14,2,1204)
r(54,13,2,1204)
r(71,15,2,1205)
w(92,9,2,1205)
w(98,13,2,1206)
r(17,13,2,1206)
r(65,18,2,1207)
r(45,18,2,1207)
w(59,10,2,1208)
w(26,11,2,1208)
w(81,12,2,1209)
w(34,16,2,1209)
r(83,15,2,1210)
w(28,12,2,1210)
r(0,11,2,1211)
r(45,18,2,1211)
r(57,15,2,1212)
w(92,10,2,1212)
w(38,17,2,1213)
w(7,13,2,1213)
w(89,11,2,1214)
r(3,13,2,1214)
r(76,11,2,1215)
w(65,19,2,1215)
w(4,12,2,1216)
w(22,11,2,1216)
w(34,17,2,1217)
w(5,15,2,1217)
w(70,16,2,1218)
r(1,13,2,1218)
w(66,12,2,1219)
r(98,13,2,1219)
w(79,15,2,1220)
w(92,11,2,1220)
w(9,13,2,1221)
r(65,19,2,1221)
r(23,21,2,1222)
r(87,9,2,1222)
r(53,10,2,1223)
w(16,13,2,1223)
r(39,13,2,1224)
r(44,24,2,1224)
w(60,7,2,1225)
w(33,15,2,1225)
r(21,10,2,1226)
r(38,17,2,1226)
r(76,11,2,1227)
w(44,25,2,1227)
w(85,18,2,1228)
w(71,16,2,1228)
r(57,15,2,1229)
r(36,11,2,1229)
w(89,12,2,1230)
r(67,19,2,1230)
w(42,13,2,1231)
r(43,14,2,1231)
w(93,11,2,1232)
w(69,13,2,1232)
w(10,13,2,1233)
w(34,18,2,1233)
w(31,8,2,1234)
r(51,15,2,1234)
r(65,19,2,1235)
w(45,19,2,1235)
w(90,18,2,1236)
r(82,10,2,1236)
r(18,9,2,1237)
w(23,22,2,1237)
r(98,13,2,1238)
r(23,22,2,1238)
r(60,7,2,1239)
w(49,18,2,1239)
r(9,13,2,1240)
r(21,10,2,1240)
w(36,12,2,1241)
w(6,13,2,1241)
r(35,7,2,1242)
w(25,12,2,1242)
r(99,7,2,1243)
r(91,10,2,1243)
w(9,14,2,1244)
w(70,17,2,1244)
r(75,6,2,1245)
w(27,12,2,1245)
w(54,14,2,1246)
w(51,16,2,1246)
r(58,14,2,1247)
r(32,13,2,1247)
r(38,17,2,1248)
w(94,18,2,1248)
w(67,20,2,1249)
r(50,10,2,1249)
r(18,9,2,1250)
r(51,16,2,1250)
r(98,13,2,1251)
r(55,14,2,1251)
w(23,23,2,1252)
r(94,18,2,1252)
w(80,9,2,1253)
r(98,13,2,1253)
r(4,12,2,1254)
w(34,19,2,1254)
r(80,9,2,1255)
w(33,16,2,1255)
w(40,17,2,1256)
r(11,18,2,1256)
w(52,11,2,1257)
r(63,11,2,1257)
r(15,6,2,1258)
w(45,20,2,1258)
w(6,14,2,1259)
r(10,13,2,1259)
r(26,11,2,1260)
r(67,20,2,1260)
r(94,18,2,1261)
w(28,13,2,1261)
w(81,13,2,1262)
r(69,13,2,1262)
w(87,10,2,1263)
r(64,17,2,1263)
w(9,15,2,1264)
w(68,12,2,1264)
r(17,13,2,1265)
w(70,18,2,1265)
r(67,20,2,1266)
w(51,17,2,1266)
w(65,20,2,1267)
r(22,11,2,1267)
r(56,15,2,1268)
w(11,19,2,1268)
w(25,13,2,1269)
w(46,11,2,1269)
w(2,16,2,1270)
r(35,7,2,1270)
r(80,9,2,1271)
w(13,9,2,1271)
w(14,12,2,1272)
r(8,12,2,1272)
w(30,11,2,1273)
r(9,15,2,1273)
r(94,18,2,1274)
w(77,7,2,1274)
r(75,6,2,1275)
w(40,18,2,1275)
w(25,14,2,1276)
r(40,18,2,1276)
w(48,15,2,1277)
r(25,14,2,1277)
w(36,13,2,1278)
w(23,24,2,1278)
w(9,16,2,1279)
w(74,16,2,1279)
w(68,13,2,1280)
r(14,12,2,1280)
w(99,8,2,1281)
r(67,20,2,1281)
r(36,13,2,1282)
r(8,12,2,1282)
w(2,17,2,1283)
r(49,18,2,1283)
w(86,7,2,1284)
r(22,11,2,1284)
w(92,12,2,1285)
w(74,17,2,1285)
r(87,10,2,1286)
r(1,13,2,1286)
r(49,18,2,1287)
w(22,12,2,1287)
r(76,11,2,1288)
r(5,15,2,1288)
w(35,8,2,1289)
w(33,17,2,1289)
w(53,11,2,1290)
w(65,21,2,1290)
r(94,18,2,1291)
w(31,9,2,1291)
w(19,14,2,1292)
w(10,14,2,1292)
r(87,10,2,1293)
w(18,10,2,1293)
w(80,10,2,1294)
w(32,14,2,1294)
w(76,12,2,1295)
w(55,15,2,1295)
r(41,10,2,1296)
r(61,11,2,1296)
w(7,14,2,1297)
r(20,13,2,1297)
w(66,13,2,1298)
w(96,15,2,1298)
r(16,13,2,1299)
r(75,6,2,1299)
w(97,21,2,1300)
r(59,10,2,1300)
w(9,17,2,1301)
r(70,18,2,1301)
r(32,14,2,1302)
w(12,22,2,1302)
r(92,12,2,1303)
w(76,13,2,1303)
w(69,14,2,1304)
w(42,14,2,1304)
r(59,10,2,1305)
w(20,14,2,1305)
w(74,18,2,1306)
w(3,14,2,1306)
r(20,14,2,1307)
r(23,24,2,1307)
r(43,14,2,1308)
w(16,14,2,1308)
r(54,14,2,1309)
r(86,7,2,1309)
r(20,14,2,1310)
r(64,17,2,1310)
r(5,15,2,1311)
w(9,18,2,1311)
w(94,19,2,1312)
r(64,17,2,1312)
w(61,12,2,1313)
w(55,16,2,1313)
r(15,6,2,1314)
r(64,17,2,1314)
w(30,12,2,1315)
w(98,14,2,1315)
r(47,12,2,1316)
r(53,11,2,1316)
w(50,11,2,1317)
r(84,14,2,1317)
w(39,14,2,1318)
w(34,20,2,1318)
w(30,13,2,1319)
w(83,16,2,1319)
r(49,18,2,1320)
w(16,15,2,1320)
w(20,15,2,1321)
r(90,18,2,1321)
w(90,19,2,1322)
r(0,11,2,1322)
r(39,14,2,1323)
w(23,25,2,1323)
r(50,11,2,1324)
w(38,18,2,1324)
r(59,10,2,1325)
w(27,13,2,1325)
w(42,15,2,1326)
r(26,11,2,1326)
w(32,15,2,1327)
w(69,15,2,1327)
r(37,13,2,1328)
r(10,14,2,1328)
w(89,13,2,1329)
r(54,14,2,1329)
w(41,11,2,1330)
r(15,6,2,1330)
w(47,13,2,1331)
r(51,17,2,1331)
r(73,17,2,1332)
w(52,12,2,1332)
r(75,6,2,1333)
r(11,19,2,1333)
w(54,15,2,1334)
r(60,7,2,1334)
r(36,13,2,1335)
w(58,15,2,1335)
w(79,16,2,1336)
r(46,11,2,1336)
w(31,10,2,1337)
w(25,15,2,1337)
w(57,16,2,1338)
r(93,11,2,1338)
w(33,18,2,1339)
w(83,17,2,1339)
w(19,15,2,1340)
w(29,11,2,1340)
r(96,15,2,1341)
w(26,12,2,1341)
w(71,17,2,1342)
w(95,8,2,1342)
w(74,19,2,1343)
r(99,8,2,1343)
r(75,6,2,1344)
w(37,14,2,1344)
r(31,10,2,1345)
r(86,7,2,1345)
w(86,8,2,1346)
r(12,22,2,1346)
r(21,10,2,1347)
w(55,17,2,1347)
w(71,18,2,1348)
w(43,15,2,1348)
w(82,11,2,1349)
r(2,17,2,1349)
w(0,12,2,1350)
r(70,18,2,1350)
r(97,21,2,1351)
r(12,22,2,1351)
r(70,18,2,1352)
w(81,14,2,1352)
r(70,18,2,1353)
w(4,13,2,1353)
r(55,17,2,1354)
r(49,18,2,1354)
w(39,15,2,1355)
r(45,20,2,1355)
r(49,18,2,1356)
w(47,14,2,1356)
w(63,12,2,1357)
r(59,10,2,1357)
w(63,13,2,1358)
r(58,15,2,1358)
w(17,14,2,1359)
w(0,13,2,1359)
r(19,15,2,1360)
w(63,14,2,1360)
r(53,11,2,1361)
r(91,10,2,1361)
r(12,22,2,1362)
w(86,9,2,1362)
r(11,19,2,1363)
w(89,14,2,1363)
r(98,14,2,1364)
r(20,15,2,1364)
r(47,14,2,1365)
r(85,18,2,1365)
w(41,12,2,1366)
w(76,14,2,1366)
w(79,17,2,1367)
w(53,12,2,1367)
r(46,11,2,1368)
w(36,14,2,1368)
r(9,18,2,1369)
w(40,19,2,1369)
r(39,15,2,1370)
r(91,10,2,1370)
r(80,10,2,1371)
r(38,18,2,1371)
r(5,15,2,1372)
r(38,18,2,1372)
w(98,15,2,1373)
r(12,22,2,1373)
w(44,26,2,1374)
w(2,18,2,1374)
w(84,15,2,1375)
r(61,12,2,1375)
w(53,13,2,1376)
w(53,14,2,1376)
w(55,18,2,1377)
r(19,15,2,1377)
r(84,15,2,1378)
r(5,15,2,1378)
r(98,15,2,1379)
w(47,15,2,1379)
r(63,14,2,1380)
r(45,20,2,1380)
w(27,14,2,1381)
w(71,19,2,1381)
r(36,14,2,1382)
r(25,15,2,1382)
w(71,20,2,1383)
w(94,20,2,1383)
r(99,8,2,1384)
w(52,13,2,1384)
w(49,19,2,1385)
w(32,16,2,1385)
w(8,13,2,1386)
r(70,18,2,1386)
r(18,10,2,1387)
r(30,13,2,1387)
r(69,15,2,1388)
w(72,13,2,1388)
w(22,13,2,1389)
r(69,15,2,1389)
r(18,10,2,1390)
w(34,21,2,1390)
w(69,16,2,1391)
w(14,13,2,1391)
r(61,12,2,1392)
w(79,18,2,1392)
r(34,21,2,1393)
r(33,18,2,1393)
r(60,7,2,1394)
w(21,11,2,1394)
w(53,15,2,1395)
r(25,15,2,1395)
r(19,15,2,1396)
r(98,15,2,1396)
w(56,16,2,1397)
w(42,16,2,1397)
w(91,11,2,1398)
w(9,19,2,1398)
w(3,15,2,1399)
r(74,19,2,1399)
w(68,14,2,1400)
r(40,19,2,1400)
r(96,15,2,1401)
r(29,11,2,1401)
w(42,17,2,1402)
r(52,13,2,1402)
w(93,12,2,1403)
r(29,11,2,1403)
r(74,19,2,1404)
w(90,20,2,1404)
r(21,11,2,1405)
r(94,20,2,1405)
w(45,21,2,1406)
r(8,13,2,1406)
r(55,18,2,1407)
r(58,15,2,1407)
r(51,17,2,1408)
r(20,15,2,1408)
r(2,18,2,1409)
w(79,19,2,1409)
w(18,11,2,1410)
w(85,19,2,1410)
w(7,15,2,1411)
w(1,14,2,1411)
r(18,11,2,1412)
r(29,11,2,1412)
r(30,13,2,1413)
w(88,10,2,1413)
r(17,14,2,1414)
r(35,8,2,1414)
r(67,20,2,1415)
w(97,22,2,1415)
w(83,18,2,1416)
w(77,8,2,1416)
w(43,16,2,1417)
r(29,11,2,1417)
w(63,15,2,1418)
w(35,9,2,1418)
r(64,17,2,1419)
w(63,16,2,1419)
r(34,21,2,1420)
r(40,19,2,1420)
r(26,12,2,1421)
w(32,17,2,1421)
w(9,20,2,1422)
r(58,15,2,1422)
r(39,15,2,1423)
w(59,11,2,1423)
r(91,11,2,1424)
r(87,10,2,1424)
w(77,9,2,1425)
r(15,6,2,1425)
w(80,11,2,1426)
w(51,18,2,1426)
w(7,16,2,1427)
r(49,19,2,1427)
r(11,19,2,1428)
r(84,15,2,1428)
r(16,15,2,1429)
r(69,16,2,1429)
w(6,15,2,1430)
w(83,19,2,1430)
w(83,20,2,1431)
w(97,23,2,1431)
r(93,12,2,1432)
r(6,15,2,1432)
w(27,15,2,1433)
r(98,15,2,1433)
r(28,13,2,1434)
r(59,11,2,1434)
w(60,8,2,1435)
w(39,16,2,1435)
w(93,13,2,1436)
r(14,13,2,1436)
r(71,20,2,1437)
r(13,9,2,1437)
r(24,17,2,1438)
r(70,18,2,1438)
w(88,11,2,1439)
r(81,14,2,1439)
w(8,14,2,1440)
r(86,9,2,1440)
r(15,6,2,1441)
w(19,16,2,1441)
r(32,17,2,1442)
w(66,14,2,1442)
r(47,15,2,1443)
w(62,10,2,1443)
r(24,17,2,1444)
w(16,16,2,1444)
w(56,17,2,1445)
w(5,16,2,1445)
w(2,19,2,1446)
w(62,11,2,1446)
r(40,19,2,1447)
w(5,17,2,1447)
w(87,11,2,1448)
r(85,19,2,1448)
r(11,19,2,1449)
r(75,6,2,1449)
r(66,14,2,1450)
r(6,15,2,1450)
r(57,16,2,1451)
w(60,9,2,1451)
r(43,16,2,1452)
r(76,14,2,1452)
w(47,16,2,1453)
r(33,18,2,1453)
w(94,21,2,1454)
w(22,14,2,1454)
r(32,17,2,1455)
r(86,9,2,1455)
w(98,16,2,1456)
w(8,15,2,1456)
w(28,14,2,1457)
w(91,12,2,1457)
w(6,16,2,1458)
w(28,15,2,1458)
r(74,19,2,1459)
w(15,7,2,1459)
w(21,12,2,1460)
r(19,16,2,1460)
r(14,13,2,1461)
r(78,7,2,1461)
w(40,20,2,1462)
w(52,14,2,1462)
w(29,12,2,1463)
r(64,17,2,1463)
w(29,13,2,1464)
r(43,16,2,1464)
w(55,19,2,1465)
r(78,7,2,1465)
w(74,20,2,1466)
w(8,16,2,1466)
w(24,18,2,1467)
r(75,6,2,1467)
w(97,24,2,1468)
r(29,13,2,1468)
w(53,16,2,1469)
w(37,15,2,1469)
r(6,16,2,1470)
r(43,16,2,1470)
r(29,13,2,1471)
r(64,17,2,1471)
w(26,13,2,1472)
w(29,14,2,1472)
w(28,16,2,1473)
w(46,12,2,1473)
w(84,16,2,1474)
w(60,10,2,1474)
r(10,14,2,1475)
r(26,13,2,1475)
r(25,15,2,1476)
r(42,17,2,1476)
w(87,12,2,1477)
r(57,16,2,1477)
w(76,15,2,1478)
w(84,17,2,1478)
w(91,13,2,1479)
r(50,11,2,1479)
w(70,19,2,1480)
r(20,15,2,1480)
r(29,14,2,1481)
r(9,20,2,1481)
r(67,20,2,1482)
w(21,13,2,1482)
r(67,20,2,1483)
r(64,17,2,1483)
r(10,14,2,1484)
w(59,12,2,1484)
w(95,9,2,1485)
w(76,16,2,1485)
r(85,19,2,1486)
r(64,17,2,1486)
w(71,21,2,1487)
w(9,21,2,1487)
r(19,16,2,1488)
r(37,15,2,1488)
r(76,16,2,1489)
r(64,17,2,1489)
r(0,13,2,1490)
r(68,14,2,1490)
r(83,20,2,1491)
w(17,15,2,1491)
w(15,8,2,1492)
r(8,16,2,1492)
r(69,16,2,1493)
w(34,22,2,1493)
r(47,16,2,1494)
w(34,23,2,1494)
r(45,21,2,1495)
r(3,15,2,1495)
r(30,13,2,1496)
w(12,23,2,1496)
r(15,8,2,1497)
r(2,19,2,1497)
r(38,18,2,1498)
r(96,15,2,1498)
r(59,12,2,1499)
r(15,8,2,1499)
