w(90,1,0,0)
w(2,1,0,0)
w(19,1,0,1)
w(14,1,0,1)
w(68,1,0,2)
w(59,1,0,2)
w(70,1,0,3)
r(10,1,0,3)
r(72,1,0,4)
w(6,1,0,4)
w(82,1,0,5)
r(69,1,0,5)
w(0,1,0,6)
r(90,1,0,6)
w(4,1,0,7)
w(23,1,0,7)
r(81,1,0,8)
w(74,1,0,8)
r(45,1,0,9)
r(14,1,0,9)
w(53,1,0,10)
w(65,1,0,10)
r(83,1,0,11)
w(88,1,0,11)
w(93,1,0,12)
r(84,1,0,12)
r(62,1,0,13)
w(8,1,0,13)
r(40,1,0,14)
r(81,1,0,14)
r(7,1,0,15)
r(52,1,0,15)
w(12,1,0,16)
w(0,2,0,16)
w(63,1,0,17)
r(93,1,0,17)
w(90,2,0,18)
r(39,1,0,18)
r(67,1,0,19)
w(94,1,0,19)
w(90,3,0,20)
r(18,1,0,20)
r(24,1,0,21)
r(19,1,0,21)
w(79,1,0,22)
r(17,1,0,22)
r(33,1,0,23)
r(18,1,0,23)
r(41,1,0,24)
r(48,1,0,24)
w(33,1,0,25)
r(6,1,0,25)
w(60,1,0,26)
w(11,1,0,26)
r(46,1,0,27)
r(24,1,0,27)
r(7,1,0,28)
w(86,1,0,28)
r(95,1,0,29)
w(88,2,0,29)
r(78,1,0,30)
r(55,1,0,30)
r(11,1,0,31)
r(50,1,0,31)
w(2,2,0,32)
r(82,1,0,32)
w(29,1,0,33)
w(92,1,0,33)
w(11,2,0,34)
r(87,1,0,34)
w(9,1,0,35)
r(77,1,0,35)
w(23,2,0,36)
r(37,1,0,36)
r(83,1,0,37)
r(39,1,0,37)
w(31,1,0,38)
r(64,1,0,38)
r(67,1,0,39)
r(19,1,0,39)
w(56,1,0,40)
w(20,1,0,40)
w(52,1,0,41)
w(64,1,0,41)
w(50,1,0,42)
r(62,1,0,42)
w(76,1,0,43)
r(94,1,0,43)
r(1,1,0,44)
r(12,1,0,44)
r(32,1,0,45)
w(72,1,0,45)
r(15,1,0,46)
w(32,1,0,46)
r(75,1,0,47)
r(11,2,0,47)
r(38,1,0,48)
w(99,1,0,48)
r(43,1,0,49)
w(67,1,0,49)
r(16,1,0,50)
w(96,1,0,50)
w(94,2,0,51)
w(95,1,0,51)
r(59,1,0,52)
w(77,1,0,52)
w(50,2,0,53)
w(58,1,0,53)
w(19,2,0,54)
w(13,1,0,54)
w(40,1,0,55)
w(66,1,0,55)
r(61,1,0,56)
r(68,1,0,56)
w(77,2,0,57)
r(43,1,0,57)
r(88,2,0,58)
w(66,2,0,58)
w(7,1,0,59)
r(72,1,0,59)
r(92,1,0,60)
r(98,1,0,60)
r(59,1,0,61)
w(23,3,0,61)
w(67,2,0,62)
w(24,1,0,62)
w(85,1,0,63)
r(18,1,0,63)
w(41,1,0,64)
w(93,2,0,64)
w(75,1,0,65)
r(40,1,0,65)
w(48,1,0,66)
w(50,3,0,66)
r(39,1,0,67)
w(87,1,0,67)
r(37,1,0,68)
r(43,1,0,68)
r(56,1,0,69)
w(24,2,0,69)
w(45,1,0,70)
r(42,1,0,70)
r(29,1,0,71)
w(31,2,0,71)
w(12,2,0,72)
w(66,3,0,72)
w(8,2,0,73)
r(10,1,0,73)
w(76,2,0,74)
w(26,1,0,74)
r(28,1,0,75)
w(62,1,0,75)
r(98,1,0,76)
w(92,2,0,76)
r(62,1,0,77)
w(43,1,0,77)
r(98,1,0,78)
r(60,1,0,78)
r(28,1,0,79)
w(63,2,0,79)
r(58,1,0,80)
r(12,2,0,80)
w(77,3,0,81)
w(56,2,0,81)
w(22,1,0,82)
w(72,2,0,82)
r(95,1,0,83)
w(97,1,0,83)
w(61,1,0,84)
w(19,3,0,84)
w(80,1,0,85)
w(13,2,0,85)
r(21,1,0,86)
r(34,1,0,86)
r(42,1,0,87)
w(52,2,0,87)
r(35,1,0,88)
w(52,3,0,88)
r(95,1,0,89)
r(82,1,0,89)
w(71,1,0,90)
r(91,1,0,90)
r(71,1,0,91)
r(45,1,0,91)
w(19,4,0,92)
r(41,1,0,92)
w(43,2,0,93)
r(22,1,0,93)
r(23,3,0,94)
w(15,1,0,94)
r(57,1,0,95)
w(76,3,0,95)
r(47,1,0,96)
w(52,4,0,96)
r(78,1,0,97)
w(98,1,0,97)
r(52,4,0,98)
r(47,1,0,98)
r(6,1,0,99)
r(50,3,0,99)
r(1,1,0,100)
w(43,3,0,100)
w(8,3,0,101)
w(38,1,0,101)
w(15,2,0,102)
w(54,1,0,102)
r(77,3,0,103)
r(29,1,0,103)
w(77,4,0,104)
r(45,1,0,104)
w(90,4,0,105)
w(31,3,0,105)
r(83,1,0,106)
w(65,2,0,106)
w(20,2,0,107)
w(68,2,0,107)
r(67,2,0,108)
r(74,1,0,108)
r(16,1,0,109)
r(74,1,0,109)
r(0,2,0,110)
w(89,1,0,110)
r(68,2,0,111)
r(45,1,0,111)
w(87,2,0,112)
r(29,1,0,112)
w(98,2,0,113)
w(84,1,0,113)
w(69,1,0,114)
w(24,3,0,114)
w(65,3,0,115)
w(56,3,0,115)
w(76,4,0,116)
r(12,2,0,116)
w(40,2,0,117)
w(31,4,0,117)
r(10,1,0,118)
r(39,1,0,118)
r(50,3,0,119)
w(3,1,0,119)
w(91,1,0,120)
w(84,2,0,120)
r(93,2,0,121)
w(89,2,0,121)
r(39,1,0,122)
w(96,2,0,122)
r(99,1,0,123)
r(74,1,0,123)
r(2,2,0,124)
r(54,1,0,124)
w(93,3,0,125)
w(24,4,0,125)
w(94,3,0,126)
r(29,1,0,126)
r(99,1,0,127)
w(89,3,0,127)
r(94,3,0,128)
r(1,1,0,128)
w(30,1,0,129)
w(71,2,0,129)
r(49,1,0,130)
w(48,2,0,130)
w(27,1,0,131)
w(63,3,0,131)
r(57,1,0,132)
w(76,5,0,132)
w(68,3,0,133)
w(10,1,0,133)
w(51,1,0,134)
r(48,2,0,134)
r(95,1,0,135)
r(55,1,0,135)
w(16,1,0,136)
w(32,2,0,136)
r(33,1,0,137)
w(56,4,0,137)
r(13,2,0,138)
r(96,2,0,138)
w(61,2,0,139)
r(56,4,0,139)
w(67,3,0,140)
w(56,5,0,140)
w(13,3,0,141)
w(13,4,0,141)
r(54,1,0,142)
w(91,2,0,142)
w(4,2,0,143)
r(57,1,0,143)
w(71,3,0,144)
r(30,1,0,144)
w(78,1,0,145)
r(33,1,0,145)
w(54,2,0,146)
w(30,2,0,146)
w(86,2,0,147)
w(89,4,0,147)
w(93,4,0,148)
r(37,1,0,148)
r(61,2,0,149)
r(44,1,0,149)
w(21,1,0,150)
w(21,2,0,150)
w(1,1,0,151)
r(86,2,0,151)
w(90,5,0,152)
r(67,3,0,152)
r(7,1,0,153)
r(68,3,0,153)
r(26,1,0,154)
w(5,1,0,154)
w(82,2,0,155)
r(83,1,0,155)
r(49,1,0,156)
w(31,5,0,156)
w(67,4,0,157)
r(94,3,0,157)
w(72,3,0,158)
r(98,2,0,158)
r(28,1,0,159)
r(49,1,0,159)
w(48,3,0,160)
w(46,1,0,160)
r(49,1,0,161)
r(83,1,0,161)
r(2,2,0,162)
w(66,4,0,162)
r(22,1,0,163)
r(63,3,0,163)
r(88,2,0,164)
w(67,5,0,164)
w(89,5,0,165)
w(9,2,0,165)
r(6,1,0,166)
r(5,1,0,166)
r(33,1,0,167)
w(24,5,0,167)
r(25,1,0,168)
r(46,1,0,168)
w(62,2,0,169)
r(64,1,0,169)
w(87,3,0,170)
r(21,2,0,170)
r(72,3,0,171)
w(76,6,0,171)
r(68,3,0,172)
w(27,2,0,172)
r(58,1,0,173)
w(88,3,0,173)
w(16,2,0,174)
w(17,1,0,174)
r(24,5,0,175)
w(63,4,0,175)
w(91,3,0,176)
r(16,2,0,176)
w(31,6,0,177)
r(16,2,0,177)
w(83,1,0,178)
w(42,1,0,178)
r(74,1,0,179)
r(41,1,0,179)
w(60,2,0,180)
w(8,4,0,180)
w(30,3,0,181)
r(70,1,0,181)
r(73,1,0,182)
r(2,2,0,182)
r(88,3,0,183)
w(57,1,0,183)
r(5,1,0,184)
r(83,1,0,184)
w(31,7,0,185)
w(23,4,0,185)
r(72,3,0,186)
r(3,1,0,186)
r(33,1,0,187)
r(93,4,0,187)
w(79,2,0,188)
r(23,4,0,188)
r(98,2,0,189)
w(88,4,0,189)
w(60,3,0,190)
w(76,7,0,190)
w(37,1,0,191)
w(24,6,0,191)
w(3,2,0,192)
w(60,4,0,192)
r(30,3,0,193)
r(5,1,0,193)
w(63,5,0,194)
r(11,2,0,194)
w(83,2,0,195)
r(4,2,0,195)
w(66,5,0,196)
w(58,2,0,196)
w(4,3,0,197)
r(17,1,0,197)
r(22,1,0,198)
r(51,1,0,198)
r(55,1,0,199)
w(28,1,0,199)
w(90,6,0,200)
r(31,7,0,200)
w(12,3,0,201)
w(80,2,0,201)
w(17,2,0,202)
w(57,2,0,202)
r(2,2,0,203)
r(77,4,0,203)
r(80,2,0,204)
r(34,1,0,204)
r(45,1,0,205)
r(83,2,0,205)
w(34,1,0,206)
r(54,2,0,206)
w(3,3,0,207)
w(29,2,0,207)
r(36,1,0,208)
r(93,4,0,208)
r(71,3,0,209)
r(9,2,0,209)
w(32,3,0,210)
r(86,2,0,210)
w(38,2,0,211)
r(9,2,0,211)
w(78,2,0,212)
w(73,1,0,212)
r(54,2,0,213)
r(47,1,0,213)
r(62,2,0,214)
r(29,2,0,214)
r(99,1,0,215)
w(9,3,0,215)
r(70,1,0,216)
w(89,6,0,216)
w(68,4,0,217)
r(46,1,0,217)
r(16,2,0,218)
w(74,2,0,218)
w(50,4,0,219)
w(59,2,0,219)
r(1,1,0,220)
w(99,2,0,220)
w(35,1,0,221)
w(30,4,0,221)
w(70,2,0,222)
r(58,2,0,222)
r(21,2,0,223)
r(80,2,0,223)
r(89,6,0,224)
w(81,1,0,224)
w(6,2,0,225)
r(81,1,0,225)
r(71,3,0,226)
r(19,4,0,226)
w(7,2,0,227)
r(40,2,0,227)
r(16,2,0,228)
w(55,1,0,228)
r(53,1,0,229)
w(22,2,0,229)
w(14,2,0,230)
w(27,3,0,230)
r(61,2,0,231)
w(43,4,0,231)
w(10,2,0,232)
w(32,4,0,232)
w(94,4,0,233)
r(22,2,0,233)
w(42,2,0,234)
w(19,5,0,234)
w(27,4,0,235)
r(87,3,0,235)
w(42,3,0,236)
w(45,2,0,236)
r(88,4,0,237)
w(36,1,0,237)
r(87,3,0,238)
r(15,2,0,238)
r(44,1,0,239)
w(28,2,0,239)
w(52,5,0,240)
w(47,1,0,240)
r(6,2,0,241)
w(28,3,0,241)
w(91,4,0,242)
w(3,4,0,242)
r(81,1,0,243)
r(93,4,0,243)
w(16,3,0,244)
w(42,4,0,244)
r(3,4,0,245)
r(63,5,0,245)
w(30,5,0,246)
w(99,3,0,246)
r(71,3,0,247)
r(87,3,0,247)
w(0,3,0,248)
w(75,2,0,248)
w(71,4,0,249)
r(15,2,0,249)
r(32,4,0,250)
r(27,4,0,250)
r(4,3,0,251)
r(18,1,0,251)
w(99,4,0,252)
r(73,1,0,252)
w(44,1,0,253)
w(80,3,0,253)
r(49,1,0,254)
w(1,2,0,254)
w(24,7,0,255)
w(56,6,0,255)
w(82,3,0,256)
w(52,6,0,256)
w(63,6,0,257)
w(15,3,0,257)
w(57,3,0,258)
w(78,3,0,258)
r(21,2,0,259)
r(88,4,0,259)
r(69,1,0,260)
r(54,2,0,260)
w(88,5,0,261)
w(64,2,0,261)
r(3,4,0,262)
w(94,5,0,262)
r(26,1,0,263)
w(70,3,0,263)
w(71,5,0,264)
r(85,1,0,264)
r(39,1,0,265)
r(25,1,0,265)
w(81,2,0,266)
r(16,3,0,266)
r(1,2,0,267)
r(87,3,0,267)
w(74,3,0,268)
r(15,3,0,268)
w(56,7,0,269)
w(31,8,0,269)
r(15,3,0,270)
w(50,5,0,270)
r(34,1,0,271)
r(89,6,0,271)
r(32,4,0,272)
r(82,3,0,272)
w(69,2,0,273)
r(85,1,0,273)
r(91,4,0,274)
w(81,3,0,274)
r(61,2,0,275)
w(90,7,0,275)
r(76,7,0,276)
r(61,2,0,276)
w(6,3,0,277)
w(43,5,0,277)
w(68,5,0,278)
r(61,2,0,278)
w(43,6,0,279)
r(2,2,0,279)
r(48,3,0,280)
w(14,3,0,280)
w(67,6,0,281)
r(4,3,0,281)
w(37,2,0,282)
r(91,4,0,282)
r(62,2,0,283)
w(33,2,0,283)
w(14,4,0,284)
r(6,3,0,284)
r(62,2,0,285)
r(90,7,0,285)
w(60,5,0,286)
w(6,4,0,286)
r(90,7,0,287)
r(95,1,0,287)
w(18,1,0,288)
r(10,2,0,288)
r(43,6,0,289)
w(32,5,0,289)
w(55,2,0,290)
r(70,3,0,290)
w(75,3,0,291)
w(24,8,0,291)
r(8,4,0,292)
r(47,1,0,292)
r(89,6,0,293)
r(97,1,0,293)
w(51,2,0,294)
w(75,4,0,294)
r(81,3,0,295)
w(96,3,0,295)
w(12,4,0,296)
r(45,2,0,296)
w(20,3,0,297)
r(56,7,0,297)
w(11,3,0,298)
w(7,3,0,298)
w(12,5,0,299)
r(9,3,0,299)
r(72,3,0,300)
w(51,3,0,300)
r(54,2,0,301)
r(89,6,0,301)
r(47,1,0,302)
w(36,2,0,302)
w(91,5,0,303)
w(51,4,0,303)
w(3,5,0,304)
w(91,6,0,304)
r(68,5,0,305)
w(69,3,0,305)
w(1,3,0,306)
r(10,2,0,306)
r(78,3,0,307)
r(52,6,0,307)
w(26,2,0,308)
r(52,6,0,308)
r(64,2,0,309)
w(56,8,0,309)
w(32,6,0,310)
w(87,4,0,310)
r(46,1,0,311)
r(70,3,0,311)
w(73,2,0,312)
r(52,6,0,312)
r(39,1,0,313)
r(62,2,0,313)
r(56,8,0,314)
w(4,4,0,314)
r(73,2,0,315)
w(18,2,0,315)
r(91,6,0,316)
r(42,4,0,316)
w(8,5,0,317)
w(67,7,0,317)
r(72,3,0,318)
r(5,1,0,318)
r(21,2,0,319)
r(11,3,0,319)
w(24,9,0,320)
w(43,7,0,320)
w(90,8,0,321)
r(73,2,0,321)
w(26,3,0,322)
r(6,4,0,322)
w(50,6,0,323)
w(98,3,0,323)
w(7,4,0,324)
r(58,2,0,324)
w(41,2,0,325)
w(11,4,0,325)
w(56,9,0,326)
r(45,2,0,326)
r(54,2,0,327)
r(57,3,0,327)
r(69,3,0,328)
r(54,2,0,328)
w(54,3,0,329)
r(71,5,0,329)
w(84,3,0,330)
r(57,3,0,330)
w(57,4,0,331)
r(7,4,0,331)
w(23,5,0,332)
w(15,4,0,332)
r(16,3,0,333)
w(29,3,0,333)
r(47,1,0,334)
w(80,4,0,334)
r(61,2,0,335)
r(44,1,0,335)
w(40,3,0,336)
r(39,1,0,336)
w(80,5,0,337)
r(0,3,0,337)
r(92,2,0,338)
r(2,2,0,338)
r(90,8,0,339)
w(25,1,0,339)
r(90,8,0,340)
w(87,5,0,340)
w(93,5,0,341)
w(97,2,0,341)
w(2,3,0,342)
w(97,3,0,342)
r(69,3,0,343)
r(12,5,0,343)
r(7,4,0,344)
r(82,3,0,344)
r(84,3,0,345)
r(28,3,0,345)
w(0,4,0,346)
w(53,2,0,346)
r(38,2,0,347)
w(3,6,0,347)
r(24,9,0,348)
w(99,5,0,348)
w(60,6,0,349)
r(17,2,0,349)
r(22,2,0,350)
r(70,3,0,350)
r(51,4,0,351)
w(10,3,0,351)
r(89,6,0,352)
r(9,3,0,352)
w(5,2,0,353)
w(93,6,0,353)
r(77,4,0,354)
w(16,4,0,354)
w(23,6,0,355)
w(80,6,0,355)
r(40,3,0,356)
w(21,3,0,356)
w(86,3,0,357)
w(85,2,0,357)
w(49,1,0,358)
w(11,5,0,358)
w(56,10,0,359)
r(83,2,0,359)
r(71,5,0,360)
w(58,3,0,360)
w(29,4,0,361)
r(57,4,0,361)
r(71,5,0,362)
r(21,3,0,362)
r(63,6,0,363)
w(59,3,0,363)
r(39,1,0,364)
r(34,1,0,364)
r(16,4,0,365)
w(16,5,0,365)
w(94,6,0,366)
w(43,8,0,366)
r(28,3,0,367)
r(66,5,0,367)
w(40,4,0,368)
w(65,4,0,368)
r(21,3,0,369)
w(83,3,0,369)
w(9,4,0,370)
r(30,5,0,370)
w(34,2,0,371)
r(1,3,0,371)
w(12,6,0,372)
r(51,4,0,372)
r(15,4,0,373)
w(60,7,0,373)
r(16,5,0,374)
w(19,6,0,374)
r(23,6,0,375)
r(13,4,0,375)
w(16,6,0,376)
r(3,6,0,376)
r(96,3,0,377)
w(74,4,0,377)
w(4,5,0,378)
w(4,6,0,378)
r(41,2,0,379)
r(14,4,0,379)
w(85,3,0,380)
r(73,2,0,380)
w(26,4,0,381)
w(23,7,0,381)
w(90,9,0,382)
r(26,4,0,382)
w(0,5,0,383)
r(1,3,0,383)
r(35,1,0,384)
r(63,6,0,384)
w(40,5,0,385)
r(51,4,0,385)
r(73,2,0,386)
w(90,10,0,386)
w(83,4,0,387)
w(34,3,0,387)
r(41,2,0,388)
r(47,1,0,388)
w(64,3,0,389)
w(78,4,0,389)
r(60,7,0,390)
w(58,4,0,390)
w(54,4,0,391)
r(10,3,0,391)
w(29,5,0,392)
r(42,4,0,392)
w(71,6,0,393)
r(33,2,0,393)
w(66,6,0,394)
r(73,2,0,394)
r(78,4,0,395)
w(89,7,0,395)
r(30,5,0,396)
r(37,2,0,396)
r(15,4,0,397)
r(64,3,0,397)
r(22,2,0,398)
r(98,3,0,398)
w(46,2,0,399)
w(1,4,0,399)
w(46,3,0,400)
r(91,6,0,400)
w(68,6,0,401)
w(83,5,0,401)
w(65,5,0,402)
r(91,6,0,402)
r(13,4,0,403)
r(60,7,0,403)
w(78,5,0,404)
r(46,3,0,404)
w(25,2,0,405)
r(18,2,0,405)
r(30,5,0,406)
w(36,3,0,406)
w(71,7,0,407)
w(2,4,0,407)
w(10,4,0,408)
r(81,3,0,408)
w(40,6,0,409)
r(23,7,0,409)
r(32,6,0,410)
w(39,1,0,410)
r(55,2,0,411)
w(32,7,0,411)
w(18,3,0,412)
r(37,2,0,412)
r(80,6,0,413)
w(69,4,0,413)
r(37,2,0,414)
r(46,3,0,414)
r(40,6,0,415)
w(73,3,0,415)
w(92,3,0,416)
w(95,2,0,416)
w(67,8,0,417)
w(44,2,0,417)
w(42,5,0,418)
w(47,2,0,418)
r(77,4,0,419)
r(87,5,0,419)
r(7,4,0,420)
w(56,11,0,420)
r(94,6,0,421)
w(83,6,0,421)
r(64,3,0,422)
r(75,4,0,422)
w(37,3,0,423)
w(83,7,0,423)
r(97,3,0,424)
w(0,6,0,424)
r(21,3,0,425)
r(15,4,0,425)
w(27,5,0,426)
r(39,1,0,426)
r(85,3,0,427)
r(96,3,0,427)
w(11,6,0,428)
w(76,8,0,428)
w(19,7,0,429)
w(83,8,0,429)
r(82,3,0,430)
w(32,8,0,430)
w(62,3,0,431)
r(34,3,0,431)
r(59,3,0,432)
w(45,3,0,432)
w(97,4,0,433)
w(55,3,0,433)
r(82,3,0,434)
r(83,8,0,434)
r(88,5,0,435)
w(82,4,0,435)
r(19,7,0,436)
r(46,3,0,436)
r(72,3,0,437)
r(13,4,0,437)
w(38,3,0,438)
r(71,7,0,438)
r(32,8,0,439)
w(49,2,0,439)
w(97,5,0,440)
w(82,5,0,440)
w(69,5,0,441)
w(82,6,0,441)
w(11,7,0,442)
r(95,2,0,442)
r(10,4,0,443)
w(27,6,0,443)
w(33,3,0,444)
w(60,8,0,444)
w(87,6,0,445)
w(94,7,0,445)
w(53,3,0,446)
r(13,4,0,446)
r(18,3,0,447)
r(84,3,0,447)
w(5,3,0,448)
r(7,4,0,448)
r(52,6,0,449)
r(80,6,0,449)
r(38,3,0,450)
r(70,3,0,450)
r(39,1,0,451)
w(93,7,0,451)
r(86,3,0,452)
r(42,5,0,452)
w(58,5,0,453)
r(71,7,0,453)
w(78,6,0,454)
r(94,7,0,454)
w(36,4,0,455)
r(39,1,0,455)
r(34,3,0,456)
r(65,5,0,456)
w(53,4,0,457)
r(31,8,0,457)
w(55,4,0,458)
r(24,9,0,458)
r(43,8,0,459)
w(12,7,0,459)
r(94,7,0,460)
w(73,4,0,460)
r(59,3,0,461)
r(87,6,0,461)
r(10,4,0,462)
w(67,9,0,462)
w(44,3,0,463)
r(86,3,0,463)
w(69,6,0,464)
w(96,4,0,464)
w(15,5,0,465)
r(77,4,0,465)
w(31,9,0,466)
w(77,5,0,466)
w(36,5,0,467)
r(2,4,0,467)
w(34,4,0,468)
r(27,6,0,468)
r(22,2,0,469)
r(40,6,0,469)
r(35,1,0,470)
r(86,3,0,470)
w(14,5,0,471)
w(50,7,0,471)
w(64,4,0,472)
w(21,4,0,472)
w(2,5,0,473)
w(3,7,0,473)
w(61,3,0,474)
r(63,6,0,474)
w(59,4,0,475)
r(56,11,0,475)
r(0,6,0,476)
w(96,5,0,476)
r(10,4,0,477)
r(35,1,0,477)
w(15,6,0,478)
r(79,2,0,478)
w(46,4,0,479)
r(38,3,0,479)
w(40,7,0,480)
w(19,8,0,480)
w(43,9,0,481)
w(7,5,0,481)
w(45,4,0,482)
w(8,6,0,482)
r(68,6,0,483)
r(93,7,0,483)
r(70,3,0,484)
w(69,7,0,484)
w(45,5,0,485)
r(70,3,0,485)
r(80,6,0,486)
r(52,6,0,486)
w(51,5,0,487)
w(38,4,0,487)
w(89,8,0,488)
r(91,6,0,488)
r(95,2,0,489)
w(42,6,0,489)
w(82,7,0,490)
w(6,5,0,490)
r(48,3,0,491)
w(93,8,0,491)
r(13,4,0,492)
w(71,8,0,492)
w(93,9,0,493)
w(55,5,0,493)
w(20,4,0,494)
w(98,4,0,494)
w(61,4,0,495)
r(91,6,0,495)
r(74,4,0,496)
w(26,5,0,496)
r(20,4,0,497)
w(41,3,0,497)
r(92,3,0,498)
w(93,10,0,498)
w(33,4,0,499)
r(67,9,0,499)
w(16,7,1,500)
r(84,3,1,500)
w(1,5,1,501)
r(51,5,1,501)
w(74,5,1,502)
w(68,7,1,502)
r(27,6,1,503)
w(9,5,1,503)
w(94,8,1,504)
r(22,2,1,504)
r(45,5,1,505)
w(20,5,1,505)
w(74,6,1,506)
w(64,5,1,506)
r(62,3,1,507)
r(73,4,1,507)
r(50,7,1,508)
r(96,5,1,508)
r(8,6,1,509)
w(29,6,1,509)
w(98,5,1,510)
w(96,6,1,510)
r(41,3,1,511)
r(82,7,1,511)
r(63,6,1,512)
w(73,5,1,512)
r(1,5,1,513)
w(27,7,1,513)
w(21,5,1,514)
r(26,5,1,514)
w(77,6,1,515)
w(77,7,1,515)
w(46,5,1,516)
r(24,9,1,516)
r(69,7,1,517)
w(22,3,1,517)
r(85,3,1,518)
w(79,3,1,518)
r(34,4,1,519)
w(27,8,1,519)
r(36,5,1,520)
w(7,6,1,520)
r(14,5,1,521)
w(91,7,1,521)
w(89,9,1,522)
r(72,3,1,522)
w(3,8,1,523)
r(68,7,1,523)
r(20,5,1,524)
w(32,9,1,524)
w(38,5,1,525)
w(23,8,1,525)
r(61,4,1,526)
w(43,10,1,526)
r(26,5,1,527)
w(4,7,1,527)
w(37,4,1,528)
w(25,3,1,528)
w(11,8,1,529)
r(28,3,1,529)
r(33,4,1,530)
w(82,8,1,530)
r(97,5,1,531)
r(75,4,1,531)
r(20,5,1,532)
w(45,6,1,532)
r(83,8,1,533)
r(62,3,1,533)
r(99,5,1,534)
r(15,6,1,534)
w(57,5,1,535)
w(42,7,1,535)
r(34,4,1,536)
w(81,4,1,536)
r(86,3,1,537)
r(88,5,1,537)
r(11,8,1,538)
w(59,5,1,538)
r(34,4,1,539)
w(78,7,1,539)
w(66,7,1,540)
r(18,3,1,540)
r(60,8,1,541)
w(88,6,1,541)
r(25,3,1,542)
r(19,8,1,542)
w(4,8,1,543)
w(71,9,1,543)
r(38,5,1,544)
w(53,5,1,544)
w(35,2,1,545)
w(33,5,1,545)
r(42,7,1,546)
r(17,2,1,546)
r(16,7,1,547)
r(14,5,1,547)
w(2,6,1,548)
w(92,4,1,548)
w(19,9,1,549)
r(41,3,1,549)
w(85,4,1,550)
w(0,7,1,550)
w(20,6,1,551)
r(18,3,1,551)
w(63,7,1,552)
r(20,6,1,552)
w(32,10,1,553)
w(16,8,1,553)
r(57,5,1,554)
r(47,2,1,554)
w(14,6,1,555)
w(36,6,1,555)
r(71,9,1,556)
w(14,7,1,556)
r(75,4,1,557)
w(68,8,1,557)
w(15,7,1,558)
w(55,6,1,558)
r(24,9,1,559)
w(65,6,1,559)
w(94,9,1,560)
r(76,8,1,560)
r(51,5,1,561)
w(56,12,1,561)
w(68,9,1,562)
r(13,4,1,562)
w(34,5,1,563)
r(9,5,1,563)
r(22,3,1,564)
w(43,11,1,564)
w(56,13,1,565)
r(73,5,1,565)
r(30,5,1,566)
r(19,9,1,566)
r(52,6,1,567)
w(16,9,1,567)
r(76,8,1,568)
r(59,5,1,568)
w(94,10,1,569)
r(62,3,1,569)
r(64,5,1,570)
w(40,8,1,570)
r(10,4,1,571)
r(59,5,1,571)
w(17,3,1,572)
w(49,3,1,572)
r(91,7,1,573)
r(79,3,1,573)
r(65,6,1,574)
r(55,6,1,574)
r(97,5,1,575)
r(57,5,1,575)
r(14,7,1,576)
w(17,4,1,576)
w(94,11,1,577)
r(23,8,1,577)
r(84,3,1,578)
r(46,5,1,578)
r(9,5,1,579)
r(62,3,1,579)
r(79,3,1,580)
w(99,6,1,580)
w(18,4,1,581)
w(90,11,1,581)
w(93,11,1,582)
w(46,6,1,582)
w(73,6,1,583)
r(72,3,1,583)
r(92,4,1,584)
w(17,5,1,584)
w(55,7,1,585)
w(38,6,1,585)
w(94,12,1,586)
r(34,5,1,586)
w(31,10,1,587)
r(43,11,1,587)
r(31,10,1,588)
r(38,6,1,588)
w(97,6,1,589)
r(61,4,1,589)
w(94,13,1,590)
w(13,5,1,590)
r(9,5,1,591)
r(88,6,1,591)
r(38,6,1,592)
w(74,7,1,592)
r(93,11,1,593)
w(25,4,1,593)
r(51,5,1,594)
w(67,10,1,594)
w(1,6,1,595)
r(29,6,1,595)
w(50,8,1,596)
w(51,6,1,596)
w(39,2,1,597)
r(96,6,1,597)
r(69,7,1,598)
r(6,5,1,598)
w(21,6,1,599)
r(20,6,1,599)
w(82,9,1,600)
w(84,4,1,600)
w(94,14,1,601)
w(15,8,1,601)
w(51,7,1,602)
r(31,10,1,602)
w(65,7,1,603)
r(3,8,1,603)
r(70,3,1,604)
w(20,7,1,604)
w(4,9,1,605)
w(69,8,1,605)
w(17,6,1,606)
w(75,5,1,606)
w(32,11,1,607)
r(0,7,1,607)
r(90,11,1,608)
r(44,3,1,608)
w(81,5,1,609)
w(87,7,1,609)
w(34,6,1,610)
w(45,7,1,610)
r(82,9,1,611)
r(55,7,1,611)
r(78,7,1,612)
r(56,13,1,612)
w(45,8,1,613)
w(22,4,1,613)
w(31,11,1,614)
r(5,3,1,614)
r(33,5,1,615)
w(30,6,1,615)
r(4,9,1,616)
r(23,8,1,616)
r(33,5,1,617)
r(93,11,1,617)
r(53,5,1,618)
r(75,5,1,618)
r(45,8,1,619)
w(27,9,1,619)
w(32,12,1,620)
w(55,8,1,620)
r(50,8,1,621)
w(24,10,1,621)
w(94,15,1,622)
r(17,6,1,622)
r(21,6,1,623)
w(52,7,1,623)
r(1,6,1,624)
r(3,8,1,624)
w(53,6,1,625)
r(12,7,1,625)
w(8,7,1,626)
w(81,6,1,626)
w(20,8,1,627)
w(95,3,1,627)
r(47,2,1,628)
w(0,8,1,628)
w(90,12,1,629)
r(90,12,1,629)
r(83,8,1,630)
r(72,3,1,630)
w(70,4,1,631)
w(16,10,1,631)
w(93,12,1,632)
w(51,8,1,632)
w(75,6,1,633)
w(5,4,1,633)
r(3,8,1,634)
w(52,8,1,634)
r(28,3,1,635)
r(93,12,1,635)
w(10,5,1,636)
r(31,11,1,636)
w(53,7,1,637)
r(61,4,1,637)
w(2,7,1,638)
w(69,9,1,638)
w(36,7,1,639)
r(11,8,1,639)
w(10,6,1,640)
r(26,5,1,640)
r(91,7,1,641)
r(90,12,1,641)
w(36,8,1,642)
r(11,8,1,642)
w(45,9,1,643)
w(69,10,1,643)
r(64,5,1,644)
w(25,5,1,644)
r(79,3,1,645)
w(6,6,1,645)
r(21,6,1,646)
r(86,3,1,646)
r(31,11,1,647)
r(21,6,1,647)
r(14,7,1,648)
r(13,5,1,648)
r(88,6,1,649)
w(14,8,1,649)
w(56,14,1,650)
r(75,6,1,650)
r(61,4,1,651)
r(88,6,1,651)
w(46,7,1,652)
r(17,6,1,652)
w(47,3,1,653)
w(91,8,1,653)
w(33,6,1,654)
w(98,6,1,654)
w(98,7,1,655)
w(46,8,1,655)
w(22,5,1,656)
r(90,12,1,656)
r(7,6,1,657)
r(42,7,1,657)
r(30,6,1,658)
w(60,9,1,658)
w(32,13,1,659)
r(65,7,1,659)
w(92,5,1,660)
r(54,4,1,660)
r(48,3,1,661)
r(4,9,1,661)
r(39,2,1,662)
w(43,12,1,662)
r(44,3,1,663)
r(54,4,1,663)
r(57,5,1,664)
r(35,2,1,664)
r(94,15,1,665)
r(81,6,1,665)
r(55,8,1,666)
r(90,12,1,666)
w(3,9,1,667)
w(5,5,1,667)
r(83,8,1,668)
r(90,12,1,668)
w(94,16,1,669)
r(87,7,1,669)
w(95,4,1,670)
w(7,7,1,670)
w(90,13,1,671)
w(63,8,1,671)
w(42,8,1,672)
w(29,7,1,672)
w(71,10,1,673)
r(13,5,1,673)
r(85,4,1,674)
w(56,15,1,674)
w(37,5,1,675)
w(32,14,1,675)
r(16,10,1,676)
r(85,4,1,676)
w(5,6,1,677)
r(6,6,1,677)
r(20,8,1,678)
w(86,4,1,678)
w(70,5,1,679)
r(19,9,1,679)
w(32,15,1,680)
r(44,3,1,680)
w(8,8,1,681)
r(3,9,1,681)
w(15,9,1,682)
w(77,8,1,682)
r(82,9,1,683)
w(56,16,1,683)
r(53,7,1,684)
r(96,6,1,684)
w(55,9,1,685)
r(72,3,1,685)
w(81,7,1,686)
w(38,7,1,686)
r(3,9,1,687)
r(94,16,1,687)
r(30,6,1,688)
r(42,8,1,688)
w(15,10,1,689)
r(67,10,1,689)
w(66,8,1,690)
r(1,6,1,690)
w(29,8,1,691)
w(87,8,1,691)
r(30,6,1,692)
w(70,6,1,692)
w(18,5,1,693)
w(37,6,1,693)
w(31,12,1,694)
r(46,8,1,694)
w(4,10,1,695)
r(6,6,1,695)
w(88,7,1,696)
w(51,9,1,696)
w(54,5,1,697)
r(86,4,1,697)
r(61,4,1,698)
r(45,9,1,698)
r(16,10,1,699)
w(81,8,1,699)
w(53,8,1,700)
r(42,8,1,700)
r(16,10,1,701)
r(74,7,1,701)
r(3,9,1,702)
w(40,9,1,702)
w(90,14,1,703)
r(33,6,1,703)
r(69,10,1,704)
r(79,3,1,704)
w(51,10,1,705)
w(15,11,1,705)
r(41,3,1,706)
r(76,8,1,706)
w(45,10,1,707)
r(24,10,1,707)
w(82,10,1,708)
r(59,5,1,708)
r(64,5,1,709)
r(86,4,1,709)
r(16,10,1,710)
w(14,9,1,710)
w(54,6,1,711)
w(64,6,1,711)
w(88,8,1,712)
w(36,9,1,712)
w(92,6,1,713)
r(99,6,1,713)
r(47,3,1,714)
w(85,5,1,714)
w(57,6,1,715)
w(44,4,1,715)
r(56,16,1,716)
w(59,6,1,716)
w(5,7,1,717)
w(1,7,1,717)
r(54,6,1,718)
r(81,8,1,718)
w(48,4,1,719)
r(78,7,1,719)
w(95,5,1,720)
w(69,11,1,720)
w(30,7,1,721)
w(0,9,1,721)
r(47,3,1,722)
r(53,8,1,722)
w(61,5,1,723)
r(0,9,1,723)
w(63,9,1,724)
r(90,14,1,724)
w(40,10,1,725)
w(63,10,1,725)
r(20,8,1,726)
w(92,7,1,726)
r(43,12,1,727)
r(41,3,1,727)
w(11,9,1,728)
w(62,4,1,728)
w(90,15,1,729)
r(38,7,1,729)
w(56,17,1,730)
r(89,9,1,730)
r(94,16,1,731)
r(41,3,1,731)
r(25,5,1,732)
r(89,9,1,732)
r(84,4,1,733)
r(16,10,1,733)
r(40,10,1,734)
w(38,8,1,734)
w(32,16,1,735)
r(32,16,1,735)
r(46,8,1,736)
w(82,11,1,736)
w(21,7,1,737)
r(49,3,1,737)
w(71,11,1,738)
w(13,6,1,738)
w(22,6,1,739)
r(93,12,1,739)
w(37,7,1,740)
r(19,9,1,740)
w(49,4,1,741)
w(0,10,1,741)
r(1,7,1,742)
r(28,3,1,742)
r(7,7,1,743)
w(90,16,1,743)
r(7,7,1,744)
r(36,9,1,744)
w(47,4,1,745)
w(88,9,1,745)
w(79,4,1,746)
w(85,6,1,746)
r(48,4,1,747)
w(19,10,1,747)
w(37,8,1,748)
w(2,8,1,748)
w(66,9,1,749)
w(57,7,1,749)
r(68,9,1,750)
w(61,6,1,750)
w(53,9,1,751)
r(54,6,1,751)
w(96,7,1,752)
w(80,7,1,752)
r(88,9,1,753)
r(91,8,1,753)
r(49,4,1,754)
r(30,7,1,754)
w(11,10,1,755)
w(96,8,1,755)
w(32,17,1,756)
w(46,9,1,756)
w(21,8,1,757)
r(2,8,1,757)
w(37,9,1,758)
r(96,8,1,758)
w(59,7,1,759)
w(94,17,1,759)
w(13,7,1,760)
w(8,9,1,760)
r(3,9,1,761)
r(30,7,1,761)
r(91,8,1,762)
w(96,9,1,762)
w(32,18,1,763)
r(81,8,1,763)
r(55,9,1,764)
w(82,12,1,764)
w(77,9,1,765)
w(28,4,1,765)
r(69,11,1,766)
w(0,11,1,766)
r(27,9,1,767)
w(53,10,1,767)
w(30,8,1,768)
w(65,8,1,768)
r(82,12,1,769)
w(33,7,1,769)
r(57,7,1,770)
w(80,8,1,770)
w(11,11,1,771)
w(2,9,1,771)
r(57,7,1,772)
w(32,19,1,772)
w(49,5,1,773)
w(68,10,1,773)
r(45,10,1,774)
w(71,12,1,774)
w(44,5,1,775)
r(84,4,1,775)
r(31,12,1,776)
w(83,9,1,776)
r(10,6,1,777)
r(28,4,1,777)
w(34,7,1,778)
r(39,2,1,778)
r(28,4,1,779)
w(85,7,1,779)
r(95,5,1,780)
w(88,10,1,780)
w(58,6,1,781)
r(18,5,1,781)
r(84,4,1,782)
r(1,7,1,782)
r(82,12,1,783)
w(39,3,1,783)
w(50,9,1,784)
r(3,9,1,784)
r(97,6,1,785)
w(40,11,1,785)
w(25,6,1,786)
w(5,8,1,786)
w(86,5,1,787)
w(99,7,1,787)
r(28,4,1,788)
w(36,10,1,788)
w(48,5,1,789)
r(28,4,1,789)
r(4,10,1,790)
w(33,8,1,790)
w(36,11,1,791)
w(94,18,1,791)
r(16,10,1,792)
r(61,6,1,792)
r(16,10,1,793)
w(28,5,1,793)
r(4,10,1,794)
w(29,9,1,794)
r(12,7,1,795)
w(24,11,1,795)
w(42,9,1,796)
r(62,4,1,796)
w(10,7,1,797)
r(0,11,1,797)
r(59,7,1,798)
r(25,6,1,798)
r(67,10,1,799)
w(46,10,1,799)
w(9,6,1,800)
w(76,9,1,800)
w(3,10,1,801)
w(14,10,1,801)
r(25,6,1,802)
w(18,6,1,802)
r(11,11,1,803)
w(29,10,1,803)
w(20,9,1,804)
r(34,7,1,804)
w(6,7,1,805)
w(76,10,1,805)
w(1,8,1,806)
w(23,9,1,806)
r(85,7,1,807)
r(81,8,1,807)
r(85,7,1,808)
w(72,4,1,808)
r(76,10,1,809)
r(13,7,1,809)
r(40,11,1,810)
r(69,11,1,810)
w(60,10,1,811)
r(57,7,1,811)
w(34,8,1,812)
r(11,11,1,812)
r(69,11,1,813)
w(62,5,1,813)
w(47,5,1,814)
r(72,4,1,814)
w(60,11,1,815)
r(17,6,1,815)
w(68,11,1,816)
r(51,10,1,816)
w(92,8,1,817)
r(19,10,1,817)
w(90,17,1,818)
r(3,10,1,818)
r(74,7,1,819)
w(44,6,1,819)
r(32,19,1,820)
r(89,9,1,820)
w(69,12,1,821)
r(8,9,1,821)
r(1,8,1,822)
w(98,8,1,822)
w(20,10,1,823)
r(36,11,1,823)
r(22,6,1,824)
r(45,10,1,824)
w(24,12,1,825)
w(63,11,1,825)
r(34,8,1,826)
w(99,8,1,826)
w(19,11,1,827)
r(66,9,1,827)
r(92,8,1,828)
r(70,6,1,828)
w(76,11,1,829)
w(87,9,1,829)
w(19,12,1,830)
w(66,10,1,830)
w(64,7,1,831)
w(25,7,1,831)
r(2,9,1,832)
w(27,10,1,832)
w(81,9,1,833)
r(99,8,1,833)
r(34,8,1,834)
w(2,10,1,834)
r(6,7,1,835)
r(20,10,1,835)
r(41,3,1,836)
w(99,9,1,836)
w(1,9,1,837)
w(74,8,1,837)
r(66,10,1,838)
w(89,10,1,838)
r(99,9,1,839)
r(78,7,1,839)
w(54,7,1,840)
w(52,9,1,840)
r(1,9,1,841)
w(58,7,1,841)
r(98,8,1,842)
w(30,9,1,842)
r(72,4,1,843)
r(26,5,1,843)
w(33,9,1,844)
w(55,10,1,844)
w(99,10,1,845)
r(67,10,1,845)
r(52,9,1,846)
w(40,12,1,846)
r(38,8,1,847)
r(19,12,1,847)
w(76,12,1,848)
w(49,6,1,848)
w(55,11,1,849)
w(78,8,1,849)
r(22,6,1,850)
r(38,8,1,850)
w(47,6,1,851)
w(83,10,1,851)
r(62,5,1,852)
r(60,11,1,852)
r(3,10,1,853)
r(13,7,1,853)
w(38,9,1,854)
w(79,5,1,854)
w(98,9,1,855)
r(26,5,1,855)
w(52,10,1,856)
w(90,18,1,856)
w(6,8,1,857)
r(35,2,1,857)
w(68,12,1,858)
r(10,7,1,858)
r(43,12,1,859)
w(20,11,1,859)
r(0,11,1,860)
r(34,8,1,860)
w(37,10,1,861)
r(5,8,1,861)
r(60,11,1,862)
w(63,12,1,862)
w(50,10,1,863)
w(74,9,1,863)
w(54,8,1,864)
w(81,10,1,864)
r(51,10,1,865)
r(71,12,1,865)
r(51,10,1,866)
r(0,11,1,866)
r(42,9,1,867)
r(73,6,1,867)
r(38,9,1,868)
w(67,11,1,868)
w(56,18,1,869)
r(20,11,1,869)
w(63,13,1,870)
w(89,11,1,870)
w(56,19,1,871)
r(88,10,1,871)
r(23,9,1,872)
w(12,8,1,872)
w(60,12,1,873)
w(41,4,1,873)
w(23,10,1,874)
r(10,7,1,874)
r(56,19,1,875)
w(81,11,1,875)
w(59,8,1,876)
w(17,7,1,876)
w(3,11,1,877)
w(16,11,1,877)
w(59,9,1,878)
r(75,6,1,878)
r(80,8,1,879)
w(77,10,1,879)
r(41,4,1,880)
w(63,14,1,880)
w(54,9,1,881)
r(73,6,1,881)
w(24,13,1,882)
r(32,19,1,882)
r(79,5,1,883)
w(66,11,1,883)
r(27,10,1,884)
w(14,11,1,884)
r(91,8,1,885)
w(74,10,1,885)
r(2,10,1,886)
r(94,18,1,886)
r(12,8,1,887)
r(67,11,1,887)
w(30,10,1,888)
r(52,10,1,888)
w(30,11,1,889)
w(95,6,1,889)
r(4,10,1,890)
w(11,12,1,890)
r(1,9,1,891)
r(12,8,1,891)
w(10,8,1,892)
w(86,6,1,892)
w(79,6,1,893)
r(44,6,1,893)
r(80,8,1,894)
w(35,3,1,894)
w(63,15,1,895)
r(5,8,1,895)
r(1,9,1,896)
w(70,7,1,896)
r(87,9,1,897)
w(47,7,1,897)
r(3,11,1,898)
r(13,7,1,898)
w(73,7,1,899)
w(31,13,1,899)
r(64,7,1,900)
r(59,9,1,900)
w(17,8,1,901)
w(16,12,1,901)
r(72,4,1,902)
r(51,10,1,902)
w(88,11,1,903)
r(61,6,1,903)
r(2,10,1,904)
w(1,10,1,904)
w(36,12,1,905)
r(51,10,1,905)
r(90,18,1,906)
w(81,12,1,906)
r(68,12,1,907)
r(6,8,1,907)
w(39,4,1,908)
w(66,12,1,908)
r(72,4,1,909)
r(66,12,1,909)
r(69,12,1,910)
r(17,8,1,910)
r(11,12,1,911)
w(14,12,1,911)
r(97,6,1,912)
r(58,7,1,912)
w(52,11,1,913)
r(68,12,1,913)
w(64,8,1,914)
r(25,7,1,914)
r(80,8,1,915)
r(54,9,1,915)
w(45,11,1,916)
w(23,11,1,916)
r(84,4,1,917)
r(80,8,1,917)
r(48,5,1,918)
r(83,10,1,918)
w(99,11,1,919)
w(47,8,1,919)
w(76,13,1,920)
r(36,12,1,920)
r(82,12,1,921)
r(35,3,1,921)
w(17,9,1,922)
r(93,12,1,922)
w(45,12,1,923)
r(62,5,1,923)
r(83,10,1,924)
w(57,8,1,924)
r(81,12,1,925)
w(68,13,1,925)
r(91,8,1,926)
w(12,9,1,926)
r(59,9,1,927)
r(83,10,1,927)
r(86,6,1,928)
w(61,7,1,928)
r(80,8,1,929)
r(53,10,1,929)
r(75,6,1,930)
r(16,12,1,930)
w(22,7,1,931)
w(54,10,1,931)
w(10,9,1,932)
r(70,7,1,932)
w(48,6,1,933)
w(52,12,1,933)
w(75,7,1,934)
r(77,10,1,934)
w(64,9,1,935)
r(31,13,1,935)
w(60,13,1,936)
w(63,16,1,936)
r(77,10,1,937)
w(29,11,1,937)
r(47,8,1,938)
r(96,9,1,938)
w(83,11,1,939)
r(44,6,1,939)
r(45,12,1,940)
r(67,11,1,940)
r(70,7,1,941)
w(16,13,1,941)
w(85,8,1,942)
r(72,4,1,942)
w(93,13,1,943)
w(80,9,1,943)
r(30,11,1,944)
w(19,13,1,944)
r(75,7,1,945)
r(49,6,1,945)
w(46,11,1,946)
w(47,9,1,946)
w(59,10,1,947)
r(31,13,1,947)
r(99,11,1,948)
w(39,5,1,948)
w(55,12,1,949)
r(91,8,1,949)
r(39,5,1,950)
w(84,5,1,950)
r(32,19,1,951)
r(2,10,1,951)
r(12,9,1,952)
r(52,12,1,952)
w(38,10,1,953)
w(90,19,1,953)
w(70,8,1,954)
w(36,13,1,954)
w(99,12,1,955)
r(25,7,1,955)
r(49,6,1,956)
r(69,12,1,956)
w(26,6,1,957)
r(21,8,1,957)
w(85,9,1,958)
w(93,14,1,958)
w(40,13,1,959)
r(10,9,1,959)
w(84,6,1,960)
w(82,13,1,960)
w(28,6,1,961)
w(86,7,1,961)
r(2,10,1,962)
w(81,13,1,962)
r(98,9,1,963)
r(75,7,1,963)
w(92,9,1,964)
w(15,12,1,964)
w(40,14,1,965)
w(6,9,1,965)
r(91,8,1,966)
r(21,8,1,966)
r(24,13,1,967)
r(13,7,1,967)
w(91,9,1,968)
w(6,10,1,968)
r(96,9,1,969)
w(18,7,1,969)
r(53,10,1,970)
w(1,11,1,970)
w(0,12,1,971)
r(18,7,1,971)
w(0,13,1,972)
w(67,12,1,972)
w(32,20,1,973)
r(64,9,1,973)
w(11,13,1,974)
r(53,10,1,974)
r(11,13,1,975)
r(25,7,1,975)
w(30,12,1,976)
w(29,12,1,976)
r(71,12,1,977)
w(48,7,1,977)
w(53,11,1,978)
w(67,13,1,978)
w(33,10,1,979)
w(68,14,1,979)
w(85,10,1,980)
w(74,11,1,980)
w(48,8,1,981)
r(62,5,1,981)
w(99,13,1,982)
r(24,13,1,982)
r(70,8,1,983)
r(55,12,1,983)
w(49,7,1,984)
w(95,7,1,984)
r(95,7,1,985)
w(20,12,1,985)
w(69,13,1,986)
r(64,9,1,986)
r(50,10,1,987)
r(0,13,1,987)
r(10,9,1,988)
w(40,15,1,988)
r(69,13,1,989)
r(59,10,1,989)
w(34,9,1,990)
r(1,11,1,990)
w(85,11,1,991)
w(14,13,1,991)
r(62,5,1,992)
w(10,10,1,992)
r(83,11,1,993)
r(83,11,1,993)
w(12,10,1,994)
r(17,9,1,994)
r(57,8,1,995)
r(31,13,1,995)
r(23,11,1,996)
w(76,14,1,996)
w(83,12,1,997)
w(9,7,1,997)
r(71,12,1,998)
w(86,8,1,998)
r(74,11,1,999)
w(98,10,1,999)
w(3,12,2,1000)
r(19,13,2,1000)
r(51,10,2,1001)
r(77,10,2,1001)
w(38,11,2,1002)
r(1,11,2,1002)
r(3,12,2,1003)
r(78,8,2,1003)
w(18,8,2,1004)
w(31,14,2,1004)
r(12,10,2,1005)
w(18,9,2,1005)
w(17,10,2,1006)
r(96,9,2,1006)
w(84,7,2,1007)
r(27,10,2,1007)
r(86,8,2,1008)
r(44,6,2,1008)
w(87,10,2,1009)
w(18,10,2,1009)
r(42,9,2,1010)
r(74,11,2,1010)
r(56,19,2,1011)
r(93,14,2,1011)
r(86,8,2,1012)
r(83,12,2,1012)
w(82,14,2,1013)
w(43,13,2,1013)
w(56,20,2,1014)
r(49,7,2,1014)
r(0,13,2,1015)
w(44,7,2,1015)
w(70,9,2,1016)
r(89,11,2,1016)
r(38,11,2,1017)
w(93,15,2,1017)
w(13,8,2,1018)
r(42,9,2,1018)
r(91,9,2,1019)
r(53,11,2,1019)
r(95,7,2,1020)
w(74,12,2,1020)
r(17,10,2,1021)
w(2,11,2,1021)
r(20,12,2,1022)
r(46,11,2,1022)
r(72,4,2,1023)
w(40,16,2,1023)
r(91,9,2,1024)
r(2,11,2,1024)
r(60,13,2,1025)
r(15,12,2,1025)
r(57,8,2,1026)
w(15,13,2,1026)
w(29,13,2,1027)
r(44,7,2,1027)
r(72,4,2,1028)
r(95,7,2,1028)
w(92,10,2,1029)
w(64,10,2,1029)
w(50,11,2,1030)
r(64,10,2,1030)
w(83,13,2,1031)
w(1,12,2,1031)
r(20,12,2,1032)
r(38,11,2,1032)
w(56,21,2,1033)
r(79,6,2,1033)
w(81,14,2,1034)
w(12,11,2,1034)
r(84,7,2,1035)
w(99,14,2,1035)
w(11,14,2,1036)
w(82,15,2,1036)
r(1,12,2,1037)
r(65,8,2,1037)
w(53,12,2,1038)
w(41,5,2,1038)
r(73,7,2,1039)
r(92,10,2,1039)
w(53,13,2,1040)
w(93,16,2,1040)
r(47,9,2,1041)
w(36,14,2,1041)
w(45,13,2,1042)
w(22,8,2,1042)
r(26,6,2,1043)
w(33,11,2,1043)
r(88,11,2,1044)
w(23,12,2,1044)
r(56,21,2,1045)
w(79,7,2,1045)
w(36,15,2,1046)
w(90,20,2,1046)
w(72,5,2,1047)
w(3,13,2,1047)
w(3,14,2,1048)
r(66,12,2,1048)
w(86,9,2,1049)
w(62,6,2,1049)
w(56,22,2,1050)
r(31,14,2,1050)
w(30,13,2,1051)
w(85,12,2,1051)
r(80,9,2,1052)
r(36,15,2,1052)
w(67,14,2,1053)
r(7,7,2,1053)
w(0,14,2,1054)
w(67,15,2,1054)
w(2,12,2,1055)
r(27,10,2,1055)
w(18,11,2,1056)
r(98,10,2,1056)
w(8,10,2,1057)
r(70,9,2,1057)
w(73,8,2,1058)
r(57,8,2,1058)
r(74,12,2,1059)
w(84,8,2,1059)
w(54,11,2,1060)
w(61,8,2,1060)
w(64,11,2,1061)
r(72,5,2,1061)
r(72,5,2,1062)
w(20,13,2,1062)
w(75,8,2,1063)
w(36,16,2,1063)
r(38,11,2,1064)
r(64,11,2,1064)
w(17,11,2,1065)
w(47,10,2,1065)
r(49,7,2,1066)
w(19,14,2,1066)
r(1,12,2,1067)
r(45,13,2,1067)
w(96,10,2,1068)
w(19,15,2,1068)
r(85,12,2,1069)
w(88,12,2,1069)
r(20,13,2,1070)
r(21,8,2,1070)
w(6,11,2,1071)
r(94,18,2,1071)
r(6,11,2,1072)
w(91,10,2,1072)
w(21,9,2,1073)
r(6,11,2,1073)
w(77,11,2,1074)
r(60,13,2,1074)
r(56,22,2,1075)
w(23,13,2,1075)
r(55,12,2,1076)
r(20,13,2,1076)
w(48,9,2,1077)
w(8,11,2,1077)
r(42,9,2,1078)
r(86,9,2,1078)
r(92,10,2,1079)
w(12,12,2,1079)
w(14,14,2,1080)
r(8,11,2,1080)
w(19,16,2,1081)
w(70,10,2,1081)
r(87,10,2,1082)
r(74,12,2,1082)
r(98,10,2,1083)
r(43,13,2,1083)
w(61,9,2,1084)
r(75,8,2,1084)
w(26,7,2,1085)
w(12,13,2,1085)
w(57,9,2,1086)
w(65,9,2,1086)
r(14,14,2,1087)
r(11,14,2,1087)
r(13,8,2,1088)
r(50,11,2,1088)
w(48,10,2,1089)
r(66,12,2,1089)
w(86,10,2,1090)
r(23,13,2,1090)
r(66,12,2,1091)
r(23,13,2,1091)
w(86,11,2,1092)
r(19,16,2,1092)
w(14,15,2,1093)
w(81,15,2,1093)
r(33,11,2,1094)
r(74,12,2,1094)
w(1,13,2,1095)
r(29,13,2,1095)
r(37,10,2,1096)
r(11,14,2,1096)
w(12,14,2,1097)
r(84,8,2,1097)
w(33,12,2,1098)
r(38,11,2,1098)
w(74,13,2,1099)
r(74,13,2,1099)
r(69,13,2,1100)
r(51,10,2,1100)
w(28,7,2,1101)
w(85,13,2,1101)
r(76,14,2,1102)
r(43,13,2,1102)
w(97,7,2,1103)
w(70,11,2,1103)
w(64,12,2,1104)
r(16,13,2,1104)
w(62,7,2,1105)
w(10,11,2,1105)
r(11,14,2,1106)
w(40,17,2,1106)
r(17,11,2,1107)
w(57,10,2,1107)
r(99,14,2,1108)
w(21,10,2,1108)
w(4,11,2,1109)
r(11,14,2,1109)
w(38,12,2,1110)
r(9,7,2,1110)
w(38,13,2,1111)
r(10,11,2,1111)
w(44,8,2,1112)
r(69,13,2,1112)
w(48,11,2,1113)
r(91,10,2,1113)
r(3,14,2,1114)
w(17,12,2,1114)
r(67,15,2,1115)
r(80,9,2,1115)
r(20,13,2,1116)
w(46,12,2,1116)
w(77,12,2,1117)
r(38,13,2,1117)
r(94,18,2,1118)
r(19,16,2,1118)
w(17,13,2,1119)
r(85,13,2,1119)
r(61,9,2,1120)
r(85,13,2,1120)
r(27,10,2,1121)
w(51,11,2,1121)
w(98,11,2,1122)
r(40,17,2,1122)
w(79,8,2,1123)
r(38,13,2,1123)
r(69,13,2,1124)
r(77,12,2,1124)
w(25,8,2,1125)
w(13,9,2,1125)
w(58,8,2,1126)
r(20,13,2,1126)
r(82,15,2,1127)
r(46,12,2,1127)
r(28,7,2,1128)
r(33,12,2,1128)
r(39,5,2,1129)
w(25,9,2,1129)
r(47,10,2,1130)
r(41,5,2,1130)
w(28,8,2,1131)
r(17,13,2,1131)
w(91,11,2,1132)
w(61,10,2,1132)
w(29,14,2,1133)
r(62,7,2,1133)
r(17,13,2,1134)
w(21,11,2,1134)
r(58,8,2,1135)
w(86,12,2,1135)
w(98,12,2,1136)
r(31,14,2,1136)
r(22,8,2,1137)
r(97,7,2,1137)
w(32,21,2,1138)
r(33,12,2,1138)
w(18,12,2,1139)
r(30,13,2,1139)
w(36,17,2,1140)
r(35,3,2,1140)
w(35,4,2,1141)
r(64,12,2,1141)
r(98,12,2,1142)
r(88,12,2,1142)
w(95,8,2,1143)
w(45,14,2,1143)
r(92,10,2,1144)
r(47,10,2,1144)
w(96,11,2,1145)
r(22,8,2,1145)
r(27,10,2,1146)
r(14,15,2,1146)
w(62,8,2,1147)
w(39,6,2,1147)
r(27,10,2,1148)
r(49,7,2,1148)
w(11,15,2,1149)
r(59,10,2,1149)
w(45,15,2,1150)
r(95,8,2,1150)
w(54,12,2,1151)
w(26,8,2,1151)
r(57,10,2,1152)
r(23,13,2,1152)
r(85,13,2,1153)
w(33,13,2,1153)
w(35,5,2,1154)
w(73,9,2,1154)
r(35,5,2,1155)
r(36,17,2,1155)
r(36,17,2,1156)
w(99,15,2,1156)
r(31,14,2,1157)
w(30,14,2,1157)
r(21,11,2,1158)
w(56,23,2,1158)
w(21,12,2,1159)
w(67,16,2,1159)
w(34,10,2,1160)
r(16,13,2,1160)
w(27,11,2,1161)
w(70,12,2,1161)
r(84,8,2,1162)
w(72,6,2,1162)
w(89,12,2,1163)
w(28,9,2,1163)
r(98,12,2,1164)
w(18,13,2,1164)
r(54,12,2,1165)
w(43,14,2,1165)
w(28,10,2,1166)
w(40,18,2,1166)
r(70,12,2,1167)
w(21,13,2,1167)
w(32,22,2,1168)
w(14,16,2,1168)
r(87,10,2,1169)
w(67,17,2,1169)
r(63,16,2,1170)
w(94,19,2,1170)
r(5,8,2,1171)
w(39,7,2,1171)
r(80,9,2,1172)
w(22,9,2,1172)
w(8,12,2,1173)
w(23,14,2,1173)
w(74,14,2,1174)
r(47,10,2,1174)
w(69,14,2,1175)
w(35,6,2,1175)
w(65,10,2,1176)
w(82,16,2,1176)
w(80,10,2,1177)
r(93,16,2,1177)
r(2,12,2,1178)
r(87,10,2,1178)
w(51,12,2,1179)
w(56,24,2,1179)
w(84,9,2,1180)
w(64,13,2,1180)
w(43,15,2,1181)
r(1,13,2,1181)
w(83,14,2,1182)
w(29,15,2,1182)
w(93,17,2,1183)
r(73,9,2,1183)
w(91,12,2,1184)
w(57,11,2,1184)
w(14,17,2,1185)
w(66,13,2,1185)
r(74,14,2,1186)
r(79,8,2,1186)
w(64,14,2,1187)
r(31,14,2,1187)
r(4,11,2,1188)
w(10,12,2,1188)
r(89,12,2,1189)
w(75,9,2,1189)
r(4,11,2,1190)
r(13,9,2,1190)
r(3,14,2,1191)
w(4,12,2,1191)
r(82,16,2,1192)
w(27,12,2,1192)
w(82,17,2,1193)
r(63,16,2,1193)
r(39,7,2,1194)
r(76,14,2,1194)
w(72,7,2,1195)
r(34,10,2,1195)
w(21,14,2,1196)
r(57,11,2,1196)
r(3,14,2,1197)
w(17,14,2,1197)
w(20,14,2,1198)
r(54,12,2,1198)
r(27,12,2,1199)
r(93,17,2,1199)
r(85,13,2,1200)
w(66,14,2,1200)
r(41,5,2,1201)
r(75,9,2,1201)
r(73,9,2,1202)
w(54,13,2,1202)
r(36,17,2,1203)
w(15,14,2,1203)
w(58,9,2,1204)
r(5,8,2,1204)
w(66,15,2,1205)
r(99,15,2,1205)
r(59,10,2,1206)
r(38,13,2,1206)
w(78,9,2,1207)
w(26,9,2,1207)
w(81,16,2,1208)
r(9,7,2,1208)
r(66,15,2,1209)
r(83,14,2,1209)
r(24,13,2,1210)
r(65,10,2,1210)
r(3,14,2,1211)
w(2,13,2,1211)
r(95,8,2,1212)
w(17,15,2,1212)
w(66,16,2,1213)
w(13,10,2,1213)
r(41,5,2,1214)
r(47,10,2,1214)
r(56,24,2,1215)
w(49,8,2,1215)
r(37,10,2,1216)
w(93,18,2,1216)
r(99,15,2,1217)
r(47,10,2,1217)
r(38,13,2,1218)
r(62,8,2,1218)
r(62,8,2,1219)
r(83,14,2,1219)
r(16,13,2,1220)
w(48,12,2,1220)
w(36,18,2,1221)
w(26,10,2,1221)
r(89,12,2,1222)
r(85,13,2,1222)
w(43,16,2,1223)
w(75,10,2,1223)
w(55,13,2,1224)
w(81,17,2,1224)
w(83,15,2,1225)
r(58,9,2,1225)
w(94,20,2,1226)
w(84,10,2,1226)
r(38,13,2,1227)
w(42,10,2,1227)
r(70,12,2,1228)
r(83,15,2,1228)
w(16,14,2,1229)
r(44,8,2,1229)
w(41,6,2,1230)
r(32,22,2,1230)
w(36,19,2,1231)
r(28,10,2,1231)
r(78,9,2,1232)
w(16,15,2,1232)
w(82,18,2,1233)
w(79,9,2,1233)
r(60,13,2,1234)
r(28,10,2,1234)
w(56,25,2,1235)
r(13,10,2,1235)
w(35,7,2,1236)
w(29,16,2,1236)
r(60,13,2,1237)
w(33,14,2,1237)
w(61,11,2,1238)
r(92,10,2,1238)
w(33,15,2,1239)
w(98,13,2,1239)
w(36,20,2,1240)
w(78,10,2,1240)
w(54,14,2,1241)
w(12,15,2,1241)
w(77,13,2,1242)
r(39,7,2,1242)
r(58,9,2,1243)
r(19,16,2,1243)
w(49,9,2,1244)
w(5,9,2,1244)
r(33,15,2,1245)
w(28,11,2,1245)
r(94,20,2,1246)
r(13,10,2,1246)
w(53,14,2,1247)
r(96,11,2,1247)
r(34,10,2,1248)
r(66,16,2,1248)
r(99,15,2,1249)
w(36,21,2,1249)
w(44,9,2,1250)
r(61,11,2,1250)
r(89,12,2,1251)
w(46,13,2,1251)
r(96,11,2,1252)
r(37,10,2,1252)
w(7,8,2,1253)
w(53,15,2,1253)
r(50,11,2,1254)
w(59,11,2,1254)
w(84,11,2,1255)
r(98,13,2,1255)
r(74,14,2,1256)
w(25,10,2,1256)
w(2,14,2,1257)
w(16,16,2,1257)
w(70,13,2,1258)
w(61,12,2,1258)
w(47,11,2,1259)
w(49,10,2,1259)
r(55,13,2,1260)
w(14,18,2,1260)
r(64,14,2,1261)
w(93,19,2,1261)
w(79,10,2,1262)
r(60,13,2,1262)
w(72,8,2,1263)
w(23,15,2,1263)
r(15,14,2,1264)
w(37,11,2,1264)
r(72,8,2,1265)
r(85,13,2,1265)
r(55,13,2,1266)
w(98,14,2,1266)
r(67,17,2,1267)
r(2,14,2,1267)
r(3,14,2,1268)
w(58,10,2,1268)
r(23,15,2,1269)
r(97,7,2,1269)
r(22,9,2,1270)
w(28,12,2,1270)
w(15,15,2,1271)
w(19,17,2,1271)
w(56,26,2,1272)
r(76,14,2,1272)
w(4,13,2,1273)
r(2,14,2,1273)
w(62,9,2,1274)
w(53,16,2,1274)
r(99,15,2,1275)
r(64,14,2,1275)
w(88,13,2,1276)
w(88,14,2,1276)
r(84,11,2,1277)
w(73,10,2,1277)
r(71,12,2,1278)
w(64,15,2,1278)
r(53,16,2,1279)
r(36,21,2,1279)
r(75,10,2,1280)
r(71,12,2,1280)
r(49,10,2,1281)
r(14,18,2,1281)
r(53,16,2,1282)
w(15,16,2,1282)
w(25,11,2,1283)
r(51,12,2,1283)
r(24,13,2,1284)
w(1,14,2,1284)
w(40,19,2,1285)
w(66,17,2,1285)
w(91,13,2,1286)
w(99,16,2,1286)
w(9,8,2,1287)
w(56,27,2,1287)
r(28,12,2,1288)
w(89,13,2,1288)
r(64,15,2,1289)
r(71,12,2,1289)
r(57,11,2,1290)
w(55,14,2,1290)
r(7,8,2,1291)
w(12,16,2,1291)
w(3,15,2,1292)
r(53,16,2,1292)
r(11,15,2,1293)
w(31,15,2,1293)
r(92,10,2,1294)
w(36,22,2,1294)
w(90,21,2,1295)
w(39,8,2,1295)
r(27,12,2,1296)
r(61,12,2,1296)
r(68,14,2,1297)
r(85,13,2,1297)
w(87,11,2,1298)
r(38,13,2,1298)
w(25,12,2,1299)
r(18,13,2,1299)
r(88,14,2,1300)
r(81,17,2,1300)
w(57,12,2,1301)
w(80,11,2,1301)
r(77,13,2,1302)
r(74,14,2,1302)
r(84,11,2,1303)
r(6,11,2,1303)
r(6,11,2,1304)
w(14,19,2,1304)
w(45,16,2,1305)
w(27,13,2,1305)
w(10,13,2,1306)
r(49,10,2,1306)
w(2,15,2,1307)
r(17,15,2,1307)
r(89,13,2,1308)
r(29,16,2,1308)
r(21,14,2,1309)
r(34,10,2,1309)
r(29,16,2,1310)
r(29,16,2,1310)
w(0,15,2,1311)
w(18,14,2,1311)
r(37,11,2,1312)
w(33,16,2,1312)
r(30,14,2,1313)
w(33,17,2,1313)
r(43,16,2,1314)
w(82,19,2,1314)
w(91,14,2,1315)
w(40,20,2,1315)
w(49,11,2,1316)
r(42,10,2,1316)
r(9,8,2,1317)
r(69,14,2,1317)
r(66,17,2,1318)
r(49,11,2,1318)
r(48,12,2,1319)
r(65,10,2,1319)
r(10,13,2,1320)
w(70,14,2,1320)
w(27,14,2,1321)
r(45,16,2,1321)
r(68,14,2,1322)
r(30,14,2,1322)
w(15,17,2,1323)
r(84,11,2,1323)
w(65,11,2,1324)
w(5,10,2,1324)
r(15,17,2,1325)
w(44,10,2,1325)
r(11,15,2,1326)
w(91,15,2,1326)
w(98,15,2,1327)
w(9,9,2,1327)
r(82,19,2,1328)
w(59,12,2,1328)
r(58,10,2,1329)
w(13,11,2,1329)
r(4,13,2,1330)
r(28,12,2,1330)
w(49,12,2,1331)
w(65,12,2,1331)
r(91,15,2,1332)
w(83,16,2,1332)
r(92,10,2,1333)
r(86,12,2,1333)
w(46,14,2,1334)
w(35,8,2,1334)
r(34,10,2,1335)
w(11,16,2,1335)
w(32,23,2,1336)
w(91,16,2,1336)
w(95,9,2,1337)
w(2,16,2,1337)
w(46,15,2,1338)
w(71,13,2,1338)
r(21,14,2,1339)
w(89,14,2,1339)
w(57,13,2,1340)
w(99,17,2,1340)
w(72,9,2,1341)
w(12,17,2,1341)
r(43,16,2,1342)
r(53,16,2,1342)
r(51,12,2,1343)
r(77,13,2,1343)
r(98,15,2,1344)
w(61,13,2,1344)
r(25,12,2,1345)
r(53,16,2,1345)
r(7,8,2,1346)
r(82,19,2,1346)
r(94,20,2,1347)
r(84,11,2,1347)
w(72,10,2,1348)
w(48,13,2,1348)
r(56,27,2,1349)
w(44,11,2,1349)
w(36,23,2,1350)
r(50,11,2,1350)
r(52,12,2,1351)
r(84,11,2,1351)
w(70,15,2,1352)
w(93,20,2,1352)
r(12,17,2,1353)
w(3,16,2,1353)
r(31,15,2,1354)
w(61,14,2,1354)
r(99,17,2,1355)
r(90,21,2,1355)
w(57,14,2,1356)
r(38,13,2,1356)
r(72,10,2,1357)
w(37,12,2,1357)
r(58,10,2,1358)
w(69,15,2,1358)
r(67,17,2,1359)
r(39,8,2,1359)
w(10,14,2,1360)
w(93,21,2,1360)
w(36,24,2,1361)
w(76,15,2,1361)
w(23,16,2,1362)
w(61,15,2,1362)
r(53,16,2,1363)
r(83,16,2,1363)
w(49,13,2,1364)
r(7,8,2,1364)
w(53,17,2,1365)
w(22,10,2,1365)
w(3,17,2,1366)
r(92,10,2,1366)
w(55,15,2,1367)
r(39,8,2,1367)
r(23,16,2,1368)
w(24,14,2,1368)
r(99,17,2,1369)
r(16,16,2,1369)
r(33,17,2,1370)
w(73,11,2,1370)
r(52,12,2,1371)
w(41,7,2,1371)
w(65,13,2,1372)
r(70,15,2,1372)
r(86,12,2,1373)
r(3,17,2,1373)
w(82,20,2,1374)
r(29,16,2,1374)
r(0,15,2,1375)
r(97,7,2,1375)
r(63,16,2,1376)
w(38,14,2,1376)
r(50,11,2,1377)
r(90,21,2,1377)
r(99,17,2,1378)
w(55,16,2,1378)
w(13,12,2,1379)
w(37,13,2,1379)
w(12,18,2,1380)
r(5,10,2,1380)
w(0,16,2,1381)
w(42,11,2,1381)
w(87,12,2,1382)
r(57,14,2,1382)
w(53,18,2,1383)
w(44,12,2,1383)
r(5,10,2,1384)
w(43,17,2,1384)
r(44,12,2,1385)
r(20,14,2,1385)
r(88,14,2,1386)
w(50,12,2,1386)
r(68,14,2,1387)
w(29,17,2,1387)
r(29,17,2,1388)
w(75,11,2,1388)
r(74,14,2,1389)
w(65,14,2,1389)
r(75,11,2,1390)
w(33,18,2,1390)
w(69,16,2,1391)
r(40,20,2,1391)
w(64,16,2,1392)
r(19,17,2,1392)
r(21,14,2,1393)
r(60,13,2,1393)
w(98,16,2,1394)
r(16,16,2,1394)
r(24,14,2,1395)
r(82,20,2,1395)
r(60,13,2,1396)
w(57,15,2,1396)
w(53,19,2,1397)
w(81,18,2,1397)
r(54,14,2,1398)
w(93,22,2,1398)
w(54,15,2,1399)
w(76,16,2,1399)
r(65,14,2,1400)
w(74,15,2,1400)
r(64,16,2,1401)
w(27,15,2,1401)
w(32,24,2,1402)
w(75,12,2,1402)
r(73,11,2,1403)
r(31,15,2,1403)
w(97,8,2,1404)
w(11,17,2,1404)
w(5,11,2,1405)
w(42,12,2,1405)
w(5,12,2,1406)
r(40,20,2,1406)
w(49,14,2,1407)
r(57,15,2,1407)
r(30,14,2,1408)
w(68,15,2,1408)
w(91,17,2,1409)
w(7,9,2,1409)
r(24,14,2,1410)
r(41,7,2,1410)
w(28,13,2,1411)
w(29,18,2,1411)
w(68,16,2,1412)
w(69,17,2,1412)
w(75,13,2,1413)
w(74,16,2,1413)
w(14,20,2,1414)
r(15,17,2,1414)
r(97,8,2,1415)
r(9,9,2,1415)
w(21,15,2,1416)
r(99,17,2,1416)
r(29,18,2,1417)
w(68,17,2,1417)
r(67,17,2,1418)
r(73,11,2,1418)
r(78,10,2,1419)
w(97,9,2,1419)
r(39,8,2,1420)
r(48,13,2,1420)
r(93,22,2,1421)
w(2,17,2,1421)
r(28,13,2,1422)
w(26,11,2,1422)
r(57,15,2,1423)
w(63,17,2,1423)
w(83,17,2,1424)
w(99,18,2,1424)
r(89,14,2,1425)
r(55,16,2,1425)
r(66,17,2,1426)
r(56,27,2,1426)
w(55,17,2,1427)
r(23,16,2,1427)
r(55,17,2,1428)
r(5,12,2,1428)
r(2,17,2,1429)
w(0,17,2,1429)
r(78,10,2,1430)
w(55,18,2,1430)
r(39,8,2,1431)
r(85,13,2,1431)
r(5,12,2,1432)
r(27,15,2,1432)
w(17,16,2,1433)
w(3,18,2,1433)
r(29,18,2,1434)
w(81,19,2,1434)
r(49,14,2,1435)
r(12,18,2,1435)
w(94,21,2,1436)
r(90,21,2,1436)
w(4,14,2,1437)
r(23,16,2,1437)
r(34,10,2,1438)
r(60,13,2,1438)
r(32,24,2,1439)
r(48,13,2,1439)
w(73,12,2,1440)
w(17,17,2,1440)
r(99,18,2,1441)
w(26,12,2,1441)
w(86,13,2,1442)
w(28,14,2,1442)
w(96,12,2,1443)
r(75,13,2,1443)
r(28,14,2,1444)
w(53,20,2,1444)
r(90,21,2,1445)
w(84,12,2,1445)
r(36,24,2,1446)
w(66,18,2,1446)
w(24,15,2,1447)
r(12,18,2,1447)
w(61,16,2,1448)
w(16,17,2,1448)
w(47,12,2,1449)
w(61,17,2,1449)
w(54,16,2,1450)
r(89,14,2,1450)
r(77,13,2,1451)
w(76,17,2,1451)
r(72,10,2,1452)
r(98,16,2,1452)
r(40,20,2,1453)
w(52,13,2,1453)
w(37,14,2,1454)
w(14,21,2,1454)
w(33,19,2,1455)
r(19,17,2,1455)
w(34,11,2,1456)
r(95,9,2,1456)
r(63,17,2,1457)
w(45,17,2,1457)
r(2,17,2,1458)
r(94,21,2,1458)
w(57,16,2,1459)
w(73,13,2,1459)
r(64,16,2,1460)
w(57,17,2,1460)
w(37,15,2,1461)
w(79,11,2,1461)
w(70,16,2,1462)
r(58,10,2,1462)
r(46,15,2,1463)
w(17,18,2,1463)
r(67,17,2,1464)
r(52,13,2,1464)
r(81,19,2,1465)
w(73,14,2,1465)
w(24,16,2,1466)
w(78,11,2,1466)
r(85,13,2,1467)
r(72,10,2,1467)
r(86,13,2,1468)
w(86,14,2,1468)
w(52,14,2,1469)
r(52,14,2,1469)
r(98,16,2,1470)
w(24,17,2,1470)
w(13,13,2,1471)
r(81,19,2,1471)
r(89,14,2,1472)
r(31,15,2,1472)
w(71,14,2,1473)
w(56,28,2,1473)
w(81,20,2,1474)
r(41,7,2,1474)
r(11,17,2,1475)
r(89,14,2,1475)
w(8,13,2,1476)
r(34,11,2,1476)
w(40,21,2,1477)
r(96,12,2,1477)
r(2,17,2,1478)
r(25,12,2,1478)
w(20,15,2,1479)
w(93,23,2,1479)
r(27,15,2,1480)
r(82,20,2,1480)
w(62,10,2,1481)
r(50,12,2,1481)
r(21,15,2,1482)
w(20,16,2,1482)
r(29,18,2,1483)
w(57,18,2,1483)
w(17,19,2,1484)
w(40,22,2,1484)
w(61,18,2,1485)
w(4,15,2,1485)
w(54,17,2,1486)
r(47,12,2,1486)
r(7,9,2,1487)
r(70,16,2,1487)
w(18,15,2,1488)
w(2,18,2,1488)
r(80,11,2,1489)
w(71,15,2,1489)
w(51,13,2,1490)
w(43,18,2,1490)
r(85,13,2,1491)
r(31,15,2,1491)
w(36,25,2,1492)
w(79,12,2,1492)
w(78,12,2,1493)
w(35,9,2,1493)
r(16,17,2,1494)
r(33,19,2,1494)
w(65,15,2,1495)
w(90,22,2,1495)
r(60,13,2,1496)
w(84,13,2,1496)
r(94,21,2,1497)
w(52,15,2,1497)
r(83,17,2,1498)
w(30,15,2,1498)
r(95,9,2,1499)
r(93,23,2,1499)
