r(6,1,0,0)
r(12,1,0,0)
r(12,1,0,1)
w(96,1,0,1)
w(89,1,0,2)
r(60,1,0,2)
r(10,1,0,3)
r(68,1,0,3)
r(93,1,0,4)
r(2,1,0,4)
w(90,1,0,5)
r(80,1,0,5)
r(62,1,0,6)
w(1,1,0,6)
r(99,1,0,7)
w(2,1,0,7)
w(36,1,0,8)
w(40,1,0,8)
r(73,1,0,9)
r(34,1,0,9)
w(29,1,0,10)
w(3,1,0,10)
w(42,1,0,11)
r(40,1,0,11)
r(40,1,0,12)
w(82,1,0,12)
w(13,1,0,13)
r(81,1,0,13)
w(95,1,0,14)
r(4,1,0,14)
r(20,1,0,15)
r(9,1,0,15)
r(60,1,0,16)
r(65,1,0,16)
r(96,1,0,17)
r(87,1,0,17)
w(64,1,0,18)
r(9,1,0,18)
w(82,2,0,19)
w(81,1,0,19)
r(67,1,0,20)
w(18,1,0,20)
w(1,2,0,21)
r(7,1,0,21)
w(42,2,0,22)
r(4,1,0,22)
w(99,1,0,23)
r(99,1,0,23)
r(33,1,0,24)
r(16,1,0,24)
w(87,1,0,25)
r(11,1,0,25)
w(0,1,0,26)
w(20,1,0,26)
r(66,1,0,27)
r(37,1,0,27)
w(7,1,0,28)
w(47,1,0,28)
w(34,1,0,29)
r(51,1,0,29)
w(27,1,0,30)
w(57,1,0,30)
r(55,1,0,31)
r(35,1,0,31)
r(52,1,0,32)
r(21,1,0,32)
w(12,1,0,33)
w(59,1,0,33)
w(64,2,0,34)
r(97,1,0,34)
w(48,1,0,35)
r(61,1,0,35)
w(78,1,0,36)
w(6,1,0,36)
r(27,1,0,37)
w(55,1,0,37)
r(79,1,0,38)
w(69,1,0,38)
r(64,2,0,39)
w(64,3,0,39)
r(6,1,0,40)
w(78,2,0,40)
r(97,1,0,41)
w(91,1,0,41)
w(28,1,0,42)
r(43,1,0,42)
r(61,1,0,43)
w(6,2,0,43)
r(84,1,0,44)
r(41,1,0,44)
r(88,1,0,45)
w(43,1,0,45)
r(40,1,0,46)
r(61,1,0,46)
r(86,1,0,47)
w(17,1,0,47)
r(69,1,0,48)
w(17,2,0,48)
w(48,2,0,49)
w(14,1,0,49)
w(87,2,0,50)
r(8,1,0,50)
w(51,1,0,51)
w(45,1,0,51)
r(77,1,0,52)
r(86,1,0,52)
r(75,1,0,53)
w(25,1,0,53)
r(25,1,0,54)
w(79,1,0,54)
r(76,1,0,55)
w(10,1,0,55)
w(70,1,0,56)
w(47,2,0,56)
w(81,2,0,57)
r(75,1,0,57)
r(19,1,0,58)
w(14,2,0,58)
w(80,1,0,59)
r(14,2,0,59)
w(51,2,0,60)
w(27,2,0,60)
r(20,1,0,61)
r(54,1,0,61)
r(85,1,0,62)
r(5,1,0,62)
w(34,2,0,63)
r(96,1,0,63)
w(74,1,0,64)
r(15,1,0,64)
w(38,1,0,65)
w(65,1,0,65)
r(69,1,0,66)
w(27,3,0,66)
r(1,2,0,67)
r(38,1,0,67)
r(36,1,0,68)
r(14,2,0,68)
r(80,1,0,69)
r(38,1,0,69)
w(28,2,0,70)
r(12,1,0,70)
r(84,1,0,71)
w(0,2,0,71)
r(40,1,0,72)
r(61,1,0,72)
r(30,1,0,73)
w(7,2,0,73)
r(93,1,0,74)
w(96,2,0,74)
w(67,1,0,75)
w(34,3,0,75)
w(65,2,0,76)
w(4,1,0,76)
r(1,2,0,77)
r(52,1,0,77)
r(90,1,0,78)
r(11,1,0,78)
w(5,1,0,79)
w(87,3,0,79)
r(98,1,0,80)
r(20,1,0,80)
w(46,1,0,81)
w(27,4,0,81)
w(35,1,0,82)
w(17,3,0,82)
r(47,2,0,83)
r(98,1,0,83)
r(69,1,0,84)
w(44,1,0,84)
r(78,2,0,85)
w(63,1,0,85)
r(42,2,0,86)
r(67,1,0,86)
r(69,1,0,87)
w(42,3,0,87)
w(92,1,0,88)
r(44,1,0,88)
w(35,2,0,89)
w(72,1,0,89)
r(13,1,0,90)
w(21,1,0,90)
w(69,2,0,91)
w(85,1,0,91)
r(71,1,0,92)
r(38,1,0,92)
w(90,2,0,93)
w(20,2,0,93)
r(72,1,0,94)
w(15,1,0,94)
w(60,1,0,95)
w(88,1,0,95)
w(54,1,0,96)
r(59,1,0,96)
w(5,2,0,97)
w(97,1,0,97)
r(21,1,0,98)
w(59,2,0,98)
r(51,2,0,99)
w(21,2,0,99)
r(6,2,0,100)
r(47,2,0,100)
r(9,1,0,101)
w(29,2,0,101)
r(60,1,0,102)
r(44,1,0,102)
w(52,1,0,103)
w(37,1,0,103)
r(69,2,0,104)
w(70,2,0,104)
r(2,1,0,105)
w(3,2,0,105)
r(33,1,0,106)
r(44,1,0,106)
w(79,2,0,107)
w(66,1,0,107)
r(38,1,0,108)
w(95,2,0,108)
r(33,1,0,109)
w(83,1,0,109)
r(92,1,0,110)
r(89,1,0,110)
w(62,1,0,111)
r(52,1,0,111)
r(56,1,0,112)
r(55,1,0,112)
w(24,1,0,113)
r(19,1,0,113)
w(74,2,0,114)
r(20,2,0,114)
w(47,3,0,115)
r(87,3,0,115)
r(62,1,0,116)
w(27,5,0,116)
w(92,2,0,117)
r(60,1,0,117)
w(78,3,0,118)
r(91,1,0,118)
r(89,1,0,119)
w(55,2,0,119)
r(57,1,0,120)
r(84,1,0,120)
r(99,1,0,121)
r(29,2,0,121)
w(17,4,0,122)
w(57,2,0,122)
w(48,3,0,123)
w(24,2,0,123)
r(11,1,0,124)
w(39,1,0,124)
r(70,2,0,125)
w(91,2,0,125)
r(18,1,0,126)
w(51,3,0,126)
w(78,4,0,127)
r(93,1,0,127)
r(20,2,0,128)
w(53,1,0,128)
r(39,1,0,129)
w(48,4,0,129)
r(46,1,0,130)
r(40,1,0,130)
w(93,1,0,131)
w(94,1,0,131)
r(40,1,0,132)
r(73,1,0,132)
w(61,1,0,133)
r(94,1,0,133)
r(21,2,0,134)
r(89,1,0,134)
r(18,1,0,135)
r(70,2,0,135)
w(8,1,0,136)
r(48,4,0,136)
r(26,1,0,137)
r(97,1,0,137)
w(80,2,0,138)
w(42,4,0,138)
r(4,1,0,139)
w(82,3,0,139)
w(60,2,0,140)
w(68,1,0,140)
w(43,2,0,141)
r(56,1,0,141)
r(28,2,0,142)
w(87,4,0,142)
w(94,2,0,143)
r(53,1,0,143)
w(37,2,0,144)
r(18,1,0,144)
r(64,3,0,145)
r(42,4,0,145)
w(33,1,0,146)
w(89,2,0,146)
r(82,3,0,147)
r(61,1,0,147)
w(57,3,0,148)
r(67,1,0,148)
w(68,2,0,149)
r(7,2,0,149)
w(87,5,0,150)
w(19,1,0,150)
r(51,3,0,151)
w(77,1,0,151)
r(31,1,0,152)
w(10,2,0,152)
w(59,3,0,153)
r(89,2,0,153)
r(35,2,0,154)
w(2,2,0,154)
w(48,5,0,155)
r(20,2,0,155)
r(88,1,0,156)
r(76,1,0,156)
r(16,1,0,157)
r(96,2,0,157)
r(72,1,0,158)
r(57,3,0,158)
r(95,2,0,159)
w(9,1,0,159)
r(19,1,0,160)
r(85,1,0,160)
r(14,2,0,161)
w(57,4,0,161)
w(78,5,0,162)
w(44,2,0,162)
w(53,2,0,163)
r(24,2,0,163)
w(74,3,0,164)
r(39,1,0,164)
r(59,3,0,165)
w(76,1,0,165)
r(37,2,0,166)
w(19,2,0,166)
w(35,3,0,167)
w(97,2,0,167)
w(46,2,0,168)
w(30,1,0,168)
r(11,1,0,169)
r(19,2,0,169)
r(36,1,0,170)
w(77,2,0,170)
w(17,5,0,171)
r(24,2,0,171)
r(69,2,0,172)
w(1,3,0,172)
w(46,3,0,173)
r(82,3,0,173)
r(58,1,0,174)
r(26,1,0,174)
r(15,1,0,175)
r(39,1,0,175)
w(22,1,0,176)
w(77,3,0,176)
r(81,2,0,177)
w(51,4,0,177)
w(34,4,0,178)
r(75,1,0,178)
w(61,2,0,179)
r(32,1,0,179)
r(13,1,0,180)
r(11,1,0,180)
r(81,2,0,181)
r(94,2,0,181)
w(95,3,0,182)
r(24,2,0,182)
w(66,2,0,183)
w(16,1,0,183)
w(71,1,0,184)
r(15,1,0,184)
r(64,3,0,185)
r(76,1,0,185)
r(4,1,0,186)
w(77,4,0,186)
r(16,1,0,187)
w(56,1,0,187)
r(44,2,0,188)
r(64,3,0,188)
r(33,1,0,189)
r(18,1,0,189)
w(96,3,0,190)
w(23,1,0,190)
r(77,4,0,191)
r(60,2,0,191)
w(96,4,0,192)
r(16,1,0,192)
r(70,2,0,193)
r(35,3,0,193)
r(10,2,0,194)
w(4,2,0,194)
w(26,1,0,195)
w(84,1,0,195)
r(63,1,0,196)
w(37,3,0,196)
w(17,6,0,197)
r(31,1,0,197)
r(31,1,0,198)
w(93,2,0,198)
r(9,1,0,199)
w(72,2,0,199)
r(93,2,0,200)
r(32,1,0,200)
r(16,1,0,201)
w(0,3,0,201)
r(97,2,0,202)
w(18,2,0,202)
w(71,2,0,203)
r(3,2,0,203)
w(24,3,0,204)
r(80,2,0,204)
w(91,3,0,205)
r(17,6,0,205)
w(23,2,0,206)
w(41,1,0,206)
r(30,1,0,207)
w(75,1,0,207)
w(65,3,0,208)
w(49,1,0,208)
r(71,2,0,209)
r(31,1,0,209)
w(92,3,0,210)
w(1,4,0,210)
w(51,5,0,211)
w(35,4,0,211)
w(66,3,0,212)
w(53,3,0,212)
w(50,1,0,213)
w(57,5,0,213)
w(39,2,0,214)
r(97,2,0,214)
r(31,1,0,215)
r(93,2,0,215)
r(15,1,0,216)
w(23,3,0,216)
r(9,1,0,217)
w(96,5,0,217)
w(37,4,0,218)
r(96,5,0,218)
r(5,2,0,219)
r(37,4,0,219)
r(5,2,0,220)
w(45,2,0,220)
w(75,2,0,221)
r(69,2,0,221)
w(97,3,0,222)
w(62,2,0,222)
r(87,5,0,223)
r(6,2,0,223)
r(47,3,0,224)
w(67,2,0,224)
w(34,5,0,225)
w(64,4,0,225)
r(50,1,0,226)
w(85,2,0,226)
w(84,2,0,227)
w(34,6,0,227)
w(63,2,0,228)
w(55,3,0,228)
r(61,2,0,229)
w(56,2,0,229)
r(93,2,0,230)
r(71,2,0,230)
w(83,2,0,231)
r(67,2,0,231)
r(69,2,0,232)
w(22,2,0,232)
w(4,3,0,233)
r(73,1,0,233)
r(68,2,0,234)
r(50,1,0,234)
r(21,2,0,235)
w(97,4,0,235)
w(24,4,0,236)
w(7,3,0,236)
w(41,2,0,237)
w(65,4,0,237)
r(51,5,0,238)
w(15,2,0,238)
r(91,3,0,239)
w(48,6,0,239)
w(24,5,0,240)
r(98,1,0,240)
r(23,3,0,241)
r(98,1,0,241)
w(40,2,0,242)
w(51,6,0,242)
r(85,2,0,243)
w(5,3,0,243)
w(4,4,0,244)
w(24,6,0,244)
w(8,2,0,245)
w(6,3,0,245)
r(33,1,0,246)
r(98,1,0,246)
r(57,5,0,247)
w(44,3,0,247)
w(84,3,0,248)
w(91,4,0,248)
w(17,7,0,249)
r(41,2,0,249)
r(83,2,0,250)
w(0,4,0,250)
r(79,2,0,251)
w(82,4,0,251)
r(64,4,0,252)
w(84,4,0,252)
w(40,3,0,253)
w(73,1,0,253)
w(54,2,0,254)
w(15,3,0,254)
w(56,3,0,255)
w(86,1,0,255)
w(57,6,0,256)
r(61,2,0,256)
r(60,2,0,257)
w(66,4,0,257)
r(22,2,0,258)
r(29,2,0,258)
r(22,2,0,259)
r(57,6,0,259)
w(26,2,0,260)
w(79,3,0,260)
w(61,3,0,261)
r(77,4,0,261)
r(88,1,0,262)
w(64,5,0,262)
w(88,2,0,263)
w(96,6,0,263)
r(85,2,0,264)
w(50,2,0,264)
w(23,4,0,265)
r(27,5,0,265)
w(33,2,0,266)
w(94,3,0,266)
w(5,4,0,267)
r(34,6,0,267)
w(8,3,0,268)
r(19,2,0,268)
w(69,3,0,269)
r(94,3,0,269)
w(23,5,0,270)
r(66,4,0,270)
w(51,7,0,271)
r(7,3,0,271)
r(76,1,0,272)
w(53,4,0,272)
r(30,1,0,273)
w(88,3,0,273)
r(95,3,0,274)
r(62,2,0,274)
r(79,3,0,275)
r(95,3,0,275)
w(0,5,0,276)
w(33,3,0,276)
r(85,2,0,277)
w(15,4,0,277)
w(22,3,0,278)
w(65,5,0,278)
w(27,6,0,279)
r(27,6,0,279)
r(5,4,0,280)
r(44,3,0,280)
r(66,4,0,281)
r(52,1,0,281)
w(80,3,0,282)
r(13,1,0,282)
r(23,5,0,283)
w(36,2,0,283)
r(13,1,0,284)
r(1,4,0,284)
r(39,2,0,285)
w(64,6,0,285)
w(66,5,0,286)
w(51,8,0,286)
w(18,3,0,287)
r(11,1,0,287)
w(51,9,0,288)
r(60,2,0,288)
w(98,1,0,289)
w(63,3,0,289)
r(77,4,0,290)
r(59,3,0,290)
r(77,4,0,291)
r(31,1,0,291)
r(9,1,0,292)
r(53,4,0,292)
w(83,3,0,293)
r(25,1,0,293)
w(40,4,0,294)
r(57,6,0,294)
r(9,1,0,295)
r(44,3,0,295)
r(70,2,0,296)
r(63,3,0,296)
w(37,5,0,297)
r(20,2,0,297)
r(42,4,0,298)
r(46,3,0,298)
w(73,2,0,299)
w(60,3,0,299)
w(64,7,0,300)
r(11,1,0,300)
r(23,5,0,301)
w(48,7,0,301)
r(50,2,0,302)
w(57,7,0,302)
w(48,8,0,303)
w(44,4,0,303)
r(85,2,0,304)
w(94,4,0,304)
r(45,2,0,305)
r(88,3,0,305)
w(25,2,0,306)
r(96,6,0,306)
w(80,4,0,307)
w(26,3,0,307)
r(34,6,0,308)
w(95,4,0,308)
w(83,4,0,309)
r(78,5,0,309)
w(88,4,0,310)
w(80,5,0,310)
r(0,5,0,311)
r(34,6,0,311)
r(90,2,0,312)
w(4,5,0,312)
r(67,2,0,313)
r(49,1,0,313)
r(68,2,0,314)
r(22,3,0,314)
r(55,3,0,315)
r(66,5,0,315)
w(15,5,0,316)
w(65,6,0,316)
w(70,3,0,317)
r(81,2,0,317)
w(52,2,0,318)
w(93,3,0,318)
r(18,3,0,319)
w(45,3,0,319)
w(7,4,0,320)
r(18,3,0,320)
r(80,5,0,321)
r(71,2,0,321)
r(94,4,0,322)
r(90,2,0,322)
w(43,3,0,323)
w(63,4,0,323)
w(76,2,0,324)
w(75,3,0,324)
r(22,3,0,325)
r(79,3,0,325)
w(68,3,0,326)
r(9,1,0,326)
w(38,2,0,327)
r(1,4,0,327)
w(54,3,0,328)
w(91,5,0,328)
w(90,3,0,329)
r(99,1,0,329)
w(86,2,0,330)
w(64,8,0,330)
r(62,2,0,331)
r(75,3,0,331)
r(86,2,0,332)
w(1,5,0,332)
w(26,4,0,333)
r(65,6,0,333)
r(78,5,0,334)
r(29,2,0,334)
r(20,2,0,335)
w(89,3,0,335)
r(15,5,0,336)
w(34,7,0,336)
w(33,4,0,337)
w(26,5,0,337)
r(27,6,0,338)
r(80,5,0,338)
r(18,3,0,339)
w(94,5,0,339)
w(45,4,0,340)
r(93,3,0,340)
r(94,5,0,341)
w(67,3,0,341)
w(38,3,0,342)
r(39,2,0,342)
w(59,4,0,343)
w(71,3,0,343)
r(94,5,0,344)
r(33,4,0,344)
w(77,5,0,345)
r(38,3,0,345)
w(52,3,0,346)
w(71,4,0,346)
w(43,4,0,347)
w(36,3,0,347)
w(88,5,0,348)
r(86,2,0,348)
r(4,5,0,349)
r(98,1,0,349)
w(22,4,0,350)
w(85,3,0,350)
r(80,5,0,351)
w(30,2,0,351)
r(20,2,0,352)
r(39,2,0,352)
r(9,1,0,353)
r(64,8,0,353)
r(85,3,0,354)
w(77,6,0,354)
w(34,8,0,355)
r(7,4,0,355)
w(36,4,0,356)
r(91,5,0,356)
w(81,3,0,357)
r(61,3,0,357)
r(14,2,0,358)
w(54,4,0,358)
r(50,2,0,359)
w(21,3,0,359)
r(83,4,0,360)
w(19,3,0,360)
w(97,5,0,361)
w(44,5,0,361)
r(78,5,0,362)
r(35,4,0,362)
w(96,7,0,363)
r(76,2,0,363)
r(44,5,0,364)
w(53,5,0,364)
r(16,1,0,365)
r(68,3,0,365)
r(66,5,0,366)
w(29,3,0,366)
w(26,6,0,367)
w(12,2,0,367)
w(36,5,0,368)
r(35,4,0,368)
w(88,6,0,369)
w(72,3,0,369)
w(75,4,0,370)
w(48,9,0,370)
r(14,2,0,371)
r(79,3,0,371)
r(32,1,0,372)
w(58,1,0,372)
r(91,5,0,373)
w(19,4,0,373)
r(45,4,0,374)
w(19,5,0,374)
r(69,3,0,375)
r(27,6,0,375)
r(50,2,0,376)
w(97,6,0,376)
r(28,2,0,377)
w(9,2,0,377)
r(63,4,0,378)
w(63,5,0,378)
r(44,5,0,379)
w(21,4,0,379)
w(5,5,0,380)
w(47,4,0,380)
w(5,6,0,381)
r(31,1,0,381)
w(15,6,0,382)
r(10,2,0,382)
w(9,3,0,383)
r(5,6,0,383)
w(25,3,0,384)
w(61,4,0,384)
w(99,2,0,385)
w(55,4,0,385)
r(37,5,0,386)
w(8,4,0,386)
r(18,3,0,387)
r(86,2,0,387)
r(79,3,0,388)
r(27,6,0,388)
w(51,10,0,389)
r(44,5,0,389)
w(12,3,0,390)
w(45,5,0,390)
w(84,5,0,391)
w(55,5,0,391)
r(34,8,0,392)
w(75,5,0,392)
r(38,3,0,393)
w(15,7,0,393)
r(19,5,0,394)
r(62,2,0,394)
w(23,6,0,395)
r(57,7,0,395)
w(11,1,0,396)
w(14,3,0,396)
w(3,3,0,397)
r(94,5,0,397)
r(80,5,0,398)
w(99,3,0,398)
w(81,4,0,399)
r(35,4,0,399)
w(26,7,0,400)
w(73,3,0,400)
r(67,3,0,401)
r(10,2,0,401)
r(46,3,0,402)
r(65,6,0,402)
r(81,4,0,403)
w(96,8,0,403)
w(35,5,0,404)
r(23,6,0,404)
r(20,2,0,405)
r(95,4,0,405)
w(21,5,0,406)
r(53,5,0,406)
r(66,5,0,407)
r(46,3,0,407)
w(59,5,0,408)
r(3,3,0,408)
w(37,6,0,409)
r(8,4,0,409)
w(15,8,0,410)
w(17,8,0,410)
r(59,5,0,411)
w(50,3,0,411)
r(45,5,0,412)
w(16,2,0,412)
w(89,4,0,413)
r(63,5,0,413)
r(91,5,0,414)
r(63,5,0,414)
w(15,9,0,415)
w(11,2,0,415)
w(8,5,0,416)
r(46,3,0,416)
w(18,4,0,417)
w(53,6,0,417)
w(82,5,0,418)
w(55,6,0,418)
r(11,2,0,419)
w(53,7,0,419)
w(69,4,0,420)
r(11,2,0,420)
r(44,5,0,421)
w(37,7,0,421)
r(21,5,0,422)
r(76,2,0,422)
r(20,2,0,423)
r(97,6,0,423)
r(18,4,0,424)
w(70,4,0,424)
r(84,5,0,425)
w(47,5,0,425)
w(90,4,0,426)
w(55,7,0,426)
r(59,5,0,427)
r(60,3,0,427)
w(7,5,0,428)
w(73,4,0,428)
w(37,8,0,429)
w(28,3,0,429)
r(78,5,0,430)
w(75,6,0,430)
w(11,3,0,431)
r(87,5,0,431)
w(5,7,0,432)
r(44,5,0,432)
w(10,3,0,433)
r(52,3,0,433)
w(32,1,0,434)
r(46,3,0,434)
w(69,5,0,435)
w(46,4,0,435)
r(49,1,0,436)
r(21,5,0,436)
w(54,5,0,437)
w(10,4,0,437)
r(71,4,0,438)
r(52,3,0,438)
r(25,3,0,439)
w(14,4,0,439)
w(18,5,0,440)
w(88,7,0,440)
w(99,4,0,441)
w(8,6,0,441)
r(84,5,0,442)
r(93,3,0,442)
w(39,3,0,443)
w(33,5,0,443)
r(36,5,0,444)
r(21,5,0,444)
r(76,2,0,445)
r(38,3,0,445)
r(63,5,0,446)
w(27,7,0,446)
w(29,4,0,447)
w(58,2,0,447)
r(14,4,0,448)
w(98,2,0,448)
r(93,3,0,449)
w(55,8,0,449)
w(6,4,0,450)
w(12,4,0,450)
w(92,4,0,451)
w(88,8,0,451)
r(65,6,0,452)
r(98,2,0,452)
r(18,5,0,453)
r(45,5,0,453)
r(22,4,0,454)
r(53,7,0,454)
r(74,3,0,455)
r(78,5,0,455)
w(32,2,0,456)
r(59,5,0,456)
r(55,8,0,457)
r(39,3,0,457)
w(68,4,0,458)
w(62,3,0,458)
w(5,8,0,459)
r(95,4,0,459)
r(15,9,0,460)
w(85,4,0,460)
r(82,5,0,461)
r(22,4,0,461)
r(80,5,0,462)
r(39,3,0,462)
w(7,6,0,463)
w(39,4,0,463)
w(23,7,0,464)
w(99,5,0,464)
w(27,8,0,465)
r(11,3,0,465)
r(94,5,0,466)
w(5,9,0,466)
r(39,4,0,467)
w(21,6,0,467)
r(98,2,0,468)
r(5,9,0,468)
r(49,1,0,469)
r(9,3,0,469)
w(81,5,0,470)
r(57,7,0,470)
w(82,6,0,471)
r(95,4,0,471)
w(54,6,0,472)
w(26,8,0,472)
r(51,10,0,473)
w(55,9,0,473)
w(38,4,0,474)
r(16,2,0,474)
w(77,7,0,475)
r(64,8,0,475)
w(3,4,0,476)
w(39,5,0,476)
r(86,2,0,477)
r(40,4,0,477)
r(69,5,0,478)
r(75,6,0,478)
w(42,5,0,479)
r(96,8,0,479)
r(82,6,0,480)
r(74,3,0,480)
w(20,3,0,481)
r(85,4,0,481)
r(51,10,0,482)
r(70,4,0,482)
r(86,2,0,483)
w(50,4,0,483)
w(69,6,0,484)
r(27,8,0,484)
r(69,6,0,485)
w(72,4,0,485)
w(61,5,0,486)
w(34,9,0,486)
r(1,5,0,487)
r(87,5,0,487)
w(69,7,0,488)
r(95,4,0,488)
w(87,6,0,489)
r(82,6,0,489)
r(32,2,0,490)
r(21,6,0,490)
r(85,4,0,491)
r(98,2,0,491)
r(77,7,0,492)
w(72,5,0,492)
w(59,6,0,493)
w(38,5,0,493)
r(11,3,0,494)
r(86,2,0,494)
w(82,7,0,495)
w(29,5,0,495)
w(70,5,0,496)
w(52,4,0,496)
w(55,10,0,497)
w(56,4,0,497)
w(82,8,0,498)
r(45,5,0,498)
w(29,6,0,499)
w(69,8,0,499)
w(58,3,1,500)
r(75,6,1,500)
r(46,4,1,501)
r(50,4,1,501)
r(74,3,1,502)
w(54,7,1,502)
w(12,5,1,503)
r(16,2,1,503)
w(77,8,1,504)
w(37,9,1,504)
w(58,4,1,505)
r(76,2,1,505)
r(78,5,1,506)
w(57,8,1,506)
r(34,9,1,507)
r(90,4,1,507)
r(83,4,1,508)
w(39,6,1,508)
w(5,10,1,509)
w(97,7,1,509)
r(59,6,1,510)
r(20,3,1,510)
w(17,9,1,511)
w(81,6,1,511)
w(44,6,1,512)
w(27,9,1,512)
r(41,2,1,513)
r(11,3,1,513)
w(74,4,1,514)
r(62,3,1,514)
w(9,4,1,515)
w(91,6,1,515)
w(64,9,1,516)
r(14,4,1,516)
r(96,8,1,517)
r(98,2,1,517)
w(75,7,1,518)
w(21,7,1,518)
w(75,8,1,519)
r(27,9,1,519)
r(19,5,1,520)
r(88,8,1,520)
r(87,6,1,521)
w(25,4,1,521)
r(18,5,1,522)
w(11,4,1,522)
r(35,5,1,523)
w(14,5,1,523)
r(52,4,1,524)
r(66,5,1,524)
w(40,5,1,525)
r(84,5,1,525)
w(51,11,1,526)
r(51,11,1,526)
w(55,11,1,527)
w(89,5,1,527)
w(7,7,1,528)
w(63,6,1,528)
r(89,5,1,529)
w(54,8,1,529)
w(9,5,1,530)
w(79,4,1,530)
r(32,2,1,531)
r(24,6,1,531)
w(51,12,1,532)
w(46,5,1,532)
r(50,4,1,533)
r(98,2,1,533)
w(66,6,1,534)
w(0,6,1,534)
w(15,10,1,535)
r(75,8,1,535)
w(89,6,1,536)
w(25,5,1,536)
r(68,4,1,537)
r(71,4,1,537)
w(26,9,1,538)
w(33,6,1,538)
w(22,5,1,539)
w(90,5,1,539)
r(93,3,1,540)
r(76,2,1,540)
r(39,6,1,541)
w(16,3,1,541)
r(23,7,1,542)
r(17,9,1,542)
r(87,6,1,543)
w(36,6,1,543)
r(87,6,1,544)
r(64,9,1,544)
w(10,5,1,545)
w(27,10,1,545)
w(99,6,1,546)
w(3,5,1,546)
w(2,3,1,547)
w(65,7,1,547)
w(70,6,1,548)
w(72,6,1,548)
r(39,6,1,549)
r(41,2,1,549)
w(36,7,1,550)
w(24,7,1,550)
r(52,4,1,551)
r(72,6,1,551)
r(67,3,1,552)
r(97,7,1,552)
r(35,5,1,553)
r(8,6,1,553)
r(68,4,1,554)
w(7,8,1,554)
r(31,1,1,555)
w(28,4,1,555)
w(85,5,1,556)
r(30,2,1,556)
r(99,6,1,557)
r(21,7,1,557)
r(11,4,1,558)
r(95,4,1,558)
r(26,9,1,559)
w(22,6,1,559)
r(78,5,1,560)
w(82,9,1,560)
r(22,6,1,561)
w(30,3,1,561)
r(26,9,1,562)
r(89,6,1,562)
w(63,7,1,563)
r(88,8,1,563)
w(49,2,1,564)
w(35,6,1,564)
w(25,6,1,565)
r(41,2,1,565)
w(15,11,1,566)
w(85,6,1,566)
r(82,9,1,567)
w(49,3,1,567)
r(43,4,1,568)
r(46,5,1,568)
r(93,3,1,569)
r(70,6,1,569)
r(16,3,1,570)
w(0,7,1,570)
w(27,11,1,571)
r(39,6,1,571)
w(22,7,1,572)
r(60,3,1,572)
w(52,5,1,573)
w(92,5,1,573)
w(9,6,1,574)
w(18,6,1,574)
w(87,7,1,575)
w(44,7,1,575)
r(94,5,1,576)
w(31,1,1,576)
w(21,8,1,577)
r(16,3,1,577)
w(85,7,1,578)
w(40,6,1,578)
w(84,6,1,579)
w(8,7,1,579)
r(60,3,1,580)
r(0,7,1,580)
r(56,4,1,581)
w(37,10,1,581)
r(12,5,1,582)
w(59,7,1,582)
r(12,5,1,583)
r(76,2,1,583)
r(11,4,1,584)
r(20,3,1,584)
w(28,5,1,585)
w(64,10,1,585)
w(33,7,1,586)
r(13,1,1,586)
r(26,9,1,587)
w(31,2,1,587)
r(49,3,1,588)
r(45,5,1,588)
w(82,10,1,589)
r(28,5,1,589)
w(37,11,1,590)
w(6,5,1,590)
r(24,7,1,591)
r(54,8,1,591)
r(31,2,1,592)
r(32,2,1,592)
w(40,7,1,593)
w(2,4,1,593)
r(97,7,1,594)
w(77,9,1,594)
w(77,10,1,595)
r(83,4,1,595)
w(58,5,1,596)
w(49,4,1,596)
w(41,3,1,597)
w(84,7,1,597)
w(45,6,1,598)
w(90,6,1,598)
r(48,9,1,599)
w(33,8,1,599)
r(80,5,1,600)
w(45,7,1,600)
r(88,8,1,601)
r(15,11,1,601)
r(61,5,1,602)
w(94,6,1,602)
w(7,9,1,603)
r(93,3,1,603)
w(37,12,1,604)
w(78,6,1,604)
r(95,4,1,605)
r(29,6,1,605)
r(60,3,1,606)
r(47,5,1,606)
r(2,4,1,607)
w(53,8,1,607)
r(21,8,1,608)
w(26,10,1,608)
w(53,9,1,609)
r(59,7,1,609)
w(3,6,1,610)
r(9,6,1,610)
w(68,5,1,611)
w(39,7,1,611)
w(34,10,1,612)
r(38,5,1,612)
r(35,6,1,613)
r(4,5,1,613)
r(87,7,1,614)
r(73,4,1,614)
r(37,12,1,615)
w(45,8,1,615)
r(97,7,1,616)
w(12,6,1,616)
w(11,5,1,617)
r(28,5,1,617)
r(11,5,1,618)
r(70,6,1,618)
w(30,4,1,619)
w(39,8,1,619)
r(52,5,1,620)
w(71,5,1,620)
r(16,3,1,621)
w(32,3,1,621)
r(17,9,1,622)
w(64,11,1,622)
w(55,12,1,623)
r(69,8,1,623)
r(51,12,1,624)
r(74,4,1,624)
r(87,7,1,625)
w(60,4,1,625)
r(16,3,1,626)
r(93,3,1,626)
w(1,6,1,627)
r(30,4,1,627)
r(13,1,1,628)
r(23,7,1,628)
r(64,11,1,629)
r(38,5,1,629)
w(49,5,1,630)
r(86,2,1,630)
w(3,7,1,631)
w(11,6,1,631)
r(86,2,1,632)
r(13,1,1,632)
r(39,8,1,633)
r(66,6,1,633)
r(30,4,1,634)
r(24,7,1,634)
r(39,8,1,635)
w(59,8,1,635)
r(29,6,1,636)
r(19,5,1,636)
r(51,12,1,637)
r(71,5,1,637)
r(5,10,1,638)
r(85,7,1,638)
r(74,4,1,639)
w(12,7,1,639)
w(16,4,1,640)
r(41,3,1,640)
r(92,5,1,641)
r(99,6,1,641)
r(46,5,1,642)
w(33,9,1,642)
w(31,3,1,643)
w(11,7,1,643)
r(48,9,1,644)
w(62,4,1,644)
r(20,3,1,645)
w(17,10,1,645)
r(48,9,1,646)
r(57,8,1,646)
w(87,8,1,647)
r(37,12,1,647)
r(40,7,1,648)
r(68,5,1,648)
r(44,7,1,649)
w(87,9,1,649)
w(6,6,1,650)
r(91,6,1,650)
w(33,10,1,651)
r(45,8,1,651)
r(35,6,1,652)
w(77,11,1,652)
r(3,7,1,653)
r(24,7,1,653)
r(98,2,1,654)
w(81,7,1,654)
r(12,7,1,655)
w(31,4,1,655)
r(43,4,1,656)
r(18,6,1,656)
r(34,10,1,657)
r(68,5,1,657)
w(41,4,1,658)
w(92,6,1,658)
r(99,6,1,659)
w(60,5,1,659)
w(36,8,1,660)
w(52,6,1,660)
w(37,13,1,661)
r(0,7,1,661)
w(58,6,1,662)
w(54,9,1,662)
r(54,9,1,663)
r(9,6,1,663)
r(2,4,1,664)
w(39,9,1,664)
w(9,7,1,665)
w(91,7,1,665)
r(57,8,1,666)
r(41,4,1,666)
r(74,4,1,667)
w(97,8,1,667)
r(0,7,1,668)
w(55,13,1,668)
r(31,4,1,669)
r(52,6,1,669)
r(12,7,1,670)
w(44,8,1,670)
r(10,5,1,671)
w(48,10,1,671)
w(4,6,1,672)
w(29,7,1,672)
r(28,5,1,673)
r(50,4,1,673)
r(80,5,1,674)
w(11,8,1,674)
w(46,6,1,675)
r(78,6,1,675)
r(76,2,1,676)
r(37,13,1,676)
r(71,5,1,677)
r(30,4,1,677)
r(56,4,1,678)
r(85,7,1,678)
w(48,11,1,679)
w(90,7,1,679)
r(39,9,1,680)
r(61,5,1,680)
w(86,3,1,681)
w(86,4,1,681)
w(97,9,1,682)
w(9,8,1,682)
r(30,4,1,683)
r(65,7,1,683)
w(95,5,1,684)
r(43,4,1,684)
r(22,7,1,685)
w(94,7,1,685)
w(65,8,1,686)
r(28,5,1,686)
r(16,4,1,687)
w(35,7,1,687)
w(45,9,1,688)
w(68,6,1,688)
r(38,5,1,689)
r(12,7,1,689)
r(75,8,1,690)
r(27,11,1,690)
w(16,5,1,691)
w(68,7,1,691)
r(45,9,1,692)
r(18,6,1,692)
w(57,9,1,693)
r(96,8,1,693)
r(84,7,1,694)
w(90,8,1,694)
w(11,9,1,695)
r(46,6,1,695)
r(59,8,1,696)
r(22,7,1,696)
w(92,7,1,697)
r(2,4,1,697)
w(47,6,1,698)
w(37,14,1,698)
r(2,4,1,699)
w(8,8,1,699)
w(89,7,1,700)
r(29,7,1,700)
r(22,7,1,701)
w(98,3,1,701)
w(12,8,1,702)
w(39,10,1,702)
w(43,5,1,703)
r(91,7,1,703)
r(67,3,1,704)
r(69,8,1,704)
r(37,14,1,705)
r(61,5,1,705)
w(29,8,1,706)
r(65,8,1,706)
w(36,9,1,707)
r(34,10,1,707)
r(92,7,1,708)
w(32,4,1,708)
w(2,5,1,709)
r(18,6,1,709)
w(12,9,1,710)
w(73,5,1,710)
w(39,11,1,711)
r(74,4,1,711)
w(30,5,1,712)
w(53,10,1,712)
w(98,4,1,713)
r(47,6,1,713)
w(2,6,1,714)
r(65,8,1,714)
w(28,6,1,715)
r(99,6,1,715)
w(24,8,1,716)
r(13,1,1,716)
r(39,11,1,717)
w(81,8,1,717)
r(45,9,1,718)
w(19,6,1,718)
w(8,9,1,719)
w(92,8,1,719)
w(62,5,1,720)
r(9,8,1,720)
r(12,9,1,721)
r(92,8,1,721)
w(22,8,1,722)
w(89,8,1,722)
w(17,11,1,723)
r(81,8,1,723)
w(14,6,1,724)
w(82,11,1,724)
r(85,7,1,725)
w(7,10,1,725)
w(85,8,1,726)
r(32,4,1,726)
w(52,7,1,727)
r(89,8,1,727)
r(52,7,1,728)
w(90,9,1,728)
r(14,6,1,729)
r(31,4,1,729)
w(73,6,1,730)
w(31,5,1,730)
w(47,7,1,731)
w(71,6,1,731)
r(89,8,1,732)
w(11,10,1,732)
r(85,8,1,733)
w(44,9,1,733)
r(45,9,1,734)
w(12,10,1,734)
r(43,5,1,735)
w(1,7,1,735)
r(7,10,1,736)
w(72,7,1,736)
w(18,7,1,737)
r(27,11,1,737)
w(0,8,1,738)
r(16,5,1,738)
r(95,5,1,739)
w(6,7,1,739)
r(14,6,1,740)
w(46,7,1,740)
r(3,7,1,741)
r(13,1,1,741)
r(16,5,1,742)
r(78,6,1,742)
w(32,5,1,743)
w(51,13,1,743)
w(32,6,1,744)
w(36,10,1,744)
w(65,9,1,745)
w(3,8,1,745)
w(33,11,1,746)
r(27,11,1,746)
w(40,8,1,747)
w(94,8,1,747)
w(21,9,1,748)
r(32,6,1,748)
w(9,9,1,749)
r(92,8,1,749)
r(41,4,1,750)
w(63,8,1,750)
r(38,5,1,751)
r(93,3,1,751)
w(53,11,1,752)
r(37,14,1,752)
w(89,9,1,753)
w(41,5,1,753)
w(26,11,1,754)
r(21,9,1,754)
r(12,10,1,755)
w(83,5,1,755)
w(13,2,1,756)
w(12,11,1,756)
w(83,6,1,757)
r(34,10,1,757)
r(28,6,1,758)
r(29,8,1,758)
r(43,5,1,759)
w(60,6,1,759)
w(91,8,1,760)
w(2,7,1,760)
r(1,7,1,761)
r(16,5,1,761)
w(81,9,1,762)
r(86,4,1,762)
w(11,11,1,763)
w(38,6,1,763)
w(50,5,1,764)
w(23,8,1,764)
w(0,9,1,765)
r(20,3,1,765)
w(31,6,1,766)
w(38,7,1,766)
w(68,8,1,767)
r(98,4,1,767)
w(59,9,1,768)
w(70,7,1,768)
r(71,6,1,769)
r(99,6,1,769)
r(6,7,1,770)
w(14,7,1,770)
r(10,5,1,771)
w(72,8,1,771)
w(59,10,1,772)
w(32,7,1,772)
r(19,6,1,773)
w(86,5,1,773)
r(3,8,1,774)
r(21,9,1,774)
w(49,6,1,775)
r(15,11,1,775)
w(73,7,1,776)
r(55,13,1,776)
r(53,11,1,777)
w(99,7,1,777)
w(39,12,1,778)
r(76,2,1,778)
r(63,8,1,779)
r(88,8,1,779)
r(59,10,1,780)
w(91,9,1,780)
r(21,9,1,781)
r(54,9,1,781)
r(8,9,1,782)
w(4,7,1,782)
w(68,9,1,783)
r(35,7,1,783)
w(20,4,1,784)
w(55,14,1,784)
w(94,9,1,785)
w(17,12,1,785)
r(2,7,1,786)
r(22,8,1,786)
r(87,9,1,787)
w(99,8,1,787)
w(67,4,1,788)
w(45,10,1,788)
r(68,9,1,789)
r(13,2,1,789)
w(54,10,1,790)
r(87,9,1,790)
w(75,9,1,791)
w(27,12,1,791)
w(68,10,1,792)
r(10,5,1,792)
r(74,4,1,793)
w(8,10,1,793)
w(38,8,1,794)
w(59,11,1,794)
w(99,9,1,795)
w(63,9,1,795)
r(52,7,1,796)
r(88,8,1,796)
r(49,6,1,797)
w(34,11,1,797)
w(95,6,1,798)
w(80,6,1,798)
w(73,8,1,799)
r(86,5,1,799)
r(61,5,1,800)
r(73,8,1,800)
r(99,9,1,801)
w(76,3,1,801)
r(35,7,1,802)
w(52,8,1,802)
r(17,12,1,803)
w(44,10,1,803)
r(94,9,1,804)
r(11,11,1,804)
r(58,6,1,805)
r(43,5,1,805)
r(37,14,1,806)
w(71,7,1,806)
w(68,11,1,807)
w(17,13,1,807)
r(49,6,1,808)
r(66,6,1,808)
r(93,3,1,809)
r(67,4,1,809)
r(91,9,1,810)
w(2,8,1,810)
w(66,7,1,811)
r(46,7,1,811)
r(91,9,1,812)
w(51,14,1,812)
r(63,9,1,813)
r(91,9,1,813)
w(25,7,1,814)
r(76,3,1,814)
r(55,14,1,815)
r(6,7,1,815)
r(57,9,1,816)
r(42,5,1,816)
r(60,6,1,817)
w(81,10,1,817)
r(19,6,1,818)
r(98,4,1,818)
w(19,7,1,819)
r(62,5,1,819)
r(64,11,1,820)
w(24,9,1,820)
r(14,7,1,821)
w(97,10,1,821)
w(78,7,1,822)
r(13,2,1,822)
w(91,10,1,823)
r(59,11,1,823)
w(82,12,1,824)
w(37,15,1,824)
w(98,5,1,825)
r(18,7,1,825)
w(6,8,1,826)
r(18,7,1,826)
r(35,7,1,827)
r(95,6,1,827)
w(28,7,1,828)
r(20,4,1,828)
w(14,8,1,829)
w(36,11,1,829)
w(10,6,1,830)
w(93,4,1,830)
r(96,8,1,831)
r(0,9,1,831)
r(2,8,1,832)
r(40,8,1,832)
r(28,7,1,833)
w(83,7,1,833)
r(83,7,1,834)
w(55,15,1,834)
r(99,9,1,835)
w(64,12,1,835)
w(77,12,1,836)
w(61,6,1,836)
w(54,11,1,837)
w(98,6,1,837)
r(3,8,1,838)
r(49,6,1,838)
w(35,8,1,839)
r(31,6,1,839)
w(72,9,1,840)
r(44,10,1,840)
w(41,6,1,841)
r(26,11,1,841)
w(11,12,1,842)
r(22,8,1,842)
r(26,11,1,843)
w(7,11,1,843)
w(31,7,1,844)
w(54,12,1,844)
r(80,6,1,845)
r(9,9,1,845)
r(80,6,1,846)
r(23,8,1,846)
w(2,9,1,847)
r(27,12,1,847)
r(53,11,1,848)
r(30,5,1,848)
r(3,8,1,849)
r(14,8,1,849)
w(90,10,1,850)
r(47,7,1,850)
w(5,11,1,851)
w(75,10,1,851)
r(73,8,1,852)
w(81,11,1,852)
w(89,10,1,853)
w(69,9,1,853)
r(63,9,1,854)
r(60,6,1,854)
r(64,12,1,855)
w(34,12,1,855)
r(32,7,1,856)
w(29,9,1,856)
r(3,8,1,857)
r(46,7,1,857)
r(93,4,1,858)
r(64,12,1,858)
w(41,7,1,859)
r(29,9,1,859)
r(3,8,1,860)
r(71,7,1,860)
r(21,9,1,861)
r(76,3,1,861)
r(82,12,1,862)
r(29,9,1,862)
r(90,10,1,863)
r(29,9,1,863)
w(66,8,1,864)
r(71,7,1,864)
r(98,6,1,865)
w(52,9,1,865)
r(80,6,1,866)
w(59,12,1,866)
r(17,13,1,867)
r(51,14,1,867)
r(75,10,1,868)
w(45,11,1,868)
r(23,8,1,869)
r(70,7,1,869)
r(40,8,1,870)
r(72,9,1,870)
w(22,9,1,871)
r(80,6,1,871)
r(42,5,1,872)
r(5,11,1,872)
w(24,10,1,873)
w(98,7,1,873)
r(12,11,1,874)
w(4,8,1,874)
r(87,9,1,875)
w(52,10,1,875)
r(63,9,1,876)
w(49,7,1,876)
r(64,12,1,877)
w(35,9,1,877)
r(7,11,1,878)
r(65,9,1,878)
r(90,10,1,879)
w(41,8,1,879)
w(86,6,1,880)
w(29,10,1,880)
w(74,5,1,881)
r(82,12,1,881)
w(53,12,1,882)
r(59,12,1,882)
r(1,7,1,883)
w(3,9,1,883)
w(68,12,1,884)
w(70,8,1,884)
w(73,9,1,885)
w(98,8,1,885)
r(61,6,1,886)
r(28,7,1,886)
w(24,11,1,887)
w(72,10,1,887)
r(45,11,1,888)
r(87,9,1,888)
r(93,4,1,889)
w(28,8,1,889)
r(34,12,1,890)
w(93,5,1,890)
r(64,12,1,891)
w(0,10,1,891)
w(53,13,1,892)
r(0,10,1,892)
r(54,12,1,893)
w(27,13,1,893)
w(78,8,1,894)
w(79,5,1,894)
w(42,6,1,895)
r(35,9,1,895)
r(23,8,1,896)
r(66,8,1,896)
w(68,13,1,897)
r(41,8,1,897)
w(44,11,1,898)
r(43,5,1,898)
r(23,8,1,899)
w(59,13,1,899)
w(26,12,1,900)
w(38,9,1,900)
w(63,10,1,901)
r(98,8,1,901)
r(35,9,1,902)
w(5,12,1,902)
r(3,9,1,903)
r(89,10,1,903)
w(74,6,1,904)
w(64,13,1,904)
w(27,14,1,905)
w(31,8,1,905)
r(15,11,1,906)
r(0,10,1,906)
w(11,13,1,907)
w(54,13,1,907)
r(75,10,1,908)
r(40,8,1,908)
r(69,9,1,909)
r(41,8,1,909)
w(70,9,1,910)
w(73,10,1,910)
r(16,5,1,911)
r(27,14,1,911)
r(98,8,1,912)
r(2,9,1,912)
w(27,15,1,913)
w(36,12,1,913)
r(39,12,1,914)
w(72,11,1,914)
w(86,7,1,915)
r(65,9,1,915)
w(0,11,1,916)
w(56,5,1,916)
w(44,12,1,917)
w(33,12,1,917)
r(91,10,1,918)
w(41,9,1,918)
w(98,9,1,919)
r(23,8,1,919)
r(87,9,1,920)
w(37,16,1,920)
w(86,8,1,921)
r(84,7,1,921)
w(62,6,1,922)
r(98,9,1,922)
w(3,10,1,923)
r(92,8,1,923)
r(96,8,1,924)
r(54,13,1,924)
r(65,9,1,925)
w(28,9,1,925)
w(37,17,1,926)
r(50,5,1,926)
w(83,8,1,927)
w(4,9,1,927)
w(78,9,1,928)
r(33,12,1,928)
r(18,7,1,929)
w(20,5,1,929)
w(8,11,1,930)
w(86,9,1,930)
w(39,13,1,931)
r(69,9,1,931)
r(7,11,1,932)
r(26,12,1,932)
w(53,14,1,933)
w(42,7,1,933)
w(98,10,1,934)
w(84,8,1,934)
w(11,14,1,935)
w(94,10,1,935)
r(7,11,1,936)
w(17,14,1,936)
w(16,6,1,937)
r(33,12,1,937)
r(1,7,1,938)
w(48,12,1,938)
w(15,12,1,939)
w(97,11,1,939)
w(11,15,1,940)
w(23,9,1,940)
w(45,12,1,941)
r(80,6,1,941)
r(13,2,1,942)
r(30,5,1,942)
w(6,9,1,943)
w(67,5,1,943)
w(0,12,1,944)
r(28,9,1,944)
w(58,7,1,945)
w(87,10,1,945)
w(60,7,1,946)
r(92,8,1,946)
r(90,10,1,947)
w(15,13,1,947)
r(99,9,1,948)
w(99,10,1,948)
r(83,8,1,949)
w(84,9,1,949)
w(20,6,1,950)
w(51,15,1,950)
r(5,12,1,951)
w(99,11,1,951)
r(27,15,1,952)
r(93,5,1,952)
r(29,10,1,953)
w(5,13,1,953)
w(88,9,1,954)
w(64,14,1,954)
w(16,7,1,955)
w(45,13,1,955)
w(91,11,1,956)
r(54,13,1,956)
r(79,5,1,957)
r(6,9,1,957)
r(80,6,1,958)
w(11,16,1,958)
r(91,11,1,959)
r(44,12,1,959)
w(53,15,1,960)
w(75,11,1,960)
r(32,7,1,961)
r(84,9,1,961)
w(9,10,1,962)
w(38,10,1,962)
w(34,13,1,963)
r(58,7,1,963)
r(70,9,1,964)
w(99,12,1,964)
w(20,7,1,965)
w(39,14,1,965)
w(5,14,1,966)
r(99,12,1,966)
r(33,12,1,967)
r(17,14,1,967)
r(26,12,1,968)
w(82,13,1,968)
r(16,7,1,969)
w(73,11,1,969)
w(58,8,1,970)
w(89,11,1,970)
w(51,16,1,971)
r(87,10,1,971)
r(83,8,1,972)
w(73,12,1,972)
w(46,8,1,973)
r(68,13,1,973)
w(2,10,1,974)
w(64,15,1,974)
r(39,14,1,975)
r(49,7,1,975)
r(17,14,1,976)
w(77,13,1,976)
r(56,5,1,977)
w(4,10,1,977)
r(71,7,1,978)
w(69,10,1,978)
w(29,11,1,979)
w(53,16,1,979)
w(22,10,1,980)
w(60,8,1,980)
w(45,14,1,981)
w(55,16,1,981)
r(84,9,1,982)
r(0,12,1,982)
w(78,10,1,983)
r(8,11,1,983)
r(16,7,1,984)
r(71,7,1,984)
r(1,7,1,985)
r(30,5,1,985)
r(87,10,1,986)
r(9,10,1,986)
w(97,12,1,987)
r(51,16,1,987)
r(64,15,1,988)
w(52,11,1,988)
w(33,13,1,989)
w(33,14,1,989)
r(70,9,1,990)
r(23,9,1,990)
w(6,10,1,991)
r(89,11,1,991)
r(1,7,1,992)
r(53,16,1,992)
w(48,13,1,993)
r(35,9,1,993)
r(74,6,1,994)
r(37,17,1,994)
w(54,14,1,995)
r(41,9,1,995)
w(16,8,1,996)
r(77,13,1,996)
r(53,16,1,997)
w(15,14,1,997)
r(7,11,1,998)
r(13,2,1,998)
r(16,8,1,999)
r(24,11,1,999)
r(43,5,2,1000)
w(21,10,2,1000)
w(53,17,2,1001)
r(97,12,2,1001)
w(70,10,2,1002)
w(87,11,2,1002)
r(19,7,2,1003)
r(39,14,2,1003)
w(2,11,2,1004)
w(92,9,2,1004)
r(3,10,2,1005)
w(37,18,2,1005)
r(66,8,2,1006)
r(3,10,2,1006)
r(69,10,2,1007)
r(7,11,2,1007)
r(13,2,2,1008)
r(35,9,2,1008)
r(21,10,2,1009)
r(56,5,2,1009)
r(31,8,2,1010)
w(51,17,2,1010)
r(83,8,2,1011)
w(81,12,2,1011)
r(29,11,2,1012)
w(76,4,2,1012)
r(80,6,2,1013)
w(16,9,2,1013)
w(17,15,2,1014)
r(97,12,2,1014)
r(11,16,2,1015)
w(65,10,2,1015)
w(2,12,2,1016)
r(58,8,2,1016)
w(99,13,2,1017)
w(53,18,2,1017)
r(91,11,2,1018)
r(33,14,2,1018)
r(68,13,2,1019)
w(99,14,2,1019)
w(23,10,2,1020)
r(3,10,2,1020)
r(8,11,2,1021)
w(9,11,2,1021)
r(79,5,2,1022)
r(79,5,2,1022)
r(99,14,2,1023)
r(88,9,2,1023)
r(43,5,2,1024)
w(32,8,2,1024)
r(90,10,2,1025)
w(49,8,2,1025)
w(92,10,2,1026)
w(65,11,2,1026)
w(23,11,2,1027)
w(38,11,2,1027)
r(34,13,2,1028)
w(37,19,2,1028)
r(72,11,2,1029)
w(1,8,2,1029)
r(10,6,2,1030)
r(15,14,2,1030)
r(65,11,2,1031)
w(46,9,2,1031)
w(8,12,2,1032)
w(85,9,2,1032)
w(26,13,2,1033)
w(15,15,2,1033)
r(81,12,2,1034)
w(99,15,2,1034)
w(19,8,2,1035)
r(44,12,2,1035)
r(68,13,2,1036)
w(60,9,2,1036)
w(38,12,2,1037)
w(30,6,2,1037)
r(98,10,2,1038)
w(93,6,2,1038)
r(0,12,2,1039)
r(25,7,2,1039)
r(41,9,2,1040)
r(50,5,2,1040)
w(45,15,2,1041)
r(85,9,2,1041)
w(33,15,2,1042)
r(40,8,2,1042)
r(77,13,2,1043)
r(60,9,2,1043)
r(75,11,2,1044)
w(94,11,2,1044)
w(22,11,2,1045)
w(42,8,2,1045)
r(68,13,2,1046)
r(99,15,2,1046)
r(64,15,2,1047)
w(57,10,2,1047)
w(85,10,2,1048)
r(74,6,2,1048)
r(75,11,2,1049)
r(47,7,2,1049)
r(77,13,2,1050)
w(20,8,2,1050)
r(40,8,2,1051)
r(33,15,2,1051)
r(4,10,2,1052)
r(38,12,2,1052)
r(71,7,2,1053)
w(97,13,2,1053)
r(96,8,2,1054)
w(18,8,2,1054)
r(47,7,2,1055)
r(68,13,2,1055)
r(27,15,2,1056)
w(26,14,2,1056)
r(67,5,2,1057)
w(71,8,2,1057)
w(10,7,2,1058)
r(67,5,2,1058)
r(81,12,2,1059)
w(78,11,2,1059)
r(53,18,2,1060)
r(8,12,2,1060)
w(20,9,2,1061)
r(49,8,2,1061)
w(27,16,2,1062)
r(54,14,2,1062)
r(24,11,2,1063)
w(62,7,2,1063)
r(45,15,2,1064)
w(80,7,2,1064)
w(46,10,2,1065)
w(94,12,2,1065)
w(58,9,2,1066)
w(56,6,2,1066)
w(96,9,2,1067)
w(31,9,2,1067)
w(37,20,2,1068)
r(43,5,2,1068)
w(23,12,2,1069)
r(9,11,2,1069)
w(54,15,2,1070)
w(70,11,2,1070)
w(57,11,2,1071)
w(80,8,2,1071)
r(87,11,2,1072)
w(15,16,2,1072)
r(8,12,2,1073)
r(69,10,2,1073)
r(50,5,2,1074)
r(88,9,2,1074)
w(6,11,2,1075)
r(88,9,2,1075)
w(82,14,2,1076)
r(40,8,2,1076)
r(16,9,2,1077)
w(98,11,2,1077)
w(24,12,2,1078)
w(81,13,2,1078)
w(15,17,2,1079)
r(32,8,2,1079)
r(17,15,2,1080)
w(13,3,2,1080)
w(56,7,2,1081)
w(56,8,2,1081)
w(72,12,2,1082)
w(77,14,2,1082)
r(38,12,2,1083)
r(52,11,2,1083)
w(42,9,2,1084)
w(92,11,2,1084)
w(65,12,2,1085)
w(9,12,2,1085)
w(7,12,2,1086)
r(83,8,2,1086)
r(63,10,2,1087)
w(58,10,2,1087)
r(67,5,2,1088)
w(14,9,2,1088)
r(48,13,2,1089)
r(84,9,2,1089)
r(52,11,2,1090)
r(94,12,2,1090)
r(14,9,2,1091)
r(12,11,2,1091)
r(17,15,2,1092)
w(6,12,2,1092)
w(46,11,2,1093)
r(15,17,2,1093)
r(60,9,2,1094)
r(35,9,2,1094)
w(14,10,2,1095)
r(7,12,2,1095)
r(30,6,2,1096)
w(11,17,2,1096)
w(52,12,2,1097)
w(78,12,2,1097)
r(49,8,2,1098)
w(12,12,2,1098)
r(43,5,2,1099)
w(66,9,2,1099)
r(84,9,2,1100)
r(22,11,2,1100)
r(76,4,2,1101)
r(83,8,2,1101)
w(85,11,2,1102)
w(9,13,2,1102)
w(16,10,2,1103)
r(95,6,2,1103)
r(36,12,2,1104)
r(16,10,2,1104)
r(22,11,2,1105)
w(14,11,2,1105)
r(14,11,2,1106)
w(93,7,2,1106)
w(61,7,2,1107)
w(27,17,2,1107)
w(3,11,2,1108)
w(54,16,2,1108)
w(22,12,2,1109)
w(57,12,2,1109)
w(59,14,2,1110)
r(41,9,2,1110)
r(35,9,2,1111)
r(17,15,2,1111)
r(43,5,2,1112)
w(6,13,2,1112)
w(35,10,2,1113)
r(18,8,2,1113)
r(48,13,2,1114)
w(3,12,2,1114)
r(4,10,2,1115)
r(14,11,2,1115)
w(30,7,2,1116)
r(25,7,2,1116)
w(23,13,2,1117)
r(36,12,2,1117)
r(54,16,2,1118)
r(2,12,2,1118)
r(62,7,2,1119)
w(21,11,2,1119)
w(50,6,2,1120)
w(42,10,2,1120)
w(4,11,2,1121)
r(7,12,2,1121)
w(76,5,2,1122)
r(23,13,2,1122)
w(95,7,2,1123)
w(27,18,2,1123)
w(43,6,2,1124)
w(71,9,2,1124)
w(23,14,2,1125)
r(63,10,2,1125)
r(21,11,2,1126)
w(26,15,2,1126)
w(14,12,2,1127)
w(67,6,2,1127)
w(35,11,2,1128)
w(78,13,2,1128)
w(47,8,2,1129)
r(6,13,2,1129)
r(53,18,2,1130)
w(68,14,2,1130)
w(11,18,2,1131)
w(24,13,2,1131)
r(85,11,2,1132)
w(17,16,2,1132)
w(81,14,2,1133)
r(81,14,2,1133)
w(31,10,2,1134)
r(37,20,2,1134)
r(38,12,2,1135)
r(5,14,2,1135)
r(4,11,2,1136)
w(68,15,2,1136)
w(33,16,2,1137)
r(5,14,2,1137)
r(44,12,2,1138)
r(94,12,2,1138)
r(52,12,2,1139)
r(9,13,2,1139)
r(49,8,2,1140)
w(7,13,2,1140)
w(31,11,2,1141)
r(59,14,2,1141)
w(23,15,2,1142)
w(25,8,2,1142)
r(14,12,2,1143)
r(85,11,2,1143)
r(62,7,2,1144)
w(21,12,2,1144)
w(43,7,2,1145)
w(85,12,2,1145)
r(68,15,2,1146)
w(11,19,2,1146)
r(43,7,2,1147)
w(21,13,2,1147)
w(61,8,2,1148)
w(71,10,2,1148)
r(18,8,2,1149)
w(81,15,2,1149)
r(60,9,2,1150)
w(35,12,2,1150)
r(73,12,2,1151)
r(84,9,2,1151)
w(77,15,2,1152)
w(66,10,2,1152)
r(78,13,2,1153)
w(50,7,2,1153)
w(6,14,2,1154)
r(63,10,2,1154)
r(13,3,2,1155)
r(8,12,2,1155)
w(66,11,2,1156)
r(72,12,2,1156)
r(29,11,2,1157)
w(27,19,2,1157)
r(89,11,2,1158)
r(18,8,2,1158)
r(77,15,2,1159)
w(62,8,2,1159)
r(79,5,2,1160)
w(0,13,2,1160)
r(8,12,2,1161)
r(59,14,2,1161)
w(28,10,2,1162)
w(19,9,2,1162)
r(90,10,2,1163)
w(58,11,2,1163)
w(61,9,2,1164)
r(94,12,2,1164)
w(65,13,2,1165)
w(30,8,2,1165)
r(29,11,2,1166)
w(67,7,2,1166)
r(99,15,2,1167)
w(96,10,2,1167)
w(43,8,2,1168)
r(11,19,2,1168)
w(41,10,2,1169)
w(97,14,2,1169)
w(75,12,2,1170)
w(46,12,2,1170)
r(78,13,2,1171)
r(41,10,2,1171)
w(48,14,2,1172)
w(28,11,2,1172)
r(67,7,2,1173)
r(37,20,2,1173)
w(21,14,2,1174)
r(87,11,2,1174)
r(32,8,2,1175)
r(11,19,2,1175)
r(30,8,2,1176)
r(90,10,2,1176)
w(81,16,2,1177)
w(93,8,2,1177)
r(8,12,2,1178)
w(65,14,2,1178)
r(55,16,2,1179)
r(79,5,2,1179)
w(40,9,2,1180)
w(93,9,2,1180)
r(60,9,2,1181)
w(44,13,2,1181)
w(51,18,2,1182)
r(73,12,2,1182)
w(95,8,2,1183)
w(63,11,2,1183)
w(62,9,2,1184)
w(37,21,2,1184)
r(46,12,2,1185)
r(84,9,2,1185)
r(41,10,2,1186)
r(63,11,2,1186)
r(78,13,2,1187)
w(67,8,2,1187)
w(1,9,2,1188)
w(39,15,2,1188)
w(51,19,2,1189)
r(91,11,2,1189)
r(9,13,2,1190)
w(25,9,2,1190)
w(76,6,2,1191)
r(55,16,2,1191)
r(82,14,2,1192)
r(77,15,2,1192)
w(81,17,2,1193)
w(12,13,2,1193)
w(2,13,2,1194)
w(28,12,2,1194)
w(75,13,2,1195)
r(54,16,2,1195)
w(59,15,2,1196)
w(1,10,2,1196)
w(83,9,2,1197)
r(82,14,2,1197)
w(67,9,2,1198)
r(48,14,2,1198)
w(78,14,2,1199)
w(20,10,2,1199)
w(68,16,2,1200)
w(58,12,2,1200)
w(32,9,2,1201)
r(16,10,2,1201)
w(50,8,2,1202)
r(96,10,2,1202)
w(66,12,2,1203)
r(46,12,2,1203)
w(16,11,2,1204)
w(87,12,2,1204)
r(57,12,2,1205)
r(49,8,2,1205)
w(99,16,2,1206)
r(2,13,2,1206)
r(60,9,2,1207)
w(65,15,2,1207)
w(79,6,2,1208)
w(66,13,2,1208)
r(9,13,2,1209)
w(34,14,2,1209)
r(63,11,2,1210)
r(71,10,2,1210)
w(39,16,2,1211)
r(12,13,2,1211)
w(69,11,2,1212)
w(46,13,2,1212)
r(3,12,2,1213)
w(29,12,2,1213)
r(29,12,2,1214)
w(77,16,2,1214)
w(37,22,2,1215)
r(73,12,2,1215)
r(63,11,2,1216)
r(50,8,2,1216)
w(75,14,2,1217)
r(21,14,2,1217)
r(96,10,2,1218)
w(79,7,2,1218)
r(43,8,2,1219)
w(41,11,2,1219)
w(72,13,2,1220)
w(83,10,2,1220)
r(60,9,2,1221)
r(56,8,2,1221)
r(0,13,2,1222)
r(59,15,2,1222)
w(64,16,2,1223)
r(67,9,2,1223)
r(85,12,2,1224)
r(41,11,2,1224)
r(46,13,2,1225)
w(28,13,2,1225)
r(85,12,2,1226)
r(22,12,2,1226)
r(6,14,2,1227)
w(49,9,2,1227)
r(11,19,2,1228)
w(1,11,2,1228)
r(22,12,2,1229)
w(62,10,2,1229)
w(81,18,2,1230)
r(68,16,2,1230)
r(7,13,2,1231)
r(94,12,2,1231)
r(16,11,2,1232)
r(95,8,2,1232)
w(65,16,2,1233)
r(4,11,2,1233)
r(80,8,2,1234)
r(75,14,2,1234)
r(94,12,2,1235)
w(92,12,2,1235)
r(49,9,2,1236)
w(99,17,2,1236)
w(46,14,2,1237)
r(97,14,2,1237)
r(82,14,2,1238)
r(67,9,2,1238)
r(79,7,2,1239)
r(98,11,2,1239)
w(55,17,2,1240)
w(59,16,2,1240)
r(90,10,2,1241)
w(5,15,2,1241)
r(85,12,2,1242)
r(9,13,2,1242)
w(11,20,2,1243)
r(79,7,2,1243)
w(48,15,2,1244)
r(18,8,2,1244)
w(57,13,2,1245)
r(85,12,2,1245)
r(2,13,2,1246)
w(99,18,2,1246)
r(85,12,2,1247)
r(73,12,2,1247)
r(47,8,2,1248)
r(62,10,2,1248)
w(14,13,2,1249)
w(79,8,2,1249)
r(3,12,2,1250)
r(7,13,2,1250)
w(16,12,2,1251)
w(31,12,2,1251)
w(97,15,2,1252)
r(65,16,2,1252)
w(1,12,2,1253)
r(51,19,2,1253)
r(26,15,2,1254)
r(23,15,2,1254)
w(98,12,2,1255)
w(19,10,2,1255)
r(21,14,2,1256)
r(63,11,2,1256)
r(6,14,2,1257)
r(28,13,2,1257)
r(94,12,2,1258)
r(89,11,2,1258)
r(63,11,2,1259)
w(55,18,2,1259)
w(71,11,2,1260)
w(35,13,2,1260)
r(52,12,2,1261)
r(79,8,2,1261)
w(39,17,2,1262)
w(45,16,2,1262)
r(54,16,2,1263)
w(70,12,2,1263)
w(20,11,2,1264)
w(65,17,2,1264)
w(75,15,2,1265)
w(49,10,2,1265)
r(68,16,2,1266)
w(63,12,2,1266)
w(70,13,2,1267)
w(85,13,2,1267)
w(87,13,2,1268)
r(62,10,2,1268)
r(47,8,2,1269)
r(66,13,2,1269)
w(78,15,2,1270)
w(97,16,2,1270)
r(89,11,2,1271)
w(74,7,2,1271)
w(61,10,2,1272)
r(24,13,2,1272)
r(56,8,2,1273)
r(63,12,2,1273)
w(68,17,2,1274)
r(26,15,2,1274)
w(0,14,2,1275)
w(38,13,2,1275)
r(72,13,2,1276)
w(19,11,2,1276)
w(1,13,2,1277)
w(80,9,2,1277)
w(75,16,2,1278)
w(27,20,2,1278)
r(58,12,2,1279)
w(62,11,2,1279)
r(96,10,2,1280)
w(70,14,2,1280)
r(27,20,2,1281)
r(96,10,2,1281)
r(30,8,2,1282)
w(43,9,2,1282)
w(35,14,2,1283)
w(58,13,2,1283)
r(29,12,2,1284)
r(41,11,2,1284)
w(2,14,2,1285)
r(53,18,2,1285)
r(45,16,2,1286)
r(64,16,2,1286)
r(69,11,2,1287)
w(19,12,2,1287)
w(3,13,2,1288)
r(19,12,2,1288)
r(3,13,2,1289)
w(65,18,2,1289)
r(70,14,2,1290)
w(71,12,2,1290)
r(38,13,2,1291)
r(8,12,2,1291)
r(72,13,2,1292)
r(99,18,2,1292)
r(99,18,2,1293)
r(45,16,2,1293)
w(43,10,2,1294)
w(80,10,2,1294)
w(95,9,2,1295)
r(59,16,2,1295)
w(43,11,2,1296)
r(89,11,2,1296)
w(72,14,2,1297)
w(84,10,2,1297)
w(75,17,2,1298)
r(70,14,2,1298)
r(98,12,2,1299)
r(26,15,2,1299)
w(21,15,2,1300)
r(74,7,2,1300)
r(99,18,2,1301)
w(32,10,2,1301)
r(59,16,2,1302)
r(84,10,2,1302)
w(61,11,2,1303)
w(10,8,2,1303)
w(9,14,2,1304)
w(28,14,2,1304)
w(22,13,2,1305)
w(25,10,2,1305)
w(3,14,2,1306)
w(74,8,2,1306)
r(34,14,2,1307)
r(75,17,2,1307)
w(43,12,2,1308)
r(16,12,2,1308)
r(38,13,2,1309)
w(61,12,2,1309)
w(17,17,2,1310)
r(70,14,2,1310)
w(33,17,2,1311)
w(14,14,2,1311)
w(43,13,2,1312)
r(23,15,2,1312)
w(48,16,2,1313)
r(87,13,2,1313)
r(93,9,2,1314)
w(49,11,2,1314)
w(46,15,2,1315)
w(23,16,2,1315)
r(67,9,2,1316)
r(99,18,2,1316)
r(11,20,2,1317)
w(90,11,2,1317)
r(97,16,2,1318)
w(81,19,2,1318)
w(57,14,2,1319)
w(27,21,2,1319)
r(17,17,2,1320)
w(47,9,2,1320)
r(89,11,2,1321)
w(6,15,2,1321)
r(69,11,2,1322)
w(13,4,2,1322)
w(48,17,2,1323)
r(52,12,2,1323)
r(77,16,2,1324)
w(19,13,2,1324)
r(98,12,2,1325)
w(56,9,2,1325)
w(8,13,2,1326)
r(78,15,2,1326)
w(83,11,2,1327)
r(91,11,2,1327)
r(6,15,2,1328)
w(97,17,2,1328)
w(83,12,2,1329)
r(67,9,2,1329)
r(61,12,2,1330)
w(59,17,2,1330)
w(2,15,2,1331)
r(77,16,2,1331)
w(71,13,2,1332)
r(29,12,2,1332)
r(20,11,2,1333)
r(39,17,2,1333)
w(65,19,2,1334)
r(60,9,2,1334)
w(16,13,2,1335)
w(97,18,2,1335)
w(43,14,2,1336)
w(58,14,2,1336)
w(22,14,2,1337)
r(80,10,2,1337)
r(71,13,2,1338)
w(72,15,2,1338)
w(83,13,2,1339)
r(3,14,2,1339)
r(55,18,2,1340)
w(79,9,2,1340)
r(45,16,2,1341)
w(66,14,2,1341)
w(12,14,2,1342)
w(89,12,2,1342)
r(40,9,2,1343)
w(65,20,2,1343)
r(35,14,2,1344)
r(31,12,2,1344)
w(90,12,2,1345)
w(3,15,2,1345)
r(67,9,2,1346)
w(19,14,2,1346)
w(68,18,2,1347)
r(8,13,2,1347)
r(10,8,2,1348)
w(60,10,2,1348)
r(35,14,2,1349)
w(92,13,2,1349)
w(1,14,2,1350)
r(20,11,2,1350)
w(61,13,2,1351)
w(62,12,2,1351)
r(7,13,2,1352)
w(94,13,2,1352)
w(90,13,2,1353)
w(24,14,2,1353)
w(64,17,2,1354)
w(80,11,2,1354)
r(21,15,2,1355)
r(30,8,2,1355)
r(44,13,2,1356)
w(39,18,2,1356)
r(22,14,2,1357)
w(27,22,2,1357)
r(73,12,2,1358)
w(56,10,2,1358)
r(53,18,2,1359)
r(56,10,2,1359)
r(99,18,2,1360)
r(72,15,2,1360)
r(50,8,2,1361)
w(25,11,2,1361)
w(63,13,2,1362)
r(29,12,2,1362)
w(73,13,2,1363)
r(73,13,2,1363)
w(89,13,2,1364)
r(6,15,2,1364)
w(39,19,2,1365)
w(45,17,2,1365)
r(51,19,2,1366)
w(5,16,2,1366)
r(78,15,2,1367)
r(96,10,2,1367)
w(8,14,2,1368)
w(63,14,2,1368)
r(6,15,2,1369)
r(5,16,2,1369)
w(55,19,2,1370)
w(0,15,2,1370)
w(17,18,2,1371)
r(99,18,2,1371)
r(93,9,2,1372)
w(92,14,2,1372)
w(96,11,2,1373)
r(4,11,2,1373)
r(44,13,2,1374)
w(68,19,2,1374)
r(96,11,2,1375)
w(46,16,2,1375)
r(76,6,2,1376)
r(26,15,2,1376)
w(90,14,2,1377)
w(57,15,2,1377)
w(68,20,2,1378)
w(44,14,2,1378)
w(81,20,2,1379)
w(27,23,2,1379)
w(68,21,2,1380)
w(87,14,2,1380)
w(83,14,2,1381)
w(29,13,2,1381)
w(54,17,2,1382)
w(56,11,2,1382)
w(42,11,2,1383)
w(53,19,2,1383)
w(48,18,2,1384)
w(59,18,2,1384)
w(53,20,2,1385)
r(63,14,2,1385)
w(57,16,2,1386)
w(57,17,2,1386)
r(48,18,2,1387)
r(84,10,2,1387)
w(67,10,2,1388)
r(56,11,2,1388)
r(45,17,2,1389)
r(31,12,2,1389)
w(4,12,2,1390)
r(76,6,2,1390)
r(58,14,2,1391)
w(94,14,2,1391)
r(76,6,2,1392)
w(32,11,2,1392)
w(26,16,2,1393)
r(49,11,2,1393)
w(19,15,2,1394)
r(16,13,2,1394)
w(20,12,2,1395)
w(51,20,2,1395)
r(21,15,2,1396)
r(29,13,2,1396)
w(23,17,2,1397)
w(7,14,2,1397)
r(41,11,2,1398)
w(19,16,2,1398)
r(11,20,2,1399)
r(40,9,2,1399)
w(85,14,2,1400)
w(53,21,2,1400)
w(60,11,2,1401)
w(44,15,2,1401)
w(97,19,2,1402)
w(38,14,2,1402)
w(23,18,2,1403)
w(36,13,2,1403)
w(14,15,2,1404)
r(39,19,2,1404)
w(4,13,2,1405)
r(8,14,2,1405)
r(24,14,2,1406)
w(57,18,2,1406)
w(71,14,2,1407)
r(94,14,2,1407)
r(91,11,2,1408)
r(79,9,2,1408)
r(23,18,2,1409)
w(16,14,2,1409)
w(88,10,2,1410)
r(17,18,2,1410)
w(6,16,2,1411)
r(82,14,2,1411)
w(36,14,2,1412)
w(91,12,2,1412)
w(74,9,2,1413)
w(50,9,2,1413)
r(76,6,2,1414)
r(13,4,2,1414)
w(7,15,2,1415)
w(21,16,2,1415)
r(0,15,2,1416)
w(88,11,2,1416)
w(21,17,2,1417)
r(32,11,2,1417)
r(12,14,2,1418)
r(24,14,2,1418)
w(80,12,2,1419)
r(44,15,2,1419)
r(1,14,2,1420)
w(67,11,2,1420)
r(25,11,2,1421)
r(1,14,2,1421)
w(39,20,2,1422)
w(49,12,2,1422)
r(52,12,2,1423)
r(40,9,2,1423)
w(55,20,2,1424)
w(82,15,2,1424)
w(5,17,2,1425)
r(73,13,2,1425)
w(57,19,2,1426)
w(64,18,2,1426)
r(97,19,2,1427)
w(69,12,2,1427)
w(89,14,2,1428)
r(85,14,2,1428)
w(6,17,2,1429)
w(77,17,2,1429)
r(55,20,2,1430)
w(92,15,2,1430)
r(54,17,2,1431)
w(27,24,2,1431)
w(94,15,2,1432)
w(99,19,2,1432)
r(38,14,2,1433)
w(78,16,2,1433)
w(9,15,2,1434)
r(71,14,2,1434)
r(71,14,2,1435)
w(35,15,2,1435)
w(77,18,2,1436)
r(68,21,2,1436)
r(35,15,2,1437)
r(81,20,2,1437)
w(21,18,2,1438)
r(62,12,2,1438)
r(50,9,2,1439)
w(9,16,2,1439)
w(71,15,2,1440)
r(68,21,2,1440)
w(30,9,2,1441)
w(88,12,2,1441)
r(69,12,2,1442)
r(19,16,2,1442)
r(97,19,2,1443)
r(63,14,2,1443)
w(66,15,2,1444)
w(74,10,2,1444)
w(80,13,2,1445)
r(26,16,2,1445)
w(31,13,2,1446)
r(89,14,2,1446)
r(95,9,2,1447)
r(43,14,2,1447)
r(2,15,2,1448)
w(61,14,2,1448)
r(11,20,2,1449)
r(85,14,2,1449)
r(44,15,2,1450)
w(95,10,2,1450)
r(91,12,2,1451)
r(45,17,2,1451)
r(4,13,2,1452)
r(67,11,2,1452)
w(85,15,2,1453)
r(79,9,2,1453)
w(15,18,2,1454)
w(29,14,2,1454)
w(65,21,2,1455)
w(57,20,2,1455)
w(61,15,2,1456)
w(62,13,2,1456)
r(27,24,2,1457)
r(53,21,2,1457)
r(80,13,2,1458)
w(20,13,2,1458)
r(22,14,2,1459)
w(78,17,2,1459)
w(84,11,2,1460)
r(26,16,2,1460)
r(87,14,2,1461)
r(44,15,2,1461)
w(59,19,2,1462)
w(99,20,2,1462)
w(95,11,2,1463)
r(53,21,2,1463)
r(65,21,2,1464)
w(93,10,2,1464)
r(89,14,2,1465)
w(98,13,2,1465)
w(13,5,2,1466)
w(2,16,2,1466)
w(60,12,2,1467)
r(57,20,2,1467)
w(3,16,2,1468)
r(50,9,2,1468)
w(40,10,2,1469)
w(84,12,2,1469)
w(6,18,2,1470)
r(16,14,2,1470)
r(67,11,2,1471)
r(28,14,2,1471)
r(71,15,2,1472)
r(48,18,2,1472)
w(10,9,2,1473)
r(41,11,2,1473)
w(7,16,2,1474)
w(93,11,2,1474)
w(3,17,2,1475)
w(49,13,2,1475)
r(45,17,2,1476)
w(90,15,2,1476)
w(96,12,2,1477)
w(26,17,2,1477)
r(62,13,2,1478)
r(0,15,2,1478)
r(13,5,2,1479)
w(12,15,2,1479)
w(81,21,2,1480)
w(68,22,2,1480)
r(28,14,2,1481)
r(90,15,2,1481)
w(88,13,2,1482)
r(51,20,2,1482)
r(36,14,2,1483)
w(73,14,2,1483)
r(53,21,2,1484)
w(74,11,2,1484)
r(11,20,2,1485)
w(65,22,2,1485)
w(80,14,2,1486)
w(86,10,2,1486)
r(46,16,2,1487)
r(32,11,2,1487)
w(62,14,2,1488)
w(76,7,2,1488)
r(93,11,2,1489)
r(16,14,2,1489)
r(65,22,2,1490)
w(63,15,2,1490)
w(23,19,2,1491)
r(46,16,2,1491)
r(56,11,2,1492)
w(27,25,2,1492)
w(87,15,2,1493)
r(95,11,2,1493)
w(48,19,2,1494)
w(32,12,2,1494)
w(46,17,2,1495)
r(57,20,2,1495)
w(58,15,2,1496)
r(64,18,2,1496)
w(90,16,2,1497)
r(33,17,2,1497)
w(6,19,2,1498)
r(60,12,2,1498)
w(48,20,2,1499)
r(82,15,2,1499)
