w(45,1,0,0)
r(65,1,0,0)
w(41,1,0,1)
r(84,1,0,1)
r(74,1,0,2)
r(7,1,0,2)
w(35,1,0,3)
r(31,1,0,3)
w(43,1,0,4)
w(47,1,0,4)
r(38,1,0,5)
r(24,1,0,5)
r(16,1,0,6)
w(80,1,0,6)
w(92,1,0,7)
w(93,1,0,7)
r(56,1,0,8)
r(64,1,0,8)
r(71,1,0,9)
w(90,1,0,9)
w(41,2,0,10)
r(35,1,0,10)
r(56,1,0,11)
r(45,1,0,11)
r(84,1,0,12)
r(44,1,0,12)
w(70,1,0,13)
w(57,1,0,13)
r(76,1,0,14)
r(11,1,0,14)
w(24,1,0,15)
r(36,1,0,15)
w(31,1,0,16)
r(30,1,0,16)
w(52,1,0,17)
w(57,2,0,17)
r(41,2,0,18)
r(54,1,0,18)
r(90,1,0,19)
w(70,2,0,19)
r(28,1,0,20)
w(5,1,0,20)
r(4,1,0,21)
w(49,1,0,21)
r(73,1,0,22)
w(39,1,0,22)
w(26,1,0,23)
r(96,1,0,23)
r(91,1,0,24)
r(50,1,0,24)
r(74,1,0,25)
r(74,1,0,25)
r(23,1,0,26)
r(68,1,0,26)
w(45,2,0,27)
w(4,1,0,27)
r(19,1,0,28)
r(53,1,0,28)
r(66,1,0,29)
w(29,1,0,29)
w(70,3,0,30)
w(55,1,0,30)
w(91,1,0,31)
r(13,1,0,31)
r(12,1,0,32)
r(88,1,0,32)
r(0,1,0,33)
w(53,1,0,33)
r(69,1,0,34)
w(21,1,0,34)
r(52,1,0,35)
w(42,1,0,35)
w(93,2,0,36)
w(99,1,0,36)
r(65,1,0,37)
w(77,1,0,37)
w(36,1,0,38)
r(85,1,0,38)
r(84,1,0,39)
r(29,1,0,39)
w(64,1,0,40)
w(15,1,0,40)
r(56,1,0,41)
r(23,1,0,41)
r(36,1,0,42)
w(0,1,0,42)
r(0,1,0,43)
w(43,2,0,43)
r(54,1,0,44)
r(17,1,0,44)
r(23,1,0,45)
r(54,1,0,45)
w(33,1,0,46)
r(69,1,0,46)
w(90,2,0,47)
w(96,1,0,47)
w(5,2,0,48)
r(93,2,0,48)
r(91,1,0,49)
r(58,1,0,49)
r(67,1,0,50)
r(32,1,0,50)
w(7,1,0,51)
r(78,1,0,51)
r(3,1,0,52)
r(26,1,0,52)
w(38,1,0,53)
w(27,1,0,53)
w(19,1,0,54)
w(50,1,0,54)
w(19,2,0,55)
w(88,1,0,55)
w(43,3,0,56)
r(14,1,0,56)
w(77,2,0,57)
r(77,2,0,57)
w(5,3,0,58)
w(13,1,0,58)
r(17,1,0,59)
r(77,2,0,59)
w(57,3,0,60)
r(34,1,0,60)
r(84,1,0,61)
r(74,1,0,61)
r(0,1,0,62)
r(28,1,0,62)
r(98,1,0,63)
r(33,1,0,63)
r(59,1,0,64)
r(26,1,0,64)
r(34,1,0,65)
r(67,1,0,65)
w(58,1,0,66)
r(39,1,0,66)
r(53,1,0,67)
r(60,1,0,67)
w(97,1,0,68)
w(83,1,0,68)
r(99,1,0,69)
w(58,2,0,69)
w(91,2,0,70)
r(76,1,0,70)
w(1,1,0,71)
r(22,1,0,71)
r(10,1,0,72)
r(36,1,0,72)
w(34,1,0,73)
r(23,1,0,73)
r(56,1,0,74)
r(14,1,0,74)
r(43,3,0,75)
w(45,3,0,75)
r(85,1,0,76)
w(27,2,0,76)
r(12,1,0,77)
r(78,1,0,77)
w(52,2,0,78)
r(88,1,0,78)
r(73,1,0,79)
r(73,1,0,79)
w(55,2,0,80)
w(9,1,0,80)
w(42,2,0,81)
w(58,3,0,81)
w(66,1,0,82)
w(19,3,0,82)
w(93,3,0,83)
r(27,2,0,83)
r(59,1,0,84)
w(53,2,0,84)
w(36,2,0,85)
w(20,1,0,85)
r(76,1,0,86)
w(15,2,0,86)
w(79,1,0,87)
w(63,1,0,87)
w(51,1,0,88)
r(66,1,0,88)
r(8,1,0,89)
r(45,3,0,89)
w(58,4,0,90)
r(71,1,0,90)
r(85,1,0,91)
w(70,4,0,91)
w(78,1,0,92)
r(84,1,0,92)
w(38,2,0,93)
r(79,1,0,93)
w(18,1,0,94)
w(61,1,0,94)
r(3,1,0,95)
r(17,1,0,95)
w(57,4,0,96)
w(86,1,0,96)
r(71,1,0,97)
w(22,1,0,97)
w(60,1,0,98)
r(27,2,0,98)
w(60,2,0,99)
w(30,1,0,99)
w(64,2,0,100)
r(5,3,0,100)
r(57,4,0,101)
r(97,1,0,101)
w(17,1,0,102)
r(34,1,0,102)
r(26,1,0,103)
w(86,2,0,103)
r(74,1,0,104)
r(44,1,0,104)
w(36,3,0,105)
r(43,3,0,105)
r(10,1,0,106)
w(88,2,0,106)
r(79,1,0,107)
w(11,1,0,107)
r(71,1,0,108)
w(7,2,0,108)
r(46,1,0,109)
r(90,2,0,109)
r(50,1,0,110)
w(80,2,0,110)
w(2,1,0,111)
w(98,1,0,111)
w(45,4,0,112)
r(97,1,0,112)
w(39,2,0,113)
w(40,1,0,113)
w(74,1,0,114)
r(27,2,0,114)
r(85,1,0,115)
r(98,1,0,115)
r(39,2,0,116)
w(24,2,0,116)
r(8,1,0,117)
w(61,2,0,117)
r(20,1,0,118)
w(34,2,0,118)
r(83,1,0,119)
w(86,3,0,119)
r(53,2,0,120)
w(69,1,0,120)
r(64,2,0,121)
w(72,1,0,121)
r(29,1,0,122)
w(64,3,0,122)
w(74,2,0,123)
w(8,1,0,123)
r(40,1,0,124)
r(99,1,0,124)
w(39,3,0,125)
r(46,1,0,125)
w(80,3,0,126)
r(98,1,0,126)
r(61,2,0,127)
w(26,2,0,127)
r(69,1,0,128)
w(96,2,0,128)
r(89,1,0,129)
w(69,2,0,129)
r(71,1,0,130)
w(34,3,0,130)
r(43,3,0,131)
w(33,2,0,131)
r(68,1,0,132)
w(97,2,0,132)
r(77,2,0,133)
w(93,4,0,133)
r(98,1,0,134)
w(49,2,0,134)
w(64,4,0,135)
r(23,1,0,135)
r(44,1,0,136)
w(10,1,0,136)
w(30,2,0,137)
r(95,1,0,137)
r(50,1,0,138)
w(56,1,0,138)
w(88,3,0,139)
r(72,1,0,139)
r(97,2,0,140)
w(67,1,0,140)
w(5,4,0,141)
r(98,1,0,141)
r(72,1,0,142)
r(4,1,0,142)
r(66,1,0,143)
r(88,3,0,143)
w(49,3,0,144)
w(32,1,0,144)
w(97,3,0,145)
r(35,1,0,145)
r(50,1,0,146)
w(39,4,0,146)
w(38,3,0,147)
r(49,3,0,147)
r(8,1,0,148)
r(0,1,0,148)
r(13,1,0,149)
w(80,4,0,149)
w(8,2,0,150)
r(97,3,0,150)
r(95,1,0,151)
w(29,2,0,151)
r(44,1,0,152)
w(73,1,0,152)
r(20,1,0,153)
w(69,3,0,153)
r(47,1,0,154)
w(42,3,0,154)
w(48,1,0,155)
r(28,1,0,155)
w(75,1,0,156)
r(96,2,0,156)
r(47,1,0,157)
w(38,4,0,157)
w(67,2,0,158)
w(51,2,0,158)
w(89,1,0,159)
r(32,1,0,159)
r(64,4,0,160)
w(20,2,0,160)
w(45,5,0,161)
w(22,2,0,161)
r(46,1,0,162)
r(9,1,0,162)
r(45,5,0,163)
w(32,2,0,163)
w(66,2,0,164)
r(70,4,0,164)
w(17,2,0,165)
r(93,4,0,165)
w(59,1,0,166)
w(51,3,0,166)
r(54,1,0,167)
r(71,1,0,167)
w(54,1,0,168)
w(70,5,0,168)
r(33,2,0,169)
w(28,1,0,169)
w(42,4,0,170)
r(92,1,0,170)
w(21,2,0,171)
w(59,2,0,171)
r(48,1,0,172)
w(96,3,0,172)
r(79,1,0,173)
r(25,1,0,173)
r(5,4,0,174)
w(92,2,0,174)
w(23,1,0,175)
w(27,3,0,175)
r(55,2,0,176)
r(86,3,0,176)
w(99,2,0,177)
r(43,3,0,177)
w(17,3,0,178)
w(90,3,0,178)
w(97,4,0,179)
w(64,5,0,179)
r(69,3,0,180)
w(29,3,0,180)
w(87,1,0,181)
r(45,5,0,181)
w(92,3,0,182)
w(89,2,0,182)
w(4,2,0,183)
w(60,3,0,183)
r(44,1,0,184)
w(19,4,0,184)
w(70,6,0,185)
w(32,3,0,185)
r(50,1,0,186)
r(56,1,0,186)
w(33,3,0,187)
r(16,1,0,187)
r(23,1,0,188)
w(5,5,0,188)
w(75,2,0,189)
r(41,2,0,189)
w(7,3,0,190)
w(36,4,0,190)
r(90,3,0,191)
r(3,1,0,191)
r(3,1,0,192)
r(69,3,0,192)
w(88,4,0,193)
w(10,2,0,193)
w(26,3,0,194)
r(1,1,0,194)
r(57,4,0,195)
w(70,7,0,195)
r(88,4,0,196)
r(71,1,0,196)
w(93,5,0,197)
r(45,5,0,197)
r(49,3,0,198)
r(7,3,0,198)
r(23,1,0,199)
r(82,1,0,199)
r(65,1,0,200)
r(30,2,0,200)
r(19,4,0,201)
w(48,2,0,201)
w(22,3,0,202)
w(39,5,0,202)
w(44,1,0,203)
r(65,1,0,203)
r(60,3,0,204)
r(16,1,0,204)
r(18,1,0,205)
r(60,3,0,205)
w(47,2,0,206)
w(52,3,0,206)
w(96,4,0,207)
w(48,3,0,207)
w(75,3,0,208)
r(73,1,0,208)
w(53,3,0,209)
w(57,5,0,209)
w(84,1,0,210)
r(56,1,0,210)
r(11,1,0,211)
w(2,2,0,211)
w(43,4,0,212)
r(73,1,0,212)
w(53,4,0,213)
r(7,3,0,213)
r(82,1,0,214)
r(61,2,0,214)
w(2,3,0,215)
w(30,3,0,215)
w(32,4,0,216)
w(15,3,0,216)
w(23,2,0,217)
r(2,3,0,217)
w(46,1,0,218)
r(23,2,0,218)
w(11,2,0,219)
r(20,2,0,219)
r(70,7,0,220)
r(99,2,0,220)
w(91,3,0,221)
w(98,2,0,221)
w(43,5,0,222)
r(91,3,0,222)
w(83,2,0,223)
w(89,3,0,223)
r(93,5,0,224)
r(79,1,0,224)
r(54,1,0,225)
w(50,2,0,225)
w(96,5,0,226)
w(23,3,0,226)
w(55,3,0,227)
w(43,6,0,227)
w(82,1,0,228)
w(47,3,0,228)
w(34,4,0,229)
r(90,3,0,229)
r(48,3,0,230)
w(2,4,0,230)
w(48,4,0,231)
w(57,6,0,231)
w(76,1,0,232)
w(18,2,0,232)
r(19,4,0,233)
w(89,4,0,233)
w(67,3,0,234)
w(73,2,0,234)
r(50,2,0,235)
w(14,1,0,235)
w(50,3,0,236)
w(76,2,0,236)
w(46,2,0,237)
w(11,3,0,237)
r(35,1,0,238)
r(87,1,0,238)
r(2,4,0,239)
w(10,3,0,239)
r(61,2,0,240)
r(53,4,0,240)
w(20,3,0,241)
r(62,1,0,241)
r(57,6,0,242)
r(4,2,0,242)
r(26,3,0,243)
w(52,4,0,243)
r(49,3,0,244)
r(2,4,0,244)
r(21,2,0,245)
w(83,3,0,245)
r(76,2,0,246)
w(30,4,0,246)
w(86,4,0,247)
w(89,5,0,247)
w(91,4,0,248)
w(48,5,0,248)
r(27,3,0,249)
w(21,3,0,249)
w(62,1,0,250)
w(52,5,0,250)
w(51,4,0,251)
w(12,1,0,251)
r(71,1,0,252)
w(1,2,0,252)
w(2,5,0,253)
w(11,4,0,253)
r(97,4,0,254)
r(18,2,0,254)
r(56,1,0,255)
r(96,5,0,255)
w(44,2,0,256)
w(43,7,0,256)
w(87,2,0,257)
w(19,5,0,257)
r(48,5,0,258)
w(83,4,0,258)
r(7,3,0,259)
r(30,4,0,259)
w(4,3,0,260)
w(59,3,0,260)
w(65,1,0,261)
r(64,5,0,261)
r(60,3,0,262)
r(47,3,0,262)
r(15,3,0,263)
r(91,4,0,263)
w(92,4,0,264)
w(79,2,0,264)
w(6,1,0,265)
r(20,3,0,265)
r(66,2,0,266)
r(86,4,0,266)
r(51,4,0,267)
w(85,1,0,267)
w(75,4,0,268)
r(42,4,0,268)
w(91,5,0,269)
r(9,1,0,269)
w(27,4,0,270)
r(67,3,0,270)
r(75,4,0,271)
w(99,3,0,271)
w(57,7,0,272)
r(38,4,0,272)
r(73,2,0,273)
w(78,2,0,273)
w(25,1,0,274)
w(57,8,0,274)
w(2,6,0,275)
r(27,4,0,275)
w(19,6,0,276)
r(9,1,0,276)
r(63,1,0,277)
w(47,4,0,277)
w(91,6,0,278)
r(65,1,0,278)
w(89,6,0,279)
w(95,1,0,279)
w(94,1,0,280)
r(54,1,0,280)
r(92,4,0,281)
w(96,6,0,281)
w(98,3,0,282)
w(33,4,0,282)
w(97,5,0,283)
r(46,2,0,283)
w(89,7,0,284)
w(77,3,0,284)
r(21,3,0,285)
w(42,5,0,285)
w(16,1,0,286)
r(57,8,0,286)
w(14,2,0,287)
r(25,1,0,287)
r(59,3,0,288)
r(46,2,0,288)
w(87,3,0,289)
r(73,2,0,289)
r(92,4,0,290)
r(2,6,0,290)
r(32,4,0,291)
r(64,5,0,291)
r(71,1,0,292)
w(68,1,0,292)
r(3,1,0,293)
w(7,4,0,293)
w(6,2,0,294)
w(18,3,0,294)
r(48,5,0,295)
w(90,4,0,295)
r(79,2,0,296)
w(75,5,0,296)
w(10,4,0,297)
r(79,2,0,297)
r(3,1,0,298)
r(9,1,0,298)
r(77,3,0,299)
r(13,1,0,299)
w(2,7,0,300)
w(32,5,0,300)
r(1,2,0,301)
w(84,2,0,301)
w(3,1,0,302)
r(88,4,0,302)
r(97,5,0,303)
w(11,5,0,303)
r(87,3,0,304)
r(16,1,0,304)
w(55,4,0,305)
w(54,2,0,305)
w(11,6,0,306)
r(94,1,0,306)
r(58,4,0,307)
r(84,2,0,307)
w(59,4,0,308)
r(18,3,0,308)
w(2,8,0,309)
r(32,5,0,309)
w(49,4,0,310)
r(12,1,0,310)
w(44,3,0,311)
w(26,4,0,311)
r(62,1,0,312)
r(61,2,0,312)
w(6,3,0,313)
r(81,1,0,313)
w(87,4,0,314)
r(82,1,0,314)
w(48,6,0,315)
r(62,1,0,315)
r(49,4,0,316)
w(87,5,0,316)
r(73,2,0,317)
w(59,5,0,317)
r(28,1,0,318)
w(33,5,0,318)
w(76,3,0,319)
r(27,4,0,319)
w(91,7,0,320)
r(53,4,0,320)
w(5,6,0,321)
r(54,2,0,321)
r(9,1,0,322)
w(59,6,0,322)
w(65,2,0,323)
r(71,1,0,323)
r(84,2,0,324)
w(97,6,0,324)
r(66,2,0,325)
w(60,4,0,325)
w(69,4,0,326)
r(85,1,0,326)
w(30,5,0,327)
r(61,2,0,327)
w(65,3,0,328)
w(46,3,0,328)
w(20,4,0,329)
w(70,8,0,329)
r(15,3,0,330)
w(20,5,0,330)
r(75,5,0,331)
r(62,1,0,331)
r(52,5,0,332)
r(21,3,0,332)
r(21,3,0,333)
r(54,2,0,333)
w(87,6,0,334)
r(81,1,0,334)
r(27,4,0,335)
r(66,2,0,335)
r(71,1,0,336)
w(10,5,0,336)
r(18,3,0,337)
r(53,4,0,337)
w(45,6,0,338)
w(37,1,0,338)
r(68,1,0,339)
r(59,6,0,339)
r(56,1,0,340)
r(44,3,0,340)
r(34,4,0,341)
r(5,6,0,341)
r(18,3,0,342)
w(12,2,0,342)
w(68,2,0,343)
r(92,4,0,343)
w(26,5,0,344)
r(23,3,0,344)
w(33,6,0,345)
w(85,2,0,345)
w(35,2,0,346)
r(57,8,0,346)
w(60,5,0,347)
w(39,6,0,347)
w(65,4,0,348)
w(13,2,0,348)
w(46,4,0,349)
r(64,5,0,349)
r(40,1,0,350)
w(69,5,0,350)
r(58,4,0,351)
w(30,6,0,351)
w(78,3,0,352)
r(6,3,0,352)
w(75,6,0,353)
r(33,6,0,353)
r(90,4,0,354)
r(92,4,0,354)
w(97,7,0,355)
r(74,2,0,355)
w(76,4,0,356)
w(75,7,0,356)
r(78,3,0,357)
w(63,2,0,357)
w(65,5,0,358)
w(63,3,0,358)
r(89,7,0,359)
r(18,3,0,359)
r(0,1,0,360)
r(47,4,0,360)
r(83,4,0,361)
w(90,5,0,361)
w(12,3,0,362)
w(15,4,0,362)
w(24,3,0,363)
w(47,5,0,363)
w(25,2,0,364)
w(62,2,0,364)
w(27,5,0,365)
r(66,2,0,365)
r(43,7,0,366)
w(68,3,0,366)
r(84,2,0,367)
r(69,5,0,367)
r(80,4,0,368)
r(85,2,0,368)
r(12,3,0,369)
w(96,7,0,369)
r(15,4,0,370)
r(9,1,0,370)
w(88,5,0,371)
r(70,8,0,371)
w(16,2,0,372)
w(14,3,0,372)
r(27,5,0,373)
w(25,3,0,373)
w(50,4,0,374)
w(79,3,0,374)
r(5,6,0,375)
r(24,3,0,375)
w(31,2,0,376)
w(81,1,0,376)
r(7,4,0,377)
w(67,4,0,377)
r(5,6,0,378)
w(74,3,0,378)
w(85,3,0,379)
w(42,6,0,379)
w(66,3,0,380)
w(91,8,0,380)
w(61,3,0,381)
w(65,6,0,381)
w(98,4,0,382)
r(24,3,0,382)
w(38,5,0,383)
w(37,2,0,383)
r(12,3,0,384)
r(98,4,0,384)
r(35,2,0,385)
r(52,5,0,385)
r(89,7,0,386)
w(56,2,0,386)
r(19,6,0,387)
w(21,4,0,387)
w(37,3,0,388)
r(52,5,0,388)
r(22,3,0,389)
w(73,3,0,389)
w(75,8,0,390)
w(80,5,0,390)
w(60,6,0,391)
w(11,7,0,391)
r(43,7,0,392)
r(59,6,0,392)
w(20,6,0,393)
r(91,8,0,393)
w(33,7,0,394)
r(83,4,0,394)
r(14,3,0,395)
r(14,3,0,395)
w(46,5,0,396)
r(4,3,0,396)
r(87,6,0,397)
r(76,4,0,397)
r(50,4,0,398)
w(77,4,0,398)
w(69,6,0,399)
w(59,7,0,399)
r(58,4,0,400)
r(23,3,0,400)
r(37,3,0,401)
r(35,2,0,401)
r(86,4,0,402)
w(62,3,0,402)
w(84,3,0,403)
r(81,1,0,403)
w(61,4,0,404)
w(53,5,0,404)
w(99,4,0,405)
w(71,1,0,405)
w(89,8,0,406)
r(15,4,0,406)
w(44,4,0,407)
w(32,6,0,407)
w(43,8,0,408)
r(69,6,0,408)
r(55,4,0,409)
r(82,1,0,409)
r(79,3,0,410)
w(2,9,0,410)
w(15,5,0,411)
r(85,3,0,411)
w(44,5,0,412)
w(5,7,0,412)
w(13,3,0,413)
r(24,3,0,413)
r(26,5,0,414)
w(59,8,0,414)
w(66,4,0,415)
w(5,8,0,415)
r(17,3,0,416)
r(71,1,0,416)
w(32,7,0,417)
r(1,2,0,417)
w(63,4,0,418)
w(14,4,0,418)
r(86,4,0,419)
w(74,4,0,419)
w(23,4,0,420)
r(43,8,0,420)
w(25,4,0,421)
r(86,4,0,421)
r(94,1,0,422)
w(43,9,0,422)
r(58,4,0,423)
w(68,4,0,423)
r(83,4,0,424)
w(21,5,0,424)
r(15,5,0,425)
r(73,3,0,425)
r(51,4,0,426)
w(63,5,0,426)
r(75,8,0,427)
r(49,4,0,427)
w(52,6,0,428)
w(27,6,0,428)
w(70,9,0,429)
w(61,5,0,429)
r(35,2,0,430)
r(79,3,0,430)
r(14,4,0,431)
r(26,5,0,431)
w(63,6,0,432)
w(40,2,0,432)
w(84,4,0,433)
r(27,6,0,433)
r(86,4,0,434)
r(1,2,0,434)
r(21,5,0,435)
r(20,6,0,435)
r(68,4,0,436)
r(3,1,0,436)
w(36,5,0,437)
r(9,1,0,437)
r(64,5,0,438)
r(53,5,0,438)
w(66,5,0,439)
w(33,8,0,439)
r(63,6,0,440)
r(21,5,0,440)
r(72,1,0,441)
r(74,4,0,441)
r(3,1,0,442)
w(56,3,0,442)
w(1,3,0,443)
r(49,4,0,443)
w(4,4,0,444)
r(53,5,0,444)
w(88,6,0,445)
r(48,6,0,445)
w(46,6,0,446)
w(57,9,0,446)
r(34,4,0,447)
w(59,9,0,447)
r(28,1,0,448)
w(41,3,0,448)
r(29,3,0,449)
r(85,3,0,449)
r(7,4,0,450)
w(16,3,0,450)
r(99,4,0,451)
r(85,3,0,451)
r(17,3,0,452)
w(77,5,0,452)
r(94,1,0,453)
w(24,4,0,453)
r(15,5,0,454)
w(71,2,0,454)
w(63,7,0,455)
w(96,8,0,455)
w(74,5,0,456)
w(20,7,0,456)
w(48,7,0,457)
w(2,10,0,457)
w(79,4,0,458)
w(53,6,0,458)
r(85,3,0,459)
w(34,5,0,459)
r(57,9,0,460)
r(16,3,0,460)
r(88,6,0,461)
r(21,5,0,461)
w(15,6,0,462)
w(68,5,0,462)
r(48,7,0,463)
r(29,3,0,463)
r(55,4,0,464)
w(3,2,0,464)
r(0,1,0,465)
r(58,4,0,465)
r(72,1,0,466)
w(12,4,0,466)
w(30,7,0,467)
w(51,5,0,467)
w(66,6,0,468)
r(78,3,0,468)
r(51,5,0,469)
w(46,7,0,469)
w(96,9,0,470)
w(36,6,0,470)
r(34,5,0,471)
r(26,5,0,471)
w(91,9,0,472)
w(1,4,0,472)
w(6,4,0,473)
r(78,3,0,473)
w(38,6,0,474)
r(54,2,0,474)
r(33,8,0,475)
w(39,7,0,475)
r(29,3,0,476)
w(80,6,0,476)
w(27,7,0,477)
w(19,7,0,477)
w(16,4,0,478)
w(19,8,0,478)
r(24,4,0,479)
r(62,3,0,479)
w(30,8,0,480)
w(55,5,0,480)
r(30,8,0,481)
w(91,10,0,481)
w(40,3,0,482)
w(22,4,0,482)
w(83,5,0,483)
r(38,6,0,483)
w(9,2,0,484)
r(72,1,0,484)
r(53,6,0,485)
r(24,4,0,485)
w(67,5,0,486)
w(70,10,0,486)
w(87,7,0,487)
r(58,4,0,487)
r(17,3,0,488)
r(26,5,0,488)
w(25,5,0,489)
r(39,7,0,489)
w(20,8,0,490)
w(47,6,0,490)
w(26,6,0,491)
r(74,5,0,491)
w(86,5,0,492)
w(35,3,0,492)
w(99,5,0,493)
r(43,9,0,493)
w(44,6,0,494)
r(26,6,0,494)
w(87,8,0,495)
r(48,7,0,495)
r(21,5,0,496)
r(14,4,0,496)
r(77,5,0,497)
w(2,11,0,497)
w(64,6,0,498)
w(80,7,0,498)
w(9,3,0,499)
w(8,3,0,499)
r(25,5,1,500)
r(95,1,1,500)
r(23,4,1,501)
w(96,10,1,501)
r(64,6,1,502)
w(9,4,1,502)
w(6,5,1,503)
w(18,4,1,503)
r(72,1,1,504)
r(45,6,1,504)
w(30,9,1,505)
w(18,5,1,505)
w(54,3,1,506)
r(73,3,1,506)
r(64,6,1,507)
r(95,1,1,507)
r(75,8,1,508)
w(71,3,1,508)
r(70,10,1,509)
r(50,4,1,509)
r(39,7,1,510)
r(69,6,1,510)
r(6,5,1,511)
w(55,6,1,511)
w(75,9,1,512)
w(16,5,1,512)
r(9,4,1,513)
w(31,3,1,513)
r(36,6,1,514)
w(20,9,1,514)
w(15,7,1,515)
r(15,7,1,515)
r(95,1,1,516)
w(37,4,1,516)
w(16,6,1,517)
r(70,10,1,517)
r(71,3,1,518)
r(67,5,1,518)
w(56,4,1,519)
r(68,5,1,519)
w(36,7,1,520)
r(7,4,1,520)
r(82,1,1,521)
w(34,6,1,521)
r(78,3,1,522)
w(3,3,1,522)
r(46,7,1,523)
w(79,5,1,523)
r(11,7,1,524)
w(48,8,1,524)
w(51,6,1,525)
r(2,11,1,525)
r(26,6,1,526)
w(56,5,1,526)
w(0,2,1,527)
r(77,5,1,527)
r(98,4,1,528)
r(33,8,1,528)
w(72,2,1,529)
r(35,3,1,529)
w(1,5,1,530)
w(6,6,1,530)
r(91,10,1,531)
r(54,3,1,531)
w(12,5,1,532)
r(77,5,1,532)
r(72,2,1,533)
r(48,8,1,533)
r(48,8,1,534)
r(51,6,1,534)
r(69,6,1,535)
r(97,7,1,535)
w(24,5,1,536)
r(61,5,1,536)
w(98,5,1,537)
w(58,5,1,537)
r(33,8,1,538)
r(98,5,1,538)
w(80,8,1,539)
r(48,8,1,539)
w(24,6,1,540)
r(16,6,1,540)
w(93,6,1,541)
r(84,4,1,541)
w(22,5,1,542)
r(71,3,1,542)
r(40,3,1,543)
w(21,6,1,543)
w(81,2,1,544)
r(19,8,1,544)
w(0,3,1,545)
r(23,4,1,545)
r(59,9,1,546)
w(33,9,1,546)
w(14,5,1,547)
r(84,4,1,547)
w(79,6,1,548)
r(33,9,1,548)
w(63,8,1,549)
r(60,6,1,549)
w(16,7,1,550)
r(84,4,1,550)
r(45,6,1,551)
r(58,5,1,551)
r(77,5,1,552)
r(55,6,1,552)
w(25,6,1,553)
r(69,6,1,553)
r(48,8,1,554)
w(39,8,1,554)
w(8,4,1,555)
w(84,5,1,555)
w(61,6,1,556)
w(78,4,1,556)
r(15,7,1,557)
w(37,5,1,557)
r(42,6,1,558)
r(55,6,1,558)
w(38,7,1,559)
w(53,7,1,559)
w(47,7,1,560)
r(4,4,1,560)
r(19,8,1,561)
r(18,5,1,561)
r(31,3,1,562)
w(93,7,1,562)
r(3,3,1,563)
r(77,5,1,563)
r(9,4,1,564)
w(89,9,1,564)
r(54,3,1,565)
r(18,5,1,565)
w(61,7,1,566)
w(63,9,1,566)
r(70,10,1,567)
w(68,6,1,567)
r(85,3,1,568)
r(15,7,1,568)
r(0,3,1,569)
w(4,5,1,569)
w(8,5,1,570)
r(71,3,1,570)
r(23,4,1,571)
r(33,9,1,571)
r(95,1,1,572)
w(96,11,1,572)
w(69,7,1,573)
r(3,3,1,573)
r(3,3,1,574)
r(18,5,1,574)
r(1,5,1,575)
r(51,6,1,575)
r(48,8,1,576)
r(58,5,1,576)
w(26,7,1,577)
w(30,10,1,577)
r(42,6,1,578)
w(38,8,1,578)
r(25,6,1,579)
r(39,8,1,579)
w(93,8,1,580)
w(12,6,1,580)
r(90,5,1,581)
w(41,4,1,581)
r(72,2,1,582)
r(39,8,1,582)
r(30,10,1,583)
r(52,6,1,583)
r(77,5,1,584)
r(51,6,1,584)
r(26,7,1,585)
w(39,9,1,585)
w(54,4,1,586)
w(98,6,1,586)
r(81,2,1,587)
w(77,6,1,587)
r(20,9,1,588)
r(27,7,1,588)
w(72,3,1,589)
w(31,4,1,589)
r(44,6,1,590)
r(1,5,1,590)
w(78,5,1,591)
r(65,6,1,591)
r(4,5,1,592)
w(62,4,1,592)
w(28,2,1,593)
r(37,5,1,593)
w(59,10,1,594)
r(33,9,1,594)
w(62,5,1,595)
r(61,7,1,595)
r(49,4,1,596)
w(90,6,1,596)
w(18,6,1,597)
w(88,7,1,597)
r(40,3,1,598)
w(97,8,1,598)
r(46,7,1,599)
r(23,4,1,599)
r(64,6,1,600)
w(23,5,1,600)
w(64,7,1,601)
r(89,9,1,601)
w(22,6,1,602)
w(17,4,1,602)
w(55,7,1,603)
r(45,6,1,603)
r(64,7,1,604)
w(89,10,1,604)
r(65,6,1,605)
r(46,7,1,605)
r(73,3,1,606)
w(91,11,1,606)
r(93,8,1,607)
r(92,4,1,607)
w(9,5,1,608)
r(56,5,1,608)
r(15,7,1,609)
w(75,10,1,609)
w(70,11,1,610)
r(33,9,1,610)
w(12,7,1,611)
w(21,7,1,611)
r(54,4,1,612)
w(88,8,1,612)
r(27,7,1,613)
w(84,6,1,613)
w(91,12,1,614)
w(40,4,1,614)
w(62,6,1,615)
r(52,6,1,615)
r(20,9,1,616)
w(4,6,1,616)
w(41,5,1,617)
r(47,7,1,617)
w(39,10,1,618)
r(26,7,1,618)
w(86,6,1,619)
w(62,7,1,619)
w(83,6,1,620)
w(83,7,1,620)
r(33,9,1,621)
r(80,8,1,621)
r(11,7,1,622)
w(54,5,1,622)
r(78,5,1,623)
r(97,8,1,623)
r(46,7,1,624)
r(38,8,1,624)
r(32,7,1,625)
r(86,6,1,625)
r(55,7,1,626)
r(8,5,1,626)
r(41,5,1,627)
w(48,9,1,627)
w(3,4,1,628)
r(67,5,1,628)
r(65,6,1,629)
r(49,4,1,629)
r(66,6,1,630)
w(68,7,1,630)
w(26,8,1,631)
w(35,4,1,631)
r(46,7,1,632)
r(89,10,1,632)
w(44,7,1,633)
w(41,6,1,633)
w(20,10,1,634)
r(25,6,1,634)
r(99,5,1,635)
w(92,5,1,635)
w(22,7,1,636)
w(44,8,1,636)
r(90,6,1,637)
r(67,5,1,637)
w(56,6,1,638)
w(63,10,1,638)
w(79,7,1,639)
r(12,7,1,639)
w(76,5,1,640)
r(44,8,1,640)
w(25,7,1,641)
r(29,3,1,641)
w(34,7,1,642)
w(54,6,1,642)
r(65,6,1,643)
r(43,9,1,643)
r(3,4,1,644)
w(24,7,1,644)
w(55,8,1,645)
w(38,9,1,645)
w(64,8,1,646)
w(7,5,1,646)
w(84,7,1,647)
w(26,9,1,647)
r(60,6,1,648)
w(0,4,1,648)
w(31,5,1,649)
r(76,5,1,649)
r(92,5,1,650)
r(16,7,1,650)
w(66,7,1,651)
w(64,9,1,651)
w(85,4,1,652)
w(35,5,1,652)
w(77,7,1,653)
w(0,5,1,653)
w(42,7,1,654)
w(61,8,1,654)
w(59,11,1,655)
w(65,7,1,655)
w(13,4,1,656)
r(31,5,1,656)
w(80,9,1,657)
w(88,9,1,657)
r(2,11,1,658)
w(57,10,1,658)
w(73,4,1,659)
r(40,4,1,659)
r(70,11,1,660)
r(94,1,1,660)
w(7,6,1,661)
w(78,6,1,661)
w(97,9,1,662)
w(48,10,1,662)
w(2,12,1,663)
w(33,10,1,663)
w(70,12,1,664)
w(51,7,1,664)
r(84,7,1,665)
w(76,6,1,665)
r(77,7,1,666)
w(65,8,1,666)
w(86,7,1,667)
r(2,12,1,667)
w(92,6,1,668)
w(15,8,1,668)
r(76,6,1,669)
w(58,6,1,669)
r(34,7,1,670)
r(54,6,1,670)
r(45,6,1,671)
w(47,8,1,671)
w(50,5,1,672)
r(86,7,1,672)
w(7,7,1,673)
w(77,8,1,673)
w(70,13,1,674)
r(95,1,1,674)
r(50,5,1,675)
r(76,6,1,675)
w(34,8,1,676)
r(90,6,1,676)
r(97,9,1,677)
w(20,11,1,677)
r(67,5,1,678)
w(16,8,1,678)
r(65,8,1,679)
r(1,5,1,679)
w(39,11,1,680)
r(21,7,1,680)
w(73,5,1,681)
r(9,5,1,681)
w(84,8,1,682)
w(75,11,1,682)
w(11,8,1,683)
w(8,6,1,683)
w(92,7,1,684)
w(15,9,1,684)
r(12,7,1,685)
r(25,7,1,685)
w(23,6,1,686)
w(44,9,1,686)
r(97,9,1,687)
r(94,1,1,687)
w(5,9,1,688)
r(31,5,1,688)
r(63,10,1,689)
w(5,10,1,689)
w(6,7,1,690)
r(29,3,1,690)
w(74,6,1,691)
w(44,10,1,691)
r(87,8,1,692)
w(62,8,1,692)
r(15,9,1,693)
r(35,5,1,693)
w(19,9,1,694)
r(64,9,1,694)
w(62,9,1,695)
w(89,11,1,695)
r(2,12,1,696)
r(0,5,1,696)
w(35,6,1,697)
r(88,9,1,697)
w(89,12,1,698)
r(31,5,1,698)
r(89,12,1,699)
r(75,11,1,699)
r(31,5,1,700)
r(52,6,1,700)
r(10,5,1,701)
r(16,8,1,701)
w(51,8,1,702)
r(8,6,1,702)
w(7,8,1,703)
r(49,4,1,703)
r(75,11,1,704)
r(27,7,1,704)
r(46,7,1,705)
r(0,5,1,705)
w(78,7,1,706)
r(45,6,1,706)
r(0,5,1,707)
w(87,9,1,707)
r(71,3,1,708)
w(89,13,1,708)
r(37,5,1,709)
w(26,10,1,709)
r(70,13,1,710)
w(16,9,1,710)
w(76,7,1,711)
r(59,11,1,711)
w(57,11,1,712)
r(66,7,1,712)
w(21,8,1,713)
w(45,7,1,713)
w(84,9,1,714)
r(86,7,1,714)
w(32,8,1,715)
r(53,7,1,715)
r(46,7,1,716)
r(30,10,1,716)
w(65,9,1,717)
r(58,6,1,717)
w(25,8,1,718)
w(78,8,1,718)
w(50,6,1,719)
r(40,4,1,719)
w(91,13,1,720)
w(21,9,1,720)
w(60,7,1,721)
w(74,7,1,721)
r(43,9,1,722)
w(74,8,1,722)
w(29,4,1,723)
r(54,6,1,723)
r(98,6,1,724)
w(10,6,1,724)
w(82,2,1,725)
w(82,3,1,725)
w(45,8,1,726)
r(62,9,1,726)
r(14,5,1,727)
w(3,5,1,727)
w(33,11,1,728)
r(28,2,1,728)
r(70,13,1,729)
r(30,10,1,729)
w(60,8,1,730)
r(97,9,1,730)
r(75,11,1,731)
w(56,7,1,731)
w(48,11,1,732)
r(61,8,1,732)
r(91,13,1,733)
w(8,7,1,733)
w(47,9,1,734)
w(25,9,1,734)
r(38,9,1,735)
w(47,10,1,735)
w(32,9,1,736)
r(79,7,1,736)
w(89,14,1,737)
w(80,10,1,737)
w(96,12,1,738)
r(47,10,1,738)
r(99,5,1,739)
w(55,9,1,739)
w(47,11,1,740)
r(25,9,1,740)
w(18,7,1,741)
r(45,8,1,741)
r(28,2,1,742)
w(61,9,1,742)
r(18,7,1,743)
r(70,13,1,743)
w(8,8,1,744)
r(20,11,1,744)
r(80,10,1,745)
r(40,4,1,745)
w(54,7,1,746)
w(2,13,1,746)
w(37,6,1,747)
w(64,10,1,747)
r(47,11,1,748)
w(68,8,1,748)
r(5,10,1,749)
r(81,2,1,749)
w(8,9,1,750)
w(31,6,1,750)
w(12,8,1,751)
w(58,7,1,751)
r(3,5,1,752)
w(25,10,1,752)
r(78,8,1,753)
w(31,7,1,753)
r(23,6,1,754)
w(66,8,1,754)
r(71,3,1,755)
w(15,10,1,755)
w(39,12,1,756)
r(22,7,1,756)
r(34,8,1,757)
r(55,9,1,757)
r(85,4,1,758)
r(77,8,1,758)
r(8,9,1,759)
r(72,3,1,759)
r(25,10,1,760)
w(9,6,1,760)
w(48,12,1,761)
r(97,9,1,761)
w(83,8,1,762)
w(30,11,1,762)
r(26,10,1,763)
w(46,8,1,763)
r(53,7,1,764)
w(40,5,1,764)
w(19,10,1,765)
w(40,6,1,765)
r(92,7,1,766)
r(4,6,1,766)
r(25,10,1,767)
r(44,10,1,767)
r(66,8,1,768)
r(80,10,1,768)
w(66,9,1,769)
r(49,4,1,769)
w(46,9,1,770)
w(38,10,1,770)
w(85,5,1,771)
w(74,9,1,771)
r(65,9,1,772)
r(26,10,1,772)
r(32,9,1,773)
w(7,9,1,773)
r(80,10,1,774)
r(58,7,1,774)
r(86,7,1,775)
r(78,8,1,775)
r(37,6,1,776)
r(59,11,1,776)
r(33,11,1,777)
r(44,10,1,777)
r(25,10,1,778)
r(84,9,1,778)
w(87,10,1,779)
r(85,5,1,779)
r(2,13,1,780)
w(80,11,1,780)
w(36,8,1,781)
w(34,9,1,781)
w(15,11,1,782)
r(58,7,1,782)
w(16,10,1,783)
w(7,10,1,783)
w(65,10,1,784)
r(91,13,1,784)
r(28,2,1,785)
r(75,11,1,785)
w(82,4,1,786)
r(9,6,1,786)
r(74,9,1,787)
r(95,1,1,787)
r(96,12,1,788)
w(75,12,1,788)
w(71,4,1,789)
r(66,9,1,789)
w(59,12,1,790)
w(78,9,1,790)
w(2,14,1,791)
r(77,8,1,791)
r(26,10,1,792)
w(49,5,1,792)
w(45,9,1,793)
r(41,6,1,793)
r(44,10,1,794)
w(16,11,1,794)
r(19,10,1,795)
r(43,9,1,795)
r(60,8,1,796)
w(6,8,1,796)
r(50,6,1,797)
r(12,8,1,797)
w(74,10,1,798)
r(77,8,1,798)
r(90,6,1,799)
w(20,12,1,799)
w(57,12,1,800)
w(48,13,1,800)
w(48,14,1,801)
r(72,3,1,801)
w(28,3,1,802)
r(28,3,1,802)
r(46,9,1,803)
w(55,10,1,803)
w(7,11,1,804)
w(26,11,1,804)
w(9,7,1,805)
r(16,11,1,805)
r(61,9,1,806)
w(6,9,1,806)
r(53,7,1,807)
r(1,5,1,807)
w(27,8,1,808)
r(97,9,1,808)
r(78,9,1,809)
w(28,4,1,809)
w(71,5,1,810)
r(22,7,1,810)
w(98,7,1,811)
r(51,8,1,811)
w(13,5,1,812)
w(71,6,1,812)
w(28,5,1,813)
w(33,12,1,813)
r(64,10,1,814)
w(93,9,1,814)
w(78,10,1,815)
r(39,12,1,815)
r(12,8,1,816)
r(36,8,1,816)
r(52,6,1,817)
r(41,6,1,817)
r(95,1,1,818)
w(8,10,1,818)
r(39,12,1,819)
w(79,8,1,819)
w(27,9,1,820)
r(24,7,1,820)
r(15,11,1,821)
w(31,8,1,821)
r(12,8,1,822)
w(79,9,1,822)
r(39,12,1,823)
r(43,9,1,823)
w(9,8,1,824)
w(13,6,1,824)
r(52,6,1,825)
r(71,6,1,825)
r(97,9,1,826)
w(67,6,1,826)
w(80,12,1,827)
r(63,10,1,827)
r(44,10,1,828)
w(48,15,1,828)
r(3,5,1,829)
r(49,5,1,829)
w(68,9,1,830)
w(49,6,1,830)
r(7,11,1,831)
w(26,12,1,831)
w(96,13,1,832)
r(25,10,1,832)
w(48,16,1,833)
w(97,10,1,833)
r(91,13,1,834)
w(39,13,1,834)
w(96,14,1,835)
r(39,13,1,835)
w(49,7,1,836)
w(97,11,1,836)
w(15,12,1,837)
r(78,10,1,837)
r(47,11,1,838)
r(62,9,1,838)
r(27,9,1,839)
r(15,12,1,839)
r(56,7,1,840)
w(77,9,1,840)
r(33,12,1,841)
w(12,9,1,841)
r(81,2,1,842)
r(58,7,1,842)
w(62,10,1,843)
r(33,12,1,843)
w(66,10,1,844)
w(67,7,1,844)
r(45,9,1,845)
r(0,5,1,845)
r(77,9,1,846)
w(54,8,1,846)
w(84,10,1,847)
w(47,12,1,847)
r(33,12,1,848)
w(45,10,1,848)
r(91,13,1,849)
w(65,11,1,849)
r(83,8,1,850)
w(33,13,1,850)
r(10,6,1,851)
w(99,6,1,851)
w(8,11,1,852)
w(8,12,1,852)
r(3,5,1,853)
w(76,8,1,853)
r(41,6,1,854)
r(78,10,1,854)
w(90,7,1,855)
r(22,7,1,855)
w(67,8,1,856)
r(74,10,1,856)
r(46,9,1,857)
r(99,6,1,857)
r(97,11,1,858)
w(39,14,1,858)
r(1,5,1,859)
w(82,5,1,859)
w(37,7,1,860)
r(46,9,1,860)
r(22,7,1,861)
r(92,7,1,861)
r(32,9,1,862)
w(72,4,1,862)
r(40,6,1,863)
r(96,14,1,863)
w(68,10,1,864)
r(52,6,1,864)
r(49,7,1,865)
w(52,7,1,865)
r(63,10,1,866)
r(21,9,1,866)
r(63,10,1,867)
r(15,12,1,867)
w(17,5,1,868)
w(23,7,1,868)
r(18,7,1,869)
w(47,13,1,869)
r(98,7,1,870)
w(34,10,1,870)
w(78,11,1,871)
r(54,8,1,871)
w(12,10,1,872)
w(60,9,1,872)
r(80,12,1,873)
w(50,7,1,873)
w(98,8,1,874)
r(28,5,1,874)
r(27,9,1,875)
r(31,8,1,875)
w(48,17,1,876)
w(62,11,1,876)
r(44,10,1,877)
r(76,8,1,877)
w(91,14,1,878)
w(62,12,1,878)
r(93,9,1,879)
r(14,5,1,879)
w(97,12,1,880)
w(19,11,1,880)
w(37,8,1,881)
r(77,9,1,881)
r(65,11,1,882)
w(72,5,1,882)
w(76,9,1,883)
w(20,13,1,883)
w(15,13,1,884)
r(34,10,1,884)
r(98,8,1,885)
w(13,7,1,885)
w(75,13,1,886)
w(41,7,1,886)
w(82,6,1,887)
r(76,9,1,887)
w(7,12,1,888)
w(88,10,1,888)
r(35,6,1,889)
w(78,12,1,889)
w(51,9,1,890)
r(76,9,1,890)
w(54,9,1,891)
r(49,7,1,891)
w(96,15,1,892)
r(92,7,1,892)
r(29,4,1,893)
w(22,8,1,893)
r(40,6,1,894)
w(92,8,1,894)
w(21,10,1,895)
w(72,6,1,895)
w(88,11,1,896)
r(21,10,1,896)
w(90,8,1,897)
r(97,12,1,897)
r(91,14,1,898)
w(50,8,1,898)
w(94,2,1,899)
r(12,10,1,899)
w(22,9,1,900)
w(57,13,1,900)
w(21,11,1,901)
r(2,14,1,901)
w(39,15,1,902)
r(75,13,1,902)
r(56,7,1,903)
r(45,10,1,903)
r(20,13,1,904)
r(0,5,1,904)
r(4,6,1,905)
w(22,10,1,905)
w(40,7,1,906)
r(94,2,1,906)
w(69,8,1,907)
w(73,6,1,907)
r(76,9,1,908)
w(25,11,1,908)
w(28,6,1,909)
r(29,4,1,909)
w(53,8,1,910)
r(94,2,1,910)
r(5,10,1,911)
r(60,9,1,911)
w(20,14,1,912)
w(22,11,1,912)
w(26,13,1,913)
r(56,7,1,913)
w(81,3,1,914)
r(3,5,1,914)
w(49,8,1,915)
w(79,10,1,915)
r(3,5,1,916)
w(98,9,1,916)
r(66,10,1,917)
r(17,5,1,917)
w(53,9,1,918)
w(42,8,1,918)
r(81,3,1,919)
w(39,16,1,919)
w(52,8,1,920)
w(33,14,1,920)
w(95,2,1,921)
r(49,8,1,921)
w(33,15,1,922)
w(91,15,1,922)
r(58,7,1,923)
w(42,9,1,923)
r(27,9,1,924)
w(95,3,1,924)
r(85,5,1,925)
r(97,12,1,925)
r(55,10,1,926)
r(69,8,1,926)
w(80,13,1,927)
w(61,10,1,927)
r(35,6,1,928)
r(27,9,1,928)
r(7,12,1,929)
r(12,10,1,929)
w(3,6,1,930)
w(15,14,1,930)
r(4,6,1,931)
r(16,11,1,931)
w(95,4,1,932)
w(29,5,1,932)
r(94,2,1,933)
r(44,10,1,933)
w(43,10,1,934)
r(26,13,1,934)
w(37,9,1,935)
w(19,12,1,935)
w(32,10,1,936)
w(62,13,1,936)
r(19,12,1,937)
w(97,13,1,937)
w(86,8,1,938)
r(67,8,1,938)
r(46,9,1,939)
w(70,14,1,939)
r(8,12,1,940)
w(3,7,1,940)
r(26,13,1,941)
w(14,6,1,941)
r(32,10,1,942)
w(88,12,1,942)
r(31,8,1,943)
w(87,11,1,943)
w(43,11,1,944)
w(96,16,1,944)
w(65,12,1,945)
r(85,5,1,945)
r(39,16,1,946)
r(35,6,1,946)
r(14,6,1,947)
w(9,9,1,947)
r(88,12,1,948)
r(71,6,1,948)
w(60,10,1,949)
w(39,17,1,949)
r(42,9,1,950)
w(66,11,1,950)
w(24,8,1,951)
r(10,6,1,951)
r(94,2,1,952)
r(76,9,1,952)
w(92,9,1,953)
w(67,9,1,953)
r(79,10,1,954)
w(68,11,1,954)
r(67,9,1,955)
r(85,5,1,955)
w(84,11,1,956)
w(42,10,1,956)
r(24,8,1,957)
w(91,16,1,957)
r(86,8,1,958)
r(72,6,1,958)
r(19,12,1,959)
w(60,11,1,959)
w(54,10,1,960)
r(21,11,1,960)
w(96,17,1,961)
r(99,6,1,961)
r(74,10,1,962)
w(23,8,1,962)
r(49,8,1,963)
r(18,7,1,963)
w(11,9,1,964)
r(63,10,1,964)
w(59,13,1,965)
w(37,10,1,965)
w(20,15,1,966)
w(99,7,1,966)
r(67,9,1,967)
w(87,12,1,967)
w(2,15,1,968)
r(10,6,1,968)
w(35,7,1,969)
w(60,12,1,969)
r(84,11,1,970)
w(9,10,1,970)
r(5,10,1,971)
r(47,13,1,971)
w(97,14,1,972)
r(39,17,1,972)
r(9,10,1,973)
w(3,8,1,973)
r(64,10,1,974)
w(41,8,1,974)
r(42,10,1,975)
r(67,9,1,975)
w(5,11,1,976)
r(51,9,1,976)
w(66,12,1,977)
w(86,9,1,977)
w(68,12,1,978)
r(66,12,1,978)
w(87,13,1,979)
w(16,12,1,979)
r(83,8,1,980)
r(77,9,1,980)
w(59,14,1,981)
r(85,5,1,981)
r(32,10,1,982)
r(9,10,1,982)
r(21,11,1,983)
w(37,11,1,983)
r(53,9,1,984)
r(57,13,1,984)
r(94,2,1,985)
r(1,5,1,985)
w(90,9,1,986)
r(45,10,1,986)
w(97,15,1,987)
r(78,12,1,987)
w(12,11,1,988)
r(82,6,1,988)
r(63,10,1,989)
w(45,11,1,989)
r(56,7,1,990)
r(2,15,1,990)
r(81,3,1,991)
r(75,13,1,991)
r(34,10,1,992)
r(62,13,1,992)
r(83,8,1,993)
r(80,13,1,993)
w(76,10,1,994)
r(82,6,1,994)
r(14,6,1,995)
r(18,7,1,995)
r(28,6,1,996)
r(33,15,1,996)
r(29,5,1,997)
w(96,18,1,997)
r(92,9,1,998)
w(57,14,1,998)
r(55,10,1,999)
w(86,10,1,999)
r(81,3,2,1000)
r(45,11,2,1000)
w(37,12,2,1001)
w(24,9,2,1001)
r(49,8,2,1002)
r(74,10,2,1002)
r(74,10,2,1003)
r(42,10,2,1003)
r(28,6,2,1004)
w(69,9,2,1004)
w(66,13,2,1005)
w(67,10,2,1005)
r(63,10,2,1006)
w(95,5,2,1006)
r(72,6,2,1007)
w(11,10,2,1007)
r(78,12,2,1008)
r(69,9,2,1008)
w(13,8,2,1009)
r(86,10,2,1009)
w(27,10,2,1010)
r(10,6,2,1010)
w(4,7,2,1011)
r(79,10,2,1011)
r(62,13,2,1012)
r(19,12,2,1012)
w(23,9,2,1013)
w(59,15,2,1013)
w(3,9,2,1014)
w(38,11,2,1014)
r(89,14,2,1015)
w(27,11,2,1015)
w(71,7,2,1016)
w(30,12,2,1016)
r(27,11,2,1017)
w(1,6,2,1017)
r(79,10,2,1018)
w(22,12,2,1018)
r(18,7,2,1019)
w(81,4,2,1019)
w(7,13,2,1020)
r(93,9,2,1020)
w(99,8,2,1021)
w(47,14,2,1021)
r(91,16,2,1022)
r(45,11,2,1022)
r(97,15,2,1023)
w(37,13,2,1023)
w(6,10,2,1024)
r(2,15,2,1024)
r(0,5,2,1025)
w(9,11,2,1025)
w(1,7,2,1026)
r(4,7,2,1026)
w(52,9,2,1027)
r(2,15,2,1027)
w(0,6,2,1028)
r(42,10,2,1028)
w(24,10,2,1029)
w(12,12,2,1029)
r(13,8,2,1030)
r(61,10,2,1030)
w(24,11,2,1031)
r(28,6,2,1031)
w(3,10,2,1032)
r(97,15,2,1032)
r(83,8,2,1033)
r(84,11,2,1033)
r(76,10,2,1034)
r(57,14,2,1034)
r(54,10,2,1035)
r(79,10,2,1035)
r(38,11,2,1036)
r(62,13,2,1036)
r(97,15,2,1037)
w(10,7,2,1037)
w(12,13,2,1038)
r(18,7,2,1038)
w(54,11,2,1039)
r(83,8,2,1039)
r(96,18,2,1040)
r(55,10,2,1040)
w(83,9,2,1041)
w(39,18,2,1041)
r(59,15,2,1042)
r(53,9,2,1042)
w(11,11,2,1043)
w(68,13,2,1043)
w(92,10,2,1044)
r(22,12,2,1044)
r(17,5,2,1045)
r(83,9,2,1045)
w(94,3,2,1046)
w(99,9,2,1046)
w(86,11,2,1047)
r(44,10,2,1047)
r(30,12,2,1048)
r(17,5,2,1048)
w(49,9,2,1049)
w(55,11,2,1049)
r(93,9,2,1050)
r(97,15,2,1050)
w(42,11,2,1051)
r(14,6,2,1051)
r(59,15,2,1052)
w(61,11,2,1052)
w(62,14,2,1053)
r(10,7,2,1053)
w(75,14,2,1054)
w(47,15,2,1054)
r(27,11,2,1055)
w(65,13,2,1055)
r(96,18,2,1056)
w(59,16,2,1056)
r(0,6,2,1057)
r(46,9,2,1057)
r(46,9,2,1058)
w(50,9,2,1058)
w(60,13,2,1059)
w(79,11,2,1059)
w(11,12,2,1060)
r(15,14,2,1060)
w(85,6,2,1061)
r(47,15,2,1061)
r(44,10,2,1062)
w(36,9,2,1062)
w(15,15,2,1063)
r(48,17,2,1063)
w(65,14,2,1064)
r(79,11,2,1064)
r(8,12,2,1065)
r(82,6,2,1065)
w(84,12,2,1066)
w(4,8,2,1066)
w(44,11,2,1067)
w(59,17,2,1067)
r(7,13,2,1068)
w(94,4,2,1068)
w(46,10,2,1069)
r(41,8,2,1069)
w(96,19,2,1070)
w(72,7,2,1070)
w(22,13,2,1071)
w(41,9,2,1071)
r(30,12,2,1072)
w(9,12,2,1072)
w(54,12,2,1073)
r(84,12,2,1073)
r(19,12,2,1074)
r(27,11,2,1074)
w(83,10,2,1075)
w(4,9,2,1075)
w(65,15,2,1076)
w(20,16,2,1076)
r(40,7,2,1077)
w(46,11,2,1077)
w(25,12,2,1078)
w(61,12,2,1078)
r(26,13,2,1079)
w(18,8,2,1079)
w(50,10,2,1080)
r(96,19,2,1080)
r(79,11,2,1081)
w(2,16,2,1081)
w(28,7,2,1082)
r(95,5,2,1082)
w(59,18,2,1083)
w(54,13,2,1083)
r(95,5,2,1084)
r(83,10,2,1084)
r(65,15,2,1085)
w(27,12,2,1085)
r(41,9,2,1086)
w(65,16,2,1086)
r(66,13,2,1087)
r(9,12,2,1087)
r(33,15,2,1088)
r(2,16,2,1088)
w(72,8,2,1089)
r(9,12,2,1089)
r(63,10,2,1090)
w(63,11,2,1090)
w(0,7,2,1091)
r(88,12,2,1091)
r(56,7,2,1092)
r(81,4,2,1092)
w(41,10,2,1093)
r(79,11,2,1093)
w(81,5,2,1094)
w(14,7,2,1094)
w(23,10,2,1095)
w(73,7,2,1095)
r(98,9,2,1096)
r(85,6,2,1096)
r(55,11,2,1097)
r(36,9,2,1097)
w(18,9,2,1098)
r(95,5,2,1098)
w(41,11,2,1099)
r(21,11,2,1099)
w(67,11,2,1100)
r(55,11,2,1100)
r(4,9,2,1101)
w(72,9,2,1101)
w(33,16,2,1102)
w(87,14,2,1102)
w(75,15,2,1103)
w(13,9,2,1103)
w(89,15,2,1104)
w(29,6,2,1104)
w(58,8,2,1105)
r(45,11,2,1105)
r(90,9,2,1106)
w(83,11,2,1106)
w(38,12,2,1107)
w(86,12,2,1107)
r(26,13,2,1108)
w(34,11,2,1108)
w(91,17,2,1109)
w(75,16,2,1109)
w(49,10,2,1110)
w(21,12,2,1110)
r(11,12,2,1111)
r(21,12,2,1111)
w(83,12,2,1112)
r(70,14,2,1112)
w(69,10,2,1113)
r(91,17,2,1113)
w(83,13,2,1114)
r(31,8,2,1114)
r(34,11,2,1115)
r(78,12,2,1115)
w(28,8,2,1116)
w(23,11,2,1116)
w(36,10,2,1117)
r(41,11,2,1117)
w(12,14,2,1118)
r(48,17,2,1118)
r(2,16,2,1119)
r(10,7,2,1119)
r(72,9,2,1120)
r(85,6,2,1120)
r(25,12,2,1121)
w(89,16,2,1121)
r(67,11,2,1122)
w(52,10,2,1122)
w(13,10,2,1123)
r(77,9,2,1123)
r(75,16,2,1124)
w(61,13,2,1124)
r(34,11,2,1125)
r(16,12,2,1125)
w(21,13,2,1126)
r(97,15,2,1126)
r(11,12,2,1127)
r(84,12,2,1127)
r(19,12,2,1128)
w(29,7,2,1128)
r(83,13,2,1129)
r(81,5,2,1129)
r(96,19,2,1130)
r(87,14,2,1130)
w(29,8,2,1131)
r(60,13,2,1131)
r(43,11,2,1132)
r(33,16,2,1132)
r(6,10,2,1133)
w(22,14,2,1133)
r(55,11,2,1134)
w(54,14,2,1134)
w(54,15,2,1135)
r(4,9,2,1135)
w(87,15,2,1136)
w(28,9,2,1136)
w(2,17,2,1137)
r(57,14,2,1137)
w(37,14,2,1138)
w(24,12,2,1138)
w(31,9,2,1139)
r(55,11,2,1139)
w(48,18,2,1140)
w(63,12,2,1140)
r(71,7,2,1141)
w(11,13,2,1141)
r(63,12,2,1142)
w(64,11,2,1142)
w(20,17,2,1143)
w(92,11,2,1143)
w(26,14,2,1144)
w(59,19,2,1144)
r(55,11,2,1145)
w(87,16,2,1145)
w(48,19,2,1146)
r(79,11,2,1146)
r(33,16,2,1147)
r(7,13,2,1147)
w(16,13,2,1148)
w(38,13,2,1148)
r(52,10,2,1149)
w(28,10,2,1149)
w(30,13,2,1150)
w(49,11,2,1150)
r(92,11,2,1151)
w(58,9,2,1151)
r(10,7,2,1152)
r(9,12,2,1152)
w(91,18,2,1153)
w(65,17,2,1153)
r(11,13,2,1154)
w(92,12,2,1154)
r(41,11,2,1155)
r(42,11,2,1155)
w(77,10,2,1156)
w(55,12,2,1156)
r(22,14,2,1157)
w(91,19,2,1157)
r(19,12,2,1158)
w(92,13,2,1158)
w(67,12,2,1159)
r(82,6,2,1159)
r(37,14,2,1160)
w(77,11,2,1160)
r(63,12,2,1161)
r(6,10,2,1161)
w(43,12,2,1162)
w(25,13,2,1162)
r(2,17,2,1163)
w(47,16,2,1163)
r(43,12,2,1164)
w(8,13,2,1164)
w(21,14,2,1165)
w(83,14,2,1165)
w(4,10,2,1166)
w(54,16,2,1166)
w(28,11,2,1167)
w(99,10,2,1167)
r(48,19,2,1168)
w(48,20,2,1168)
w(69,11,2,1169)
r(38,13,2,1169)
r(43,12,2,1170)
w(40,8,2,1170)
w(16,14,2,1171)
w(56,8,2,1171)
w(53,10,2,1172)
r(56,8,2,1172)
w(5,12,2,1173)
w(76,11,2,1173)
r(57,14,2,1174)
w(36,11,2,1174)
r(71,7,2,1175)
r(3,10,2,1175)
w(17,6,2,1176)
w(47,17,2,1176)
r(61,13,2,1177)
r(92,13,2,1177)
w(86,13,2,1178)
w(47,18,2,1178)
w(57,15,2,1179)
w(48,21,2,1179)
r(53,10,2,1180)
r(86,13,2,1180)
w(95,6,2,1181)
w(74,11,2,1181)
w(44,12,2,1182)
r(8,13,2,1182)
r(12,14,2,1183)
w(48,22,2,1183)
w(6,11,2,1184)
r(57,15,2,1184)
r(17,6,2,1185)
w(47,19,2,1185)
w(28,12,2,1186)
w(35,8,2,1186)
w(45,12,2,1187)
w(31,10,2,1187)
r(31,10,2,1188)
w(86,14,2,1188)
w(32,11,2,1189)
r(14,7,2,1189)
r(6,11,2,1190)
w(65,18,2,1190)
w(90,10,2,1191)
r(72,9,2,1191)
w(2,18,2,1192)
r(72,9,2,1192)
r(14,7,2,1193)
w(90,11,2,1193)
r(94,4,2,1194)
r(74,11,2,1194)
w(81,6,2,1195)
r(97,15,2,1195)
r(50,10,2,1196)
w(59,20,2,1196)
r(92,13,2,1197)
w(51,10,2,1197)
r(64,11,2,1198)
r(63,12,2,1198)
w(81,7,2,1199)
r(3,10,2,1199)
w(14,8,2,1200)
w(47,20,2,1200)
w(64,12,2,1201)
r(35,8,2,1201)
w(0,8,2,1202)
w(68,14,2,1202)
r(56,8,2,1203)
r(1,7,2,1203)
w(39,19,2,1204)
r(92,13,2,1204)
r(96,19,2,1205)
r(24,12,2,1205)
w(72,10,2,1206)
w(50,11,2,1206)
w(44,13,2,1207)
w(86,15,2,1207)
r(62,14,2,1208)
w(5,13,2,1208)
r(53,10,2,1209)
w(50,12,2,1209)
w(75,17,2,1210)
w(32,12,2,1210)
w(61,14,2,1211)
w(45,13,2,1211)
w(12,15,2,1212)
r(4,10,2,1212)
w(65,19,2,1213)
r(56,8,2,1213)
r(97,15,2,1214)
r(40,8,2,1214)
r(35,8,2,1215)
w(46,12,2,1215)
r(91,19,2,1216)
r(84,12,2,1216)
w(79,12,2,1217)
w(77,12,2,1217)
w(57,16,2,1218)
r(43,12,2,1218)
w(95,7,2,1219)
r(58,9,2,1219)
r(97,15,2,1220)
w(70,15,2,1220)
r(0,8,2,1221)
r(56,8,2,1221)
r(85,6,2,1222)
r(8,13,2,1222)
r(28,12,2,1223)
r(35,8,2,1223)
r(98,9,2,1224)
r(53,10,2,1224)
w(14,9,2,1225)
r(37,14,2,1225)
w(86,16,2,1226)
w(75,18,2,1226)
w(86,17,2,1227)
r(84,12,2,1227)
w(31,11,2,1228)
w(68,15,2,1228)
r(2,18,2,1229)
r(86,17,2,1229)
r(3,10,2,1230)
r(82,6,2,1230)
r(9,12,2,1231)
w(97,16,2,1231)
r(1,7,2,1232)
w(0,9,2,1232)
w(58,10,2,1233)
w(64,13,2,1233)
r(77,12,2,1234)
r(36,11,2,1234)
r(5,13,2,1235)
w(37,15,2,1235)
r(52,10,2,1236)
r(1,7,2,1236)
w(32,13,2,1237)
r(25,13,2,1237)
w(93,10,2,1238)
w(95,8,2,1238)
w(85,7,2,1239)
r(20,17,2,1239)
w(19,13,2,1240)
w(50,13,2,1240)
r(22,14,2,1241)
r(45,13,2,1241)
w(66,14,2,1242)
r(19,13,2,1242)
r(9,12,2,1243)
r(98,9,2,1243)
r(9,12,2,1244)
w(11,14,2,1244)
w(12,16,2,1245)
r(36,11,2,1245)
r(50,13,2,1246)
w(97,17,2,1246)
w(68,16,2,1247)
w(41,12,2,1247)
r(11,14,2,1248)
r(69,11,2,1248)
r(79,12,2,1249)
w(71,8,2,1249)
r(70,15,2,1250)
r(20,17,2,1250)
r(67,12,2,1251)
r(31,11,2,1251)
r(22,14,2,1252)
r(10,7,2,1252)
r(54,16,2,1253)
r(86,17,2,1253)
r(91,19,2,1254)
r(39,19,2,1254)
w(67,13,2,1255)
w(13,11,2,1255)
w(79,13,2,1256)
w(36,12,2,1256)
w(97,18,2,1257)
w(54,17,2,1257)
r(24,12,2,1258)
w(78,13,2,1258)
r(61,14,2,1259)
w(65,20,2,1259)
r(18,9,2,1260)
r(42,11,2,1260)
w(83,15,2,1261)
r(22,14,2,1261)
r(52,10,2,1262)
w(71,9,2,1262)
w(9,13,2,1263)
w(94,5,2,1263)
r(9,13,2,1264)
r(98,9,2,1264)
w(79,14,2,1265)
w(85,8,2,1265)
w(29,9,2,1266)
w(91,20,2,1266)
r(89,16,2,1267)
w(2,19,2,1267)
w(93,11,2,1268)
w(12,17,2,1268)
w(7,14,2,1269)
w(99,11,2,1269)
r(53,10,2,1270)
r(22,14,2,1270)
w(18,10,2,1271)
r(27,12,2,1271)
w(22,15,2,1272)
r(32,13,2,1272)
r(22,15,2,1273)
r(50,13,2,1273)
r(53,10,2,1274)
w(83,16,2,1274)
r(35,8,2,1275)
r(41,12,2,1275)
r(86,17,2,1276)
w(45,14,2,1276)
w(34,12,2,1277)
r(71,9,2,1277)
r(54,17,2,1278)
r(20,17,2,1278)
w(30,14,2,1279)
w(46,13,2,1279)
w(94,6,2,1280)
r(84,12,2,1280)
w(76,12,2,1281)
r(40,8,2,1281)
r(3,10,2,1282)
w(13,12,2,1282)
w(35,9,2,1283)
r(33,16,2,1283)
r(17,6,2,1284)
r(43,12,2,1284)
r(75,18,2,1285)
r(21,14,2,1285)
w(82,7,2,1286)
w(13,13,2,1286)
r(83,16,2,1287)
r(14,9,2,1287)
r(8,13,2,1288)
w(42,12,2,1288)
w(71,10,2,1289)
w(69,12,2,1289)
r(43,12,2,1290)
r(52,10,2,1290)
r(64,13,2,1291)
w(73,8,2,1291)
w(63,13,2,1292)
r(71,10,2,1292)
w(36,13,2,1293)
r(42,12,2,1293)
w(92,14,2,1294)
w(23,12,2,1294)
w(98,10,2,1295)
w(3,11,2,1295)
w(67,14,2,1296)
w(72,11,2,1296)
w(58,11,2,1297)
w(66,15,2,1297)
r(19,13,2,1298)
w(64,14,2,1298)
r(77,12,2,1299)
w(43,13,2,1299)
r(14,9,2,1300)
r(81,7,2,1300)
w(38,14,2,1301)
r(22,15,2,1301)
r(94,6,2,1302)
r(20,17,2,1302)
w(0,10,2,1303)
r(99,11,2,1303)
w(8,14,2,1304)
w(9,14,2,1304)
r(41,12,2,1305)
r(49,11,2,1305)
r(36,13,2,1306)
r(51,10,2,1306)
r(62,14,2,1307)
w(53,11,2,1307)
w(91,21,2,1308)
r(14,9,2,1308)
r(93,11,2,1309)
w(24,13,2,1309)
w(49,12,2,1310)
w(67,15,2,1310)
r(72,11,2,1311)
w(81,8,2,1311)
r(8,14,2,1312)
w(88,13,2,1312)
r(80,13,2,1313)
w(22,16,2,1313)
w(21,15,2,1314)
w(6,12,2,1314)
r(84,12,2,1315)
r(21,15,2,1315)
r(49,12,2,1316)
r(7,14,2,1316)
w(4,11,2,1317)
w(97,19,2,1317)
w(61,15,2,1318)
r(8,14,2,1318)
r(29,9,2,1319)
w(72,12,2,1319)
r(80,13,2,1320)
r(89,16,2,1320)
w(96,20,2,1321)
w(62,15,2,1321)
r(13,13,2,1322)
r(6,12,2,1322)
r(57,16,2,1323)
r(59,20,2,1323)
r(61,15,2,1324)
r(24,13,2,1324)
r(23,12,2,1325)
w(72,13,2,1325)
w(55,13,2,1326)
r(15,15,2,1326)
r(39,19,2,1327)
w(18,11,2,1327)
w(85,9,2,1328)
w(51,11,2,1328)
w(89,17,2,1329)
w(93,12,2,1329)
r(80,13,2,1330)
w(78,14,2,1330)
w(11,15,2,1331)
r(76,12,2,1331)
r(46,13,2,1332)
w(73,9,2,1332)
r(93,12,2,1333)
w(46,14,2,1333)
w(81,9,2,1334)
w(61,16,2,1334)
w(0,11,2,1335)
w(19,14,2,1335)
w(10,8,2,1336)
w(26,15,2,1336)
r(96,20,2,1337)
r(74,11,2,1337)
r(20,17,2,1338)
w(67,16,2,1338)
r(65,20,2,1339)
r(49,12,2,1339)
r(88,13,2,1340)
w(53,12,2,1340)
w(32,14,2,1341)
r(74,11,2,1341)
r(64,14,2,1342)
r(19,14,2,1342)
r(55,13,2,1343)
w(16,15,2,1343)
w(65,21,2,1344)
w(9,15,2,1344)
w(54,18,2,1345)
r(83,16,2,1345)
w(53,13,2,1346)
r(9,15,2,1346)
r(26,15,2,1347)
w(93,13,2,1347)
w(40,9,2,1348)
w(73,10,2,1348)
r(76,12,2,1349)
r(94,6,2,1349)
w(30,15,2,1350)
w(8,15,2,1350)
w(76,13,2,1351)
r(35,9,2,1351)
w(20,18,2,1352)
r(66,15,2,1352)
w(21,16,2,1353)
w(63,14,2,1353)
r(5,13,2,1354)
w(9,16,2,1354)
r(41,12,2,1355)
w(31,12,2,1355)
r(87,16,2,1356)
w(80,14,2,1356)
w(91,22,2,1357)
r(95,8,2,1357)
w(89,18,2,1358)
r(32,14,2,1358)
r(70,15,2,1359)
w(36,14,2,1359)
w(98,11,2,1360)
w(34,13,2,1360)
r(42,12,2,1361)
r(53,13,2,1361)
w(25,14,2,1362)
w(49,13,2,1362)
r(51,11,2,1363)
w(91,23,2,1363)
w(92,15,2,1364)
r(66,15,2,1364)
w(32,15,2,1365)
w(31,13,2,1365)
r(33,16,2,1366)
w(89,19,2,1366)
r(84,12,2,1367)
r(41,12,2,1367)
r(59,20,2,1368)
r(76,13,2,1368)
r(75,18,2,1369)
r(13,13,2,1369)
w(33,17,2,1370)
w(3,12,2,1370)
w(72,14,2,1371)
r(45,14,2,1371)
r(19,14,2,1372)
w(49,14,2,1372)
w(11,16,2,1373)
r(20,18,2,1373)
r(52,10,2,1374)
w(25,15,2,1374)
w(42,13,2,1375)
w(52,11,2,1375)
r(63,14,2,1376)
r(3,12,2,1376)
r(27,12,2,1377)
w(6,13,2,1377)
r(37,15,2,1378)
r(92,15,2,1378)
w(79,15,2,1379)
w(2,20,2,1379)
r(5,13,2,1380)
w(2,21,2,1380)
w(24,14,2,1381)
r(22,16,2,1381)
r(12,17,2,1382)
r(3,12,2,1382)
w(18,12,2,1383)
r(57,16,2,1383)
w(83,17,2,1384)
r(85,9,2,1384)
w(37,16,2,1385)
r(40,9,2,1385)
w(14,10,2,1386)
w(41,13,2,1386)
r(35,9,2,1387)
r(73,10,2,1387)
w(59,21,2,1388)
w(78,15,2,1388)
w(79,16,2,1389)
r(39,19,2,1389)
r(69,12,2,1390)
w(55,14,2,1390)
r(44,13,2,1391)
w(9,17,2,1391)
w(66,16,2,1392)
w(38,15,2,1392)
r(23,12,2,1393)
r(18,12,2,1393)
w(71,11,2,1394)
w(98,12,2,1394)
w(51,12,2,1395)
r(73,10,2,1395)
r(37,16,2,1396)
w(34,14,2,1396)
w(52,12,2,1397)
r(0,11,2,1397)
r(56,8,2,1398)
w(93,14,2,1398)
w(5,14,2,1399)
r(59,21,2,1399)
r(56,8,2,1400)
w(24,15,2,1400)
r(0,11,2,1401)
w(8,16,2,1401)
r(40,9,2,1402)
r(91,23,2,1402)
w(13,14,2,1403)
w(88,14,2,1403)
w(79,17,2,1404)
r(11,16,2,1404)
r(42,13,2,1405)
r(71,11,2,1405)
w(90,12,2,1406)
w(80,15,2,1406)
r(74,11,2,1407)
r(64,14,2,1407)
w(60,14,2,1408)
r(85,9,2,1408)
r(29,9,2,1409)
r(78,15,2,1409)
r(88,14,2,1410)
w(29,10,2,1410)
w(95,9,2,1411)
r(26,15,2,1411)
w(87,17,2,1412)
w(15,16,2,1412)
w(22,17,2,1413)
r(97,19,2,1413)
w(87,18,2,1414)
r(59,21,2,1414)
r(25,15,2,1415)
w(34,15,2,1415)
r(65,21,2,1416)
r(8,16,2,1416)
r(0,11,2,1417)
r(55,14,2,1417)
r(33,17,2,1418)
w(32,16,2,1418)
r(53,13,2,1419)
r(82,7,2,1419)
w(1,8,2,1420)
r(24,15,2,1420)
r(16,15,2,1421)
r(22,17,2,1421)
w(1,9,2,1422)
w(73,11,2,1422)
r(96,20,2,1423)
r(78,15,2,1423)
r(52,12,2,1424)
w(45,15,2,1424)
r(15,16,2,1425)
w(84,13,2,1425)
w(18,13,2,1426)
r(25,15,2,1426)
w(84,14,2,1427)
r(6,13,2,1427)
r(77,12,2,1428)
r(45,15,2,1428)
r(26,15,2,1429)
w(68,17,2,1429)
r(67,16,2,1430)
r(74,11,2,1430)
r(55,14,2,1431)
r(78,15,2,1431)
r(45,15,2,1432)
r(97,19,2,1432)
r(29,10,2,1433)
r(29,10,2,1433)
w(11,17,2,1434)
w(36,15,2,1434)
r(44,13,2,1435)
w(76,14,2,1435)
r(77,12,2,1436)
r(37,16,2,1436)
r(14,10,2,1437)
w(56,9,2,1437)
w(3,13,2,1438)
r(60,14,2,1438)
r(11,17,2,1439)
r(47,20,2,1439)
r(85,9,2,1440)
r(58,11,2,1440)
r(56,9,2,1441)
w(75,19,2,1441)
w(77,13,2,1442)
r(37,16,2,1442)
w(14,11,2,1443)
r(60,14,2,1443)
r(4,11,2,1444)
w(64,15,2,1444)
w(54,19,2,1445)
w(50,14,2,1445)
w(78,16,2,1446)
w(55,15,2,1446)
r(25,15,2,1447)
r(66,16,2,1447)
r(29,10,2,1448)
w(7,15,2,1448)
w(52,13,2,1449)
w(47,21,2,1449)
w(64,16,2,1450)
w(58,12,2,1450)
r(86,17,2,1451)
r(72,14,2,1451)
r(0,11,2,1452)
w(83,18,2,1452)
r(36,15,2,1453)
w(88,15,2,1453)
r(43,13,2,1454)
r(93,14,2,1454)
w(83,19,2,1455)
w(75,20,2,1455)
r(63,14,2,1456)
r(71,11,2,1456)
w(80,16,2,1457)
r(15,16,2,1457)
r(23,12,2,1458)
w(80,17,2,1458)
w(33,18,2,1459)
w(30,16,2,1459)
r(16,15,2,1460)
w(80,18,2,1460)
w(10,9,2,1461)
w(36,16,2,1461)
r(52,13,2,1462)
w(21,17,2,1462)
w(84,15,2,1463)
w(75,21,2,1463)
r(62,15,2,1464)
w(84,16,2,1464)
r(8,16,2,1465)
w(94,7,2,1465)
w(82,8,2,1466)
w(84,17,2,1466)
r(89,19,2,1467)
r(77,13,2,1467)
r(42,13,2,1468)
w(24,16,2,1468)
r(14,11,2,1469)
w(23,13,2,1469)
w(12,18,2,1470)
r(81,9,2,1470)
w(17,7,2,1471)
w(34,16,2,1471)
r(65,21,2,1472)
w(56,10,2,1472)
r(24,16,2,1473)
w(5,15,2,1473)
r(72,14,2,1474)
w(66,17,2,1474)
w(62,16,2,1475)
r(84,17,2,1475)
w(49,15,2,1476)
w(36,17,2,1476)
r(81,9,2,1477)
r(32,16,2,1477)
w(78,17,2,1478)
w(27,13,2,1478)
w(16,16,2,1479)
r(35,9,2,1479)
w(17,8,2,1480)
w(91,24,2,1480)
w(8,17,2,1481)
w(42,14,2,1481)
w(68,18,2,1482)
r(7,15,2,1482)
w(82,9,2,1483)
w(78,18,2,1483)
w(57,17,2,1484)
r(19,14,2,1484)
w(32,17,2,1485)
r(8,17,2,1485)
w(52,14,2,1486)
w(89,20,2,1486)
r(45,15,2,1487)
w(11,18,2,1487)
w(62,17,2,1488)
r(39,19,2,1488)
w(13,15,2,1489)
w(44,14,2,1489)
w(60,15,2,1490)
w(2,22,2,1490)
w(89,21,2,1491)
r(79,17,2,1491)
r(91,24,2,1492)
w(69,13,2,1492)
r(14,11,2,1493)
w(78,19,2,1493)
w(34,17,2,1494)
r(32,17,2,1494)
w(85,10,2,1495)
w(12,19,2,1495)
w(77,14,2,1496)
r(42,14,2,1496)
r(67,16,2,1497)
r(91,24,2,1497)
w(60,16,2,1498)
r(5,15,2,1498)
w(93,15,2,1499)
r(52,14,2,1499)
