r(52,1,0,0)
w(52,1,0,0)
r(27,1,0,1)
r(64,1,0,1)
w(51,1,0,2)
w(55,1,0,2)
w(25,1,0,3)
r(12,1,0,3)
w(57,1,0,4)
w(15,1,0,4)
r(84,1,0,5)
r(39,1,0,5)
r(90,1,0,6)
r(50,1,0,6)
w(77,1,0,7)
w(3,1,0,7)
w(7,1,0,8)
w(33,1,0,8)
w(29,1,0,9)
w(67,1,0,9)
r(99,1,0,10)
r(24,1,0,10)
r(96,1,0,11)
r(7,1,0,11)
r(57,1,0,12)
w(47,1,0,12)
w(64,1,0,13)
r(12,1,0,13)
r(17,1,0,14)
r(70,1,0,14)
r(48,1,0,15)
r(75,1,0,15)
r(0,1,0,16)
r(20,1,0,16)
r(68,1,0,17)
w(76,1,0,17)
r(61,1,0,18)
w(43,1,0,18)
w(81,1,0,19)
r(43,1,0,19)
w(75,1,0,20)
w(16,1,0,20)
r(97,1,0,21)
w(33,2,0,21)
r(40,1,0,22)
w(16,2,0,22)
r(57,1,0,23)
w(40,1,0,23)
w(5,1,0,24)
w(0,1,0,24)
w(79,1,0,25)
r(55,1,0,25)
w(45,1,0,26)
w(24,1,0,26)
r(92,1,0,27)
r(55,1,0,27)
w(28,1,0,28)
r(75,1,0,28)
r(38,1,0,29)
w(15,2,0,29)
w(68,1,0,30)
w(36,1,0,30)
w(96,1,0,31)
r(59,1,0,31)
w(29,2,0,32)
w(61,1,0,32)
w(96,2,0,33)
r(39,1,0,33)
r(3,1,0,34)
w(9,1,0,34)
r(22,1,0,35)
w(26,1,0,35)
r(55,1,0,36)
w(57,2,0,36)
r(6,1,0,37)
r(66,1,0,37)
w(94,1,0,38)
r(48,1,0,38)
r(98,1,0,39)
w(17,1,0,39)
r(90,1,0,40)
r(78,1,0,40)
r(6,1,0,41)
w(63,1,0,41)
r(48,1,0,42)
w(93,1,0,42)
w(56,1,0,43)
r(94,1,0,43)
r(56,1,0,44)
r(14,1,0,44)
r(55,1,0,45)
r(33,2,0,45)
w(89,1,0,46)
w(1,1,0,46)
w(54,1,0,47)
r(22,1,0,47)
w(68,2,0,48)
w(58,1,0,48)
r(99,1,0,49)
w(75,2,0,49)
w(39,1,0,50)
w(17,2,0,50)
r(11,1,0,51)
r(27,1,0,51)
w(59,1,0,52)
r(27,1,0,52)
r(63,1,0,53)
w(88,1,0,53)
w(85,1,0,54)
r(88,1,0,54)
w(86,1,0,55)
w(65,1,0,55)
w(40,2,0,56)
w(45,2,0,56)
w(26,2,0,57)
w(42,1,0,57)
r(31,1,0,58)
r(75,2,0,58)
r(95,1,0,59)
w(31,1,0,59)
w(60,1,0,60)
r(1,1,0,60)
w(9,2,0,61)
w(27,1,0,61)
r(5,1,0,62)
w(98,1,0,62)
w(22,1,0,63)
w(97,1,0,63)
w(93,2,0,64)
r(47,1,0,64)
r(94,1,0,65)
w(73,1,0,65)
r(33,2,0,66)
w(3,2,0,66)
w(43,2,0,67)
w(33,3,0,67)
w(93,3,0,68)
w(70,1,0,68)
r(96,2,0,69)
w(97,2,0,69)
w(69,1,0,70)
w(57,3,0,70)
w(29,3,0,71)
r(59,1,0,71)
r(93,3,0,72)
w(21,1,0,72)
w(21,2,0,73)
w(41,1,0,73)
w(59,2,0,74)
w(69,2,0,74)
r(36,1,0,75)
r(58,1,0,75)
w(33,4,0,76)
w(10,1,0,76)
w(43,3,0,77)
r(7,1,0,77)
r(51,1,0,78)
w(8,1,0,78)
r(62,1,0,79)
w(37,1,0,79)
w(30,1,0,80)
r(5,1,0,80)
r(93,3,0,81)
w(24,2,0,81)
r(83,1,0,82)
r(1,1,0,82)
r(31,1,0,83)
r(10,1,0,83)
r(76,1,0,84)
r(45,2,0,84)
r(4,1,0,85)
w(58,2,0,85)
w(58,3,0,86)
w(96,3,0,86)
r(60,1,0,87)
w(43,4,0,87)
r(20,1,0,88)
w(3,3,0,88)
r(87,1,0,89)
w(4,1,0,89)
r(68,2,0,90)
w(79,2,0,90)
r(3,3,0,91)
w(27,2,0,91)
r(50,1,0,92)
w(72,1,0,92)
r(54,1,0,93)
r(85,1,0,93)
w(76,2,0,94)
w(44,1,0,94)
r(14,1,0,95)
w(49,1,0,95)
w(37,2,0,96)
w(4,2,0,96)
r(6,1,0,97)
r(9,2,0,97)
r(21,2,0,98)
w(13,1,0,98)
w(46,1,0,99)
r(64,1,0,99)
w(66,1,0,100)
r(69,2,0,100)
w(43,5,0,101)
w(3,4,0,101)
w(34,1,0,102)
w(71,1,0,102)
r(10,1,0,103)
r(11,1,0,103)
w(61,2,0,104)
r(46,1,0,104)
w(78,1,0,105)
w(39,2,0,105)
r(88,1,0,106)
r(61,2,0,106)
w(94,2,0,107)
r(10,1,0,107)
r(6,1,0,108)
r(7,1,0,108)
r(46,1,0,109)
w(52,2,0,109)
r(18,1,0,110)
r(75,2,0,110)
r(7,1,0,111)
r(5,1,0,111)
r(94,2,0,112)
r(86,1,0,112)
w(44,2,0,113)
r(1,1,0,113)
w(43,6,0,114)
w(74,1,0,114)
w(42,2,0,115)
w(19,1,0,115)
r(43,6,0,116)
w(22,2,0,116)
r(25,1,0,117)
r(29,3,0,117)
w(57,4,0,118)
w(56,2,0,118)
r(25,1,0,119)
r(8,1,0,119)
w(94,3,0,120)
w(28,2,0,120)
w(38,1,0,121)
r(75,2,0,121)
r(20,1,0,122)
r(5,1,0,122)
w(51,2,0,123)
w(76,3,0,123)
r(14,1,0,124)
w(79,3,0,124)
r(95,1,0,125)
r(40,2,0,125)
w(92,1,0,126)
r(25,1,0,126)
r(53,1,0,127)
r(11,1,0,127)
w(41,2,0,128)
w(96,4,0,128)
w(33,5,0,129)
r(6,1,0,129)
r(33,5,0,130)
w(93,4,0,130)
r(70,1,0,131)
r(11,1,0,131)
r(47,1,0,132)
r(34,1,0,132)
w(18,1,0,133)
r(65,1,0,133)
r(9,2,0,134)
w(43,7,0,134)
w(89,2,0,135)
r(7,1,0,135)
r(63,1,0,136)
r(9,2,0,136)
w(95,1,0,137)
w(33,6,0,137)
w(43,8,0,138)
r(99,1,0,138)
w(84,1,0,139)
w(29,4,0,139)
r(16,2,0,140)
r(9,2,0,140)
w(8,2,0,141)
r(79,3,0,141)
r(74,1,0,142)
w(28,3,0,142)
r(53,1,0,143)
r(42,2,0,143)
r(23,1,0,144)
r(75,2,0,144)
w(32,1,0,145)
w(54,2,0,145)
w(73,2,0,146)
w(1,2,0,146)
r(44,2,0,147)
w(35,1,0,147)
w(70,2,0,148)
w(0,2,0,148)
r(84,1,0,149)
r(87,1,0,149)
r(74,1,0,150)
w(73,3,0,150)
r(60,1,0,151)
w(91,1,0,151)
r(62,1,0,152)
w(52,3,0,152)
w(68,3,0,153)
w(71,2,0,153)
r(55,1,0,154)
w(36,2,0,154)
w(84,2,0,155)
r(46,1,0,155)
r(95,1,0,156)
w(4,3,0,156)
r(83,1,0,157)
r(23,1,0,157)
r(36,2,0,158)
w(76,4,0,158)
r(0,2,0,159)
r(6,1,0,159)
r(46,1,0,160)
r(4,3,0,160)
w(29,5,0,161)
w(73,4,0,161)
w(52,4,0,162)
w(20,1,0,162)
w(24,3,0,163)
w(71,3,0,163)
w(3,5,0,164)
r(87,1,0,164)
w(50,1,0,165)
w(38,2,0,165)
w(29,6,0,166)
w(32,2,0,166)
r(35,1,0,167)
w(68,4,0,167)
r(14,1,0,168)
r(50,1,0,168)
r(36,2,0,169)
r(18,1,0,169)
w(29,7,0,170)
w(99,1,0,170)
w(5,2,0,171)
r(71,3,0,171)
r(89,2,0,172)
r(82,1,0,172)
w(3,6,0,173)
r(64,1,0,173)
r(71,3,0,174)
r(15,2,0,174)
w(26,3,0,175)
w(53,1,0,175)
r(98,1,0,176)
r(7,1,0,176)
r(34,1,0,177)
w(76,5,0,177)
w(87,1,0,178)
w(42,3,0,178)
r(50,1,0,179)
r(98,1,0,179)
r(34,1,0,180)
r(3,6,0,180)
w(80,1,0,181)
w(85,2,0,181)
r(95,1,0,182)
r(1,2,0,182)
w(46,2,0,183)
w(99,2,0,183)
w(68,5,0,184)
r(13,1,0,184)
w(80,2,0,185)
w(30,2,0,185)
r(75,2,0,186)
r(73,4,0,186)
w(70,3,0,187)
r(26,3,0,187)
w(35,2,0,188)
r(69,2,0,188)
r(50,1,0,189)
r(51,2,0,189)
r(63,1,0,190)
w(55,2,0,190)
r(78,1,0,191)
r(35,2,0,191)
w(66,2,0,192)
w(75,3,0,192)
w(21,3,0,193)
w(90,1,0,193)
w(81,2,0,194)
w(6,1,0,194)
r(63,1,0,195)
w(97,3,0,195)
r(68,5,0,196)
w(67,2,0,196)
r(44,2,0,197)
r(26,3,0,197)
r(96,4,0,198)
w(69,3,0,198)
r(51,2,0,199)
r(36,2,0,199)
w(22,3,0,200)
r(76,5,0,200)
r(5,2,0,201)
w(40,3,0,201)
r(16,2,0,202)
r(87,1,0,202)
r(71,3,0,203)
w(30,3,0,203)
w(17,3,0,204)
r(2,1,0,204)
w(74,2,0,205)
r(40,3,0,205)
r(97,3,0,206)
r(42,3,0,206)
w(42,4,0,207)
w(27,3,0,207)
r(48,1,0,208)
r(84,2,0,208)
w(92,2,0,209)
w(10,2,0,209)
w(25,2,0,210)
r(42,4,0,210)
r(0,2,0,211)
w(97,4,0,211)
r(16,2,0,212)
r(72,1,0,212)
r(90,1,0,213)
r(49,1,0,213)
w(30,4,0,214)
w(40,4,0,214)
r(73,4,0,215)
w(64,2,0,215)
r(99,2,0,216)
r(33,6,0,216)
r(82,1,0,217)
r(23,1,0,217)
r(27,3,0,218)
w(17,4,0,218)
w(23,1,0,219)
w(7,2,0,219)
r(62,1,0,220)
r(70,3,0,220)
r(66,2,0,221)
r(19,1,0,221)
r(0,2,0,222)
w(47,2,0,222)
r(90,1,0,223)
r(53,1,0,223)
r(42,4,0,224)
w(7,3,0,224)
w(91,2,0,225)
r(73,4,0,225)
r(29,7,0,226)
r(69,3,0,226)
r(24,3,0,227)
w(79,4,0,227)
w(71,4,0,228)
r(43,8,0,228)
w(23,2,0,229)
r(35,2,0,229)
r(51,2,0,230)
w(52,5,0,230)
r(76,5,0,231)
r(62,1,0,231)
r(15,2,0,232)
w(61,3,0,232)
w(79,5,0,233)
w(38,3,0,233)
r(83,1,0,234)
r(12,1,0,234)
r(17,4,0,235)
w(98,2,0,235)
r(9,2,0,236)
w(69,4,0,236)
r(86,1,0,237)
r(49,1,0,237)
w(34,2,0,238)
w(37,3,0,238)
w(69,5,0,239)
w(35,3,0,239)
r(9,2,0,240)
w(64,3,0,240)
w(6,2,0,241)
r(73,4,0,241)
r(5,2,0,242)
w(51,3,0,242)
w(38,4,0,243)
r(28,3,0,243)
w(67,3,0,244)
r(69,5,0,244)
w(75,4,0,245)
w(22,4,0,245)
w(43,9,0,246)
w(90,2,0,246)
r(14,1,0,247)
r(82,1,0,247)
r(18,1,0,248)
w(52,6,0,248)
w(38,5,0,249)
r(49,1,0,249)
w(83,1,0,250)
r(7,3,0,250)
r(17,4,0,251)
r(30,4,0,251)
r(13,1,0,252)
r(20,1,0,252)
r(15,2,0,253)
r(5,2,0,253)
w(17,5,0,254)
r(95,1,0,254)
r(77,1,0,255)
w(77,2,0,255)
r(78,1,0,256)
r(59,2,0,256)
r(60,1,0,257)
w(72,2,0,257)
r(11,1,0,258)
w(91,3,0,258)
r(11,1,0,259)
w(46,3,0,259)
w(13,2,0,260)
r(79,5,0,260)
r(74,2,0,261)
w(19,2,0,261)
w(87,2,0,262)
w(4,4,0,262)
w(97,5,0,263)
r(89,2,0,263)
r(43,9,0,264)
r(75,4,0,264)
r(11,1,0,265)
r(89,2,0,265)
w(34,3,0,266)
w(26,4,0,266)
r(11,1,0,267)
r(67,3,0,267)
r(40,4,0,268)
r(1,2,0,268)
r(71,4,0,269)
r(95,1,0,269)
r(5,2,0,270)
r(75,4,0,270)
r(41,2,0,271)
r(57,4,0,271)
r(49,1,0,272)
w(41,3,0,272)
w(41,4,0,273)
r(82,1,0,273)
w(71,5,0,274)
w(6,3,0,274)
r(47,2,0,275)
w(80,3,0,275)
w(75,5,0,276)
r(60,1,0,276)
w(67,4,0,277)
r(17,5,0,277)
w(77,3,0,278)
w(76,6,0,278)
r(89,2,0,279)
w(24,4,0,279)
r(47,2,0,280)
r(79,5,0,280)
r(41,4,0,281)
w(14,1,0,281)
w(53,2,0,282)
w(97,6,0,282)
r(76,6,0,283)
w(12,1,0,283)
w(97,7,0,284)
w(34,4,0,284)
w(93,5,0,285)
w(82,1,0,285)
r(12,1,0,286)
r(51,3,0,286)
w(50,2,0,287)
r(33,6,0,287)
r(2,1,0,288)
r(86,1,0,288)
w(81,3,0,289)
r(88,1,0,289)
w(53,3,0,290)
w(19,3,0,290)
r(67,4,0,291)
r(76,6,0,291)
w(15,3,0,292)
r(86,1,0,292)
w(98,3,0,293)
r(41,4,0,293)
r(83,1,0,294)
w(96,5,0,294)
w(1,3,0,295)
w(63,2,0,295)
r(8,2,0,296)
w(91,4,0,296)
r(87,2,0,297)
r(50,2,0,297)
r(29,7,0,298)
w(56,3,0,298)
w(74,3,0,299)
w(32,3,0,299)
r(90,2,0,300)
w(9,3,0,300)
r(63,2,0,301)
w(0,3,0,301)
r(28,3,0,302)
w(60,2,0,302)
w(46,4,0,303)
w(39,3,0,303)
w(21,4,0,304)
w(34,5,0,304)
r(45,2,0,305)
w(15,4,0,305)
w(42,5,0,306)
w(13,3,0,306)
w(70,4,0,307)
w(6,4,0,307)
w(35,4,0,308)
w(83,2,0,308)
r(78,1,0,309)
w(43,10,0,309)
w(3,7,0,310)
w(28,4,0,310)
w(63,3,0,311)
w(46,5,0,311)
w(67,5,0,312)
r(4,4,0,312)
r(70,4,0,313)
r(37,3,0,313)
r(72,2,0,314)
r(15,4,0,314)
w(99,3,0,315)
r(89,2,0,315)
r(3,7,0,316)
r(90,2,0,316)
r(30,4,0,317)
w(5,3,0,317)
w(51,4,0,318)
r(69,5,0,318)
w(24,5,0,319)
r(88,1,0,319)
w(44,3,0,320)
r(10,2,0,320)
r(38,5,0,321)
w(65,2,0,321)
w(37,4,0,322)
w(40,5,0,322)
r(0,3,0,323)
w(52,7,0,323)
w(69,6,0,324)
w(98,4,0,324)
r(37,4,0,325)
r(91,4,0,325)
r(48,1,0,326)
r(15,4,0,326)
w(27,4,0,327)
w(43,11,0,327)
r(98,4,0,328)
r(33,6,0,328)
r(85,2,0,329)
w(7,4,0,329)
r(3,7,0,330)
r(95,1,0,330)
r(11,1,0,331)
r(46,5,0,331)
r(49,1,0,332)
r(27,4,0,332)
w(15,5,0,333)
r(17,5,0,333)
w(10,3,0,334)
r(72,2,0,334)
r(24,5,0,335)
w(88,2,0,335)
w(18,2,0,336)
w(38,6,0,336)
r(20,1,0,337)
w(43,12,0,337)
w(74,4,0,338)
w(58,4,0,338)
r(23,2,0,339)
w(17,6,0,339)
r(76,6,0,340)
r(97,7,0,340)
r(15,5,0,341)
w(82,2,0,341)
w(12,2,0,342)
r(77,3,0,342)
r(77,3,0,343)
r(55,2,0,343)
r(78,1,0,344)
r(83,2,0,344)
w(75,6,0,345)
r(29,7,0,345)
r(42,5,0,346)
r(95,1,0,346)
r(85,2,0,347)
w(47,3,0,347)
r(0,3,0,348)
w(96,6,0,348)
r(84,2,0,349)
w(19,4,0,349)
w(25,3,0,350)
r(53,3,0,350)
r(46,5,0,351)
w(86,2,0,351)
w(74,5,0,352)
w(37,5,0,352)
w(40,6,0,353)
r(6,4,0,353)
w(24,6,0,354)
r(77,3,0,354)
w(65,3,0,355)
r(85,2,0,355)
w(1,4,0,356)
w(44,4,0,356)
w(6,5,0,357)
w(18,3,0,357)
r(70,4,0,358)
w(9,4,0,358)
w(50,3,0,359)
r(5,3,0,359)
r(31,1,0,360)
r(78,1,0,360)
r(79,5,0,361)
r(99,3,0,361)
r(11,1,0,362)
w(43,13,0,362)
w(93,6,0,363)
r(24,6,0,363)
r(43,13,0,364)
w(84,3,0,364)
w(95,2,0,365)
r(57,4,0,365)
r(20,1,0,366)
r(70,4,0,366)
w(65,4,0,367)
r(29,7,0,367)
w(61,4,0,368)
r(89,2,0,368)
w(69,7,0,369)
r(18,3,0,369)
r(31,1,0,370)
r(44,4,0,370)
r(84,3,0,371)
r(89,2,0,371)
r(59,2,0,372)
w(36,3,0,372)
r(88,2,0,373)
w(90,3,0,373)
r(89,2,0,374)
w(9,5,0,374)
w(66,3,0,375)
r(40,6,0,375)
w(44,5,0,376)
r(32,3,0,376)
w(6,6,0,377)
r(6,6,0,377)
r(78,1,0,378)
r(41,4,0,378)
r(41,4,0,379)
r(52,7,0,379)
r(89,2,0,380)
w(20,2,0,380)
w(40,7,0,381)
r(73,4,0,381)
w(36,4,0,382)
r(61,4,0,382)
w(15,6,0,383)
w(41,5,0,383)
w(50,4,0,384)
r(38,6,0,384)
r(10,3,0,385)
r(49,1,0,385)
r(7,4,0,386)
r(6,6,0,386)
w(87,3,0,387)
w(92,3,0,387)
w(93,7,0,388)
r(7,4,0,388)
w(0,4,0,389)
r(88,2,0,389)
w(16,3,0,390)
w(49,2,0,390)
r(51,4,0,391)
w(88,3,0,391)
r(50,4,0,392)
r(4,4,0,392)
w(79,6,0,393)
w(67,6,0,393)
r(28,4,0,394)
w(30,5,0,394)
r(93,7,0,395)
r(46,5,0,395)
r(2,1,0,396)
r(69,7,0,396)
w(47,4,0,397)
w(15,7,0,397)
r(65,4,0,398)
r(87,3,0,398)
w(39,4,0,399)
r(61,4,0,399)
w(66,4,0,400)
w(59,3,0,400)
r(26,4,0,401)
w(17,7,0,401)
w(36,5,0,402)
r(22,4,0,402)
w(19,5,0,403)
w(60,3,0,403)
r(67,6,0,404)
r(45,2,0,404)
r(99,3,0,405)
w(49,3,0,405)
w(60,4,0,406)
w(59,4,0,406)
r(3,7,0,407)
r(63,3,0,407)
r(59,4,0,408)
w(83,3,0,408)
w(12,3,0,409)
r(78,1,0,409)
r(60,4,0,410)
r(64,3,0,410)
w(29,8,0,411)
r(73,4,0,411)
r(97,7,0,412)
w(6,7,0,412)
w(81,4,0,413)
w(5,4,0,413)
w(48,1,0,414)
w(67,7,0,414)
r(23,2,0,415)
w(78,2,0,415)
w(69,8,0,416)
r(28,4,0,416)
w(89,3,0,417)
r(54,2,0,417)
w(56,4,0,418)
r(91,4,0,418)
r(79,6,0,419)
r(27,4,0,419)
r(68,5,0,420)
w(13,4,0,420)
r(42,5,0,421)
w(35,5,0,421)
r(87,3,0,422)
r(15,7,0,422)
w(12,4,0,423)
w(87,4,0,423)
w(88,4,0,424)
r(99,3,0,424)
w(80,4,0,425)
r(20,2,0,425)
w(65,5,0,426)
r(1,4,0,426)
w(80,5,0,427)
w(25,4,0,427)
w(60,5,0,428)
w(54,3,0,428)
w(47,5,0,429)
w(60,6,0,429)
w(74,6,0,430)
r(85,2,0,430)
w(67,8,0,431)
r(22,4,0,431)
w(75,7,0,432)
r(9,5,0,432)
r(60,6,0,433)
w(25,5,0,433)
r(41,5,0,434)
r(79,6,0,434)
w(75,8,0,435)
w(77,4,0,435)
r(18,3,0,436)
w(86,3,0,436)
w(85,3,0,437)
r(28,4,0,437)
w(15,8,0,438)
r(45,2,0,438)
r(87,4,0,439)
r(53,3,0,439)
r(98,4,0,440)
r(86,3,0,440)
r(90,3,0,441)
r(46,5,0,441)
w(1,5,0,442)
w(66,5,0,442)
r(35,5,0,443)
w(36,6,0,443)
r(32,3,0,444)
w(81,5,0,444)
w(45,3,0,445)
r(80,5,0,445)
r(84,3,0,446)
w(25,6,0,446)
r(48,1,0,447)
r(64,3,0,447)
w(30,6,0,448)
w(25,7,0,448)
r(99,3,0,449)
r(31,1,0,449)
r(98,4,0,450)
w(42,6,0,450)
r(9,5,0,451)
r(87,4,0,451)
w(49,4,0,452)
r(65,5,0,452)
w(64,4,0,453)
w(78,3,0,453)
w(46,6,0,454)
r(87,4,0,454)
w(34,6,0,455)
w(94,4,0,455)
r(24,6,0,456)
r(30,6,0,456)
r(98,4,0,457)
w(17,8,0,457)
w(78,4,0,458)
w(47,6,0,458)
w(61,5,0,459)
r(83,3,0,459)
r(31,1,0,460)
r(40,7,0,460)
w(42,7,0,461)
r(23,2,0,461)
r(92,3,0,462)
r(19,5,0,462)
r(52,7,0,463)
r(47,6,0,463)
r(1,5,0,464)
w(3,8,0,464)
r(80,5,0,465)
r(55,2,0,465)
w(69,9,0,466)
w(24,7,0,466)
w(9,6,0,467)
r(37,5,0,467)
r(34,6,0,468)
w(89,4,0,468)
r(21,4,0,469)
w(71,6,0,469)
r(31,1,0,470)
r(69,9,0,470)
r(4,4,0,471)
w(15,9,0,471)
w(2,1,0,472)
w(96,7,0,472)
w(26,5,0,473)
r(17,8,0,473)
w(76,7,0,474)
r(93,7,0,474)
r(61,5,0,475)
r(15,9,0,475)
r(52,7,0,476)
w(52,8,0,476)
r(67,8,0,477)
r(83,3,0,477)
r(41,5,0,478)
w(8,3,0,478)
w(69,10,0,479)
r(77,4,0,479)
w(60,7,0,480)
w(18,4,0,480)
w(29,9,0,481)
r(32,3,0,481)
r(56,4,0,482)
r(44,5,0,482)
w(68,6,0,483)
w(31,2,0,483)
w(39,5,0,484)
w(42,8,0,484)
r(19,5,0,485)
w(44,6,0,485)
w(88,5,0,486)
w(40,8,0,486)
w(51,5,0,487)
w(76,8,0,487)
w(58,5,0,488)
r(24,7,0,488)
w(67,9,0,489)
w(87,5,0,489)
w(14,2,0,490)
r(3,8,0,490)
w(51,6,0,491)
r(69,10,0,491)
w(33,7,0,492)
r(55,2,0,492)
w(35,6,0,493)
w(65,6,0,493)
w(50,5,0,494)
r(91,4,0,494)
r(2,1,0,495)
r(53,3,0,495)
r(99,3,0,496)
r(29,9,0,496)
r(37,5,0,497)
r(72,2,0,497)
w(49,5,0,498)
r(46,6,0,498)
w(44,7,0,499)
w(92,4,0,499)
r(10,3,1,500)
r(87,5,1,500)
w(39,6,1,501)
r(5,4,1,501)
w(10,4,1,502)
r(39,6,1,502)
r(58,5,1,503)
w(92,5,1,503)
r(92,5,1,504)
r(23,2,1,504)
w(72,3,1,505)
w(69,11,1,505)
r(10,4,1,506)
w(89,5,1,506)
r(87,5,1,507)
w(60,8,1,507)
w(18,5,1,508)
w(37,6,1,508)
r(4,4,1,509)
w(13,5,1,509)
r(16,3,1,510)
r(82,2,1,510)
r(43,13,1,511)
w(0,5,1,511)
r(53,3,1,512)
r(51,6,1,512)
w(14,3,1,513)
r(65,6,1,513)
r(60,8,1,514)
w(22,5,1,514)
w(55,3,1,515)
r(87,5,1,515)
w(87,6,1,516)
w(11,1,1,516)
r(94,4,1,517)
w(39,7,1,517)
w(78,5,1,518)
w(64,5,1,518)
r(39,7,1,519)
w(90,4,1,519)
r(90,4,1,520)
w(16,4,1,520)
r(56,4,1,521)
w(78,6,1,521)
r(32,3,1,522)
w(12,5,1,522)
w(60,9,1,523)
w(84,4,1,523)
w(91,5,1,524)
w(31,3,1,524)
w(21,5,1,525)
r(57,4,1,525)
w(53,4,1,526)
r(30,6,1,526)
w(93,8,1,527)
r(96,7,1,527)
w(45,4,1,528)
w(57,5,1,528)
r(12,5,1,529)
w(50,6,1,529)
w(40,9,1,530)
w(82,3,1,530)
w(36,7,1,531)
w(31,4,1,531)
r(34,6,1,532)
w(32,4,1,532)
w(96,8,1,533)
w(13,6,1,533)
w(52,9,1,534)
r(56,4,1,534)
w(49,6,1,535)
w(79,7,1,535)
r(57,5,1,536)
r(5,4,1,536)
r(42,8,1,537)
w(43,14,1,537)
w(76,9,1,538)
r(27,4,1,538)
w(24,8,1,539)
r(13,6,1,539)
r(43,14,1,540)
w(13,7,1,540)
r(6,7,1,541)
r(18,5,1,541)
r(46,6,1,542)
w(72,4,1,542)
w(24,9,1,543)
w(37,7,1,543)
r(29,9,1,544)
w(8,4,1,544)
w(38,7,1,545)
r(90,4,1,545)
r(38,7,1,546)
r(76,9,1,546)
r(22,5,1,547)
r(56,4,1,547)
w(87,7,1,548)
w(51,7,1,548)
r(15,9,1,549)
w(61,6,1,549)
r(33,7,1,550)
r(70,4,1,550)
r(93,8,1,551)
r(35,6,1,551)
r(72,4,1,552)
w(75,9,1,552)
r(33,7,1,553)
w(2,2,1,553)
w(39,8,1,554)
w(61,7,1,554)
r(55,3,1,555)
w(0,6,1,555)
w(74,7,1,556)
w(90,5,1,556)
w(43,15,1,557)
r(92,5,1,557)
r(36,7,1,558)
w(91,6,1,558)
w(64,6,1,559)
r(54,3,1,559)
w(82,4,1,560)
r(53,4,1,560)
r(42,8,1,561)
w(19,6,1,561)
w(59,5,1,562)
r(60,9,1,562)
w(71,7,1,563)
r(58,5,1,563)
w(32,5,1,564)
w(28,5,1,564)
w(74,8,1,565)
w(80,6,1,565)
r(89,5,1,566)
r(9,6,1,566)
w(14,4,1,567)
r(69,11,1,567)
r(63,3,1,568)
w(98,5,1,568)
r(15,9,1,569)
r(66,5,1,569)
r(33,7,1,570)
r(8,4,1,570)
w(44,8,1,571)
w(61,8,1,571)
r(95,2,1,572)
r(77,4,1,572)
r(64,6,1,573)
r(11,1,1,573)
w(96,9,1,574)
w(22,6,1,574)
r(21,5,1,575)
r(71,7,1,575)
w(83,4,1,576)
w(18,6,1,576)
w(26,6,1,577)
w(46,7,1,577)
r(12,5,1,578)
w(86,4,1,578)
w(33,8,1,579)
r(0,6,1,579)
r(68,6,1,580)
w(48,2,1,580)
r(80,6,1,581)
w(32,6,1,581)
r(35,6,1,582)
w(14,5,1,582)
w(61,9,1,583)
r(56,4,1,583)
w(58,6,1,584)
r(93,8,1,584)
r(67,9,1,585)
r(70,4,1,585)
r(83,4,1,586)
w(32,7,1,586)
r(67,9,1,587)
w(6,8,1,587)
r(52,9,1,588)
w(36,8,1,588)
w(4,5,1,589)
w(47,7,1,589)
r(82,4,1,590)
r(22,6,1,590)
w(37,8,1,591)
w(40,10,1,591)
w(97,8,1,592)
r(15,9,1,592)
r(97,8,1,593)
w(1,6,1,593)
w(2,3,1,594)
r(6,8,1,594)
w(18,7,1,595)
r(91,6,1,595)
r(29,9,1,596)
r(86,4,1,596)
r(91,6,1,597)
r(27,4,1,597)
w(40,11,1,598)
r(70,4,1,598)
w(97,9,1,599)
r(45,4,1,599)
w(79,8,1,600)
w(99,4,1,600)
r(17,8,1,601)
w(86,5,1,601)
r(54,3,1,602)
r(2,3,1,602)
r(88,5,1,603)
w(22,7,1,603)
w(93,9,1,604)
w(35,7,1,604)
r(32,7,1,605)
r(60,9,1,605)
w(55,4,1,606)
w(90,6,1,606)
w(35,8,1,607)
w(30,7,1,607)
w(54,4,1,608)
w(81,6,1,608)
w(87,8,1,609)
r(5,4,1,609)
w(3,9,1,610)
r(28,5,1,610)
w(9,7,1,611)
r(50,6,1,611)
r(6,8,1,612)
w(62,1,1,612)
w(97,10,1,613)
w(92,6,1,613)
r(41,5,1,614)
r(9,7,1,614)
w(23,3,1,615)
w(89,6,1,615)
w(75,10,1,616)
w(21,6,1,616)
r(92,6,1,617)
w(25,8,1,617)
r(89,6,1,618)
w(93,10,1,618)
w(62,2,1,619)
r(38,7,1,619)
r(40,11,1,620)
w(59,6,1,620)
w(84,5,1,621)
w(65,7,1,621)
r(84,5,1,622)
w(98,6,1,622)
w(53,5,1,623)
r(12,5,1,623)
r(60,9,1,624)
r(82,4,1,624)
w(53,6,1,625)
w(9,8,1,625)
r(9,8,1,626)
w(50,7,1,626)
w(26,7,1,627)
r(35,8,1,627)
w(99,5,1,628)
w(72,5,1,628)
w(74,9,1,629)
r(29,9,1,629)
w(99,6,1,630)
w(95,3,1,630)
w(72,6,1,631)
w(61,10,1,631)
w(20,3,1,632)
r(93,10,1,632)
w(54,5,1,633)
r(33,8,1,633)
w(25,9,1,634)
r(80,6,1,634)
w(0,7,1,635)
w(70,5,1,635)
r(24,9,1,636)
r(1,6,1,636)
w(95,4,1,637)
r(77,4,1,637)
w(44,9,1,638)
w(18,8,1,638)
w(64,7,1,639)
r(5,4,1,639)
r(83,4,1,640)
w(12,6,1,640)
r(49,6,1,641)
w(40,12,1,641)
w(78,7,1,642)
r(73,4,1,642)
r(97,10,1,643)
r(34,6,1,643)
w(18,9,1,644)
r(82,4,1,644)
r(49,6,1,645)
w(15,10,1,645)
r(8,4,1,646)
r(34,6,1,646)
w(1,7,1,647)
r(64,7,1,647)
w(59,7,1,648)
w(68,7,1,648)
w(31,5,1,649)
r(91,6,1,649)
r(34,6,1,650)
r(5,4,1,650)
r(98,6,1,651)
r(10,4,1,651)
w(72,7,1,652)
r(46,7,1,652)
r(51,7,1,653)
w(25,10,1,653)
r(54,5,1,654)
w(32,8,1,654)
w(67,10,1,655)
w(91,7,1,655)
r(66,5,1,656)
w(78,8,1,656)
w(59,8,1,657)
w(44,10,1,657)
w(97,11,1,658)
r(56,4,1,658)
r(50,7,1,659)
w(1,8,1,659)
r(98,6,1,660)
w(7,5,1,660)
w(64,8,1,661)
r(94,4,1,661)
r(69,11,1,662)
r(93,10,1,662)
r(77,4,1,663)
r(50,7,1,663)
r(37,8,1,664)
w(18,10,1,664)
r(92,6,1,665)
r(91,7,1,665)
r(99,6,1,666)
w(52,10,1,666)
w(4,6,1,667)
w(2,4,1,667)
r(86,5,1,668)
r(78,8,1,668)
r(27,4,1,669)
w(91,8,1,669)
r(22,7,1,670)
w(51,8,1,670)
r(66,5,1,671)
w(15,11,1,671)
r(25,10,1,672)
r(40,12,1,672)
r(67,10,1,673)
w(10,5,1,673)
w(44,11,1,674)
r(30,7,1,674)
r(95,4,1,675)
r(45,4,1,675)
r(95,4,1,676)
w(93,11,1,676)
w(67,11,1,677)
r(77,4,1,677)
w(19,7,1,678)
w(85,4,1,678)
r(26,7,1,679)
w(32,9,1,679)
w(82,5,1,680)
r(37,8,1,680)
w(53,7,1,681)
r(15,11,1,681)
w(33,9,1,682)
w(93,12,1,682)
w(35,9,1,683)
w(76,10,1,683)
r(87,8,1,684)
w(74,10,1,684)
w(11,2,1,685)
r(53,7,1,685)
r(47,7,1,686)
w(67,12,1,686)
r(75,10,1,687)
r(45,4,1,687)
r(7,5,1,688)
r(61,10,1,688)
r(67,12,1,689)
r(64,8,1,689)
w(25,11,1,690)
r(88,5,1,690)
r(27,4,1,691)
w(92,7,1,691)
r(93,12,1,692)
r(71,7,1,692)
w(82,6,1,693)
w(58,7,1,693)
w(66,6,1,694)
r(54,5,1,694)
r(55,4,1,695)
w(62,3,1,695)
w(44,12,1,696)
w(24,10,1,696)
w(26,8,1,697)
w(74,11,1,697)
w(98,7,1,698)
w(56,5,1,698)
w(65,8,1,699)
r(10,5,1,699)
r(11,2,1,700)
r(91,8,1,700)
r(80,6,1,701)
r(1,8,1,701)
w(20,4,1,702)
w(99,7,1,702)
r(18,10,1,703)
r(83,4,1,703)
w(11,3,1,704)
w(59,9,1,704)
r(27,4,1,705)
w(94,5,1,705)
w(1,9,1,706)
w(19,8,1,706)
w(84,6,1,707)
w(14,6,1,707)
r(19,8,1,708)
r(80,6,1,708)
w(29,10,1,709)
w(72,8,1,709)
r(97,11,1,710)
r(1,9,1,710)
w(48,3,1,711)
w(93,13,1,711)
r(75,10,1,712)
r(5,4,1,712)
r(51,8,1,713)
w(51,9,1,713)
r(51,9,1,714)
w(44,13,1,714)
r(87,8,1,715)
w(99,8,1,715)
r(39,8,1,716)
r(9,8,1,716)
w(83,5,1,717)
w(77,5,1,717)
r(85,4,1,718)
r(72,8,1,718)
r(80,6,1,719)
w(50,8,1,719)
r(99,8,1,720)
w(4,7,1,720)
w(89,7,1,721)
r(22,7,1,721)
r(67,12,1,722)
r(85,4,1,722)
r(52,10,1,723)
r(56,5,1,723)
r(32,9,1,724)
r(96,9,1,724)
w(21,7,1,725)
r(73,4,1,725)
w(7,6,1,726)
r(32,9,1,726)
w(43,16,1,727)
r(24,10,1,727)
w(85,5,1,728)
r(4,7,1,728)
r(45,4,1,729)
w(46,8,1,729)
r(11,3,1,730)
r(15,11,1,730)
r(30,7,1,731)
w(27,5,1,731)
r(29,10,1,732)
r(17,8,1,732)
w(74,12,1,733)
w(58,8,1,733)
w(66,7,1,734)
w(84,7,1,734)
w(22,8,1,735)
r(81,6,1,735)
r(31,5,1,736)
r(97,11,1,736)
w(21,8,1,737)
r(15,11,1,737)
w(55,5,1,738)
r(86,5,1,738)
w(38,8,1,739)
r(28,5,1,739)
w(25,12,1,740)
r(39,8,1,740)
w(52,11,1,741)
w(29,11,1,741)
r(25,12,1,742)
r(60,9,1,742)
r(61,10,1,743)
r(52,11,1,743)
r(71,7,1,744)
r(29,11,1,744)
w(19,9,1,745)
w(66,8,1,745)
w(92,8,1,746)
r(11,3,1,746)
w(82,7,1,747)
w(12,7,1,747)
w(64,9,1,748)
w(71,8,1,748)
w(11,4,1,749)
r(14,6,1,749)
w(68,8,1,750)
w(76,11,1,750)
w(89,8,1,751)
w(63,4,1,751)
w(51,10,1,752)
r(91,8,1,752)
w(35,10,1,753)
r(33,9,1,753)
w(81,7,1,754)
r(21,8,1,754)
r(0,7,1,755)
r(44,13,1,755)
r(36,8,1,756)
r(94,5,1,756)
r(63,4,1,757)
w(48,4,1,757)
r(41,5,1,758)
r(13,7,1,758)
w(88,6,1,759)
w(71,9,1,759)
r(43,16,1,760)
r(64,9,1,760)
r(50,8,1,761)
r(73,4,1,761)
w(6,9,1,762)
r(2,4,1,762)
w(7,7,1,763)
w(91,9,1,763)
r(83,5,1,764)
r(71,9,1,764)
w(43,17,1,765)
r(97,11,1,765)
w(25,13,1,766)
r(27,5,1,766)
w(93,14,1,767)
r(63,4,1,767)
r(81,7,1,768)
r(44,13,1,768)
r(42,8,1,769)
w(52,12,1,769)
r(52,12,1,770)
r(5,4,1,770)
w(31,6,1,771)
r(41,5,1,771)
r(65,8,1,772)
w(83,6,1,772)
w(17,9,1,773)
r(50,8,1,773)
w(89,9,1,774)
w(30,8,1,774)
r(48,4,1,775)
w(63,5,1,775)
r(50,8,1,776)
r(38,8,1,776)
r(91,9,1,777)
w(15,12,1,777)
w(34,7,1,778)
w(97,12,1,778)
w(63,6,1,779)
w(79,9,1,779)
r(68,8,1,780)
w(69,12,1,780)
w(38,9,1,781)
r(93,14,1,781)
w(88,7,1,782)
r(57,5,1,782)
w(54,6,1,783)
r(5,4,1,783)
w(0,8,1,784)
w(78,9,1,784)
w(18,11,1,785)
w(82,8,1,785)
r(67,12,1,786)
w(38,10,1,786)
w(46,9,1,787)
r(85,5,1,787)
w(20,5,1,788)
r(2,4,1,788)
r(43,17,1,789)
r(63,6,1,789)
w(71,10,1,790)
r(4,7,1,790)
w(89,10,1,791)
r(83,6,1,791)
w(76,12,1,792)
w(21,9,1,792)
w(26,9,1,793)
w(16,5,1,793)
r(55,5,1,794)
w(63,7,1,794)
w(8,5,1,795)
w(43,18,1,795)
w(85,6,1,796)
r(91,9,1,796)
r(14,6,1,797)
r(18,11,1,797)
w(82,9,1,798)
r(9,8,1,798)
r(14,6,1,799)
r(65,8,1,799)
w(34,8,1,800)
r(30,8,1,800)
r(24,10,1,801)
w(6,10,1,801)
r(81,7,1,802)
w(56,6,1,802)
w(37,9,1,803)
r(67,12,1,803)
w(93,15,1,804)
r(2,4,1,804)
r(25,13,1,805)
w(9,9,1,805)
w(93,16,1,806)
w(14,7,1,806)
w(25,14,1,807)
w(19,10,1,807)
r(74,12,1,808)
r(57,5,1,808)
w(95,5,1,809)
w(21,10,1,809)
w(82,10,1,810)
r(74,12,1,810)
w(37,10,1,811)
r(89,10,1,811)
w(57,6,1,812)
w(47,8,1,812)
r(9,9,1,813)
r(18,11,1,813)
w(15,13,1,814)
r(94,5,1,814)
r(63,7,1,815)
w(35,11,1,815)
r(29,11,1,816)
r(98,7,1,816)
w(11,5,1,817)
r(16,5,1,817)
w(60,10,1,818)
r(14,7,1,818)
r(62,3,1,819)
r(13,7,1,819)
w(38,11,1,820)
r(20,5,1,820)
r(9,9,1,821)
r(41,5,1,821)
r(1,9,1,822)
r(73,4,1,822)
r(50,8,1,823)
w(44,14,1,823)
r(63,7,1,824)
w(53,8,1,824)
w(75,11,1,825)
r(30,8,1,825)
r(86,5,1,826)
w(71,11,1,826)
r(74,12,1,827)
w(70,6,1,827)
r(85,6,1,828)
w(85,7,1,828)
w(32,10,1,829)
r(42,8,1,829)
r(1,9,1,830)
w(99,9,1,830)
w(44,15,1,831)
w(50,9,1,831)
r(77,5,1,832)
r(5,4,1,832)
w(55,6,1,833)
r(73,4,1,833)
w(16,6,1,834)
w(41,6,1,834)
w(37,11,1,835)
r(67,12,1,835)
w(43,19,1,836)
w(24,11,1,836)
w(43,20,1,837)
r(63,7,1,837)
r(15,13,1,838)
r(27,5,1,838)
w(2,5,1,839)
w(73,5,1,839)
w(20,6,1,840)
r(41,6,1,840)
r(67,12,1,841)
r(44,15,1,841)
r(76,12,1,842)
w(32,11,1,842)
r(32,11,1,843)
w(68,9,1,843)
w(80,7,1,844)
r(65,8,1,844)
r(1,9,1,845)
r(51,10,1,845)
w(30,9,1,846)
w(35,12,1,846)
w(68,10,1,847)
w(29,12,1,847)
r(22,8,1,848)
r(85,7,1,848)
w(97,13,1,849)
r(38,11,1,849)
r(5,4,1,850)
r(20,6,1,850)
r(73,5,1,851)
r(40,12,1,851)
w(64,10,1,852)
r(44,15,1,852)
r(17,9,1,853)
w(14,8,1,853)
w(82,11,1,854)
w(82,12,1,854)
w(73,6,1,855)
w(34,9,1,855)
r(51,10,1,856)
r(0,8,1,856)
r(15,13,1,857)
r(54,6,1,857)
r(57,6,1,858)
r(97,13,1,858)
r(20,6,1,859)
r(16,6,1,859)
w(79,10,1,860)
w(64,11,1,860)
w(88,8,1,861)
w(9,10,1,861)
w(93,17,1,862)
w(78,10,1,862)
w(17,10,1,863)
r(37,11,1,863)
r(88,8,1,864)
r(83,6,1,864)
r(15,13,1,865)
r(95,5,1,865)
w(82,13,1,866)
w(96,10,1,866)
r(0,8,1,867)
w(60,11,1,867)
w(21,11,1,868)
r(79,10,1,868)
r(54,6,1,869)
r(59,9,1,869)
r(16,6,1,870)
r(44,15,1,870)
w(96,11,1,871)
r(34,9,1,871)
w(78,11,1,872)
r(17,10,1,872)
w(13,8,1,873)
w(81,8,1,873)
r(25,14,1,874)
w(38,12,1,874)
w(70,7,1,875)
w(52,13,1,875)
r(76,12,1,876)
r(35,12,1,876)
w(28,6,1,877)
w(59,10,1,877)
r(55,6,1,878)
w(5,5,1,878)
r(50,9,1,879)
r(46,9,1,879)
w(14,9,1,880)
r(60,11,1,880)
w(73,7,1,881)
w(56,7,1,881)
r(62,3,1,882)
w(48,5,1,882)
w(10,6,1,883)
r(97,13,1,883)
r(25,14,1,884)
r(20,6,1,884)
w(95,6,1,885)
r(27,5,1,885)
r(30,9,1,886)
w(54,7,1,886)
r(58,8,1,887)
w(89,11,1,887)
w(69,13,1,888)
r(17,10,1,888)
r(76,12,1,889)
w(95,7,1,889)
w(0,9,1,890)
r(78,11,1,890)
r(23,3,1,891)
r(54,7,1,891)
r(98,7,1,892)
r(16,6,1,892)
w(27,6,1,893)
r(44,15,1,893)
r(98,7,1,894)
r(31,6,1,894)
w(66,9,1,895)
w(78,12,1,895)
w(98,8,1,896)
w(54,8,1,896)
r(78,12,1,897)
r(58,8,1,897)
r(77,5,1,898)
r(65,8,1,898)
r(84,7,1,899)
w(1,10,1,899)
r(7,7,1,900)
w(31,7,1,900)
r(47,8,1,901)
w(5,6,1,901)
r(22,8,1,902)
r(93,17,1,902)
w(60,12,1,903)
w(33,10,1,903)
r(56,7,1,904)
r(1,10,1,904)
r(26,9,1,905)
w(10,7,1,905)
r(72,8,1,906)
w(75,12,1,906)
r(15,13,1,907)
w(4,8,1,907)
r(60,12,1,908)
r(39,8,1,908)
r(34,9,1,909)
r(48,5,1,909)
w(57,7,1,910)
w(53,9,1,910)
w(8,6,1,911)
w(61,11,1,911)
r(34,9,1,912)
r(13,8,1,912)
w(43,21,1,913)
w(44,16,1,913)
r(46,9,1,914)
r(58,8,1,914)
w(91,10,1,915)
r(28,6,1,915)
r(71,11,1,916)
w(72,9,1,916)
r(23,3,1,917)
w(57,8,1,917)
r(64,11,1,918)
r(89,11,1,918)
r(75,12,1,919)
w(42,9,1,919)
r(75,12,1,920)
r(51,10,1,920)
w(70,8,1,921)
w(42,10,1,921)
w(5,7,1,922)
w(56,8,1,922)
r(17,10,1,923)
r(16,6,1,923)
r(60,12,1,924)
w(61,12,1,924)
w(86,6,1,925)
w(88,9,1,925)
w(49,7,1,926)
r(43,21,1,926)
r(92,8,1,927)
w(84,8,1,927)
r(0,9,1,928)
r(71,11,1,928)
w(15,14,1,929)
r(52,13,1,929)
w(97,14,1,930)
r(63,7,1,930)
w(53,10,1,931)
r(44,16,1,931)
w(32,12,1,932)
w(86,7,1,932)
r(34,9,1,933)
w(8,7,1,933)
r(17,10,1,934)
r(40,12,1,934)
r(18,11,1,935)
w(90,7,1,935)
w(32,13,1,936)
r(68,10,1,936)
r(18,11,1,937)
w(16,7,1,937)
r(12,7,1,938)
w(67,13,1,938)
r(34,9,1,939)
r(24,11,1,939)
w(51,11,1,940)
w(36,9,1,940)
r(36,9,1,941)
w(20,7,1,941)
r(40,12,1,942)
w(21,12,1,942)
r(14,9,1,943)
r(22,8,1,943)
r(89,11,1,944)
r(41,6,1,944)
w(34,10,1,945)
r(52,13,1,945)
r(17,10,1,946)
r(5,7,1,946)
w(12,8,1,947)
r(74,12,1,947)
r(77,5,1,948)
r(73,7,1,948)
w(9,11,1,949)
w(6,11,1,949)
r(81,8,1,950)
r(50,9,1,950)
w(50,10,1,951)
r(25,14,1,951)
r(53,10,1,952)
r(18,11,1,952)
r(93,17,1,953)
r(27,6,1,953)
r(99,9,1,954)
r(57,8,1,954)
r(59,10,1,955)
r(88,9,1,955)
r(15,14,1,956)
w(21,13,1,956)
w(43,22,1,957)
w(14,10,1,957)
w(38,13,1,958)
r(27,6,1,958)
r(26,9,1,959)
r(48,5,1,959)
r(35,12,1,960)
r(29,12,1,960)
w(45,5,1,961)
r(92,8,1,961)
r(91,10,1,962)
r(78,12,1,962)
w(30,10,1,963)
r(33,10,1,963)
w(11,6,1,964)
w(64,12,1,964)
w(19,11,1,965)
w(93,18,1,965)
r(47,8,1,966)
r(60,12,1,966)
r(64,12,1,967)
r(96,11,1,967)
w(58,9,1,968)
r(39,8,1,968)
w(28,7,1,969)
r(85,7,1,969)
r(6,11,1,970)
w(66,10,1,970)
r(55,6,1,971)
r(48,5,1,971)
w(50,11,1,972)
r(35,12,1,972)
w(47,9,1,973)
r(90,7,1,973)
r(80,7,1,974)
w(63,8,1,974)
r(67,13,1,975)
w(25,15,1,975)
w(98,9,1,976)
r(56,8,1,976)
r(22,8,1,977)
r(86,7,1,977)
w(84,9,1,978)
r(89,11,1,978)
r(43,22,1,979)
w(8,8,1,979)
w(58,10,1,980)
w(58,11,1,980)
r(47,9,1,981)
w(41,7,1,981)
w(1,11,1,982)
r(52,13,1,982)
w(53,11,1,983)
r(9,11,1,983)
r(92,8,1,984)
r(80,7,1,984)
r(10,7,1,985)
w(81,9,1,985)
w(82,14,1,986)
w(84,10,1,986)
w(21,14,1,987)
w(40,13,1,987)
r(77,5,1,988)
r(55,6,1,988)
w(98,10,1,989)
r(15,14,1,989)
r(88,9,1,990)
w(75,13,1,990)
w(25,16,1,991)
w(69,14,1,991)
r(0,9,1,992)
r(21,14,1,992)
r(30,10,1,993)
r(29,12,1,993)
r(40,13,1,994)
r(49,7,1,994)
w(93,19,1,995)
w(5,8,1,995)
r(58,11,1,996)
w(74,13,1,996)
r(95,7,1,997)
r(25,16,1,997)
w(39,9,1,998)
r(35,12,1,998)
w(19,12,1,999)
w(64,13,1,999)
r(89,11,2,1000)
w(28,8,2,1000)
w(29,13,2,1001)
r(72,9,2,1001)
w(91,11,2,1002)
w(33,11,2,1002)
w(63,9,2,1003)
r(9,11,2,1003)
w(19,13,2,1004)
r(11,6,2,1004)
w(74,14,2,1005)
r(94,5,2,1005)
w(18,12,2,1006)
w(42,11,2,1006)
r(37,11,2,1007)
r(71,11,2,1007)
w(17,11,2,1008)
w(48,6,2,1008)
w(24,12,2,1009)
w(20,8,2,1009)
r(70,8,2,1010)
r(74,14,2,1010)
r(83,6,2,1011)
r(16,7,2,1011)
r(7,7,2,1012)
w(43,23,2,1012)
r(82,14,2,1013)
w(58,12,2,1013)
r(64,13,2,1014)
w(65,9,2,1014)
w(66,11,2,1015)
w(73,8,2,1015)
r(63,9,2,1016)
w(52,14,2,1016)
w(38,14,2,1017)
w(95,8,2,1017)
w(52,15,2,1018)
w(46,10,2,1018)
w(13,9,2,1019)
r(65,9,2,1019)
r(44,16,2,1020)
r(19,13,2,1020)
w(39,10,2,1021)
w(5,9,2,1021)
r(48,6,2,1022)
r(61,12,2,1022)
w(37,12,2,1023)
w(97,15,2,1023)
w(10,8,2,1024)
w(66,12,2,1024)
r(52,15,2,1025)
r(24,12,2,1025)
w(17,12,2,1026)
r(16,7,2,1026)
w(22,9,2,1027)
r(71,11,2,1027)
r(33,11,2,1028)
r(23,3,2,1028)
w(54,9,2,1029)
w(62,4,2,1029)
w(64,14,2,1030)
r(78,12,2,1030)
w(85,8,2,1031)
w(96,12,2,1031)
w(27,7,2,1032)
r(16,7,2,1032)
r(83,6,2,1033)
w(81,10,2,1033)
r(85,8,2,1034)
w(60,13,2,1034)
w(15,15,2,1035)
r(9,11,2,1035)
w(39,11,2,1036)
r(10,8,2,1036)
r(56,8,2,1037)
w(65,10,2,1037)
w(28,9,2,1038)
r(53,11,2,1038)
w(44,17,2,1039)
w(46,11,2,1039)
r(23,3,2,1040)
r(15,15,2,1040)
w(45,6,2,1041)
r(60,13,2,1041)
w(4,9,2,1042)
r(56,8,2,1042)
w(9,12,2,1043)
w(80,8,2,1043)
w(33,12,2,1044)
w(37,13,2,1044)
r(93,19,2,1045)
r(64,14,2,1045)
r(49,7,2,1046)
r(31,7,2,1046)
r(85,8,2,1047)
w(12,9,2,1047)
r(95,8,2,1048)
r(17,12,2,1048)
r(50,11,2,1049)
w(9,13,2,1049)
w(91,12,2,1050)
r(3,9,2,1050)
r(42,11,2,1051)
w(83,7,2,1051)
r(4,9,2,1052)
w(54,10,2,1052)
r(51,11,2,1053)
r(4,9,2,1053)
w(74,15,2,1054)
r(56,8,2,1054)
w(71,12,2,1055)
r(94,5,2,1055)
w(19,14,2,1056)
w(13,10,2,1056)
r(31,7,2,1057)
r(82,14,2,1057)
w(57,9,2,1058)
w(19,15,2,1058)
w(70,9,2,1059)
r(90,7,2,1059)
r(35,12,2,1060)
w(69,15,2,1060)
w(56,9,2,1061)
w(6,12,2,1061)
r(27,7,2,1062)
w(74,16,2,1062)
r(36,9,2,1063)
w(46,12,2,1063)
w(47,10,2,1064)
r(42,11,2,1064)
w(31,8,2,1065)
r(30,10,2,1065)
r(30,10,2,1066)
r(68,10,2,1066)
w(4,10,2,1067)
w(65,11,2,1067)
r(65,11,2,1068)
r(13,10,2,1068)
r(28,9,2,1069)
r(69,15,2,1069)
r(82,14,2,1070)
r(43,23,2,1070)
w(85,9,2,1071)
r(68,10,2,1071)
w(23,4,2,1072)
w(63,10,2,1072)
w(58,13,2,1073)
w(79,11,2,1073)
w(34,11,2,1074)
w(4,11,2,1074)
r(50,11,2,1075)
r(36,9,2,1075)
r(90,7,2,1076)
r(22,9,2,1076)
r(50,11,2,1077)
r(35,12,2,1077)
r(40,13,2,1078)
r(3,9,2,1078)
w(50,12,2,1079)
r(9,13,2,1079)
w(19,16,2,1080)
r(20,8,2,1080)
w(41,8,2,1081)
w(19,17,2,1081)
r(51,11,2,1082)
r(30,10,2,1082)
r(13,10,2,1083)
r(3,9,2,1083)
w(83,8,2,1084)
w(79,12,2,1084)
r(46,12,2,1085)
w(57,10,2,1085)
r(97,15,2,1086)
w(18,13,2,1086)
r(18,13,2,1087)
r(87,8,2,1087)
w(91,13,2,1088)
w(16,8,2,1088)
r(93,19,2,1089)
r(35,12,2,1089)
w(24,13,2,1090)
w(81,11,2,1090)
w(76,13,2,1091)
r(83,8,2,1091)
r(34,11,2,1092)
r(31,8,2,1092)
w(12,10,2,1093)
w(65,12,2,1093)
w(85,10,2,1094)
w(99,10,2,1094)
r(63,10,2,1095)
w(19,18,2,1095)
r(67,13,2,1096)
w(3,10,2,1096)
w(92,9,2,1097)
r(97,15,2,1097)
r(56,9,2,1098)
w(28,10,2,1098)
w(20,9,2,1099)
w(19,19,2,1099)
r(11,6,2,1100)
r(87,8,2,1100)
r(58,13,2,1101)
w(96,13,2,1101)
r(34,11,2,1102)
r(1,11,2,1102)
r(80,8,2,1103)
r(9,13,2,1103)
r(21,14,2,1104)
r(31,8,2,1104)
w(35,13,2,1105)
r(97,15,2,1105)
w(18,14,2,1106)
w(58,14,2,1106)
r(80,8,2,1107)
w(74,17,2,1107)
r(10,8,2,1108)
r(72,9,2,1108)
r(75,13,2,1109)
w(31,9,2,1109)
w(87,9,2,1110)
r(4,11,2,1110)
r(36,9,2,1111)
w(65,13,2,1111)
r(15,15,2,1112)
w(84,11,2,1112)
r(33,12,2,1113)
w(9,14,2,1113)
r(38,14,2,1114)
w(34,12,2,1114)
r(20,9,2,1115)
r(3,10,2,1115)
w(73,9,2,1116)
w(3,11,2,1116)
w(75,14,2,1117)
w(92,10,2,1117)
r(73,9,2,1118)
w(67,14,2,1118)
w(75,15,2,1119)
w(34,13,2,1119)
w(79,13,2,1120)
w(70,10,2,1120)
w(83,9,2,1121)
w(48,7,2,1121)
w(28,11,2,1122)
r(67,14,2,1122)
r(43,23,2,1123)
r(70,10,2,1123)
w(22,10,2,1124)
w(1,12,2,1124)
w(7,8,2,1125)
r(67,14,2,1125)
r(47,10,2,1126)
w(36,10,2,1126)
w(35,14,2,1127)
r(50,12,2,1127)
r(33,12,2,1128)
w(84,12,2,1128)
w(69,16,2,1129)
w(49,8,2,1129)
w(48,8,2,1130)
r(56,9,2,1130)
w(99,11,2,1131)
r(70,10,2,1131)
w(5,10,2,1132)
w(17,13,2,1132)
r(85,10,2,1133)
w(3,12,2,1133)
w(60,14,2,1134)
r(42,11,2,1134)
r(34,13,2,1135)
w(68,11,2,1135)
w(21,15,2,1136)
w(14,11,2,1136)
r(59,10,2,1137)
w(91,14,2,1137)
r(2,5,2,1138)
w(36,11,2,1138)
w(4,12,2,1139)
w(85,11,2,1139)
w(41,9,2,1140)
w(82,15,2,1140)
r(23,4,2,1141)
r(90,7,2,1141)
w(58,15,2,1142)
w(46,13,2,1142)
w(51,12,2,1143)
w(96,14,2,1143)
r(93,19,2,1144)
r(63,10,2,1144)
r(30,10,2,1145)
r(89,11,2,1145)
r(20,9,2,1146)
r(97,15,2,1146)
w(96,15,2,1147)
r(46,13,2,1147)
r(85,11,2,1148)
r(66,12,2,1148)
r(68,11,2,1149)
r(39,11,2,1149)
r(34,13,2,1150)
r(87,9,2,1150)
w(82,16,2,1151)
w(3,13,2,1151)
r(85,11,2,1152)
r(26,9,2,1152)
w(82,17,2,1153)
w(13,11,2,1153)
r(43,23,2,1154)
r(55,6,2,1154)
w(63,11,2,1155)
w(34,14,2,1155)
r(29,13,2,1156)
w(59,11,2,1156)
w(7,9,2,1157)
r(44,17,2,1157)
w(31,10,2,1158)
w(48,9,2,1158)
w(87,10,2,1159)
w(2,6,2,1159)
r(8,8,2,1160)
r(86,7,2,1160)
r(15,15,2,1161)
w(37,14,2,1161)
r(29,13,2,1162)
w(36,12,2,1162)
w(82,18,2,1163)
w(21,16,2,1163)
r(79,13,2,1164)
r(4,12,2,1164)
w(99,12,2,1165)
r(40,13,2,1165)
w(61,13,2,1166)
w(42,12,2,1166)
r(83,9,2,1167)
r(72,9,2,1167)
r(77,5,2,1168)
w(57,11,2,1168)
r(88,9,2,1169)
r(74,17,2,1169)
w(81,12,2,1170)
w(66,13,2,1170)
w(25,17,2,1171)
w(22,11,2,1171)
r(63,11,2,1172)
w(74,18,2,1172)
w(70,11,2,1173)
r(23,4,2,1173)
w(94,6,2,1174)
w(56,10,2,1174)
w(88,10,2,1175)
w(27,8,2,1175)
r(23,4,2,1176)
r(14,11,2,1176)
r(43,23,2,1177)
w(73,10,2,1177)
r(80,8,2,1178)
r(45,6,2,1178)
r(25,17,2,1179)
r(84,12,2,1179)
w(77,6,2,1180)
r(22,11,2,1180)
w(43,24,2,1181)
w(65,14,2,1181)
r(47,10,2,1182)
w(9,15,2,1182)
w(72,10,2,1183)
w(72,11,2,1183)
w(94,7,2,1184)
r(5,10,2,1184)
r(65,14,2,1185)
w(69,17,2,1185)
w(28,12,2,1186)
r(30,10,2,1186)
r(79,13,2,1187)
w(25,18,2,1187)
w(6,13,2,1188)
r(34,14,2,1188)
w(63,12,2,1189)
r(89,11,2,1189)
r(65,14,2,1190)
r(1,12,2,1190)
r(88,10,2,1191)
w(40,14,2,1191)
r(19,19,2,1192)
r(55,6,2,1192)
w(87,11,2,1193)
r(32,13,2,1193)
w(59,12,2,1194)
r(71,12,2,1194)
w(23,5,2,1195)
w(43,25,2,1195)
r(5,10,2,1196)
w(66,14,2,1196)
r(25,18,2,1197)
w(21,17,2,1197)
r(39,11,2,1198)
r(23,5,2,1198)
r(45,6,2,1199)
r(57,11,2,1199)
r(99,12,2,1200)
w(46,14,2,1200)
w(97,16,2,1201)
r(23,5,2,1201)
r(75,15,2,1202)
w(34,15,2,1202)
r(66,14,2,1203)
w(26,10,2,1203)
r(60,14,2,1204)
r(41,9,2,1204)
r(83,9,2,1205)
r(61,13,2,1205)
r(47,10,2,1206)
w(42,13,2,1206)
r(45,6,2,1207)
r(23,5,2,1207)
w(0,10,2,1208)
r(82,18,2,1208)
r(0,10,2,1209)
w(62,5,2,1209)
w(79,14,2,1210)
w(0,11,2,1210)
w(26,11,2,1211)
w(48,10,2,1211)
w(40,15,2,1212)
r(85,11,2,1212)
w(16,9,2,1213)
w(57,12,2,1213)
w(13,12,2,1214)
w(56,11,2,1214)
w(91,15,2,1215)
w(98,11,2,1215)
w(40,16,2,1216)
w(2,7,2,1216)
r(96,15,2,1217)
r(14,11,2,1217)
w(63,13,2,1218)
w(2,8,2,1218)
w(7,10,2,1219)
w(72,12,2,1219)
r(87,11,2,1220)
w(74,19,2,1220)
r(52,15,2,1221)
w(90,8,2,1221)
w(11,7,2,1222)
w(75,16,2,1222)
w(77,7,2,1223)
w(14,12,2,1223)
w(53,12,2,1224)
w(9,16,2,1224)
r(84,12,2,1225)
r(28,12,2,1225)
w(15,16,2,1226)
w(40,17,2,1226)
w(22,12,2,1227)
w(37,15,2,1227)
r(30,10,2,1228)
w(14,13,2,1228)
r(13,12,2,1229)
r(56,11,2,1229)
w(39,12,2,1230)
w(58,16,2,1230)
r(40,17,2,1231)
r(75,16,2,1231)
w(76,14,2,1232)
w(85,12,2,1232)
r(45,6,2,1233)
r(24,13,2,1233)
r(63,13,2,1234)
w(93,20,2,1234)
w(96,16,2,1235)
r(56,11,2,1235)
w(22,13,2,1236)
w(85,13,2,1236)
w(53,13,2,1237)
w(73,11,2,1237)
w(79,15,2,1238)
r(94,7,2,1238)
w(52,16,2,1239)
w(33,13,2,1239)
r(69,17,2,1240)
r(20,9,2,1240)
w(40,18,2,1241)
w(63,14,2,1241)
w(88,11,2,1242)
r(59,12,2,1242)
w(13,13,2,1243)
r(27,8,2,1243)
r(42,13,2,1244)
r(7,10,2,1244)
r(62,5,2,1245)
r(52,16,2,1245)
w(12,11,2,1246)
w(0,12,2,1246)
w(80,9,2,1247)
w(48,11,2,1247)
r(81,12,2,1248)
r(42,13,2,1248)
r(19,19,2,1249)
r(33,13,2,1249)
r(46,14,2,1250)
w(81,13,2,1250)
r(33,13,2,1251)
w(33,14,2,1251)
r(41,9,2,1252)
r(24,13,2,1252)
w(42,14,2,1253)
r(13,13,2,1253)
w(24,14,2,1254)
w(85,14,2,1254)
w(12,12,2,1255)
r(19,19,2,1255)
w(1,13,2,1256)
r(30,10,2,1256)
r(46,14,2,1257)
r(87,11,2,1257)
r(75,16,2,1258)
r(58,16,2,1258)
r(42,14,2,1259)
r(88,11,2,1259)
r(98,11,2,1260)
r(11,7,2,1260)
w(84,13,2,1261)
r(56,11,2,1261)
r(13,13,2,1262)
r(76,14,2,1262)
r(1,13,2,1263)
r(64,14,2,1263)
r(86,7,2,1264)
w(35,15,2,1264)
w(36,13,2,1265)
r(27,8,2,1265)
r(87,11,2,1266)
r(92,10,2,1266)
r(78,12,2,1267)
w(2,9,2,1267)
r(55,6,2,1268)
r(38,14,2,1268)
r(65,14,2,1269)
r(17,13,2,1269)
w(82,19,2,1270)
w(88,12,2,1270)
r(67,14,2,1271)
w(54,11,2,1271)
r(85,14,2,1272)
r(71,12,2,1272)
w(83,10,2,1273)
r(17,13,2,1273)
r(13,13,2,1274)
w(37,16,2,1274)
r(4,12,2,1275)
r(42,14,2,1275)
w(97,17,2,1276)
r(6,13,2,1276)
r(11,7,2,1277)
r(9,16,2,1277)
r(56,11,2,1278)
r(35,15,2,1278)
w(20,10,2,1279)
r(78,12,2,1279)
r(20,10,2,1280)
w(2,10,2,1280)
w(62,6,2,1281)
r(34,15,2,1281)
w(42,15,2,1282)
r(55,6,2,1282)
r(83,10,2,1283)
r(20,10,2,1283)
r(64,14,2,1284)
r(30,10,2,1284)
r(34,15,2,1285)
r(71,12,2,1285)
w(10,9,2,1286)
r(55,6,2,1286)
r(87,11,2,1287)
r(61,13,2,1287)
r(16,9,2,1288)
w(32,14,2,1288)
r(90,8,2,1289)
w(22,14,2,1289)
w(91,16,2,1290)
w(44,18,2,1290)
w(8,9,2,1291)
r(30,10,2,1291)
w(31,11,2,1292)
r(53,13,2,1292)
r(68,11,2,1293)
r(37,16,2,1293)
w(98,12,2,1294)
r(24,14,2,1294)
w(74,20,2,1295)
w(73,12,2,1295)
w(22,15,2,1296)
r(23,5,2,1296)
r(58,16,2,1297)
w(9,17,2,1297)
r(95,8,2,1298)
r(14,13,2,1298)
w(69,18,2,1299)
w(50,13,2,1299)
w(55,7,2,1300)
w(19,20,2,1300)
w(75,17,2,1301)
w(24,15,2,1301)
r(78,12,2,1302)
w(98,13,2,1302)
r(17,13,2,1303)
r(26,11,2,1303)
w(78,13,2,1304)
w(35,16,2,1304)
r(58,16,2,1305)
w(58,17,2,1305)
w(94,8,2,1306)
r(53,13,2,1306)
w(60,15,2,1307)
w(44,19,2,1307)
w(59,13,2,1308)
w(51,13,2,1308)
w(42,16,2,1309)
w(38,15,2,1309)
r(19,20,2,1310)
r(90,8,2,1310)
w(27,9,2,1311)
r(91,16,2,1311)
r(42,16,2,1312)
r(37,16,2,1312)
r(55,7,2,1313)
r(97,17,2,1313)
r(31,11,2,1314)
w(89,12,2,1314)
w(39,13,2,1315)
w(31,12,2,1315)
r(45,6,2,1316)
r(94,8,2,1316)
r(44,19,2,1317)
w(67,15,2,1317)
r(46,14,2,1318)
w(25,19,2,1318)
w(43,26,2,1319)
r(66,14,2,1319)
w(85,15,2,1320)
r(86,7,2,1320)
w(2,11,2,1321)
w(20,11,2,1321)
w(54,12,2,1322)
r(83,10,2,1322)
r(75,17,2,1323)
w(33,15,2,1323)
r(20,11,2,1324)
r(53,13,2,1324)
r(84,13,2,1325)
w(29,14,2,1325)
w(26,12,2,1326)
r(24,15,2,1326)
r(35,16,2,1327)
w(30,11,2,1327)
r(61,13,2,1328)
w(60,16,2,1328)
r(84,13,2,1329)
r(83,10,2,1329)
r(63,14,2,1330)
w(94,9,2,1330)
w(93,21,2,1331)
w(24,16,2,1331)
r(98,13,2,1332)
r(35,16,2,1332)
w(40,19,2,1333)
r(59,13,2,1333)
r(16,9,2,1334)
r(3,13,2,1334)
w(44,20,2,1335)
w(23,6,2,1335)
r(16,9,2,1336)
w(14,14,2,1336)
r(10,9,2,1337)
r(9,17,2,1337)
r(95,8,2,1338)
r(48,11,2,1338)
r(72,12,2,1339)
w(59,14,2,1339)
w(86,8,2,1340)
w(57,13,2,1340)
w(76,15,2,1341)
w(50,14,2,1341)
r(63,14,2,1342)
r(59,14,2,1342)
r(41,9,2,1343)
r(51,13,2,1343)
w(51,14,2,1344)
w(53,14,2,1344)
r(24,16,2,1345)
w(66,15,2,1345)
w(72,13,2,1346)
r(44,20,2,1346)
r(59,14,2,1347)
r(77,7,2,1347)
w(87,12,2,1348)
w(56,12,2,1348)
w(36,14,2,1349)
w(95,9,2,1349)
w(33,16,2,1350)
r(11,7,2,1350)
r(43,26,2,1351)
r(87,12,2,1351)
r(71,12,2,1352)
r(36,14,2,1352)
w(87,13,2,1353)
w(9,18,2,1353)
r(13,13,2,1354)
w(48,12,2,1354)
r(51,14,2,1355)
r(68,11,2,1355)
w(34,16,2,1356)
w(42,17,2,1356)
r(27,9,2,1357)
w(35,17,2,1357)
w(72,14,2,1358)
w(47,11,2,1358)
w(83,11,2,1359)
r(29,14,2,1359)
w(17,14,2,1360)
w(13,14,2,1360)
w(40,20,2,1361)
w(6,14,2,1361)
r(43,26,2,1362)
w(27,10,2,1362)
r(80,9,2,1363)
r(11,7,2,1363)
r(84,13,2,1364)
r(1,13,2,1364)
r(76,15,2,1365)
w(7,11,2,1365)
r(88,12,2,1366)
w(24,17,2,1366)
r(41,9,2,1367)
r(95,9,2,1367)
w(97,18,2,1368)
w(37,17,2,1368)
r(82,19,2,1369)
w(61,14,2,1369)
r(6,14,2,1370)
w(23,7,2,1370)
r(6,14,2,1371)
w(7,12,2,1371)
r(26,12,2,1372)
w(94,10,2,1372)
w(8,10,2,1373)
r(49,8,2,1373)
r(40,20,2,1374)
r(60,16,2,1374)
r(99,12,2,1375)
w(57,14,2,1375)
w(48,13,2,1376)
r(0,12,2,1376)
w(19,21,2,1377)
w(51,15,2,1377)
r(44,20,2,1378)
w(25,20,2,1378)
w(85,16,2,1379)
r(17,14,2,1379)
w(28,13,2,1380)
w(59,15,2,1380)
w(18,15,2,1381)
r(85,16,2,1381)
r(84,13,2,1382)
r(73,12,2,1382)
w(23,8,2,1383)
w(28,14,2,1383)
r(4,12,2,1384)
w(33,17,2,1384)
r(49,8,2,1385)
r(73,12,2,1385)
w(23,9,2,1386)
w(87,14,2,1386)
r(63,14,2,1387)
r(70,11,2,1387)
r(45,6,2,1388)
r(0,12,2,1388)
w(59,16,2,1389)
r(59,16,2,1389)
r(9,18,2,1390)
r(64,14,2,1390)
r(5,10,2,1391)
r(97,18,2,1391)
w(63,15,2,1392)
w(82,20,2,1392)
r(40,20,2,1393)
r(62,6,2,1393)
w(18,16,2,1394)
r(21,17,2,1394)
w(99,13,2,1395)
w(13,15,2,1395)
w(94,11,2,1396)
w(53,15,2,1396)
r(24,17,2,1397)
w(23,10,2,1397)
r(58,17,2,1398)
r(69,18,2,1398)
r(54,12,2,1399)
w(2,12,2,1399)
w(1,14,2,1400)
r(37,17,2,1400)
r(47,11,2,1401)
w(72,15,2,1401)
w(79,16,2,1402)
r(48,13,2,1402)
w(2,13,2,1403)
r(47,11,2,1403)
r(52,16,2,1404)
r(90,8,2,1404)
r(71,12,2,1405)
r(88,12,2,1405)
r(19,21,2,1406)
r(79,16,2,1406)
w(87,15,2,1407)
w(1,15,2,1407)
r(39,13,2,1408)
w(9,19,2,1408)
r(32,14,2,1409)
r(87,15,2,1409)
w(73,13,2,1410)
w(44,21,2,1410)
r(66,15,2,1411)
w(43,27,2,1411)
r(26,12,2,1412)
w(79,17,2,1412)
w(59,17,2,1413)
r(60,16,2,1413)
w(81,14,2,1414)
r(55,7,2,1414)
r(23,10,2,1415)
w(48,14,2,1415)
r(59,17,2,1416)
w(75,18,2,1416)
r(57,14,2,1417)
r(23,10,2,1417)
w(72,16,2,1418)
w(98,14,2,1418)
r(27,10,2,1419)
w(90,9,2,1419)
w(44,22,2,1420)
w(20,12,2,1420)
r(27,10,2,1421)
r(69,18,2,1421)
r(10,9,2,1422)
w(71,13,2,1422)
r(72,16,2,1423)
r(65,14,2,1423)
w(31,13,2,1424)
r(3,13,2,1424)
w(96,17,2,1425)
r(62,6,2,1425)
w(71,14,2,1426)
w(61,15,2,1426)
w(98,15,2,1427)
r(23,10,2,1427)
w(78,14,2,1428)
w(61,16,2,1428)
r(80,9,2,1429)
w(80,10,2,1429)
w(3,14,2,1430)
r(58,17,2,1430)
w(5,11,2,1431)
w(42,18,2,1431)
r(62,6,2,1432)
r(36,14,2,1432)
r(46,14,2,1433)
r(97,18,2,1433)
r(59,17,2,1434)
r(83,11,2,1434)
r(88,12,2,1435)
w(63,16,2,1435)
r(23,10,2,1436)
w(22,16,2,1436)
w(45,7,2,1437)
r(97,18,2,1437)
r(58,17,2,1438)
r(56,12,2,1438)
r(81,14,2,1439)
w(32,15,2,1439)
w(66,16,2,1440)
r(91,16,2,1440)
r(95,9,2,1441)
r(20,12,2,1441)
w(63,17,2,1442)
w(28,15,2,1442)
r(68,11,2,1443)
w(74,21,2,1443)
r(43,27,2,1444)
r(45,7,2,1444)
w(33,18,2,1445)
w(49,9,2,1445)
r(22,16,2,1446)
r(95,9,2,1446)
w(57,15,2,1447)
w(22,17,2,1447)
w(5,12,2,1448)
w(58,18,2,1448)
w(4,13,2,1449)
r(16,9,2,1449)
r(35,17,2,1450)
w(4,14,2,1450)
r(68,11,2,1451)
r(77,7,2,1451)
r(92,10,2,1452)
r(81,14,2,1452)
r(26,12,2,1453)
r(33,18,2,1453)
r(40,20,2,1454)
r(64,14,2,1454)
r(67,15,2,1455)
w(5,13,2,1455)
r(19,21,2,1456)
r(10,9,2,1456)
w(46,15,2,1457)
w(83,12,2,1457)
r(77,7,2,1458)
w(60,17,2,1458)
r(48,14,2,1459)
r(73,13,2,1459)
w(11,8,2,1460)
w(73,14,2,1460)
w(96,18,2,1461)
r(68,11,2,1461)
r(40,20,2,1462)
r(63,17,2,1462)
w(2,14,2,1463)
w(43,28,2,1463)
r(50,14,2,1464)
w(85,17,2,1464)
r(63,17,2,1465)
r(73,14,2,1465)
r(23,10,2,1466)
w(25,21,2,1466)
w(69,19,2,1467)
w(60,18,2,1467)
w(13,16,2,1468)
r(48,14,2,1468)
r(57,15,2,1469)
w(20,13,2,1469)
w(55,8,2,1470)
r(54,12,2,1470)
r(72,16,2,1471)
w(80,11,2,1471)
w(20,14,2,1472)
r(90,9,2,1472)
w(15,17,2,1473)
r(72,16,2,1473)
w(46,16,2,1474)
w(80,12,2,1474)
w(47,12,2,1475)
w(4,15,2,1475)
w(12,13,2,1476)
w(6,15,2,1476)
r(20,14,2,1477)
w(59,18,2,1477)
r(86,8,2,1478)
r(87,15,2,1478)
w(28,16,2,1479)
r(89,12,2,1479)
r(58,18,2,1480)
w(30,12,2,1480)
r(2,14,2,1481)
r(26,12,2,1481)
w(82,21,2,1482)
r(84,13,2,1482)
w(81,15,2,1483)
r(91,16,2,1483)
r(62,6,2,1484)
w(40,21,2,1484)
r(69,19,2,1485)
w(55,9,2,1485)
r(36,14,2,1486)
w(50,15,2,1486)
r(29,14,2,1487)
r(19,21,2,1487)
r(40,21,2,1488)
r(11,8,2,1488)
r(96,18,2,1489)
w(77,8,2,1489)
w(47,13,2,1490)
w(69,20,2,1490)
r(6,15,2,1491)
w(62,7,2,1491)
r(74,21,2,1492)
r(67,15,2,1492)
w(1,16,2,1493)
r(13,16,2,1493)
w(0,13,2,1494)
w(2,15,2,1494)
w(27,11,2,1495)
w(66,17,2,1495)
w(74,22,2,1496)
r(54,12,2,1496)
w(55,10,2,1497)
r(24,17,2,1497)
r(39,13,2,1498)
w(58,19,2,1498)
r(46,16,2,1499)
w(83,13,2,1499)
