r(33,1,0,0)
r(31,1,0,0)
w(94,1,0,1)
w(98,1,0,1)
r(61,1,0,2)
w(53,1,0,2)
r(62,1,0,3)
w(46,1,0,3)
r(37,1,0,4)
r(46,1,0,4)
w(76,1,0,5)
r(37,1,0,5)
w(6,1,0,6)
w(18,1,0,6)
r(92,1,0,7)
w(27,1,0,7)
r(93,1,0,8)
r(75,1,0,8)
r(89,1,0,9)
r(2,1,0,9)
w(34,1,0,10)
w(37,1,0,10)
r(9,1,0,11)
r(42,1,0,11)
r(30,1,0,12)
w(72,1,0,12)
w(61,1,0,13)
r(88,1,0,13)
r(87,1,0,14)
r(6,1,0,14)
r(96,1,0,15)
w(54,1,0,15)
w(35,1,0,16)
r(14,1,0,16)
w(39,1,0,17)
r(14,1,0,17)
r(50,1,0,18)
r(43,1,0,18)
w(10,1,0,19)
w(39,2,0,19)
w(49,1,0,20)
r(48,1,0,20)
r(15,1,0,21)
r(0,1,0,21)
r(66,1,0,22)
w(28,1,0,22)
r(84,1,0,23)
r(9,1,0,23)
r(48,1,0,24)
r(51,1,0,24)
r(19,1,0,25)
r(2,1,0,25)
r(82,1,0,26)
r(69,1,0,26)
w(30,1,0,27)
w(38,1,0,27)
w(25,1,0,28)
r(28,1,0,28)
w(8,1,0,29)
r(79,1,0,29)
w(72,2,0,30)
r(93,1,0,30)
r(57,1,0,31)
r(65,1,0,31)
r(64,1,0,32)
r(3,1,0,32)
w(12,1,0,33)
w(92,1,0,33)
w(17,1,0,34)
w(97,1,0,34)
r(16,1,0,35)
r(75,1,0,35)
r(29,1,0,36)
r(23,1,0,36)
r(77,1,0,37)
w(68,1,0,37)
w(44,1,0,38)
w(97,2,0,38)
w(80,1,0,39)
w(31,1,0,39)
w(65,1,0,40)
w(76,2,0,40)
w(61,2,0,41)
w(26,1,0,41)
r(44,1,0,42)
w(8,2,0,42)
w(29,1,0,43)
w(93,1,0,43)
r(78,1,0,44)
w(21,1,0,44)
r(55,1,0,45)
r(52,1,0,45)
w(83,1,0,46)
r(24,1,0,46)
r(29,1,0,47)
w(85,1,0,47)
r(49,1,0,48)
r(34,1,0,48)
r(7,1,0,49)
w(71,1,0,49)
w(31,2,0,50)
w(64,1,0,50)
w(15,1,0,51)
w(34,2,0,51)
r(1,1,0,52)
w(83,2,0,52)
w(24,1,0,53)
r(11,1,0,53)
w(40,1,0,54)
r(32,1,0,54)
w(95,1,0,55)
w(47,1,0,55)
r(6,1,0,56)
w(67,1,0,56)
r(7,1,0,57)
w(19,1,0,57)
w(12,2,0,58)
r(24,1,0,58)
r(92,1,0,59)
w(59,1,0,59)
r(43,1,0,60)
r(18,1,0,60)
w(10,2,0,61)
w(67,2,0,61)
r(72,2,0,62)
r(1,1,0,62)
r(46,1,0,63)
r(89,1,0,63)
w(80,2,0,64)
r(51,1,0,64)
r(36,1,0,65)
w(74,1,0,65)
r(62,1,0,66)
r(39,2,0,66)
w(51,1,0,67)
r(89,1,0,67)
r(43,1,0,68)
r(3,1,0,68)
w(96,1,0,69)
r(38,1,0,69)
r(7,1,0,70)
w(48,1,0,70)
w(14,1,0,71)
w(60,1,0,71)
r(56,1,0,72)
r(75,1,0,72)
r(57,1,0,73)
w(39,3,0,73)
r(21,1,0,74)
w(50,1,0,74)
w(71,2,0,75)
r(77,1,0,75)
w(9,1,0,76)
w(30,2,0,76)
r(82,1,0,77)
w(17,2,0,77)
r(83,2,0,78)
r(98,1,0,78)
w(9,2,0,79)
r(19,1,0,79)
w(83,3,0,80)
r(27,1,0,80)
r(56,1,0,81)
r(87,1,0,81)
w(10,3,0,82)
r(24,1,0,82)
r(13,1,0,83)
r(87,1,0,83)
w(36,1,0,84)
r(48,1,0,84)
w(67,3,0,85)
r(60,1,0,85)
w(67,4,0,86)
w(48,2,0,86)
r(17,2,0,87)
w(59,2,0,87)
r(40,1,0,88)
r(51,1,0,88)
r(29,1,0,89)
w(83,4,0,89)
r(35,1,0,90)
w(87,1,0,90)
r(62,1,0,91)
w(12,3,0,91)
r(42,1,0,92)
w(84,1,0,92)
w(19,2,0,93)
r(65,1,0,93)
r(15,1,0,94)
r(35,1,0,94)
w(86,1,0,95)
w(18,2,0,95)
r(95,1,0,96)
w(34,3,0,96)
w(12,4,0,97)
r(48,2,0,97)
r(50,1,0,98)
r(93,1,0,98)
r(8,2,0,99)
r(25,1,0,99)
w(67,5,0,100)
w(17,3,0,100)
r(39,3,0,101)
w(67,6,0,101)
r(42,1,0,102)
r(9,2,0,102)
r(90,1,0,103)
r(93,1,0,103)
r(63,1,0,104)
w(26,2,0,104)
r(10,3,0,105)
w(43,1,0,105)
r(51,1,0,106)
r(28,1,0,106)
r(23,1,0,107)
r(46,1,0,107)
r(13,1,0,108)
w(28,2,0,108)
r(97,2,0,109)
r(61,2,0,109)
r(71,2,0,110)
w(86,2,0,110)
r(62,1,0,111)
r(52,1,0,111)
r(76,2,0,112)
r(11,1,0,112)
w(37,2,0,113)
w(15,2,0,113)
r(41,1,0,114)
w(83,5,0,114)
w(84,2,0,115)
w(64,2,0,115)
r(91,1,0,116)
r(38,1,0,116)
r(85,1,0,117)
w(52,1,0,117)
w(61,3,0,118)
r(4,1,0,118)
r(66,1,0,119)
r(84,2,0,119)
r(76,2,0,120)
r(15,2,0,120)
w(26,3,0,121)
w(49,2,0,121)
r(22,1,0,122)
w(43,2,0,122)
w(68,2,0,123)
r(39,3,0,123)
r(9,2,0,124)
r(13,1,0,124)
w(67,7,0,125)
r(87,1,0,125)
r(10,3,0,126)
r(24,1,0,126)
r(32,1,0,127)
w(59,3,0,127)
w(5,1,0,128)
w(92,2,0,128)
r(7,1,0,129)
r(73,1,0,129)
w(48,3,0,130)
w(55,1,0,130)
w(5,2,0,131)
r(79,1,0,131)
w(7,1,0,132)
r(87,1,0,132)
r(81,1,0,133)
w(60,2,0,133)
r(54,1,0,134)
w(58,1,0,134)
w(24,2,0,135)
w(24,3,0,135)
w(16,1,0,136)
r(4,1,0,136)
r(98,1,0,137)
r(51,1,0,137)
r(57,1,0,138)
w(59,4,0,138)
r(61,3,0,139)
r(65,1,0,139)
r(56,1,0,140)
w(67,8,0,140)
w(71,3,0,141)
r(34,3,0,141)
w(31,3,0,142)
w(15,3,0,142)
w(82,1,0,143)
w(4,1,0,143)
r(98,1,0,144)
w(86,3,0,144)
r(33,1,0,145)
r(1,1,0,145)
r(71,3,0,146)
w(58,2,0,146)
r(59,4,0,147)
w(42,1,0,147)
w(25,2,0,148)
r(34,3,0,148)
r(22,1,0,149)
w(76,3,0,149)
w(22,1,0,150)
w(58,3,0,150)
w(97,3,0,151)
r(27,1,0,151)
r(77,1,0,152)
r(32,1,0,152)
w(5,3,0,153)
r(81,1,0,153)
w(77,1,0,154)
w(51,2,0,154)
r(46,1,0,155)
r(8,2,0,155)
r(0,1,0,156)
r(65,1,0,156)
r(46,1,0,157)
r(40,1,0,157)
w(8,3,0,158)
r(12,4,0,158)
w(15,4,0,159)
w(70,1,0,159)
w(89,1,0,160)
r(42,1,0,160)
r(25,2,0,161)
w(57,1,0,161)
w(67,9,0,162)
r(59,4,0,162)
w(33,1,0,163)
r(52,1,0,163)
r(13,1,0,164)
r(88,1,0,164)
w(96,2,0,165)
r(15,4,0,165)
r(90,1,0,166)
r(66,1,0,166)
r(82,1,0,167)
r(20,1,0,167)
w(77,2,0,168)
r(87,1,0,168)
w(24,4,0,169)
w(82,2,0,169)
r(15,4,0,170)
w(44,2,0,170)
r(6,1,0,171)
w(66,1,0,171)
w(37,3,0,172)
r(98,1,0,172)
r(14,1,0,173)
r(34,3,0,173)
r(78,1,0,174)
w(89,2,0,174)
w(60,3,0,175)
w(54,2,0,175)
w(83,6,0,176)
w(34,4,0,176)
w(11,1,0,177)
r(14,1,0,177)
w(22,2,0,178)
w(98,2,0,178)
r(45,1,0,179)
w(2,1,0,179)
r(80,2,0,180)
w(73,1,0,180)
w(21,2,0,181)
w(79,1,0,181)
w(15,5,0,182)
r(81,1,0,182)
r(69,1,0,183)
w(50,2,0,183)
r(25,2,0,184)
w(7,2,0,184)
r(91,1,0,185)
w(57,2,0,185)
r(28,2,0,186)
w(54,3,0,186)
r(5,3,0,187)
w(21,3,0,187)
r(69,1,0,188)
w(56,1,0,188)
r(63,1,0,189)
w(35,2,0,189)
w(59,5,0,190)
w(66,2,0,190)
r(34,4,0,191)
r(27,1,0,191)
r(15,5,0,192)
w(91,1,0,192)
r(66,2,0,193)
r(27,1,0,193)
w(27,2,0,194)
w(83,7,0,194)
r(54,3,0,195)
r(67,9,0,195)
r(8,3,0,196)
r(9,2,0,196)
r(72,2,0,197)
r(42,1,0,197)
w(85,2,0,198)
r(84,2,0,198)
w(80,3,0,199)
r(92,2,0,199)
r(52,1,0,200)
r(80,3,0,200)
r(34,4,0,201)
w(10,4,0,201)
w(55,2,0,202)
w(24,5,0,202)
r(10,4,0,203)
w(22,3,0,203)
r(58,3,0,204)
r(72,2,0,204)
r(73,1,0,205)
w(53,2,0,205)
r(72,2,0,206)
w(75,1,0,206)
w(1,1,0,207)
r(93,1,0,207)
r(9,2,0,208)
r(33,1,0,208)
r(86,3,0,209)
r(95,1,0,209)
w(92,3,0,210)
r(22,3,0,210)
r(9,2,0,211)
r(0,1,0,211)
w(64,3,0,212)
w(68,3,0,212)
w(50,3,0,213)
r(83,7,0,213)
w(13,1,0,214)
w(61,4,0,214)
r(37,3,0,215)
r(78,1,0,215)
r(56,1,0,216)
r(19,2,0,216)
w(31,4,0,217)
r(57,2,0,217)
r(57,2,0,218)
w(62,1,0,218)
w(22,4,0,219)
w(71,4,0,219)
r(17,3,0,220)
w(55,3,0,220)
w(21,4,0,221)
w(46,2,0,221)
w(77,3,0,222)
w(81,1,0,222)
w(86,4,0,223)
r(99,1,0,223)
w(23,1,0,224)
r(75,1,0,224)
r(28,2,0,225)
r(31,4,0,225)
w(53,3,0,226)
r(1,1,0,226)
r(72,2,0,227)
w(95,2,0,227)
r(94,1,0,228)
r(74,1,0,228)
w(69,1,0,229)
w(52,2,0,229)
r(25,2,0,230)
w(14,2,0,230)
w(80,4,0,231)
r(26,3,0,231)
r(24,5,0,232)
r(22,4,0,232)
r(84,2,0,233)
w(86,5,0,233)
w(3,1,0,234)
r(56,1,0,234)
w(39,4,0,235)
r(73,1,0,235)
r(24,5,0,236)
w(84,3,0,236)
r(5,3,0,237)
r(49,2,0,237)
w(26,4,0,238)
w(7,3,0,238)
r(29,1,0,239)
w(53,4,0,239)
w(60,4,0,240)
r(23,1,0,240)
w(32,1,0,241)
w(24,6,0,241)
w(44,3,0,242)
w(43,3,0,242)
w(48,4,0,243)
r(46,2,0,243)
r(5,3,0,244)
w(25,3,0,244)
r(31,4,0,245)
w(10,5,0,245)
w(15,6,0,246)
w(29,2,0,246)
r(62,1,0,247)
w(74,2,0,247)
w(75,2,0,248)
r(83,7,0,248)
r(31,4,0,249)
w(87,2,0,249)
w(29,3,0,250)
r(78,1,0,250)
w(93,2,0,251)
r(57,2,0,251)
w(18,3,0,252)
w(38,2,0,252)
r(66,2,0,253)
r(5,3,0,253)
r(67,9,0,254)
r(59,5,0,254)
r(56,1,0,255)
w(62,2,0,255)
w(71,5,0,256)
w(8,4,0,256)
w(73,2,0,257)
w(72,3,0,257)
r(4,1,0,258)
r(9,2,0,258)
w(62,3,0,259)
r(50,3,0,259)
r(27,2,0,260)
r(73,2,0,260)
r(47,1,0,261)
w(17,4,0,261)
r(89,2,0,262)
w(63,1,0,262)
r(56,1,0,263)
w(41,1,0,263)
w(62,4,0,264)
w(92,4,0,264)
r(26,4,0,265)
r(42,1,0,265)
w(93,3,0,266)
r(63,1,0,266)
r(2,1,0,267)
w(73,3,0,267)
r(98,2,0,268)
w(44,4,0,268)
w(51,3,0,269)
w(62,5,0,269)
w(70,2,0,270)
r(5,3,0,270)
w(5,4,0,271)
w(48,5,0,271)
r(70,2,0,272)
w(1,2,0,272)
w(66,3,0,273)
r(37,3,0,273)
r(43,3,0,274)
r(13,1,0,274)
r(90,1,0,275)
r(9,2,0,275)
w(1,3,0,276)
w(47,2,0,276)
r(3,1,0,277)
w(48,6,0,277)
w(27,3,0,278)
w(41,2,0,278)
w(5,5,0,279)
w(36,2,0,279)
r(5,5,0,280)
w(51,4,0,280)
w(73,4,0,281)
w(91,2,0,281)
w(6,2,0,282)
w(41,3,0,282)
r(49,2,0,283)
w(41,4,0,283)
r(63,1,0,284)
w(50,4,0,284)
w(49,3,0,285)
r(54,3,0,285)
r(97,3,0,286)
r(39,4,0,286)
r(26,4,0,287)
r(56,1,0,287)
r(34,4,0,288)
w(25,4,0,288)
w(93,4,0,289)
r(87,2,0,289)
r(42,1,0,290)
w(31,5,0,290)
r(88,1,0,291)
r(97,3,0,291)
w(32,2,0,292)
r(98,2,0,292)
w(91,3,0,293)
w(74,3,0,293)
r(77,3,0,294)
w(33,2,0,294)
r(12,4,0,295)
w(82,3,0,295)
r(70,2,0,296)
w(46,3,0,296)
r(35,2,0,297)
r(17,4,0,297)
r(19,2,0,298)
r(87,2,0,298)
w(28,3,0,299)
r(27,3,0,299)
w(55,4,0,300)
r(56,1,0,300)
r(50,4,0,301)
w(59,6,0,301)
w(37,4,0,302)
r(91,3,0,302)
w(95,3,0,303)
w(87,3,0,303)
r(72,3,0,304)
r(69,1,0,304)
r(39,4,0,305)
w(75,3,0,305)
w(28,4,0,306)
r(54,3,0,306)
r(0,1,0,307)
w(65,2,0,307)
r(71,5,0,308)
w(29,4,0,308)
w(74,4,0,309)
w(94,2,0,309)
r(26,4,0,310)
r(42,1,0,310)
r(94,2,0,311)
r(97,3,0,311)
r(64,3,0,312)
w(11,2,0,312)
w(65,3,0,313)
w(62,6,0,313)
w(0,1,0,314)
w(81,2,0,314)
r(99,1,0,315)
w(10,6,0,315)
r(53,4,0,316)
r(63,1,0,316)
r(61,4,0,317)
w(18,4,0,317)
r(55,4,0,318)
w(4,2,0,318)
w(84,4,0,319)
w(13,2,0,319)
r(96,2,0,320)
w(45,1,0,320)
w(73,5,0,321)
w(76,4,0,321)
r(57,2,0,322)
r(42,1,0,322)
r(40,1,0,323)
r(63,1,0,323)
w(39,5,0,324)
w(33,3,0,324)
r(43,3,0,325)
w(85,3,0,325)
r(72,3,0,326)
w(70,3,0,326)
w(92,5,0,327)
w(97,4,0,327)
w(56,2,0,328)
r(5,5,0,328)
w(25,5,0,329)
r(78,1,0,329)
w(23,2,0,330)
r(30,2,0,330)
w(3,2,0,331)
w(75,4,0,331)
w(59,7,0,332)
w(7,4,0,332)
w(19,3,0,333)
r(37,4,0,333)
r(4,2,0,334)
r(15,6,0,334)
r(63,1,0,335)
w(49,4,0,335)
w(26,5,0,336)
w(26,6,0,336)
r(47,2,0,337)
r(89,2,0,337)
w(88,1,0,338)
w(13,3,0,338)
w(29,5,0,339)
r(38,2,0,339)
w(56,3,0,340)
r(85,3,0,340)
r(34,4,0,341)
r(14,2,0,341)
w(45,2,0,342)
w(4,3,0,342)
r(75,4,0,343)
w(15,7,0,343)
w(12,5,0,344)
r(67,9,0,344)
r(98,2,0,345)
r(58,3,0,345)
w(94,3,0,346)
r(12,5,0,346)
r(0,1,0,347)
w(58,4,0,347)
r(74,4,0,348)
r(36,2,0,348)
w(41,5,0,349)
r(49,4,0,349)
w(71,6,0,350)
r(80,4,0,350)
w(94,4,0,351)
r(10,6,0,351)
w(45,3,0,352)
r(58,4,0,352)
w(15,8,0,353)
r(96,2,0,353)
r(38,2,0,354)
w(95,4,0,354)
r(48,6,0,355)
w(40,2,0,355)
w(22,5,0,356)
w(88,2,0,356)
r(77,3,0,357)
w(74,5,0,357)
w(94,5,0,358)
r(99,1,0,358)
w(78,1,0,359)
w(59,8,0,359)
w(6,3,0,360)
w(84,5,0,360)
r(23,2,0,361)
w(64,4,0,361)
r(79,1,0,362)
r(85,3,0,362)
w(29,6,0,363)
r(81,2,0,363)
w(21,5,0,364)
r(88,2,0,364)
r(58,4,0,365)
w(92,6,0,365)
w(8,5,0,366)
w(99,1,0,366)
r(2,1,0,367)
r(62,6,0,367)
r(72,3,0,368)
w(47,3,0,368)
r(90,1,0,369)
r(58,4,0,369)
w(2,2,0,370)
w(22,6,0,370)
r(69,1,0,371)
w(10,7,0,371)
r(98,2,0,372)
w(24,7,0,372)
r(32,2,0,373)
r(99,1,0,373)
r(68,3,0,374)
w(22,7,0,374)
w(58,5,0,375)
r(7,4,0,375)
w(62,7,0,376)
r(79,1,0,376)
w(82,4,0,377)
w(65,4,0,377)
w(26,7,0,378)
r(38,2,0,378)
w(15,9,0,379)
w(35,3,0,379)
r(69,1,0,380)
r(43,3,0,380)
r(58,5,0,381)
r(71,6,0,381)
w(28,5,0,382)
w(45,4,0,382)
w(2,3,0,383)
r(98,2,0,383)
r(72,3,0,384)
r(20,1,0,384)
w(35,4,0,385)
r(47,3,0,385)
w(19,4,0,386)
r(71,6,0,386)
w(19,5,0,387)
w(42,2,0,387)
w(35,5,0,388)
r(88,2,0,388)
r(81,2,0,389)
r(2,3,0,389)
r(56,3,0,390)
w(76,5,0,390)
w(92,7,0,391)
w(97,5,0,391)
w(63,2,0,392)
w(86,6,0,392)
w(91,4,0,393)
r(51,4,0,393)
r(40,2,0,394)
r(34,4,0,394)
r(3,2,0,395)
w(94,6,0,395)
w(45,5,0,396)
w(3,3,0,396)
r(91,4,0,397)
r(3,3,0,397)
w(5,6,0,398)
w(59,9,0,398)
r(70,3,0,399)
w(50,5,0,399)
r(28,5,0,400)
r(17,4,0,400)
r(32,2,0,401)
r(7,4,0,401)
r(72,3,0,402)
r(8,5,0,402)
w(35,6,0,403)
w(63,3,0,403)
w(67,10,0,404)
w(65,5,0,404)
w(24,8,0,405)
w(0,2,0,405)
r(25,5,0,406)
r(26,7,0,406)
r(94,6,0,407)
w(5,7,0,407)
r(49,4,0,408)
w(5,8,0,408)
w(86,7,0,409)
r(9,2,0,409)
w(5,9,0,410)
r(29,6,0,410)
r(50,5,0,411)
w(87,4,0,411)
r(62,7,0,412)
w(55,5,0,412)
r(41,5,0,413)
w(40,3,0,413)
r(52,2,0,414)
r(14,2,0,414)
r(39,5,0,415)
w(47,4,0,415)
r(50,5,0,416)
w(98,3,0,416)
w(20,1,0,417)
r(90,1,0,417)
r(27,3,0,418)
w(99,2,0,418)
w(71,7,0,419)
r(64,4,0,419)
w(56,4,0,420)
r(97,5,0,420)
w(84,6,0,421)
r(4,3,0,421)
r(52,2,0,422)
r(82,4,0,422)
w(77,4,0,423)
r(43,3,0,423)
r(35,6,0,424)
w(79,2,0,424)
w(21,6,0,425)
r(36,2,0,425)
w(85,4,0,426)
r(21,6,0,426)
w(30,3,0,427)
w(54,4,0,427)
r(6,3,0,428)
w(36,3,0,428)
w(57,3,0,429)
r(35,6,0,429)
w(88,3,0,430)
r(14,2,0,430)
w(67,11,0,431)
w(60,5,0,431)
w(90,1,0,432)
r(76,5,0,432)
r(82,4,0,433)
r(40,3,0,433)
r(26,7,0,434)
r(10,7,0,434)
w(96,3,0,435)
w(70,4,0,435)
r(53,4,0,436)
w(43,4,0,436)
r(56,4,0,437)
r(10,7,0,437)
w(13,4,0,438)
r(13,4,0,438)
w(91,5,0,439)
w(46,4,0,439)
r(24,8,0,440)
w(32,3,0,440)
w(13,5,0,441)
r(9,2,0,441)
w(33,4,0,442)
r(68,3,0,442)
w(29,7,0,443)
w(61,5,0,443)
w(64,5,0,444)
w(7,5,0,444)
r(93,4,0,445)
w(35,7,0,445)
r(93,4,0,446)
w(9,3,0,446)
w(1,4,0,447)
r(84,6,0,447)
r(47,4,0,448)
r(38,2,0,448)
r(97,5,0,449)
r(4,3,0,449)
w(99,3,0,450)
w(17,5,0,450)
r(9,3,0,451)
w(7,6,0,451)
r(84,6,0,452)
r(21,6,0,452)
w(35,8,0,453)
r(55,5,0,453)
w(73,6,0,454)
r(52,2,0,454)
w(44,5,0,455)
w(52,3,0,455)
r(49,4,0,456)
r(17,5,0,456)
w(77,5,0,457)
r(74,5,0,457)
r(73,6,0,458)
r(71,7,0,458)
r(64,5,0,459)
w(93,5,0,459)
r(85,4,0,460)
w(11,3,0,460)
r(57,3,0,461)
w(33,5,0,461)
r(38,2,0,462)
r(98,3,0,462)
r(24,8,0,463)
r(78,1,0,463)
w(99,4,0,464)
r(84,6,0,464)
w(16,2,0,465)
w(81,3,0,465)
w(80,5,0,466)
w(16,3,0,466)
r(7,6,0,467)
r(38,2,0,467)
w(78,2,0,468)
r(46,4,0,468)
r(70,4,0,469)
w(38,3,0,469)
r(95,4,0,470)
r(50,5,0,470)
w(26,8,0,471)
r(29,7,0,471)
r(4,3,0,472)
r(86,7,0,472)
w(25,6,0,473)
r(0,2,0,473)
w(37,5,0,474)
w(79,3,0,474)
r(6,3,0,475)
w(48,7,0,475)
r(50,5,0,476)
w(44,6,0,476)
w(71,8,0,477)
r(59,9,0,477)
w(17,6,0,478)
w(18,5,0,478)
r(32,3,0,479)
w(91,6,0,479)
w(50,6,0,480)
w(90,2,0,480)
r(61,5,0,481)
r(28,5,0,481)
w(38,4,0,482)
w(19,6,0,482)
r(66,3,0,483)
w(48,8,0,483)
w(86,8,0,484)
w(3,4,0,484)
r(86,8,0,485)
r(65,5,0,485)
w(6,4,0,486)
w(76,6,0,486)
r(15,9,0,487)
w(72,4,0,487)
w(47,5,0,488)
w(45,6,0,488)
w(97,6,0,489)
w(93,6,0,489)
w(64,6,0,490)
r(30,3,0,490)
w(21,7,0,491)
w(93,7,0,491)
w(14,3,0,492)
w(26,9,0,492)
r(12,5,0,493)
r(94,6,0,493)
w(28,6,0,494)
r(50,6,0,494)
w(39,6,0,495)
r(10,7,0,495)
r(22,7,0,496)
w(89,3,0,496)
r(0,2,0,497)
w(14,4,0,497)
r(81,3,0,498)
r(48,8,0,498)
w(4,4,0,499)
w(39,7,0,499)
w(94,7,1,500)
w(58,6,1,500)
r(79,3,1,501)
r(32,3,1,501)
r(65,5,1,502)
w(19,7,1,502)
r(24,8,1,503)
w(77,6,1,503)
w(74,6,1,504)
r(42,2,1,504)
r(78,2,1,505)
r(77,6,1,505)
w(25,7,1,506)
r(76,6,1,506)
r(56,4,1,507)
r(58,6,1,507)
w(26,10,1,508)
r(92,7,1,508)
w(48,9,1,509)
w(96,4,1,509)
w(61,6,1,510)
w(21,8,1,510)
w(81,4,1,511)
r(41,5,1,511)
r(94,7,1,512)
r(1,4,1,512)
r(7,6,1,513)
r(57,3,1,513)
r(62,7,1,514)
w(66,4,1,514)
r(87,4,1,515)
r(57,3,1,515)
r(55,5,1,516)
r(24,8,1,516)
r(21,8,1,517)
w(9,4,1,517)
w(92,8,1,518)
w(78,3,1,518)
r(78,3,1,519)
w(38,5,1,519)
w(36,4,1,520)
w(28,7,1,520)
r(23,2,1,521)
r(41,5,1,521)
w(47,6,1,522)
r(0,2,1,522)
w(83,8,1,523)
r(57,3,1,523)
r(34,4,1,524)
r(23,2,1,524)
r(50,6,1,525)
r(33,5,1,525)
r(74,6,1,526)
r(57,3,1,526)
r(64,6,1,527)
r(25,7,1,527)
r(50,6,1,528)
r(19,7,1,528)
w(70,5,1,529)
w(22,8,1,529)
w(51,5,1,530)
r(69,1,1,530)
r(5,9,1,531)
w(60,6,1,531)
r(5,9,1,532)
w(50,7,1,532)
r(94,7,1,533)
r(32,3,1,533)
r(5,9,1,534)
r(15,9,1,534)
w(60,7,1,535)
r(45,6,1,535)
w(99,5,1,536)
w(17,7,1,536)
r(55,5,1,537)
w(85,5,1,537)
r(67,11,1,538)
w(48,10,1,538)
w(95,5,1,539)
r(8,5,1,539)
r(8,5,1,540)
r(90,2,1,540)
r(44,6,1,541)
w(46,5,1,541)
w(19,8,1,542)
w(84,7,1,542)
w(7,7,1,543)
r(82,4,1,543)
w(0,3,1,544)
r(12,5,1,544)
r(95,5,1,545)
r(39,7,1,545)
w(45,7,1,546)
w(6,5,1,546)
w(85,6,1,547)
w(47,7,1,547)
r(71,8,1,548)
w(85,7,1,548)
r(15,9,1,549)
r(63,3,1,549)
r(53,4,1,550)
w(14,5,1,550)
r(23,2,1,551)
w(51,6,1,551)
r(87,4,1,552)
w(87,5,1,552)
w(61,7,1,553)
r(62,7,1,553)
r(76,6,1,554)
r(4,4,1,554)
r(52,3,1,555)
w(87,6,1,555)
w(98,4,1,556)
w(71,9,1,556)
w(92,9,1,557)
w(14,6,1,557)
w(36,5,1,558)
r(66,4,1,558)
r(52,3,1,559)
r(78,3,1,559)
r(98,4,1,560)
r(25,7,1,560)
w(1,5,1,561)
r(87,6,1,561)
r(61,7,1,562)
w(35,9,1,562)
w(69,2,1,563)
r(23,2,1,563)
r(7,7,1,564)
w(69,3,1,564)
r(41,5,1,565)
w(68,4,1,565)
r(99,5,1,566)
r(38,5,1,566)
w(83,9,1,567)
r(71,9,1,567)
w(40,4,1,568)
r(49,4,1,568)
w(19,9,1,569)
r(54,4,1,569)
w(13,6,1,570)
w(90,3,1,570)
r(15,9,1,571)
r(82,4,1,571)
w(72,5,1,572)
w(31,6,1,572)
r(60,7,1,573)
r(33,5,1,573)
w(60,8,1,574)
r(83,9,1,574)
w(6,6,1,575)
r(57,3,1,575)
w(15,10,1,576)
w(40,5,1,576)
w(25,8,1,577)
w(56,5,1,577)
w(87,7,1,578)
r(39,7,1,578)
r(96,4,1,579)
r(44,6,1,579)
w(51,7,1,580)
r(51,7,1,580)
r(28,7,1,581)
r(17,7,1,581)
w(80,6,1,582)
r(60,8,1,582)
r(23,2,1,583)
r(43,4,1,583)
w(22,9,1,584)
w(36,6,1,584)
r(58,6,1,585)
r(15,10,1,585)
r(63,3,1,586)
r(24,8,1,586)
r(50,7,1,587)
r(29,7,1,587)
w(83,10,1,588)
w(47,8,1,588)
w(44,7,1,589)
w(46,6,1,589)
w(62,8,1,590)
w(72,6,1,590)
r(35,9,1,591)
w(87,8,1,591)
r(75,4,1,592)
w(53,5,1,592)
r(78,3,1,593)
w(12,6,1,593)
r(71,9,1,594)
w(16,4,1,594)
r(73,6,1,595)
w(26,11,1,595)
r(60,8,1,596)
w(83,11,1,596)
r(54,4,1,597)
r(35,9,1,597)
r(29,7,1,598)
r(56,5,1,598)
r(28,7,1,599)
r(25,8,1,599)
r(64,6,1,600)
r(40,5,1,600)
w(79,4,1,601)
w(18,6,1,601)
r(27,3,1,602)
w(84,8,1,602)
w(0,4,1,603)
r(36,6,1,603)
r(2,3,1,604)
w(54,5,1,604)
r(22,9,1,605)
w(94,8,1,605)
r(8,5,1,606)
w(92,10,1,606)
w(35,10,1,607)
w(88,4,1,607)
r(93,7,1,608)
r(35,10,1,608)
r(95,5,1,609)
w(33,6,1,609)
w(60,9,1,610)
r(54,5,1,610)
r(33,6,1,611)
r(55,5,1,611)
w(74,7,1,612)
r(82,4,1,612)
r(8,5,1,613)
w(54,6,1,613)
w(71,10,1,614)
w(55,6,1,614)
r(18,6,1,615)
w(54,7,1,615)
r(31,6,1,616)
w(5,10,1,616)
r(59,9,1,617)
r(42,2,1,617)
r(88,4,1,618)
r(20,1,1,618)
w(67,12,1,619)
r(86,8,1,619)
w(70,6,1,620)
r(29,7,1,620)
w(60,10,1,621)
w(47,9,1,621)
r(80,6,1,622)
w(17,8,1,622)
w(66,5,1,623)
r(81,4,1,623)
r(33,6,1,624)
w(99,6,1,624)
w(90,4,1,625)
w(36,7,1,625)
w(92,11,1,626)
r(77,6,1,626)
r(82,4,1,627)
r(39,7,1,627)
w(66,6,1,628)
w(59,10,1,628)
r(43,4,1,629)
r(35,10,1,629)
r(33,6,1,630)
r(56,5,1,630)
r(82,4,1,631)
r(39,7,1,631)
w(83,12,1,632)
w(74,8,1,632)
w(64,7,1,633)
w(21,9,1,633)
w(83,13,1,634)
r(30,3,1,634)
w(24,9,1,635)
w(36,8,1,635)
w(7,8,1,636)
r(10,7,1,636)
r(83,13,1,637)
r(44,7,1,637)
w(9,5,1,638)
w(22,10,1,638)
w(3,5,1,639)
w(13,7,1,639)
r(69,3,1,640)
r(72,6,1,640)
r(25,8,1,641)
r(47,9,1,641)
r(44,7,1,642)
r(24,9,1,642)
r(10,7,1,643)
r(8,5,1,643)
w(42,3,1,644)
w(94,9,1,644)
w(85,8,1,645)
w(99,7,1,645)
w(33,7,1,646)
r(57,3,1,646)
w(68,5,1,647)
r(77,6,1,647)
r(24,9,1,648)
w(6,7,1,648)
w(81,5,1,649)
w(84,9,1,649)
r(33,7,1,650)
w(27,4,1,650)
w(24,10,1,651)
w(75,5,1,651)
r(59,10,1,652)
r(11,3,1,652)
r(8,5,1,653)
w(85,9,1,653)
w(84,10,1,654)
w(2,4,1,654)
r(91,6,1,655)
r(4,4,1,655)
r(65,5,1,656)
w(40,6,1,656)
w(63,4,1,657)
w(66,7,1,657)
r(60,10,1,658)
w(99,8,1,658)
r(32,3,1,659)
r(34,4,1,659)
w(50,8,1,660)
r(25,8,1,660)
w(7,9,1,661)
w(90,5,1,661)
w(78,4,1,662)
r(12,6,1,662)
w(39,8,1,663)
w(18,7,1,663)
r(83,13,1,664)
w(59,11,1,664)
w(36,9,1,665)
r(85,9,1,665)
r(61,7,1,666)
r(80,6,1,666)
r(37,5,1,667)
r(26,11,1,667)
w(34,5,1,668)
r(95,5,1,668)
r(92,11,1,669)
r(43,4,1,669)
w(86,9,1,670)
w(38,6,1,670)
r(50,8,1,671)
r(59,11,1,671)
w(84,11,1,672)
w(19,10,1,672)
r(54,7,1,673)
w(80,7,1,673)
w(88,5,1,674)
w(62,9,1,674)
r(13,7,1,675)
w(76,7,1,675)
w(46,7,1,676)
w(2,5,1,676)
w(28,8,1,677)
w(90,6,1,677)
w(23,3,1,678)
w(56,6,1,678)
w(13,8,1,679)
w(35,11,1,679)
r(18,7,1,680)
w(47,10,1,680)
r(51,7,1,681)
w(40,7,1,681)
r(90,6,1,682)
r(93,7,1,682)
r(35,11,1,683)
w(90,7,1,683)
w(93,8,1,684)
w(17,9,1,684)
w(18,8,1,685)
r(95,5,1,685)
w(38,7,1,686)
w(28,9,1,686)
r(12,6,1,687)
r(52,3,1,687)
w(82,5,1,688)
r(62,9,1,688)
r(92,11,1,689)
w(49,5,1,689)
w(14,7,1,690)
r(40,7,1,690)
r(43,4,1,691)
r(6,7,1,691)
w(31,7,1,692)
w(91,7,1,692)
r(26,11,1,693)
r(84,11,1,693)
w(37,6,1,694)
w(19,11,1,694)
w(93,9,1,695)
r(43,4,1,695)
r(91,7,1,696)
r(27,4,1,696)
r(52,3,1,697)
r(60,10,1,697)
r(5,10,1,698)
r(11,3,1,698)
w(35,12,1,699)
w(96,5,1,699)
r(6,7,1,700)
r(34,5,1,700)
r(33,7,1,701)
w(36,10,1,701)
r(81,5,1,702)
r(17,9,1,702)
r(61,7,1,703)
w(23,4,1,703)
r(17,9,1,704)
r(52,3,1,704)
r(99,8,1,705)
w(54,8,1,705)
w(48,11,1,706)
w(48,12,1,706)
w(20,2,1,707)
r(84,11,1,707)
r(53,5,1,708)
r(90,7,1,708)
w(73,7,1,709)
r(91,7,1,709)
r(92,11,1,710)
r(95,5,1,710)
r(51,7,1,711)
r(63,4,1,711)
r(86,9,1,712)
r(98,4,1,712)
w(15,11,1,713)
r(16,4,1,713)
r(69,3,1,714)
r(15,11,1,714)
w(59,12,1,715)
w(69,4,1,715)
r(74,8,1,716)
r(4,4,1,716)
r(64,7,1,717)
r(66,7,1,717)
w(56,7,1,718)
w(61,8,1,718)
w(62,10,1,719)
r(60,10,1,719)
w(34,6,1,720)
w(67,13,1,720)
w(39,9,1,721)
w(27,5,1,721)
w(38,8,1,722)
r(86,9,1,722)
r(36,10,1,723)
w(72,7,1,723)
r(13,8,1,724)
w(47,11,1,724)
w(41,6,1,725)
w(36,11,1,725)
w(44,8,1,726)
r(64,7,1,726)
w(55,7,1,727)
r(5,10,1,727)
r(62,10,1,728)
r(55,7,1,728)
w(81,6,1,729)
r(57,3,1,729)
w(15,12,1,730)
w(12,7,1,730)
w(65,6,1,731)
r(19,11,1,731)
r(34,6,1,732)
w(98,5,1,732)
w(28,10,1,733)
w(72,8,1,733)
r(93,9,1,734)
r(84,11,1,734)
w(12,8,1,735)
r(87,8,1,735)
w(37,7,1,736)
w(28,11,1,736)
w(81,7,1,737)
r(82,5,1,737)
w(40,8,1,738)
w(61,9,1,738)
r(65,6,1,739)
r(15,12,1,739)
w(59,13,1,740)
w(87,9,1,740)
w(11,4,1,741)
w(67,14,1,741)
r(88,5,1,742)
r(90,7,1,742)
w(7,10,1,743)
r(81,7,1,743)
r(21,9,1,744)
w(80,8,1,744)
r(65,6,1,745)
w(63,5,1,745)
r(55,7,1,746)
r(89,3,1,746)
w(81,8,1,747)
r(48,12,1,747)
w(18,9,1,748)
w(69,5,1,748)
r(47,11,1,749)
r(12,8,1,749)
r(43,4,1,750)
r(18,9,1,750)
r(75,5,1,751)
w(22,11,1,751)
w(95,6,1,752)
r(41,6,1,752)
r(23,4,1,753)
w(84,12,1,753)
r(6,7,1,754)
w(24,11,1,754)
r(84,12,1,755)
r(45,7,1,755)
w(60,11,1,756)
w(87,10,1,756)
r(46,7,1,757)
r(59,13,1,757)
w(42,4,1,758)
r(14,7,1,758)
r(78,4,1,759)
w(48,13,1,759)
w(10,8,1,760)
r(54,8,1,760)
r(95,6,1,761)
r(70,6,1,761)
r(62,10,1,762)
w(69,6,1,762)
w(65,7,1,763)
r(50,8,1,763)
r(37,7,1,764)
r(76,7,1,764)
w(39,10,1,765)
r(63,5,1,765)
w(82,6,1,766)
w(84,13,1,766)
r(92,11,1,767)
r(66,7,1,767)
w(41,7,1,768)
r(69,6,1,768)
r(60,11,1,769)
w(24,12,1,769)
w(21,10,1,770)
w(89,4,1,770)
w(45,8,1,771)
w(18,10,1,771)
w(94,10,1,772)
w(61,10,1,772)
w(25,9,1,773)
w(62,11,1,773)
r(21,10,1,774)
w(86,10,1,774)
w(45,9,1,775)
w(18,11,1,775)
r(8,5,1,776)
r(72,8,1,776)
r(70,6,1,777)
r(57,3,1,777)
r(81,8,1,778)
r(89,4,1,778)
w(94,11,1,779)
r(28,11,1,779)
r(32,3,1,780)
w(18,12,1,780)
w(72,9,1,781)
r(6,7,1,781)
r(22,11,1,782)
r(47,11,1,782)
r(10,8,1,783)
r(74,8,1,783)
r(11,4,1,784)
w(28,12,1,784)
w(91,8,1,785)
r(9,5,1,785)
w(80,9,1,786)
w(61,11,1,786)
r(99,8,1,787)
w(61,12,1,787)
r(74,8,1,788)
w(47,12,1,788)
w(74,9,1,789)
w(15,13,1,789)
r(0,4,1,790)
w(82,7,1,790)
r(9,5,1,791)
r(80,9,1,791)
r(47,12,1,792)
r(37,7,1,792)
r(97,6,1,793)
r(66,7,1,793)
r(41,7,1,794)
w(83,14,1,794)
r(6,7,1,795)
r(97,6,1,795)
w(49,6,1,796)
w(96,6,1,796)
w(65,8,1,797)
r(87,10,1,797)
w(29,8,1,798)
r(16,4,1,798)
w(52,4,1,799)
w(36,12,1,799)
r(4,4,1,800)
w(9,6,1,800)
r(26,11,1,801)
r(6,7,1,801)
r(13,8,1,802)
w(89,5,1,802)
r(71,10,1,803)
r(25,9,1,803)
w(98,6,1,804)
w(29,9,1,804)
w(33,8,1,805)
r(1,5,1,805)
r(36,12,1,806)
w(88,6,1,806)
r(32,3,1,807)
w(58,7,1,807)
r(39,10,1,808)
w(53,6,1,808)
w(3,6,1,809)
w(24,13,1,809)
r(66,7,1,810)
w(64,8,1,810)
w(74,10,1,811)
w(17,10,1,811)
w(58,8,1,812)
r(45,9,1,812)
w(65,9,1,813)
r(39,10,1,813)
r(84,13,1,814)
r(91,8,1,814)
r(90,7,1,815)
w(36,13,1,815)
w(29,10,1,816)
w(61,13,1,816)
w(52,5,1,817)
r(53,6,1,817)
w(18,13,1,818)
w(74,11,1,818)
r(96,6,1,819)
r(81,8,1,819)
w(23,5,1,820)
r(11,4,1,820)
r(41,7,1,821)
r(28,12,1,821)
r(61,13,1,822)
r(73,7,1,822)
r(25,9,1,823)
w(16,5,1,823)
w(56,8,1,824)
r(34,6,1,824)
w(22,12,1,825)
w(53,7,1,825)
w(67,15,1,826)
r(79,4,1,826)
w(77,7,1,827)
w(0,5,1,827)
w(4,5,1,828)
r(42,4,1,828)
w(84,14,1,829)
w(44,9,1,829)
r(45,9,1,830)
r(59,13,1,830)
w(83,15,1,831)
r(36,13,1,831)
w(89,6,1,832)
w(55,8,1,832)
w(18,14,1,833)
r(38,8,1,833)
r(77,7,1,834)
r(3,6,1,834)
r(89,6,1,835)
w(49,7,1,835)
w(93,10,1,836)
r(99,8,1,836)
r(87,10,1,837)
r(61,13,1,837)
r(70,6,1,838)
r(0,5,1,838)
w(5,11,1,839)
r(39,10,1,839)
w(16,6,1,840)
r(19,11,1,840)
r(39,10,1,841)
r(3,6,1,841)
w(81,9,1,842)
r(42,4,1,842)
w(7,11,1,843)
w(76,8,1,843)
r(89,6,1,844)
r(25,9,1,844)
r(71,10,1,845)
r(53,7,1,845)
r(57,3,1,846)
r(90,7,1,846)
w(72,10,1,847)
w(17,11,1,847)
r(20,2,1,848)
w(94,12,1,848)
r(1,5,1,849)
r(25,9,1,849)
w(77,8,1,850)
w(83,16,1,850)
r(63,5,1,851)
r(69,6,1,851)
w(92,12,1,852)
r(84,14,1,852)
r(27,5,1,853)
r(39,10,1,853)
w(89,7,1,854)
w(65,10,1,854)
r(11,4,1,855)
r(78,4,1,855)
r(4,5,1,856)
r(16,6,1,856)
r(71,10,1,857)
w(77,9,1,857)
r(18,14,1,858)
r(14,7,1,858)
r(21,10,1,859)
r(59,13,1,859)
r(42,4,1,860)
w(41,8,1,860)
w(40,9,1,861)
w(40,10,1,861)
r(11,4,1,862)
r(66,7,1,862)
r(68,5,1,863)
w(27,6,1,863)
w(6,8,1,864)
r(68,5,1,864)
r(73,7,1,865)
w(77,10,1,865)
r(67,15,1,866)
w(95,7,1,866)
r(85,9,1,867)
r(68,5,1,867)
w(81,10,1,868)
r(37,7,1,868)
w(45,10,1,869)
w(9,7,1,869)
w(44,10,1,870)
w(16,7,1,870)
r(23,5,1,871)
w(9,8,1,871)
r(30,3,1,872)
r(56,8,1,872)
w(58,9,1,873)
w(0,6,1,873)
w(32,4,1,874)
w(93,11,1,874)
r(49,7,1,875)
w(19,12,1,875)
w(72,11,1,876)
w(14,8,1,876)
w(46,8,1,877)
r(67,15,1,877)
w(55,9,1,878)
r(43,4,1,878)
w(94,13,1,879)
w(17,12,1,879)
w(86,11,1,880)
r(2,5,1,880)
r(78,4,1,881)
w(47,13,1,881)
w(76,9,1,882)
r(88,6,1,882)
r(58,9,1,883)
w(80,10,1,883)
w(80,11,1,884)
w(19,13,1,884)
w(33,9,1,885)
r(4,5,1,885)
w(83,17,1,886)
r(49,7,1,886)
r(84,14,1,887)
r(16,7,1,887)
w(8,6,1,888)
r(4,5,1,888)
r(46,8,1,889)
w(58,10,1,889)
w(1,6,1,890)
w(28,13,1,890)
w(82,8,1,891)
r(73,7,1,891)
r(28,13,1,892)
r(28,13,1,892)
r(24,13,1,893)
r(98,6,1,893)
w(12,9,1,894)
w(96,7,1,894)
w(68,6,1,895)
r(92,12,1,895)
r(37,7,1,896)
w(14,9,1,896)
w(88,7,1,897)
r(52,5,1,897)
r(57,3,1,898)
w(20,3,1,898)
w(78,5,1,899)
r(86,11,1,899)
r(90,7,1,900)
r(80,11,1,900)
w(81,11,1,901)
r(49,7,1,901)
r(36,13,1,902)
w(95,8,1,902)
w(9,9,1,903)
r(2,5,1,903)
w(34,7,1,904)
r(28,13,1,904)
r(18,14,1,905)
r(48,13,1,905)
w(54,9,1,906)
w(73,8,1,906)
w(88,8,1,907)
r(55,9,1,907)
w(27,7,1,908)
r(75,5,1,908)
r(31,7,1,909)
r(6,8,1,909)
r(6,8,1,910)
w(0,7,1,910)
r(51,7,1,911)
r(5,11,1,911)
w(12,10,1,912)
r(24,13,1,912)
r(57,3,1,913)
r(97,6,1,913)
r(96,7,1,914)
w(3,7,1,914)
r(6,8,1,915)
w(19,14,1,915)
w(45,11,1,916)
w(61,14,1,916)
r(3,7,1,917)
r(8,6,1,917)
w(85,10,1,918)
r(33,9,1,918)
w(22,13,1,919)
r(70,6,1,919)
w(47,14,1,920)
r(86,11,1,920)
w(57,4,1,921)
r(80,11,1,921)
w(4,6,1,922)
r(63,5,1,922)
w(68,7,1,923)
w(51,8,1,923)
w(95,9,1,924)
w(28,14,1,924)
w(15,14,1,925)
r(53,7,1,925)
r(39,10,1,926)
w(38,9,1,926)
w(61,15,1,927)
w(88,9,1,927)
w(71,11,1,928)
r(77,10,1,928)
w(99,9,1,929)
w(56,9,1,929)
w(72,12,1,930)
w(91,9,1,930)
r(76,9,1,931)
r(84,14,1,931)
r(97,6,1,932)
r(21,10,1,932)
w(52,6,1,933)
r(98,6,1,933)
r(71,11,1,934)
r(62,11,1,934)
r(92,12,1,935)
w(55,10,1,935)
w(94,14,1,936)
r(40,10,1,936)
w(50,9,1,937)
r(95,9,1,937)
r(80,11,1,938)
r(59,13,1,938)
r(95,9,1,939)
w(40,11,1,939)
r(84,14,1,940)
r(81,11,1,940)
r(67,15,1,941)
r(59,13,1,941)
r(33,9,1,942)
w(90,8,1,942)
r(23,5,1,943)
r(76,9,1,943)
r(61,15,1,944)
w(61,16,1,944)
w(55,11,1,945)
r(63,5,1,945)
w(8,7,1,946)
r(17,12,1,946)
r(62,11,1,947)
r(5,11,1,947)
r(48,13,1,948)
r(53,7,1,948)
r(20,3,1,949)
w(6,9,1,949)
w(38,10,1,950)
w(57,5,1,950)
w(36,14,1,951)
w(90,9,1,951)
w(65,11,1,952)
r(80,11,1,952)
r(37,7,1,953)
r(46,8,1,953)
w(67,16,1,954)
w(70,7,1,954)
r(90,9,1,955)
w(68,8,1,955)
w(3,8,1,956)
w(57,6,1,956)
r(41,8,1,957)
r(51,8,1,957)
r(48,13,1,958)
r(28,14,1,958)
w(96,8,1,959)
w(48,14,1,959)
r(99,9,1,960)
r(52,6,1,960)
w(95,10,1,961)
w(12,11,1,961)
r(24,13,1,962)
w(38,11,1,962)
w(15,15,1,963)
r(71,11,1,963)
r(59,13,1,964)
r(10,8,1,964)
r(2,5,1,965)
r(55,11,1,965)
r(62,11,1,966)
r(1,6,1,966)
w(50,10,1,967)
w(83,18,1,967)
r(60,11,1,968)
r(85,10,1,968)
w(98,7,1,969)
r(40,11,1,969)
w(92,13,1,970)
r(63,5,1,970)
w(70,8,1,971)
r(83,18,1,971)
w(41,9,1,972)
w(39,11,1,972)
r(56,9,1,973)
r(62,11,1,973)
r(47,14,1,974)
r(87,10,1,974)
r(88,9,1,975)
r(68,8,1,975)
w(33,10,1,976)
r(27,7,1,976)
w(48,15,1,977)
w(79,5,1,977)
r(87,10,1,978)
w(11,5,1,978)
r(37,7,1,979)
w(39,12,1,979)
w(68,9,1,980)
r(3,8,1,980)
w(29,11,1,981)
r(4,6,1,981)
w(14,10,1,982)
r(7,11,1,982)
w(21,11,1,983)
w(53,8,1,983)
w(49,8,1,984)
r(78,5,1,984)
r(8,7,1,985)
r(35,12,1,985)
r(63,5,1,986)
r(37,7,1,986)
w(38,12,1,987)
w(68,10,1,987)
w(17,13,1,988)
w(2,6,1,988)
w(48,16,1,989)
r(15,15,1,989)
r(82,8,1,990)
w(68,11,1,990)
w(71,12,1,991)
w(67,17,1,991)
w(89,8,1,992)
r(46,8,1,992)
r(87,10,1,993)
w(83,19,1,993)
r(2,6,1,994)
r(23,5,1,994)
r(81,11,1,995)
r(35,12,1,995)
r(40,11,1,996)
w(46,9,1,996)
w(91,10,1,997)
r(52,6,1,997)
r(27,7,1,998)
r(17,13,1,998)
w(92,14,1,999)
r(45,11,1,999)
w(35,13,2,1000)
r(86,11,2,1000)
w(28,15,2,1001)
r(26,11,2,1001)
w(89,9,2,1002)
w(98,8,2,1002)
w(7,12,2,1003)
r(32,4,2,1003)
r(13,8,2,1004)
w(90,10,2,1004)
w(79,6,2,1005)
w(49,9,2,1005)
r(50,10,2,1006)
r(53,8,2,1006)
r(32,4,2,1007)
w(78,6,2,1007)
w(70,9,2,1008)
r(6,9,2,1008)
r(91,10,2,1009)
r(55,11,2,1009)
r(72,12,2,1010)
r(45,11,2,1010)
r(48,16,2,1011)
r(17,13,2,1011)
w(69,7,2,1012)
w(33,11,2,1012)
w(21,12,2,1013)
w(10,9,2,1013)
r(72,12,2,1014)
r(9,9,2,1014)
r(44,10,2,1015)
r(16,7,2,1015)
w(98,9,2,1016)
w(78,7,2,1016)
r(94,14,2,1017)
w(62,12,2,1017)
r(96,8,2,1018)
w(16,8,2,1018)
w(63,6,2,1019)
r(79,6,2,1019)
r(71,12,2,1020)
r(97,6,2,1020)
r(34,7,2,1021)
w(22,14,2,1021)
w(37,8,2,1022)
r(39,12,2,1022)
r(38,12,2,1023)
w(2,7,2,1023)
w(90,11,2,1024)
r(55,11,2,1024)
r(78,7,2,1025)
w(52,7,2,1025)
w(32,5,2,1026)
w(1,7,2,1026)
r(57,6,2,1027)
r(22,14,2,1027)
w(23,6,2,1028)
r(80,11,2,1028)
w(82,9,2,1029)
r(11,5,2,1029)
r(32,5,2,1030)
r(20,3,2,1030)
w(86,12,2,1031)
r(2,7,2,1031)
r(9,9,2,1032)
r(80,11,2,1032)
w(97,7,2,1033)
w(97,8,2,1033)
w(4,7,2,1034)
r(83,19,2,1034)
w(42,5,2,1035)
w(27,8,2,1035)
r(35,13,2,1036)
w(50,11,2,1036)
r(80,11,2,1037)
w(67,18,2,1037)
w(76,10,2,1038)
w(55,12,2,1038)
w(20,4,2,1039)
r(95,10,2,1039)
r(89,9,2,1040)
w(95,11,2,1040)
r(19,14,2,1041)
w(36,15,2,1041)
r(13,8,2,1042)
r(3,8,2,1042)
r(65,11,2,1043)
r(77,10,2,1043)
r(66,7,2,1044)
w(74,12,2,1044)
w(1,8,2,1045)
w(56,10,2,1045)
r(58,10,2,1046)
w(54,10,2,1046)
w(89,10,2,1047)
r(61,16,2,1047)
w(62,13,2,1048)
r(95,11,2,1048)
w(25,10,2,1049)
w(63,7,2,1049)
w(75,6,2,1050)
r(17,13,2,1050)
r(52,7,2,1051)
r(73,8,2,1051)
r(3,8,2,1052)
r(66,7,2,1052)
w(78,8,2,1053)
w(22,15,2,1053)
w(5,12,2,1054)
r(71,12,2,1054)
w(96,9,2,1055)
r(32,5,2,1055)
w(51,9,2,1056)
r(4,7,2,1056)
w(30,4,2,1057)
w(96,10,2,1057)
w(39,13,2,1058)
w(38,13,2,1058)
w(93,12,2,1059)
w(83,20,2,1059)
r(69,7,2,1060)
r(12,11,2,1060)
w(63,8,2,1061)
r(5,12,2,1061)
r(62,13,2,1062)
r(49,9,2,1062)
w(88,10,2,1063)
w(53,9,2,1063)
w(63,9,2,1064)
r(56,10,2,1064)
r(70,9,2,1065)
w(11,6,2,1065)
r(15,15,2,1066)
w(99,10,2,1066)
w(5,13,2,1067)
w(62,14,2,1067)
r(31,7,2,1068)
r(17,13,2,1068)
w(92,15,2,1069)
w(54,11,2,1069)
w(84,15,2,1070)
w(38,14,2,1070)
r(73,8,2,1071)
r(1,8,2,1071)
w(90,12,2,1072)
w(66,8,2,1072)
w(90,13,2,1073)
w(83,21,2,1073)
r(12,11,2,1074)
r(49,9,2,1074)
w(14,11,2,1075)
w(81,12,2,1075)
w(55,13,2,1076)
w(53,10,2,1076)
w(27,9,2,1077)
w(18,15,2,1077)
w(39,14,2,1078)
w(87,11,2,1078)
w(40,12,2,1079)
r(56,10,2,1079)
r(95,11,2,1080)
w(63,10,2,1080)
r(34,7,2,1081)
r(55,13,2,1081)
w(73,9,2,1082)
r(38,14,2,1082)
r(36,15,2,1083)
r(56,10,2,1083)
w(17,14,2,1084)
r(15,15,2,1084)
r(84,15,2,1085)
w(59,14,2,1085)
w(69,8,2,1086)
w(38,15,2,1086)
w(45,12,2,1087)
w(58,11,2,1087)
w(44,11,2,1088)
w(35,14,2,1088)
r(73,9,2,1089)
w(25,11,2,1089)
r(20,4,2,1090)
r(57,6,2,1090)
w(61,17,2,1091)
r(50,11,2,1091)
w(24,14,2,1092)
r(61,17,2,1092)
w(24,15,2,1093)
r(70,9,2,1093)
w(61,18,2,1094)
w(16,9,2,1094)
r(73,9,2,1095)
r(3,8,2,1095)
r(71,12,2,1096)
w(12,12,2,1096)
w(69,9,2,1097)
r(53,10,2,1097)
r(84,15,2,1098)
w(93,13,2,1098)
r(39,14,2,1099)
w(25,12,2,1099)
w(96,11,2,1100)
w(8,8,2,1100)
w(13,9,2,1101)
r(89,10,2,1101)
r(17,14,2,1102)
w(73,10,2,1102)
w(23,7,2,1103)
r(3,8,2,1103)
r(89,10,2,1104)
r(56,10,2,1104)
w(86,13,2,1105)
r(65,11,2,1105)
r(25,12,2,1106)
r(65,11,2,1106)
r(7,12,2,1107)
w(24,16,2,1107)
r(60,11,2,1108)
r(78,8,2,1108)
r(27,9,2,1109)
r(39,14,2,1109)
w(74,13,2,1110)
r(80,11,2,1110)
r(21,12,2,1111)
r(14,11,2,1111)
w(14,12,2,1112)
r(12,12,2,1112)
w(90,14,2,1113)
w(39,15,2,1113)
w(62,15,2,1114)
w(71,13,2,1114)
w(85,11,2,1115)
w(89,11,2,1115)
r(25,12,2,1116)
w(45,13,2,1116)
w(62,16,2,1117)
r(64,8,2,1117)
r(60,11,2,1118)
r(69,9,2,1118)
w(50,12,2,1119)
r(93,13,2,1119)
w(76,11,2,1120)
w(48,17,2,1120)
w(82,10,2,1121)
r(52,7,2,1121)
w(75,7,2,1122)
r(5,13,2,1122)
w(50,13,2,1123)
w(23,8,2,1123)
r(89,11,2,1124)
w(39,16,2,1124)
r(37,8,2,1125)
w(11,7,2,1125)
w(39,17,2,1126)
w(25,13,2,1126)
w(13,10,2,1127)
r(74,13,2,1127)
r(13,10,2,1128)
r(60,11,2,1128)
w(11,8,2,1129)
w(91,11,2,1129)
r(70,9,2,1130)
r(47,14,2,1130)
r(25,13,2,1131)
r(12,12,2,1131)
w(0,8,2,1132)
r(23,8,2,1132)
w(33,12,2,1133)
w(71,14,2,1133)
w(62,17,2,1134)
w(26,12,2,1134)
w(81,13,2,1135)
w(75,8,2,1135)
r(98,9,2,1136)
r(21,12,2,1136)
w(64,9,2,1137)
w(16,10,2,1137)
r(20,4,2,1138)
w(24,17,2,1138)
r(82,10,2,1139)
w(72,13,2,1139)
w(98,10,2,1140)
w(40,13,2,1140)
r(24,17,2,1141)
r(25,13,2,1141)
w(92,16,2,1142)
w(5,14,2,1142)
w(94,15,2,1143)
r(94,15,2,1143)
w(14,13,2,1144)
w(74,14,2,1144)
r(80,11,2,1145)
w(45,14,2,1145)
w(81,14,2,1146)
r(63,10,2,1146)
w(14,14,2,1147)
r(33,12,2,1147)
w(73,11,2,1148)
r(34,7,2,1148)
w(47,15,2,1149)
w(31,8,2,1149)
r(71,14,2,1150)
r(66,8,2,1150)
w(26,13,2,1151)
r(58,11,2,1151)
r(23,8,2,1152)
w(17,15,2,1152)
w(69,10,2,1153)
w(42,6,2,1153)
r(80,11,2,1154)
w(92,17,2,1154)
w(36,16,2,1155)
w(57,7,2,1155)
w(75,9,2,1156)
w(29,12,2,1156)
r(42,6,2,1157)
w(46,10,2,1157)
r(29,12,2,1158)
w(8,9,2,1158)
w(23,9,2,1159)
r(65,11,2,1159)
w(41,10,2,1160)
r(87,11,2,1160)
r(33,12,2,1161)
r(82,10,2,1161)
r(61,18,2,1162)
r(79,6,2,1162)
r(50,13,2,1163)
w(44,12,2,1163)
w(67,19,2,1164)
r(89,11,2,1164)
r(1,8,2,1165)
w(90,15,2,1165)
w(68,12,2,1166)
w(22,16,2,1166)
w(52,8,2,1167)
r(33,12,2,1167)
w(62,18,2,1168)
w(30,5,2,1168)
w(66,9,2,1169)
w(39,18,2,1169)
w(53,11,2,1170)
w(47,16,2,1170)
r(91,11,2,1171)
r(55,13,2,1171)
r(68,12,2,1172)
w(93,14,2,1172)
r(26,13,2,1173)
w(18,16,2,1173)
w(30,6,2,1174)
w(27,10,2,1174)
w(54,12,2,1175)
r(81,14,2,1175)
r(75,9,2,1176)
r(14,14,2,1176)
r(75,9,2,1177)
r(33,12,2,1177)
r(82,10,2,1178)
r(39,18,2,1178)
r(59,14,2,1179)
r(32,5,2,1179)
r(8,9,2,1180)
r(41,10,2,1180)
r(26,13,2,1181)
w(68,13,2,1181)
w(33,13,2,1182)
r(89,11,2,1182)
w(60,12,2,1183)
r(11,8,2,1183)
r(35,14,2,1184)
w(34,8,2,1184)
w(68,14,2,1185)
w(57,8,2,1185)
r(3,8,2,1186)
r(17,15,2,1186)
r(70,9,2,1187)
w(49,10,2,1187)
w(26,14,2,1188)
w(59,15,2,1188)
w(2,8,2,1189)
r(73,11,2,1189)
r(29,12,2,1190)
w(66,10,2,1190)
w(39,19,2,1191)
r(9,9,2,1191)
w(41,11,2,1192)
w(7,13,2,1192)
r(4,7,2,1193)
r(60,12,2,1193)
r(0,8,2,1194)
w(13,11,2,1194)
r(61,18,2,1195)
r(64,9,2,1195)
w(61,19,2,1196)
r(51,9,2,1196)
r(98,10,2,1197)
r(10,9,2,1197)
r(34,8,2,1198)
r(33,13,2,1198)
w(60,13,2,1199)
r(22,16,2,1199)
r(15,15,2,1200)
w(76,12,2,1200)
r(39,19,2,1201)
r(26,14,2,1201)
r(73,11,2,1202)
r(91,11,2,1202)
w(97,9,2,1203)
r(56,10,2,1203)
r(99,10,2,1204)
w(80,12,2,1204)
w(97,10,2,1205)
r(0,8,2,1205)
r(98,10,2,1206)
r(7,13,2,1206)
r(27,10,2,1207)
w(52,9,2,1207)
w(46,11,2,1208)
r(31,8,2,1208)
r(10,9,2,1209)
r(68,14,2,1209)
r(92,17,2,1210)
w(46,12,2,1210)
r(40,13,2,1211)
w(46,13,2,1211)
r(90,15,2,1212)
w(17,16,2,1212)
w(2,9,2,1213)
w(85,12,2,1213)
r(26,14,2,1214)
r(1,8,2,1214)
r(31,8,2,1215)
r(4,7,2,1215)
w(80,13,2,1216)
w(41,12,2,1216)
r(83,21,2,1217)
r(80,13,2,1217)
w(51,10,2,1218)
r(28,15,2,1218)
r(74,14,2,1219)
r(33,13,2,1219)
r(88,10,2,1220)
w(8,10,2,1220)
w(66,11,2,1221)
r(42,6,2,1221)
w(47,17,2,1222)
r(83,21,2,1222)
r(33,13,2,1223)
w(6,10,2,1223)
w(92,18,2,1224)
r(93,14,2,1224)
w(25,14,2,1225)
w(61,20,2,1225)
r(4,7,2,1226)
r(67,19,2,1226)
r(94,15,2,1227)
w(40,14,2,1227)
w(17,17,2,1228)
w(56,11,2,1228)
r(89,11,2,1229)
r(48,17,2,1229)
r(58,11,2,1230)
r(96,11,2,1230)
w(86,14,2,1231)
r(55,13,2,1231)
w(2,10,2,1232)
r(5,14,2,1232)
w(84,16,2,1233)
w(43,5,2,1233)
r(22,16,2,1234)
r(63,10,2,1234)
r(52,9,2,1235)
w(17,18,2,1235)
r(72,13,2,1236)
w(60,14,2,1236)
w(69,11,2,1237)
w(41,13,2,1237)
r(98,10,2,1238)
r(78,8,2,1238)
r(46,13,2,1239)
w(79,7,2,1239)
w(88,11,2,1240)
w(19,15,2,1240)
w(86,15,2,1241)
w(19,16,2,1241)
r(61,20,2,1242)
r(40,14,2,1242)
r(55,13,2,1243)
r(15,15,2,1243)
w(39,20,2,1244)
w(85,13,2,1244)
w(46,14,2,1245)
w(25,15,2,1245)
w(81,15,2,1246)
r(72,13,2,1246)
w(54,13,2,1247)
r(36,16,2,1247)
w(96,12,2,1248)
w(96,13,2,1248)
w(3,9,2,1249)
r(34,8,2,1249)
r(30,6,2,1250)
w(47,18,2,1250)
w(41,14,2,1251)
w(94,16,2,1251)
r(13,11,2,1252)
w(2,11,2,1252)
r(7,13,2,1253)
w(66,12,2,1253)
r(53,11,2,1254)
w(98,11,2,1254)
w(61,21,2,1255)
r(44,12,2,1255)
w(55,14,2,1256)
w(92,19,2,1256)
w(22,17,2,1257)
r(61,21,2,1257)
w(34,9,2,1258)
r(29,12,2,1258)
w(28,16,2,1259)
r(49,10,2,1259)
r(64,9,2,1260)
r(78,8,2,1260)
w(73,12,2,1261)
w(61,22,2,1261)
r(61,22,2,1262)
r(11,8,2,1262)
r(36,16,2,1263)
w(36,17,2,1263)
w(7,14,2,1264)
w(90,16,2,1264)
w(8,11,2,1265)
r(2,11,2,1265)
r(94,16,2,1266)
w(87,12,2,1266)
r(33,13,2,1267)
w(14,15,2,1267)
w(86,16,2,1268)
r(67,19,2,1268)
r(21,12,2,1269)
w(85,14,2,1269)
r(98,11,2,1270)
w(36,18,2,1270)
r(12,12,2,1271)
w(87,13,2,1271)
r(20,4,2,1272)
w(79,8,2,1272)
r(61,22,2,1273)
r(40,14,2,1273)
w(41,15,2,1274)
r(88,11,2,1274)
w(13,12,2,1275)
w(6,11,2,1275)
r(39,20,2,1276)
w(78,9,2,1276)
w(88,12,2,1277)
w(75,10,2,1277)
r(94,16,2,1278)
r(36,18,2,1278)
w(12,13,2,1279)
r(81,15,2,1279)
r(46,14,2,1280)
r(98,11,2,1280)
w(11,9,2,1281)
w(17,19,2,1281)
r(78,9,2,1282)
r(40,14,2,1282)
r(56,11,2,1283)
r(43,5,2,1283)
w(94,17,2,1284)
w(17,20,2,1284)
r(56,11,2,1285)
w(25,16,2,1285)
r(18,16,2,1286)
r(82,10,2,1286)
w(58,12,2,1287)
w(55,15,2,1287)
r(6,11,2,1288)
w(95,12,2,1288)
r(29,12,2,1289)
w(11,10,2,1289)
w(20,5,2,1290)
w(53,12,2,1290)
r(20,5,2,1291)
w(32,6,2,1291)
r(95,12,2,1292)
w(9,10,2,1292)
r(5,14,2,1293)
w(28,17,2,1293)
r(20,5,2,1294)
r(98,11,2,1294)
w(34,10,2,1295)
r(44,12,2,1295)
r(74,14,2,1296)
w(80,14,2,1296)
r(72,13,2,1297)
r(62,18,2,1297)
w(11,11,2,1298)
w(20,6,2,1298)
w(69,12,2,1299)
r(39,20,2,1299)
w(84,17,2,1300)
w(45,15,2,1300)
w(44,13,2,1301)
w(26,15,2,1301)
w(93,15,2,1302)
w(58,13,2,1302)
r(66,12,2,1303)
w(62,19,2,1303)
r(40,14,2,1304)
r(61,22,2,1304)
w(18,17,2,1305)
r(86,16,2,1305)
r(38,15,2,1306)
w(42,7,2,1306)
w(4,8,2,1307)
w(54,14,2,1307)
r(97,10,2,1308)
w(57,9,2,1308)
r(42,7,2,1309)
w(41,16,2,1309)
w(24,18,2,1310)
r(10,9,2,1310)
r(61,22,2,1311)
r(85,14,2,1311)
w(42,8,2,1312)
w(19,17,2,1312)
r(34,10,2,1313)
r(12,13,2,1313)
r(90,16,2,1314)
r(37,8,2,1314)
r(79,8,2,1315)
r(68,14,2,1315)
r(84,17,2,1316)
r(64,9,2,1316)
w(82,11,2,1317)
r(6,11,2,1317)
w(10,10,2,1318)
w(71,15,2,1318)
w(2,12,2,1319)
w(16,11,2,1319)
w(85,15,2,1320)
w(28,18,2,1320)
w(2,13,2,1321)
r(17,20,2,1321)
w(7,15,2,1322)
w(98,12,2,1322)
r(7,15,2,1323)
w(51,11,2,1323)
r(44,13,2,1324)
w(50,14,2,1324)
r(22,17,2,1325)
w(31,9,2,1325)
w(61,23,2,1326)
w(34,11,2,1326)
r(24,18,2,1327)
w(51,12,2,1327)
r(9,10,2,1328)
r(52,9,2,1328)
r(99,10,2,1329)
w(79,9,2,1329)
r(33,13,2,1330)
r(90,16,2,1330)
w(83,22,2,1331)
w(1,9,2,1331)
w(87,14,2,1332)
w(82,12,2,1332)
r(75,10,2,1333)
w(34,12,2,1333)
w(17,21,2,1334)
w(62,20,2,1334)
w(32,7,2,1335)
r(60,14,2,1335)
w(61,24,2,1336)
w(33,14,2,1336)
r(2,13,2,1337)
w(11,12,2,1337)
w(46,15,2,1338)
w(16,12,2,1338)
w(33,15,2,1339)
r(49,10,2,1339)
r(82,12,2,1340)
r(45,15,2,1340)
w(86,17,2,1341)
r(49,10,2,1341)
r(7,15,2,1342)
w(85,16,2,1342)
w(60,15,2,1343)
r(90,16,2,1343)
w(5,15,2,1344)
r(38,15,2,1344)
w(26,16,2,1345)
w(59,16,2,1345)
w(63,11,2,1346)
r(43,5,2,1346)
r(53,12,2,1347)
w(15,16,2,1347)
w(28,19,2,1348)
r(70,9,2,1348)
w(36,19,2,1349)
w(16,13,2,1349)
w(76,13,2,1350)
r(0,8,2,1350)
r(52,9,2,1351)
r(12,13,2,1351)
r(23,9,2,1352)
r(58,13,2,1352)
r(90,16,2,1353)
w(21,13,2,1353)
r(18,17,2,1354)
r(64,9,2,1354)
r(76,13,2,1355)
w(9,11,2,1355)
w(70,10,2,1356)
w(67,20,2,1356)
r(81,15,2,1357)
r(89,11,2,1357)
w(80,15,2,1358)
w(86,18,2,1358)
w(81,16,2,1359)
w(53,13,2,1359)
w(2,14,2,1360)
r(88,12,2,1360)
w(86,19,2,1361)
w(8,12,2,1361)
w(7,16,2,1362)
w(12,14,2,1362)
w(66,13,2,1363)
w(85,17,2,1363)
w(11,13,2,1364)
r(81,16,2,1364)
w(32,8,2,1365)
r(83,22,2,1365)
w(13,13,2,1366)
w(10,11,2,1366)
w(4,9,2,1367)
w(76,14,2,1367)
r(37,8,2,1368)
w(97,11,2,1368)
r(51,12,2,1369)
r(0,8,2,1369)
r(47,18,2,1370)
w(7,17,2,1370)
r(44,13,2,1371)
r(29,12,2,1371)
w(27,11,2,1372)
w(94,18,2,1372)
r(48,17,2,1373)
w(3,10,2,1373)
r(82,12,2,1374)
w(13,14,2,1374)
w(51,13,2,1375)
r(64,9,2,1375)
r(63,11,2,1376)
w(70,11,2,1376)
r(58,13,2,1377)
r(12,14,2,1377)
r(94,18,2,1378)
r(10,11,2,1378)
w(68,15,2,1379)
w(31,10,2,1379)
w(50,15,2,1380)
r(20,6,2,1380)
w(7,18,2,1381)
r(98,12,2,1381)
r(12,14,2,1382)
w(54,15,2,1382)
r(77,10,2,1383)
r(1,9,2,1383)
w(64,10,2,1384)
w(91,12,2,1384)
w(97,12,2,1385)
r(54,15,2,1385)
w(51,14,2,1386)
r(81,16,2,1386)
w(24,19,2,1387)
r(69,12,2,1387)
r(40,14,2,1388)
w(9,12,2,1388)
w(15,17,2,1389)
w(83,23,2,1389)
w(41,17,2,1390)
r(7,18,2,1390)
w(74,15,2,1391)
w(66,14,2,1391)
r(98,12,2,1392)
w(9,13,2,1392)
w(42,9,2,1393)
r(28,19,2,1393)
w(21,14,2,1394)
r(20,6,2,1394)
r(62,20,2,1395)
w(51,15,2,1395)
r(81,16,2,1396)
r(24,19,2,1396)
r(10,11,2,1397)
w(72,14,2,1397)
r(74,15,2,1398)
w(84,18,2,1398)
w(82,13,2,1399)
w(8,13,2,1399)
r(31,10,2,1400)
r(23,9,2,1400)
w(68,16,2,1401)
w(60,16,2,1401)
w(21,15,2,1402)
r(39,20,2,1402)
w(11,14,2,1403)
r(65,11,2,1403)
r(95,12,2,1404)
w(39,21,2,1404)
w(60,17,2,1405)
w(11,15,2,1405)
w(86,20,2,1406)
r(28,19,2,1406)
w(32,9,2,1407)
w(31,11,2,1407)
r(14,15,2,1408)
w(76,15,2,1408)
r(82,13,2,1409)
w(89,12,2,1409)
w(52,10,2,1410)
r(40,14,2,1410)
w(89,13,2,1411)
w(52,11,2,1411)
w(29,13,2,1412)
r(54,15,2,1412)
r(88,12,2,1413)
r(5,15,2,1413)
r(48,17,2,1414)
w(51,16,2,1414)
r(55,15,2,1415)
w(63,12,2,1415)
w(60,18,2,1416)
w(94,19,2,1416)
w(97,13,2,1417)
w(95,13,2,1417)
w(83,24,2,1418)
r(71,15,2,1418)
w(22,18,2,1419)
w(61,25,2,1419)
w(88,13,2,1420)
w(66,15,2,1420)
r(68,16,2,1421)
w(66,16,2,1421)
w(76,16,2,1422)
r(71,15,2,1422)
r(92,19,2,1423)
r(59,16,2,1423)
w(36,20,2,1424)
w(99,11,2,1424)
r(92,19,2,1425)
r(90,16,2,1425)
r(57,9,2,1426)
r(3,10,2,1426)
w(90,17,2,1427)
r(78,9,2,1427)
r(16,13,2,1428)
w(6,12,2,1428)
r(96,13,2,1429)
w(33,16,2,1429)
r(24,19,2,1430)
w(92,20,2,1430)
w(85,18,2,1431)
r(78,9,2,1431)
w(92,21,2,1432)
r(27,11,2,1432)
w(94,20,2,1433)
r(85,18,2,1433)
w(32,10,2,1434)
r(81,16,2,1434)
r(29,13,2,1435)
w(18,18,2,1435)
w(2,15,2,1436)
r(59,16,2,1436)
r(29,13,2,1437)
w(55,16,2,1437)
w(88,14,2,1438)
w(29,14,2,1438)
w(91,13,2,1439)
r(74,15,2,1439)
r(52,11,2,1440)
w(11,16,2,1440)
w(71,16,2,1441)
r(77,10,2,1441)
w(80,16,2,1442)
r(24,19,2,1442)
r(65,11,2,1443)
w(68,17,2,1443)
w(66,17,2,1444)
w(5,16,2,1444)
r(36,20,2,1445)
r(23,9,2,1445)
r(35,14,2,1446)
r(83,24,2,1446)
r(65,11,2,1447)
w(52,12,2,1447)
r(97,13,2,1448)
w(36,21,2,1448)
r(67,20,2,1449)
w(74,16,2,1449)
r(2,15,2,1450)
r(8,13,2,1450)
w(63,13,2,1451)
w(40,15,2,1451)
w(32,11,2,1452)
w(75,11,2,1452)
w(60,19,2,1453)
r(75,11,2,1453)
w(58,14,2,1454)
r(66,17,2,1454)
r(26,16,2,1455)
w(87,15,2,1455)
w(80,17,2,1456)
w(21,16,2,1456)
w(62,21,2,1457)
w(42,10,2,1457)
r(47,18,2,1458)
r(66,17,2,1458)
w(47,19,2,1459)
w(27,12,2,1459)
r(6,12,2,1460)
w(67,21,2,1460)
r(59,16,2,1461)
w(29,15,2,1461)
r(90,17,2,1462)
r(41,17,2,1462)
w(90,18,2,1463)
w(45,16,2,1463)
r(37,8,2,1464)
r(54,15,2,1464)
w(63,14,2,1465)
r(25,16,2,1465)
r(4,9,2,1466)
w(54,16,2,1466)
w(36,22,2,1467)
w(54,17,2,1467)
w(41,18,2,1468)
w(12,15,2,1468)
r(12,15,2,1469)
w(33,17,2,1469)
w(30,7,2,1470)
w(88,15,2,1470)
r(53,13,2,1471)
w(36,23,2,1471)
r(73,12,2,1472)
r(5,16,2,1472)
r(80,17,2,1473)
r(8,13,2,1473)
w(11,17,2,1474)
w(73,13,2,1474)
w(93,16,2,1475)
w(12,16,2,1475)
w(90,19,2,1476)
r(85,18,2,1476)
w(58,15,2,1477)
r(27,12,2,1477)
r(63,14,2,1478)
w(68,18,2,1478)
w(14,16,2,1479)
w(25,17,2,1479)
r(92,21,2,1480)
r(50,15,2,1480)
r(45,16,2,1481)
r(94,20,2,1481)
w(99,12,2,1482)
r(44,13,2,1482)
w(1,10,2,1483)
w(86,21,2,1483)
r(89,13,2,1484)
w(94,21,2,1484)
w(3,11,2,1485)
w(6,13,2,1485)
w(43,6,2,1486)
w(73,14,2,1486)
r(16,13,2,1487)
r(90,19,2,1487)
w(91,14,2,1488)
w(65,12,2,1488)
r(75,11,2,1489)
w(68,19,2,1489)
w(16,14,2,1490)
w(21,17,2,1490)
w(67,22,2,1491)
w(43,7,2,1491)
w(24,20,2,1492)
r(23,9,2,1492)
r(66,17,2,1493)
w(32,12,2,1493)
r(58,15,2,1494)
w(90,20,2,1494)
r(71,16,2,1495)
r(70,11,2,1495)
w(8,14,2,1496)
w(31,12,2,1496)
w(22,19,2,1497)
w(83,25,2,1497)
r(9,13,2,1498)
r(97,13,2,1498)
r(98,12,2,1499)
w(56,12,2,1499)
