r(43,1,0,0)
w(3,1,0,0)
w(26,1,0,1)
r(14,1,0,1)
r(77,1,0,2)
r(1,1,0,2)
w(32,1,0,3)
r(53,1,0,3)
r(87,1,0,4)
r(68,1,0,4)
w(14,1,0,5)
w(11,1,0,5)
w(33,1,0,6)
r(63,1,0,6)
w(82,1,0,7)
r(15,1,0,7)
r(86,1,0,8)
r(10,1,0,8)
w(11,2,0,9)
r(86,1,0,9)
w(61,1,0,10)
w(32,2,0,10)
w(50,1,0,11)
w(10,1,0,11)
w(0,1,0,12)
r(29,1,0,12)
w(11,3,0,13)
r(58,1,0,13)
w(19,1,0,14)
w(90,1,0,14)
r(82,1,0,15)
r(86,1,0,15)
r(35,1,0,16)
r(36,1,0,16)
r(51,1,0,17)
w(27,1,0,17)
r(77,1,0,18)
r(22,1,0,18)
w(43,1,0,19)
r(84,1,0,19)
r(58,1,0,20)
w(17,1,0,20)
w(83,1,0,21)
w(69,1,0,21)
w(93,1,0,22)
w(67,1,0,22)
r(66,1,0,23)
w(63,1,0,23)
w(52,1,0,24)
w(71,1,0,24)
w(26,2,0,25)
w(44,1,0,25)
r(53,1,0,26)
r(5,1,0,26)
r(46,1,0,27)
r(59,1,0,27)
w(47,1,0,28)
w(46,1,0,28)
r(49,1,0,29)
w(35,1,0,29)
r(54,1,0,30)
w(56,1,0,30)
w(35,2,0,31)
w(14,2,0,31)
r(15,1,0,32)
w(52,2,0,32)
w(65,1,0,33)
w(54,1,0,33)
r(79,1,0,34)
w(79,1,0,34)
r(45,1,0,35)
w(50,2,0,35)
w(80,1,0,36)
r(7,1,0,36)
r(99,1,0,37)
r(45,1,0,37)
w(57,1,0,38)
w(25,1,0,38)
w(90,2,0,39)
w(72,1,0,39)
w(89,1,0,40)
w(26,3,0,40)
w(55,1,0,41)
r(93,1,0,41)
r(51,1,0,42)
w(12,1,0,42)
w(62,1,0,43)
r(40,1,0,43)
w(16,1,0,44)
r(46,1,0,44)
r(55,1,0,45)
r(4,1,0,45)
w(57,2,0,46)
r(64,1,0,46)
r(57,2,0,47)
r(66,1,0,47)
r(41,1,0,48)
w(90,3,0,48)
r(36,1,0,49)
w(89,2,0,49)
w(98,1,0,50)
r(29,1,0,50)
r(31,1,0,51)
r(60,1,0,51)
r(42,1,0,52)
r(44,1,0,52)
w(52,3,0,53)
w(67,2,0,53)
r(56,1,0,54)
w(96,1,0,54)
w(78,1,0,55)
r(80,1,0,55)
w(55,2,0,56)
w(89,3,0,56)
w(41,1,0,57)
r(84,1,0,57)
w(87,1,0,58)
w(77,1,0,58)
r(84,1,0,59)
r(87,1,0,59)
r(30,1,0,60)
r(40,1,0,60)
w(70,1,0,61)
r(44,1,0,61)
r(96,1,0,62)
w(81,1,0,62)
w(65,2,0,63)
r(70,1,0,63)
w(27,2,0,64)
w(78,2,0,64)
r(71,1,0,65)
r(39,1,0,65)
w(72,2,0,66)
w(90,4,0,66)
r(36,1,0,67)
w(14,3,0,67)
w(77,2,0,68)
w(75,1,0,68)
r(59,1,0,69)
w(31,1,0,69)
r(46,1,0,70)
r(26,3,0,70)
w(75,2,0,71)
r(61,1,0,71)
r(61,1,0,72)
w(51,1,0,72)
w(62,2,0,73)
w(90,5,0,73)
r(23,1,0,74)
w(19,2,0,74)
w(92,1,0,75)
r(64,1,0,75)
r(94,1,0,76)
w(61,2,0,76)
r(92,1,0,77)
r(65,2,0,77)
r(32,2,0,78)
w(69,2,0,78)
r(93,1,0,79)
r(20,1,0,79)
w(35,3,0,80)
w(3,2,0,80)
r(56,1,0,81)
r(7,1,0,81)
w(25,2,0,82)
r(41,1,0,82)
w(82,2,0,83)
w(12,2,0,83)
w(49,1,0,84)
w(71,2,0,84)
r(45,1,0,85)
w(56,2,0,85)
w(58,1,0,86)
r(3,2,0,86)
r(67,2,0,87)
w(94,1,0,87)
w(23,1,0,88)
w(16,2,0,88)
r(30,1,0,89)
w(98,2,0,89)
r(87,1,0,90)
r(49,1,0,90)
w(17,2,0,91)
w(86,1,0,91)
w(18,1,0,92)
r(69,2,0,92)
w(15,1,0,93)
w(3,3,0,93)
w(38,1,0,94)
w(32,3,0,94)
r(31,1,0,95)
r(11,3,0,95)
r(91,1,0,96)
w(55,3,0,96)
r(65,2,0,97)
r(10,1,0,97)
w(26,4,0,98)
w(29,1,0,98)
w(90,6,0,99)
w(8,1,0,99)
w(5,1,0,100)
r(86,1,0,100)
r(71,2,0,101)
r(3,3,0,101)
r(35,3,0,102)
r(7,1,0,102)
r(46,1,0,103)
w(37,1,0,103)
r(74,1,0,104)
w(69,3,0,104)
r(9,1,0,105)
w(23,2,0,105)
w(58,2,0,106)
w(87,2,0,106)
w(16,3,0,107)
w(80,2,0,107)
w(57,3,0,108)
w(7,1,0,108)
r(38,1,0,109)
r(9,1,0,109)
r(10,1,0,110)
w(8,2,0,110)
w(66,1,0,111)
w(42,1,0,111)
w(95,1,0,112)
r(69,3,0,112)
r(85,1,0,113)
w(73,1,0,113)
r(86,1,0,114)
r(28,1,0,114)
r(17,2,0,115)
r(55,3,0,115)
w(46,2,0,116)
w(84,1,0,116)
r(75,2,0,117)
w(34,1,0,117)
w(38,2,0,118)
w(95,2,0,118)
r(27,2,0,119)
w(47,2,0,119)
r(20,1,0,120)
w(83,2,0,120)
r(74,1,0,121)
r(71,2,0,121)
w(52,4,0,122)
w(26,5,0,122)
w(10,2,0,123)
r(0,1,0,123)
w(6,1,0,124)
w(37,2,0,124)
r(17,2,0,125)
r(62,2,0,125)
w(60,1,0,126)
w(36,1,0,126)
r(80,2,0,127)
w(44,2,0,127)
r(25,2,0,128)
r(47,2,0,128)
r(19,2,0,129)
r(0,1,0,129)
r(53,1,0,130)
r(56,2,0,130)
w(38,3,0,131)
w(13,1,0,131)
w(33,2,0,132)
r(33,2,0,132)
r(41,1,0,133)
w(52,5,0,133)
r(47,2,0,134)
r(85,1,0,134)
w(6,2,0,135)
w(44,3,0,135)
r(73,1,0,136)
r(42,1,0,136)
w(15,2,0,137)
w(16,4,0,137)
r(16,4,0,138)
w(16,5,0,138)
r(98,2,0,139)
w(82,3,0,139)
r(43,1,0,140)
r(14,3,0,140)
w(63,2,0,141)
r(3,3,0,141)
w(14,4,0,142)
w(3,4,0,142)
r(33,2,0,143)
w(85,1,0,143)
r(39,1,0,144)
r(17,2,0,144)
w(48,1,0,145)
r(53,1,0,145)
r(1,1,0,146)
r(20,1,0,146)
w(85,2,0,147)
w(1,1,0,147)
w(59,1,0,148)
r(81,1,0,148)
w(0,2,0,149)
w(7,2,0,149)
r(79,1,0,150)
w(40,1,0,150)
r(6,2,0,151)
w(74,1,0,151)
r(99,1,0,152)
w(50,3,0,152)
w(76,1,0,153)
r(46,2,0,153)
w(21,1,0,154)
r(66,1,0,154)
r(34,1,0,155)
w(47,3,0,155)
r(15,2,0,156)
w(73,2,0,156)
r(90,6,0,157)
r(97,1,0,157)
w(65,3,0,158)
r(79,1,0,158)
w(88,1,0,159)
w(50,4,0,159)
r(11,3,0,160)
r(86,1,0,160)
r(0,2,0,161)
w(30,1,0,161)
r(6,2,0,162)
r(91,1,0,162)
w(34,2,0,163)
r(8,2,0,163)
w(53,1,0,164)
w(88,2,0,164)
w(76,2,0,165)
r(90,6,0,165)
w(21,2,0,166)
w(64,1,0,166)
r(84,1,0,167)
r(19,2,0,167)
r(43,1,0,168)
r(63,2,0,168)
r(99,1,0,169)
w(23,3,0,169)
r(59,1,0,170)
r(80,2,0,170)
w(0,3,0,171)
r(48,1,0,171)
r(86,1,0,172)
w(44,4,0,172)
w(65,4,0,173)
w(41,2,0,173)
w(77,3,0,174)
w(30,2,0,174)
r(85,2,0,175)
w(43,2,0,175)
r(8,2,0,176)
w(92,2,0,176)
r(46,2,0,177)
r(84,1,0,177)
r(83,2,0,178)
r(13,1,0,178)
w(93,2,0,179)
r(11,3,0,179)
r(65,4,0,180)
r(36,1,0,180)
r(31,1,0,181)
w(8,3,0,181)
w(58,3,0,182)
r(95,2,0,182)
w(87,3,0,183)
r(76,2,0,183)
r(68,1,0,184)
w(89,4,0,184)
r(82,3,0,185)
w(84,2,0,185)
r(49,1,0,186)
r(82,3,0,186)
r(98,2,0,187)
r(40,1,0,187)
r(9,1,0,188)
w(20,1,0,188)
w(67,3,0,189)
r(81,1,0,189)
w(56,3,0,190)
w(14,5,0,190)
w(15,3,0,191)
w(97,1,0,191)
w(60,2,0,192)
r(50,4,0,192)
w(95,3,0,193)
w(55,4,0,193)
w(92,3,0,194)
r(27,2,0,194)
w(83,3,0,195)
r(42,1,0,195)
w(10,3,0,196)
r(17,2,0,196)
r(98,2,0,197)
r(3,4,0,197)
r(26,5,0,198)
w(25,3,0,198)
r(73,2,0,199)
r(15,3,0,199)
w(33,3,0,200)
w(90,7,0,200)
r(24,1,0,201)
w(82,4,0,201)
r(78,2,0,202)
w(63,3,0,202)
w(70,2,0,203)
w(21,3,0,203)
w(61,3,0,204)
w(33,4,0,204)
w(98,3,0,205)
w(13,2,0,205)
w(75,3,0,206)
r(30,2,0,206)
r(17,2,0,207)
r(22,1,0,207)
r(87,3,0,208)
r(50,4,0,208)
r(89,4,0,209)
r(26,5,0,209)
w(35,4,0,210)
r(71,2,0,210)
w(35,5,0,211)
w(69,4,0,211)
r(99,1,0,212)
w(1,2,0,212)
r(38,3,0,213)
w(95,4,0,213)
r(55,4,0,214)
w(60,3,0,214)
r(45,1,0,215)
w(0,4,0,215)
w(95,5,0,216)
w(54,2,0,216)
r(85,2,0,217)
r(43,2,0,217)
r(88,2,0,218)
w(80,3,0,218)
w(0,5,0,219)
r(73,2,0,219)
w(93,3,0,220)
r(65,4,0,220)
r(88,2,0,221)
r(88,2,0,221)
w(90,8,0,222)
w(73,3,0,222)
w(40,2,0,223)
r(85,2,0,223)
r(27,2,0,224)
w(14,6,0,224)
r(87,3,0,225)
r(73,3,0,225)
r(4,1,0,226)
w(10,4,0,226)
r(16,5,0,227)
w(13,3,0,227)
r(58,3,0,228)
w(40,3,0,228)
w(85,3,0,229)
r(68,1,0,229)
w(23,4,0,230)
w(81,2,0,230)
w(23,5,0,231)
r(69,4,0,231)
w(34,3,0,232)
r(57,3,0,232)
r(81,2,0,233)
w(36,2,0,233)
r(15,3,0,234)
w(18,2,0,234)
r(52,5,0,235)
r(19,2,0,235)
r(44,4,0,236)
w(93,4,0,236)
w(21,4,0,237)
w(6,3,0,237)
r(4,1,0,238)
w(77,4,0,238)
w(91,1,0,239)
r(72,2,0,239)
w(1,3,0,240)
r(46,2,0,240)
w(20,2,0,241)
w(7,3,0,241)
r(28,1,0,242)
w(84,3,0,242)
r(78,2,0,243)
r(50,4,0,243)
w(87,4,0,244)
w(38,4,0,244)
w(90,9,0,245)
w(98,4,0,245)
r(92,3,0,246)
r(5,1,0,246)
w(21,5,0,247)
r(30,2,0,247)
r(58,3,0,248)
w(1,4,0,248)
r(13,3,0,249)
r(41,2,0,249)
r(2,1,0,250)
w(93,5,0,250)
w(82,5,0,251)
r(30,2,0,251)
w(19,3,0,252)
w(89,5,0,252)
r(74,1,0,253)
r(37,2,0,253)
r(7,3,0,254)
r(29,1,0,254)
w(17,3,0,255)
r(77,4,0,255)
w(85,4,0,256)
w(89,6,0,256)
r(10,4,0,257)
r(52,5,0,257)
w(47,4,0,258)
w(30,3,0,258)
r(39,1,0,259)
w(37,3,0,259)
r(89,6,0,260)
w(23,6,0,260)
w(7,4,0,261)
r(66,1,0,261)
w(49,2,0,262)
w(22,1,0,262)
w(66,2,0,263)
w(99,1,0,263)
w(9,1,0,264)
r(63,3,0,264)
w(93,6,0,265)
r(9,1,0,265)
r(51,1,0,266)
r(6,3,0,266)
w(19,4,0,267)
r(7,4,0,267)
w(89,7,0,268)
r(4,1,0,268)
w(70,3,0,269)
w(1,5,0,269)
w(28,1,0,270)
w(39,1,0,270)
w(96,2,0,271)
r(36,2,0,271)
r(14,6,0,272)
r(1,5,0,272)
r(83,3,0,273)
w(67,4,0,273)
w(78,3,0,274)
w(65,5,0,274)
r(61,3,0,275)
r(94,1,0,275)
w(94,2,0,276)
w(20,3,0,276)
r(29,1,0,277)
w(45,1,0,277)
r(83,3,0,278)
r(34,3,0,278)
w(65,6,0,279)
r(59,1,0,279)
r(67,4,0,280)
r(86,1,0,280)
w(98,5,0,281)
r(32,3,0,281)
w(90,10,0,282)
w(3,5,0,282)
r(53,1,0,283)
w(91,2,0,283)
w(80,4,0,284)
w(95,6,0,284)
w(42,2,0,285)
r(4,1,0,285)
r(35,5,0,286)
w(64,2,0,286)
r(98,5,0,287)
r(81,2,0,287)
w(87,5,0,288)
r(19,4,0,288)
r(41,2,0,289)
w(43,3,0,289)
r(21,5,0,290)
r(93,6,0,290)
w(62,3,0,291)
r(97,1,0,291)
w(10,5,0,292)
w(46,3,0,292)
w(77,5,0,293)
w(69,5,0,293)
r(13,3,0,294)
r(93,6,0,294)
w(36,3,0,295)
w(34,4,0,295)
w(48,2,0,296)
r(90,10,0,296)
r(93,6,0,297)
w(59,2,0,297)
r(15,3,0,298)
w(7,5,0,298)
w(78,4,0,299)
r(37,3,0,299)
w(52,6,0,300)
r(61,3,0,300)
w(7,6,0,301)
r(98,5,0,301)
r(52,6,0,302)
w(16,6,0,302)
r(80,4,0,303)
w(86,2,0,303)
r(70,3,0,304)
r(22,1,0,304)
w(27,3,0,305)
r(45,1,0,305)
w(37,4,0,306)
w(22,2,0,306)
w(23,7,0,307)
r(0,5,0,307)
r(14,6,0,308)
w(38,5,0,308)
r(86,2,0,309)
r(24,1,0,309)
r(50,4,0,310)
w(2,1,0,310)
r(72,2,0,311)
r(56,3,0,311)
w(45,2,0,312)
r(0,5,0,312)
w(80,5,0,313)
w(86,3,0,313)
w(85,5,0,314)
r(26,5,0,314)
w(50,5,0,315)
w(46,4,0,315)
w(70,4,0,316)
w(65,7,0,316)
w(93,7,0,317)
r(29,1,0,317)
w(64,3,0,318)
r(72,2,0,318)
w(0,6,0,319)
w(1,6,0,319)
w(5,2,0,320)
r(85,5,0,320)
w(98,6,0,321)
r(93,7,0,321)
w(92,4,0,322)
w(29,2,0,322)
r(63,3,0,323)
r(72,2,0,323)
r(69,5,0,324)
w(87,6,0,324)
w(35,6,0,325)
r(41,2,0,325)
w(0,7,0,326)
r(53,1,0,326)
r(78,4,0,327)
w(98,7,0,327)
r(88,2,0,328)
w(2,2,0,328)
w(42,3,0,329)
r(91,2,0,329)
r(55,4,0,330)
r(58,3,0,330)
w(15,4,0,331)
r(36,3,0,331)
r(75,3,0,332)
r(89,7,0,332)
w(82,6,0,333)
w(78,5,0,333)
w(45,3,0,334)
r(71,2,0,334)
r(67,4,0,335)
w(27,4,0,335)
w(63,4,0,336)
w(81,3,0,336)
w(44,5,0,337)
w(62,4,0,337)
w(35,7,0,338)
r(57,3,0,338)
r(96,2,0,339)
r(78,5,0,339)
w(33,5,0,340)
r(68,1,0,340)
r(77,5,0,341)
r(72,2,0,341)
w(85,6,0,342)
w(83,4,0,342)
r(28,1,0,343)
r(18,2,0,343)
w(85,7,0,344)
r(33,5,0,344)
r(97,1,0,345)
r(62,4,0,345)
r(28,1,0,346)
r(44,5,0,346)
w(25,4,0,347)
r(98,7,0,347)
w(46,5,0,348)
r(22,2,0,348)
r(21,5,0,349)
w(48,3,0,349)
r(95,6,0,350)
w(59,3,0,350)
w(32,4,0,351)
w(7,7,0,351)
r(55,4,0,352)
r(10,5,0,352)
r(1,6,0,353)
r(32,4,0,353)
w(85,8,0,354)
r(39,1,0,354)
w(51,2,0,355)
w(54,3,0,355)
r(56,3,0,356)
w(7,8,0,356)
r(32,4,0,357)
r(41,2,0,357)
w(58,4,0,358)
w(34,5,0,358)
w(93,8,0,359)
w(41,3,0,359)
r(96,2,0,360)
w(3,6,0,360)
r(17,3,0,361)
w(52,7,0,361)
w(56,4,0,362)
r(40,3,0,362)
r(82,6,0,363)
r(17,3,0,363)
w(91,3,0,364)
w(13,4,0,364)
w(47,5,0,365)
w(20,4,0,365)
w(17,4,0,366)
w(77,6,0,366)
r(36,3,0,367)
r(38,5,0,367)
r(84,3,0,368)
w(90,11,0,368)
r(36,3,0,369)
r(32,4,0,369)
r(76,2,0,370)
w(26,6,0,370)
w(56,5,0,371)
w(90,12,0,371)
r(11,3,0,372)
w(97,2,0,372)
w(50,6,0,373)
w(36,4,0,373)
r(69,5,0,374)
r(34,5,0,374)
w(15,5,0,375)
r(81,3,0,375)
w(27,5,0,376)
w(29,3,0,376)
r(21,5,0,377)
w(68,1,0,377)
w(93,9,0,378)
w(65,8,0,378)
r(36,4,0,379)
r(33,5,0,379)
w(99,2,0,380)
w(67,5,0,380)
r(95,6,0,381)
w(7,9,0,381)
w(38,6,0,382)
r(15,5,0,382)
w(77,7,0,383)
w(20,5,0,383)
w(79,2,0,384)
w(19,5,0,384)
r(24,1,0,385)
w(18,3,0,385)
r(77,7,0,386)
r(46,5,0,386)
r(50,6,0,387)
w(71,3,0,387)
w(69,6,0,388)
w(95,7,0,388)
w(76,3,0,389)
w(55,5,0,389)
r(49,2,0,390)
r(9,1,0,390)
r(27,5,0,391)
w(36,5,0,391)
r(49,2,0,392)
r(76,3,0,392)
r(86,3,0,393)
r(84,3,0,393)
r(56,5,0,394)
w(2,3,0,394)
w(69,7,0,395)
w(73,4,0,395)
r(57,3,0,396)
r(40,3,0,396)
w(26,7,0,397)
w(94,3,0,397)
w(22,3,0,398)
w(78,6,0,398)
r(43,3,0,399)
r(49,2,0,399)
r(37,4,0,400)
r(91,3,0,400)
r(23,7,0,401)
w(52,8,0,401)
r(35,7,0,402)
w(93,10,0,402)
r(98,7,0,403)
r(99,2,0,403)
r(88,2,0,404)
r(62,4,0,404)
w(18,4,0,405)
r(64,3,0,405)
w(90,13,0,406)
w(26,8,0,406)
w(53,2,0,407)
w(26,9,0,407)
r(49,2,0,408)
r(53,1,0,408)
r(63,4,0,409)
w(60,4,0,409)
r(39,1,0,410)
r(95,7,0,410)
r(99,2,0,411)
r(92,4,0,411)
r(3,6,0,412)
r(75,3,0,412)
r(80,5,0,413)
r(4,1,0,413)
w(76,4,0,414)
r(60,4,0,414)
w(3,7,0,415)
r(32,4,0,415)
r(27,5,0,416)
r(95,7,0,416)
r(20,5,0,417)
w(7,10,0,417)
w(19,6,0,418)
r(80,5,0,418)
r(42,3,0,419)
r(4,1,0,419)
w(5,3,0,420)
w(50,7,0,420)
r(92,4,0,421)
w(56,6,0,421)
w(61,4,0,422)
r(39,1,0,422)
r(16,6,0,423)
r(1,6,0,423)
w(53,3,0,424)
w(23,8,0,424)
r(35,7,0,425)
r(75,3,0,425)
w(67,6,0,426)
w(79,3,0,426)
r(66,2,0,427)
w(42,4,0,427)
w(67,7,0,428)
w(33,6,0,428)
w(15,6,0,429)
r(64,3,0,429)
w(14,7,0,430)
r(18,4,0,430)
w(23,9,0,431)
w(0,8,0,431)
r(66,2,0,432)
r(26,9,0,432)
r(71,3,0,433)
w(16,7,0,433)
w(33,7,0,434)
w(63,5,0,434)
w(61,5,0,435)
r(78,6,0,435)
r(68,1,0,436)
r(2,3,0,436)
w(42,5,0,437)
w(18,5,0,437)
r(70,4,0,438)
w(63,6,0,438)
r(23,9,0,439)
r(33,7,0,439)
r(8,3,0,440)
w(1,7,0,440)
w(41,4,0,441)
w(91,4,0,441)
w(80,6,0,442)
w(17,5,0,442)
r(32,4,0,443)
r(69,7,0,443)
r(56,6,0,444)
r(31,1,0,444)
w(96,3,0,445)
r(61,5,0,445)
w(34,6,0,446)
w(21,6,0,446)
w(85,9,0,447)
w(30,4,0,447)
w(93,11,0,448)
r(44,5,0,448)
w(62,5,0,449)
w(60,5,0,449)
w(86,4,0,450)
w(82,7,0,450)
r(46,5,0,451)
w(37,5,0,451)
r(81,3,0,452)
r(23,9,0,452)
r(37,5,0,453)
w(92,5,0,453)
r(93,11,0,454)
r(96,3,0,454)
r(52,8,0,455)
r(92,5,0,455)
r(90,13,0,456)
w(26,10,0,456)
w(99,3,0,457)
r(61,5,0,457)
w(48,4,0,458)
r(78,6,0,458)
w(54,4,0,459)
w(12,3,0,459)
w(94,4,0,460)
r(65,8,0,460)
r(74,1,0,461)
r(48,4,0,461)
w(1,8,0,462)
r(35,7,0,462)
r(20,5,0,463)
w(84,4,0,463)
r(59,3,0,464)
w(30,5,0,464)
r(20,5,0,465)
w(51,3,0,465)
r(83,4,0,466)
w(86,5,0,466)
r(51,3,0,467)
w(0,9,0,467)
r(88,2,0,468)
r(29,3,0,468)
r(13,4,0,469)
r(10,5,0,469)
w(61,6,0,470)
r(32,4,0,470)
w(37,6,0,471)
r(90,13,0,471)
w(76,5,0,472)
w(30,6,0,472)
r(5,3,0,473)
w(93,12,0,473)
w(24,1,0,474)
r(16,7,0,474)
r(16,7,0,475)
w(55,6,0,475)
w(2,4,0,476)
w(70,5,0,476)
w(36,6,0,477)
r(86,5,0,477)
w(38,7,0,478)
r(38,7,0,478)
r(79,3,0,479)
r(33,7,0,479)
w(78,7,0,480)
w(46,6,0,480)
w(58,5,0,481)
w(52,9,0,481)
r(83,4,0,482)
w(14,8,0,482)
w(85,10,0,483)
r(74,1,0,483)
r(90,13,0,484)
r(79,3,0,484)
r(92,5,0,485)
r(22,3,0,485)
r(9,1,0,486)
r(47,5,0,486)
w(57,4,0,487)
r(94,4,0,487)
r(37,6,0,488)
r(71,3,0,488)
w(63,7,0,489)
r(13,4,0,489)
w(88,3,0,490)
r(90,13,0,490)
w(34,7,0,491)
r(58,5,0,491)
w(22,4,0,492)
w(71,4,0,492)
w(45,4,0,493)
w(54,5,0,493)
w(4,1,0,494)
r(87,6,0,494)
w(0,10,0,495)
w(70,6,0,495)
w(81,4,0,496)
w(37,7,0,496)
r(92,5,0,497)
w(70,7,0,497)
r(40,3,0,498)
r(37,7,0,498)
r(16,7,0,499)
r(44,5,0,499)
r(99,3,1,500)
r(8,3,1,500)
r(44,5,1,501)
w(95,8,1,501)
w(40,4,1,502)
w(73,5,1,502)
r(43,3,1,503)
w(66,3,1,503)
w(91,5,1,504)
r(37,7,1,504)
r(97,2,1,505)
r(53,3,1,505)
w(72,3,1,506)
r(45,4,1,506)
r(35,7,1,507)
w(42,6,1,507)
w(28,2,1,508)
w(63,8,1,508)
r(27,5,1,509)
r(43,3,1,509)
r(27,5,1,510)
w(28,3,1,510)
w(67,8,1,511)
r(13,4,1,511)
w(87,7,1,512)
w(30,7,1,512)
w(57,5,1,513)
r(67,8,1,513)
r(51,3,1,514)
r(86,5,1,514)
r(97,2,1,515)
r(82,7,1,515)
r(30,7,1,516)
w(25,5,1,516)
r(2,4,1,517)
r(2,4,1,517)
r(27,5,1,518)
w(1,9,1,518)
r(71,4,1,519)
w(28,4,1,519)
r(57,5,1,520)
w(69,8,1,520)
r(22,4,1,521)
r(36,6,1,521)
w(2,5,1,522)
w(17,6,1,522)
w(54,6,1,523)
r(3,7,1,523)
r(56,6,1,524)
r(51,3,1,524)
w(43,4,1,525)
r(23,9,1,525)
w(39,2,1,526)
r(42,6,1,526)
r(71,4,1,527)
w(97,3,1,527)
w(24,2,1,528)
w(27,6,1,528)
w(63,9,1,529)
r(5,3,1,529)
r(78,7,1,530)
w(70,8,1,530)
r(5,3,1,531)
w(14,9,1,531)
w(58,6,1,532)
r(58,6,1,532)
r(16,7,1,533)
w(0,11,1,533)
r(92,5,1,534)
r(87,7,1,534)
w(21,7,1,535)
w(26,11,1,535)
w(15,7,1,536)
w(28,5,1,536)
w(67,9,1,537)
w(96,4,1,537)
w(21,8,1,538)
r(96,3,1,538)
w(29,4,1,539)
w(98,8,1,539)
w(89,8,1,540)
w(14,10,1,540)
w(83,5,1,541)
w(68,2,1,541)
r(95,8,1,542)
r(19,6,1,542)
w(69,9,1,543)
r(62,5,1,543)
r(1,9,1,544)
w(94,5,1,544)
w(81,5,1,545)
r(50,7,1,545)
r(23,9,1,546)
r(19,6,1,546)
r(58,6,1,547)
w(32,5,1,547)
w(48,5,1,548)
r(60,5,1,548)
r(43,4,1,549)
w(5,4,1,549)
r(77,7,1,550)
w(47,6,1,550)
r(89,8,1,551)
w(97,4,1,551)
r(98,8,1,552)
r(18,5,1,552)
r(35,7,1,553)
w(67,10,1,553)
w(33,8,1,554)
r(36,6,1,554)
w(38,8,1,555)
r(81,5,1,555)
r(82,7,1,556)
w(98,9,1,556)
w(33,9,1,557)
r(4,1,1,557)
r(1,9,1,558)
r(21,8,1,558)
w(68,3,1,559)
r(25,5,1,559)
r(76,5,1,560)
w(37,8,1,560)
w(31,2,1,561)
r(92,5,1,561)
w(55,7,1,562)
w(50,8,1,562)
r(28,5,1,563)
w(24,3,1,563)
r(75,3,1,564)
r(53,3,1,564)
r(71,4,1,565)
w(31,3,1,565)
r(13,4,1,566)
w(13,5,1,566)
r(63,9,1,567)
r(88,3,1,567)
r(80,6,1,568)
w(52,10,1,568)
r(20,5,1,569)
r(56,6,1,569)
w(36,7,1,570)
r(55,7,1,570)
w(15,8,1,571)
r(11,3,1,571)
r(95,8,1,572)
w(10,6,1,572)
w(15,9,1,573)
r(55,7,1,573)
r(80,6,1,574)
w(54,7,1,574)
w(9,2,1,575)
w(91,6,1,575)
r(32,5,1,576)
w(40,5,1,576)
w(79,4,1,577)
r(79,4,1,577)
r(76,5,1,578)
r(19,6,1,578)
w(93,13,1,579)
r(47,6,1,579)
r(96,4,1,580)
w(34,8,1,580)
w(95,9,1,581)
w(77,8,1,581)
r(93,13,1,582)
w(26,12,1,582)
r(62,5,1,583)
w(26,13,1,583)
r(23,9,1,584)
w(64,4,1,584)
w(33,10,1,585)
r(16,7,1,585)
r(39,2,1,586)
w(20,6,1,586)
r(81,5,1,587)
r(45,4,1,587)
r(97,4,1,588)
r(84,4,1,588)
w(16,8,1,589)
w(79,5,1,589)
r(64,4,1,590)
r(89,8,1,590)
r(69,9,1,591)
w(32,6,1,591)
w(15,10,1,592)
r(1,9,1,592)
r(8,3,1,593)
w(64,5,1,593)
w(32,7,1,594)
r(20,6,1,594)
w(22,5,1,595)
r(96,4,1,595)
r(21,8,1,596)
r(98,9,1,596)
r(77,8,1,597)
r(76,5,1,597)
r(88,3,1,598)
r(49,2,1,598)
r(14,10,1,599)
r(31,3,1,599)
r(78,7,1,600)
r(75,3,1,600)
w(26,14,1,601)
r(94,5,1,601)
w(17,7,1,602)
r(89,8,1,602)
w(92,6,1,603)
w(4,2,1,603)
w(90,14,1,604)
r(18,5,1,604)
w(23,10,1,605)
r(7,10,1,605)
w(38,9,1,606)
w(32,8,1,606)
r(86,5,1,607)
r(53,3,1,607)
w(63,10,1,608)
r(66,3,1,608)
r(18,5,1,609)
w(48,6,1,609)
w(16,9,1,610)
r(9,2,1,610)
w(3,8,1,611)
w(72,4,1,611)
r(41,4,1,612)
r(3,7,1,612)
r(54,7,1,613)
r(65,8,1,613)
w(62,6,1,614)
r(7,10,1,614)
w(11,4,1,615)
w(52,11,1,615)
w(75,4,1,616)
w(60,6,1,616)
w(93,14,1,617)
r(72,4,1,617)
r(99,3,1,618)
r(12,3,1,618)
w(43,5,1,619)
r(33,10,1,619)
r(17,7,1,620)
r(88,3,1,620)
r(46,6,1,621)
r(41,4,1,621)
w(92,7,1,622)
w(11,5,1,622)
r(63,10,1,623)
w(16,10,1,623)
w(8,4,1,624)
w(52,12,1,624)
w(98,10,1,625)
w(4,3,1,625)
w(10,7,1,626)
r(18,5,1,626)
r(54,7,1,627)
w(39,3,1,627)
w(94,6,1,628)
w(66,4,1,628)
r(88,3,1,629)
r(65,8,1,629)
r(28,5,1,630)
r(77,8,1,630)
r(7,10,1,631)
w(66,5,1,631)
w(50,9,1,632)
w(12,4,1,632)
r(12,4,1,633)
w(18,6,1,633)
r(22,5,1,634)
r(26,14,1,634)
w(68,4,1,635)
w(8,5,1,635)
w(30,8,1,636)
r(70,8,1,636)
w(70,9,1,637)
w(66,6,1,637)
w(75,5,1,638)
r(30,8,1,638)
r(95,9,1,639)
r(23,10,1,639)
w(33,11,1,640)
r(78,7,1,640)
r(84,4,1,641)
r(17,7,1,641)
w(48,7,1,642)
r(28,5,1,642)
r(23,10,1,643)
w(61,7,1,643)
w(73,6,1,644)
w(88,4,1,644)
r(91,6,1,645)
w(8,6,1,645)
w(65,9,1,646)
r(76,5,1,646)
w(68,5,1,647)
w(62,7,1,647)
r(73,6,1,648)
r(4,3,1,648)
r(76,5,1,649)
w(13,6,1,649)
w(24,4,1,650)
w(86,6,1,650)
w(47,7,1,651)
r(34,8,1,651)
w(22,6,1,652)
w(43,6,1,652)
w(98,11,1,653)
r(77,8,1,653)
r(31,3,1,654)
r(72,4,1,654)
w(10,8,1,655)
w(38,10,1,655)
w(58,7,1,656)
r(82,7,1,656)
w(43,7,1,657)
w(86,7,1,657)
w(26,15,1,658)
r(34,8,1,658)
r(43,7,1,659)
r(59,3,1,659)
w(12,5,1,660)
r(17,7,1,660)
r(59,3,1,661)
w(7,11,1,661)
r(65,9,1,662)
r(78,7,1,662)
w(44,6,1,663)
w(41,5,1,663)
r(66,6,1,664)
r(72,4,1,664)
r(79,5,1,665)
w(69,10,1,665)
r(25,5,1,666)
w(24,5,1,666)
r(77,8,1,667)
w(61,8,1,667)
w(30,9,1,668)
r(35,7,1,668)
w(66,7,1,669)
r(29,4,1,669)
w(90,15,1,670)
r(70,9,1,670)
w(22,7,1,671)
r(9,2,1,671)
r(2,5,1,672)
w(93,15,1,672)
w(95,10,1,673)
w(81,6,1,673)
r(80,6,1,674)
w(79,6,1,674)
r(37,8,1,675)
w(44,7,1,675)
w(78,8,1,676)
w(10,9,1,676)
w(46,7,1,677)
w(24,6,1,677)
r(36,7,1,678)
w(21,9,1,678)
w(90,16,1,679)
r(21,9,1,679)
r(2,5,1,680)
r(49,2,1,680)
r(96,4,1,681)
w(64,6,1,681)
w(67,11,1,682)
r(80,6,1,682)
r(79,6,1,683)
r(34,8,1,683)
r(59,3,1,684)
w(73,7,1,684)
r(37,8,1,685)
w(3,9,1,685)
w(39,4,1,686)
r(15,10,1,686)
w(20,7,1,687)
w(33,12,1,687)
r(44,7,1,688)
w(32,9,1,688)
r(83,5,1,689)
w(69,11,1,689)
w(81,7,1,690)
r(60,6,1,690)
r(67,11,1,691)
w(71,5,1,691)
r(43,7,1,692)
w(95,11,1,692)
w(86,8,1,693)
w(13,7,1,693)
r(11,5,1,694)
w(61,9,1,694)
w(77,9,1,695)
w(41,6,1,695)
r(37,8,1,696)
w(31,4,1,696)
w(38,11,1,697)
r(17,7,1,697)
w(83,6,1,698)
r(42,6,1,698)
w(69,12,1,699)
r(81,7,1,699)
w(8,7,1,700)
w(6,4,1,700)
w(41,7,1,701)
w(22,8,1,701)
r(43,7,1,702)
r(47,7,1,702)
w(64,7,1,703)
r(92,7,1,703)
r(28,5,1,704)
r(39,4,1,704)
r(60,6,1,705)
r(95,11,1,705)
w(84,5,1,706)
w(29,5,1,706)
w(22,9,1,707)
w(92,8,1,707)
w(11,6,1,708)
r(30,9,1,708)
w(63,11,1,709)
w(28,6,1,709)
r(97,4,1,710)
w(94,7,1,710)
w(19,7,1,711)
w(25,6,1,711)
w(71,6,1,712)
r(28,6,1,712)
r(92,8,1,713)
r(23,10,1,713)
w(63,12,1,714)
w(23,11,1,714)
w(62,8,1,715)
w(31,5,1,715)
r(78,8,1,716)
w(34,9,1,716)
r(71,6,1,717)
r(13,7,1,717)
w(57,6,1,718)
w(42,7,1,718)
w(51,4,1,719)
r(67,11,1,719)
r(77,9,1,720)
r(44,7,1,720)
w(66,8,1,721)
r(24,6,1,721)
r(92,8,1,722)
r(33,12,1,722)
r(9,2,1,723)
w(56,7,1,723)
r(14,10,1,724)
w(76,6,1,724)
w(53,4,1,725)
w(55,8,1,725)
r(79,6,1,726)
r(14,10,1,726)
w(70,10,1,727)
r(71,6,1,727)
r(42,7,1,728)
r(18,6,1,728)
r(56,7,1,729)
r(29,5,1,729)
r(4,3,1,730)
w(49,3,1,730)
w(94,8,1,731)
r(86,8,1,731)
r(54,7,1,732)
r(57,6,1,732)
r(71,6,1,733)
w(75,6,1,733)
w(6,5,1,734)
w(69,13,1,734)
w(62,9,1,735)
w(71,7,1,735)
w(81,8,1,736)
w(69,14,1,736)
r(75,6,1,737)
w(83,7,1,737)
r(92,8,1,738)
r(6,5,1,738)
r(90,16,1,739)
r(1,9,1,739)
r(1,9,1,740)
r(35,7,1,740)
r(13,7,1,741)
r(0,11,1,741)
r(27,6,1,742)
r(63,12,1,742)
r(48,7,1,743)
w(99,4,1,743)
w(42,8,1,744)
r(91,6,1,744)
r(80,6,1,745)
r(78,8,1,745)
w(78,9,1,746)
w(5,5,1,746)
r(13,7,1,747)
r(13,7,1,747)
w(2,6,1,748)
w(9,3,1,748)
r(50,9,1,749)
w(80,7,1,749)
r(9,3,1,750)
r(35,7,1,750)
w(51,5,1,751)
w(50,10,1,751)
w(32,10,1,752)
w(42,9,1,752)
w(13,8,1,753)
w(56,8,1,753)
w(59,4,1,754)
w(60,7,1,754)
r(56,8,1,755)
r(4,3,1,755)
w(63,13,1,756)
w(63,14,1,756)
r(63,14,1,757)
w(97,5,1,757)
r(98,11,1,758)
r(33,12,1,758)
r(56,8,1,759)
w(97,6,1,759)
w(46,8,1,760)
w(94,9,1,760)
r(7,11,1,761)
w(33,13,1,761)
r(75,6,1,762)
r(24,6,1,762)
w(40,6,1,763)
r(76,6,1,763)
w(88,5,1,764)
w(8,8,1,764)
w(67,12,1,765)
w(64,8,1,765)
r(9,3,1,766)
r(93,15,1,766)
w(89,9,1,767)
r(43,7,1,767)
w(41,8,1,768)
r(55,8,1,768)
w(16,11,1,769)
w(69,15,1,769)
w(83,8,1,770)
w(71,8,1,770)
r(18,6,1,771)
r(1,9,1,771)
r(54,7,1,772)
w(89,10,1,772)
r(27,6,1,773)
r(77,9,1,773)
w(49,4,1,774)
w(58,8,1,774)
r(80,7,1,775)
r(52,12,1,775)
w(49,5,1,776)
w(54,8,1,776)
w(55,9,1,777)
r(10,9,1,777)
w(71,9,1,778)
w(10,10,1,778)
w(70,11,1,779)
w(27,7,1,779)
r(36,7,1,780)
r(1,9,1,780)
w(83,9,1,781)
w(26,16,1,781)
r(49,5,1,782)
r(65,9,1,782)
r(30,9,1,783)
w(94,10,1,783)
r(27,7,1,784)
w(74,2,1,784)
w(51,6,1,785)
r(44,7,1,785)
r(40,6,1,786)
w(15,11,1,786)
w(93,16,1,787)
w(74,3,1,787)
r(73,7,1,788)
r(5,5,1,788)
w(2,7,1,789)
w(60,8,1,789)
r(92,8,1,790)
r(31,5,1,790)
w(68,6,1,791)
r(7,11,1,791)
w(91,7,1,792)
r(46,8,1,792)
r(29,5,1,793)
r(58,8,1,793)
w(64,9,1,794)
w(83,10,1,794)
r(66,8,1,795)
w(61,10,1,795)
w(63,15,1,796)
r(17,7,1,796)
w(77,10,1,797)
r(51,6,1,797)
w(63,16,1,798)
w(43,8,1,798)
w(21,10,1,799)
w(75,7,1,799)
r(89,10,1,800)
w(56,9,1,800)
w(11,7,1,801)
w(73,8,1,801)
r(57,6,1,802)
r(35,7,1,802)
r(64,9,1,803)
w(99,5,1,803)
w(33,14,1,804)
r(12,5,1,804)
w(20,8,1,805)
w(7,12,1,805)
w(12,6,1,806)
w(40,7,1,806)
w(53,5,1,807)
w(77,11,1,807)
r(79,6,1,808)
r(26,16,1,808)
w(83,11,1,809)
r(78,9,1,809)
w(79,7,1,810)
w(5,6,1,810)
r(36,7,1,811)
w(13,9,1,811)
r(74,3,1,812)
r(42,9,1,812)
w(9,4,1,813)
r(10,10,1,813)
w(14,11,1,814)
w(7,13,1,814)
w(65,10,1,815)
r(90,16,1,815)
w(91,8,1,816)
r(71,9,1,816)
r(63,16,1,817)
r(38,11,1,817)
r(50,10,1,818)
w(52,13,1,818)
w(27,8,1,819)
r(11,7,1,819)
r(65,10,1,820)
r(18,6,1,820)
r(0,11,1,821)
r(64,9,1,821)
w(96,5,1,822)
w(78,10,1,822)
r(69,15,1,823)
w(49,6,1,823)
w(38,12,1,824)
r(25,6,1,824)
r(61,10,1,825)
w(26,17,1,825)
w(12,7,1,826)
w(41,9,1,826)
w(80,8,1,827)
r(5,6,1,827)
r(20,8,1,828)
r(73,8,1,828)
w(22,10,1,829)
r(24,6,1,829)
w(92,9,1,830)
w(97,7,1,830)
r(22,10,1,831)
r(85,10,1,831)
r(28,6,1,832)
w(44,8,1,832)
r(76,6,1,833)
r(23,11,1,833)
r(93,16,1,834)
r(69,15,1,834)
r(84,5,1,835)
w(83,12,1,835)
w(64,10,1,836)
w(81,9,1,836)
w(46,9,1,837)
r(64,10,1,837)
r(45,4,1,838)
w(85,11,1,838)
r(78,10,1,839)
w(60,9,1,839)
w(74,4,1,840)
w(16,12,1,840)
w(38,13,1,841)
w(73,9,1,841)
r(32,10,1,842)
r(26,17,1,842)
w(96,6,1,843)
r(4,3,1,843)
r(80,8,1,844)
r(61,10,1,844)
w(5,7,1,845)
r(31,5,1,845)
r(93,16,1,846)
w(30,10,1,846)
w(28,7,1,847)
w(29,6,1,847)
w(65,11,1,848)
w(85,12,1,848)
r(40,7,1,849)
r(3,9,1,849)
w(50,11,1,850)
w(17,8,1,850)
w(53,6,1,851)
r(65,11,1,851)
r(51,6,1,852)
r(59,4,1,852)
w(9,5,1,853)
w(41,10,1,853)
r(28,7,1,854)
r(4,3,1,854)
r(31,5,1,855)
w(95,12,1,855)
w(7,14,1,856)
r(16,12,1,856)
w(92,10,1,857)
w(37,9,1,857)
r(89,10,1,858)
w(0,12,1,858)
w(7,15,1,859)
r(35,7,1,859)
w(91,9,1,860)
r(35,7,1,860)
r(62,9,1,861)
w(5,8,1,861)
r(29,6,1,862)
w(5,9,1,862)
r(25,6,1,863)
r(70,11,1,863)
w(95,13,1,864)
w(61,11,1,864)
r(64,10,1,865)
r(56,9,1,865)
r(58,8,1,866)
r(0,12,1,866)
w(27,9,1,867)
r(76,6,1,867)
w(33,15,1,868)
w(60,10,1,868)
r(26,17,1,869)
r(46,9,1,869)
r(4,3,1,870)
r(43,8,1,870)
w(80,9,1,871)
r(96,6,1,871)
r(38,13,1,872)
w(76,7,1,872)
r(57,6,1,873)
r(45,4,1,873)
w(43,9,1,874)
r(86,8,1,874)
w(12,8,1,875)
r(88,5,1,875)
w(10,11,1,876)
r(64,10,1,876)
r(95,13,1,877)
w(53,7,1,877)
r(77,11,1,878)
w(44,9,1,878)
w(22,11,1,879)
r(12,8,1,879)
w(80,10,1,880)
r(13,9,1,880)
w(9,6,1,881)
w(67,13,1,881)
w(51,7,1,882)
r(32,10,1,882)
w(15,12,1,883)
r(41,10,1,883)
w(73,10,1,884)
r(89,10,1,884)
r(12,8,1,885)
w(17,9,1,885)
r(64,10,1,886)
r(82,7,1,886)
r(28,7,1,887)
r(6,5,1,887)
w(7,16,1,888)
w(8,9,1,888)
r(49,6,1,889)
w(65,12,1,889)
w(26,18,1,890)
r(51,7,1,890)
w(89,11,1,891)
w(96,7,1,891)
r(64,10,1,892)
w(39,5,1,892)
w(94,11,1,893)
w(89,12,1,893)
r(9,6,1,894)
w(82,8,1,894)
r(38,13,1,895)
w(27,10,1,895)
w(55,10,1,896)
r(46,9,1,896)
r(37,9,1,897)
w(9,7,1,897)
w(27,11,1,898)
w(28,8,1,898)
r(22,11,1,899)
w(88,6,1,899)
r(67,13,1,900)
w(73,11,1,900)
r(69,15,1,901)
r(11,7,1,901)
w(48,8,1,902)
w(80,11,1,902)
w(15,13,1,903)
r(21,10,1,903)
w(98,12,1,904)
w(30,11,1,904)
w(96,8,1,905)
w(46,10,1,905)
r(64,10,1,906)
w(97,8,1,906)
w(37,10,1,907)
r(62,9,1,907)
r(20,8,1,908)
w(3,10,1,908)
r(1,9,1,909)
r(61,11,1,909)
r(30,11,1,910)
w(28,9,1,910)
r(25,6,1,911)
w(76,8,1,911)
w(58,9,1,912)
r(86,8,1,912)
w(46,11,1,913)
w(92,11,1,913)
w(28,10,1,914)
w(90,17,1,914)
w(76,9,1,915)
w(90,18,1,915)
w(13,10,1,916)
w(71,10,1,916)
w(88,7,1,917)
w(74,5,1,917)
r(70,11,1,918)
r(24,6,1,918)
w(88,8,1,919)
r(9,7,1,919)
w(99,6,1,920)
r(92,11,1,920)
r(37,10,1,921)
r(30,11,1,921)
r(26,18,1,922)
r(77,11,1,922)
w(98,13,1,923)
w(78,11,1,923)
r(62,9,1,924)
r(17,9,1,924)
r(81,9,1,925)
r(89,12,1,925)
w(92,12,1,926)
r(44,9,1,926)
r(14,11,1,927)
w(78,12,1,927)
r(61,11,1,928)
w(58,10,1,928)
r(18,6,1,929)
r(31,5,1,929)
r(68,6,1,930)
w(57,7,1,930)
w(88,9,1,931)
w(2,8,1,931)
r(15,13,1,932)
w(36,8,1,932)
w(17,10,1,933)
r(38,13,1,933)
r(0,12,1,934)
w(5,10,1,934)
r(93,16,1,935)
r(78,12,1,935)
w(87,8,1,936)
r(63,16,1,936)
w(93,17,1,937)
w(74,6,1,937)
w(1,10,1,938)
w(57,8,1,938)
r(15,13,1,939)
r(75,7,1,939)
w(95,14,1,940)
r(34,9,1,940)
r(86,8,1,941)
r(86,8,1,941)
r(27,11,1,942)
w(73,12,1,942)
r(73,12,1,943)
r(81,9,1,943)
r(95,14,1,944)
w(50,12,1,944)
w(97,9,1,945)
w(40,8,1,945)
r(97,9,1,946)
w(76,10,1,946)
r(71,10,1,947)
w(58,11,1,947)
w(31,6,1,948)
r(86,8,1,948)
r(80,11,1,949)
w(17,11,1,949)
w(68,7,1,950)
w(2,9,1,950)
w(11,8,1,951)
r(85,12,1,951)
w(96,9,1,952)
r(93,17,1,952)
w(63,17,1,953)
w(94,12,1,953)
w(55,11,1,954)
r(90,18,1,954)
w(92,13,1,955)
w(82,9,1,955)
w(54,9,1,956)
w(30,12,1,956)
r(13,10,1,957)
w(8,10,1,957)
w(57,9,1,958)
w(48,9,1,958)
r(83,12,1,959)
r(90,18,1,959)
r(28,10,1,960)
w(1,11,1,960)
w(38,14,1,961)
r(1,11,1,961)
r(26,18,1,962)
w(59,5,1,962)
w(85,13,1,963)
r(42,9,1,963)
r(12,8,1,964)
w(24,7,1,964)
r(33,15,1,965)
w(98,14,1,965)
w(11,9,1,966)
r(97,9,1,966)
r(11,9,1,967)
w(60,11,1,967)
w(60,12,1,968)
w(13,11,1,968)
r(27,11,1,969)
w(68,8,1,969)
r(83,12,1,970)
r(13,11,1,970)
r(83,12,1,971)
r(2,9,1,971)
w(26,19,1,972)
r(1,11,1,972)
w(32,11,1,973)
w(16,13,1,973)
r(36,8,1,974)
r(62,9,1,974)
r(57,9,1,975)
r(38,14,1,975)
w(21,11,1,976)
r(57,9,1,976)
r(66,8,1,977)
w(82,10,1,977)
r(47,7,1,978)
w(44,10,1,978)
r(59,5,1,979)
w(76,11,1,979)
w(42,10,1,980)
r(85,13,1,980)
r(71,10,1,981)
r(94,12,1,981)
r(95,14,1,982)
w(77,12,1,982)
r(27,11,1,983)
w(28,11,1,983)
r(62,9,1,984)
r(46,11,1,984)
r(43,9,1,985)
w(32,12,1,985)
r(57,9,1,986)
w(92,14,1,986)
r(65,12,1,987)
w(79,8,1,987)
r(41,10,1,988)
r(74,6,1,988)
r(32,12,1,989)
w(21,12,1,989)
r(2,9,1,990)
r(84,5,1,990)
w(56,10,1,991)
w(96,10,1,991)
r(99,6,1,992)
r(14,11,1,992)
w(18,7,1,993)
w(25,7,1,993)
r(17,11,1,994)
r(75,7,1,994)
r(44,10,1,995)
r(95,14,1,995)
w(52,14,1,996)
w(44,11,1,996)
r(85,13,1,997)
w(8,11,1,997)
w(29,7,1,998)
r(95,14,1,998)
r(72,4,1,999)
w(37,11,1,999)
w(42,11,2,1000)
r(37,11,2,1000)
w(88,10,2,1001)
w(66,9,2,1001)
w(90,19,2,1002)
w(25,8,2,1002)
r(31,6,2,1003)
w(64,11,2,1003)
r(32,12,2,1004)
w(82,11,2,1004)
w(6,6,2,1005)
w(27,12,2,1005)
w(56,11,2,1006)
w(53,8,2,1006)
r(62,9,2,1007)
w(12,9,2,1007)
r(83,12,2,1008)
w(3,11,2,1008)
w(59,6,2,1009)
w(55,12,2,1009)
r(75,7,2,1010)
r(59,6,2,1010)
r(97,9,2,1011)
r(83,12,2,1011)
w(54,10,2,1012)
w(72,5,2,1012)
r(8,11,2,1013)
w(23,12,2,1013)
r(38,14,2,1014)
r(70,11,2,1014)
r(81,9,2,1015)
w(38,15,2,1015)
r(97,9,2,1016)
r(19,7,2,1016)
r(17,11,2,1017)
r(85,13,2,1017)
r(71,10,2,1018)
w(54,11,2,1018)
w(71,11,2,1019)
r(70,11,2,1019)
r(36,8,2,1020)
r(14,11,2,1020)
r(99,6,2,1021)
w(91,10,2,1021)
r(94,12,2,1022)
r(8,11,2,1022)
w(15,14,2,1023)
w(0,13,2,1023)
w(46,12,2,1024)
r(47,7,2,1024)
w(54,12,2,1025)
r(86,8,2,1025)
r(1,11,2,1026)
r(89,12,2,1026)
r(76,11,2,1027)
r(25,8,2,1027)
r(68,8,2,1028)
r(18,7,2,1028)
r(29,7,2,1029)
w(1,12,2,1029)
r(37,11,2,1030)
w(48,10,2,1030)
r(91,10,2,1031)
w(49,7,2,1031)
r(69,15,2,1032)
r(50,12,2,1032)
r(22,11,2,1033)
w(73,13,2,1033)
w(86,9,2,1034)
r(76,11,2,1034)
w(85,14,2,1035)
w(50,13,2,1035)
r(56,11,2,1036)
w(26,20,2,1036)
r(27,12,2,1037)
w(93,18,2,1037)
r(74,6,2,1038)
w(76,12,2,1038)
w(86,10,2,1039)
r(34,9,2,1039)
w(59,7,2,1040)
w(60,13,2,1040)
r(66,9,2,1041)
w(84,6,2,1041)
r(54,12,2,1042)
r(26,20,2,1042)
r(90,19,2,1043)
w(37,12,2,1043)
r(0,13,2,1044)
r(13,11,2,1044)
w(31,7,2,1045)
w(98,15,2,1045)
r(11,9,2,1046)
r(48,10,2,1046)
r(66,9,2,1047)
w(16,14,2,1047)
w(80,12,2,1048)
r(80,12,2,1048)
w(72,6,2,1049)
r(66,9,2,1049)
w(85,15,2,1050)
w(96,11,2,1050)
r(43,9,2,1051)
w(61,12,2,1051)
r(43,9,2,1052)
w(3,12,2,1052)
r(51,7,2,1053)
w(53,9,2,1053)
r(71,11,2,1054)
r(70,11,2,1054)
w(38,16,2,1055)
r(6,6,2,1055)
r(2,9,2,1056)
r(78,12,2,1056)
w(60,14,2,1057)
r(81,9,2,1057)
w(4,4,2,1058)
r(76,12,2,1058)
r(50,13,2,1059)
w(90,20,2,1059)
w(28,12,2,1060)
w(95,15,2,1060)
w(56,12,2,1061)
w(82,12,2,1061)
w(97,10,2,1062)
w(34,10,2,1062)
r(42,11,2,1063)
r(70,11,2,1063)
w(50,14,2,1064)
r(63,17,2,1064)
r(22,11,2,1065)
w(95,16,2,1065)
r(70,11,2,1066)
r(56,12,2,1066)
w(86,11,2,1067)
w(71,12,2,1067)
r(33,15,2,1068)
w(59,8,2,1068)
r(62,9,2,1069)
r(10,11,2,1069)
w(37,13,2,1070)
r(17,11,2,1070)
w(63,18,2,1071)
w(16,15,2,1071)
r(20,8,2,1072)
r(59,8,2,1072)
r(88,10,2,1073)
r(53,9,2,1073)
w(47,8,2,1074)
r(17,11,2,1074)
w(80,13,2,1075)
r(28,12,2,1075)
w(36,9,2,1076)
r(26,20,2,1076)
r(94,12,2,1077)
r(99,6,2,1077)
r(97,10,2,1078)
r(50,14,2,1078)
w(30,13,2,1079)
w(71,13,2,1079)
w(61,13,2,1080)
w(11,10,2,1080)
w(96,12,2,1081)
w(38,17,2,1081)
w(35,8,2,1082)
w(70,12,2,1082)
r(9,7,2,1083)
w(45,5,2,1083)
r(2,9,2,1084)
w(34,11,2,1084)
w(14,12,2,1085)
r(35,8,2,1085)
r(58,11,2,1086)
w(43,10,2,1086)
w(33,16,2,1087)
r(2,9,2,1087)
w(27,13,2,1088)
w(62,10,2,1088)
r(19,7,2,1089)
r(16,15,2,1089)
w(83,13,2,1090)
w(69,16,2,1090)
r(11,10,2,1091)
w(56,13,2,1091)
w(56,14,2,1092)
w(20,9,2,1092)
r(82,12,2,1093)
r(61,13,2,1093)
r(87,8,2,1094)
w(14,13,2,1094)
r(50,14,2,1095)
r(57,9,2,1095)
r(53,9,2,1096)
r(31,7,2,1096)
w(40,9,2,1097)
r(34,11,2,1097)
w(3,13,2,1098)
r(9,7,2,1098)
w(99,7,2,1099)
r(32,12,2,1099)
w(48,11,2,1100)
w(45,6,2,1100)
r(71,13,2,1101)
r(29,7,2,1101)
r(32,12,2,1102)
w(66,10,2,1102)
w(75,8,2,1103)
w(60,15,2,1103)
r(14,13,2,1104)
r(57,9,2,1104)
r(12,9,2,1105)
r(66,10,2,1105)
r(93,18,2,1106)
w(94,13,2,1106)
r(88,10,2,1107)
w(9,8,2,1107)
r(41,10,2,1108)
r(22,11,2,1108)
w(41,11,2,1109)
r(29,7,2,1109)
r(62,10,2,1110)
w(58,12,2,1110)
r(52,14,2,1111)
w(99,8,2,1111)
w(69,17,2,1112)
r(70,12,2,1112)
w(56,15,2,1113)
w(76,13,2,1113)
w(26,21,2,1114)
w(49,8,2,1114)
w(46,13,2,1115)
w(87,9,2,1115)
r(2,9,2,1116)
w(29,8,2,1116)
w(16,16,2,1117)
w(0,14,2,1117)
w(72,7,2,1118)
r(71,13,2,1118)
r(20,9,2,1119)
r(98,15,2,1119)
r(93,18,2,1120)
r(91,10,2,1120)
w(91,11,2,1121)
r(12,9,2,1121)
r(73,13,2,1122)
r(95,16,2,1122)
r(95,16,2,1123)
w(95,17,2,1123)
w(64,12,2,1124)
r(51,7,2,1124)
r(35,8,2,1125)
w(77,13,2,1125)
w(42,12,2,1126)
r(51,7,2,1126)
r(18,7,2,1127)
r(26,21,2,1127)
w(30,14,2,1128)
w(32,13,2,1128)
r(4,4,2,1129)
w(38,18,2,1129)
r(17,11,2,1130)
r(99,8,2,1130)
r(33,16,2,1131)
r(67,13,2,1131)
w(84,7,2,1132)
r(0,14,2,1132)
w(19,8,2,1133)
r(61,13,2,1133)
r(64,12,2,1134)
r(94,13,2,1134)
r(52,14,2,1135)
r(15,14,2,1135)
r(47,8,2,1136)
w(56,16,2,1136)
w(34,12,2,1137)
w(2,10,2,1137)
w(33,17,2,1138)
w(17,12,2,1138)
w(41,12,2,1139)
w(19,9,2,1139)
w(5,11,2,1140)
w(14,14,2,1140)
r(25,8,2,1141)
w(50,15,2,1141)
r(39,5,2,1142)
r(23,12,2,1142)
w(99,9,2,1143)
r(5,11,2,1143)
w(15,15,2,1144)
w(43,11,2,1144)
w(70,13,2,1145)
w(67,14,2,1145)
r(44,11,2,1146)
r(81,9,2,1146)
r(67,14,2,1147)
w(49,9,2,1147)
r(68,8,2,1148)
w(44,12,2,1148)
w(52,15,2,1149)
w(49,10,2,1149)
w(13,12,2,1150)
w(17,13,2,1150)
w(74,7,2,1151)
r(55,12,2,1151)
w(37,14,2,1152)
r(13,12,2,1152)
w(42,13,2,1153)
w(45,7,2,1153)
r(98,15,2,1154)
w(81,10,2,1154)
r(70,13,2,1155)
r(40,9,2,1155)
w(50,16,2,1156)
w(91,12,2,1156)
w(14,15,2,1157)
w(45,8,2,1157)
w(63,19,2,1158)
w(57,10,2,1158)
w(37,15,2,1159)
r(81,10,2,1159)
r(46,13,2,1160)
w(98,16,2,1160)
r(17,13,2,1161)
w(68,9,2,1161)
r(14,15,2,1162)
r(73,13,2,1162)
r(52,15,2,1163)
r(92,14,2,1163)
w(61,14,2,1164)
r(96,12,2,1164)
r(58,12,2,1165)
w(61,15,2,1165)
w(78,13,2,1166)
w(53,10,2,1166)
r(90,20,2,1167)
r(4,4,2,1167)
r(91,12,2,1168)
r(27,13,2,1168)
w(9,9,2,1169)
w(21,13,2,1169)
r(26,21,2,1170)
w(19,10,2,1170)
w(93,19,2,1171)
r(40,9,2,1171)
r(69,17,2,1172)
r(56,16,2,1172)
w(86,12,2,1173)
r(40,9,2,1173)
w(0,15,2,1174)
r(67,14,2,1174)
r(47,8,2,1175)
w(12,10,2,1175)
r(25,8,2,1176)
r(83,13,2,1176)
r(34,12,2,1177)
w(60,16,2,1177)
w(26,22,2,1178)
w(95,18,2,1178)
w(49,11,2,1179)
r(36,9,2,1179)
r(12,10,2,1180)
w(41,13,2,1180)
w(11,11,2,1181)
r(25,8,2,1181)
r(9,9,2,1182)
r(65,12,2,1182)
w(3,14,2,1183)
w(29,9,2,1183)
r(86,12,2,1184)
r(31,7,2,1184)
r(4,4,2,1185)
r(50,16,2,1185)
r(14,15,2,1186)
w(12,11,2,1186)
w(40,10,2,1187)
r(22,11,2,1187)
w(63,20,2,1188)
r(21,13,2,1188)
w(60,17,2,1189)
r(5,11,2,1189)
r(71,13,2,1190)
r(15,15,2,1190)
r(45,8,2,1191)
r(45,8,2,1191)
w(48,12,2,1192)
r(95,18,2,1192)
w(92,15,2,1193)
r(94,13,2,1193)
w(56,17,2,1194)
w(94,14,2,1194)
r(80,13,2,1195)
r(28,12,2,1195)
r(8,11,2,1196)
r(38,18,2,1196)
r(0,15,2,1197)
r(67,14,2,1197)
r(35,8,2,1198)
r(48,12,2,1198)
w(5,12,2,1199)
w(19,11,2,1199)
r(26,22,2,1200)
w(98,17,2,1200)
r(53,10,2,1201)
r(35,8,2,1201)
w(78,14,2,1202)
w(30,15,2,1202)
w(66,11,2,1203)
w(42,14,2,1203)
r(56,17,2,1204)
w(58,13,2,1204)
w(96,13,2,1205)
r(86,12,2,1205)
r(42,14,2,1206)
w(37,16,2,1206)
r(35,8,2,1207)
w(28,13,2,1207)
w(70,14,2,1208)
w(23,13,2,1208)
w(27,14,2,1209)
r(8,11,2,1209)
w(4,5,2,1210)
r(60,17,2,1210)
r(71,13,2,1211)
w(23,14,2,1211)
w(43,12,2,1212)
r(14,15,2,1212)
r(82,12,2,1213)
w(21,14,2,1213)
w(51,8,2,1214)
w(23,15,2,1214)
r(42,14,2,1215)
r(36,9,2,1215)
r(1,12,2,1216)
w(98,18,2,1216)
w(9,10,2,1217)
r(16,16,2,1217)
w(53,11,2,1218)
r(44,12,2,1218)
w(85,16,2,1219)
w(63,21,2,1219)
r(69,17,2,1220)
r(51,8,2,1220)
r(12,11,2,1221)
r(3,14,2,1221)
w(59,9,2,1222)
r(45,8,2,1222)
w(71,14,2,1223)
w(74,8,2,1223)
w(40,11,2,1224)
w(55,13,2,1224)
r(2,10,2,1225)
w(6,7,2,1225)
r(71,14,2,1226)
w(19,12,2,1226)
w(11,12,2,1227)
w(80,14,2,1227)
r(7,16,2,1228)
w(24,8,2,1228)
r(10,11,2,1229)
r(27,14,2,1229)
r(40,11,2,1230)
r(61,15,2,1230)
r(91,12,2,1231)
w(56,18,2,1231)
w(88,11,2,1232)
r(4,5,2,1232)
r(3,14,2,1233)
w(42,15,2,1233)
w(95,19,2,1234)
r(34,12,2,1234)
w(91,13,2,1235)
w(28,14,2,1235)
r(20,9,2,1236)
r(20,9,2,1236)
r(53,11,2,1237)
r(66,11,2,1237)
w(7,17,2,1238)
r(85,16,2,1238)
w(64,13,2,1239)
r(59,9,2,1239)
w(27,15,2,1240)
r(9,10,2,1240)
r(79,8,2,1241)
r(20,9,2,1241)
r(49,11,2,1242)
r(51,8,2,1242)
r(64,13,2,1243)
r(82,12,2,1243)
r(44,12,2,1244)
w(75,9,2,1244)
r(57,10,2,1245)
r(40,11,2,1245)
w(17,14,2,1246)
w(69,18,2,1246)
w(47,9,2,1247)
r(47,9,2,1247)
r(78,14,2,1248)
w(81,11,2,1248)
r(17,14,2,1249)
w(17,15,2,1249)
r(24,8,2,1250)
r(52,15,2,1250)
r(77,13,2,1251)
w(49,12,2,1251)
w(15,16,2,1252)
r(28,14,2,1252)
w(23,16,2,1253)
r(13,12,2,1253)
w(39,6,2,1254)
w(10,12,2,1254)
w(4,6,2,1255)
r(47,9,2,1255)
r(12,11,2,1256)
w(84,8,2,1256)
w(90,21,2,1257)
w(29,10,2,1257)
w(75,10,2,1258)
w(17,16,2,1258)
r(12,11,2,1259)
r(73,13,2,1259)
w(59,10,2,1260)
w(77,14,2,1260)
r(6,7,2,1261)
w(66,12,2,1261)
w(56,19,2,1262)
r(6,7,2,1262)
w(25,9,2,1263)
r(80,14,2,1263)
r(47,9,2,1264)
r(13,12,2,1264)
w(67,15,2,1265)
w(34,13,2,1265)
r(56,19,2,1266)
w(36,10,2,1266)
r(8,11,2,1267)
w(2,11,2,1267)
r(17,16,2,1268)
w(63,22,2,1268)
r(41,13,2,1269)
w(52,16,2,1269)
w(36,11,2,1270)
r(75,10,2,1270)
r(8,11,2,1271)
r(35,8,2,1271)
w(3,15,2,1272)
r(8,11,2,1272)
w(17,17,2,1273)
r(65,12,2,1273)
w(65,13,2,1274)
w(96,14,2,1274)
w(42,16,2,1275)
r(13,12,2,1275)
w(13,13,2,1276)
w(21,15,2,1276)
r(75,10,2,1277)
r(4,6,2,1277)
r(88,11,2,1278)
r(97,10,2,1278)
r(71,14,2,1279)
r(14,15,2,1279)
r(27,15,2,1280)
r(22,11,2,1280)
r(1,12,2,1281)
r(41,13,2,1281)
w(91,14,2,1282)
r(67,15,2,1282)
w(44,13,2,1283)
r(94,14,2,1283)
r(9,10,2,1284)
r(39,6,2,1284)
w(20,10,2,1285)
r(95,19,2,1285)
r(23,16,2,1286)
r(95,19,2,1286)
r(88,11,2,1287)
r(4,6,2,1287)
r(72,7,2,1288)
w(32,14,2,1288)
w(60,18,2,1289)
w(65,14,2,1289)
w(23,17,2,1290)
r(44,13,2,1290)
w(49,13,2,1291)
r(34,13,2,1291)
w(79,9,2,1292)
w(6,8,2,1292)
w(9,11,2,1293)
r(48,12,2,1293)
r(48,12,2,1294)
w(28,15,2,1294)
r(39,6,2,1295)
w(14,16,2,1295)
r(68,9,2,1296)
w(21,16,2,1296)
r(29,10,2,1297)
r(17,17,2,1297)
w(82,13,2,1298)
w(2,12,2,1298)
r(98,18,2,1299)
w(57,11,2,1299)
w(5,13,2,1300)
r(24,8,2,1300)
w(36,12,2,1301)
w(57,12,2,1301)
w(87,10,2,1302)
w(85,17,2,1302)
w(8,12,2,1303)
r(69,18,2,1303)
w(50,17,2,1304)
r(68,9,2,1304)
r(91,14,2,1305)
w(14,17,2,1305)
w(33,18,2,1306)
w(34,14,2,1306)
r(97,10,2,1307)
w(84,9,2,1307)
r(85,17,2,1308)
r(15,16,2,1308)
w(26,23,2,1309)
r(72,7,2,1309)
w(76,14,2,1310)
w(55,14,2,1310)
r(44,13,2,1311)
r(84,9,2,1311)
w(86,13,2,1312)
w(65,15,2,1312)
w(41,14,2,1313)
w(61,16,2,1313)
r(43,12,2,1314)
w(93,20,2,1314)
w(7,18,2,1315)
r(36,12,2,1315)
r(54,12,2,1316)
w(80,15,2,1316)
r(75,10,2,1317)
r(62,10,2,1317)
w(3,16,2,1318)
w(26,24,2,1318)
r(92,15,2,1319)
w(71,15,2,1319)
w(80,16,2,1320)
r(88,11,2,1320)
r(17,17,2,1321)
w(9,12,2,1321)
r(90,21,2,1322)
w(72,8,2,1322)
r(72,8,2,1323)
r(1,12,2,1323)
r(94,14,2,1324)
w(48,13,2,1324)
w(18,8,2,1325)
w(93,21,2,1325)
w(61,17,2,1326)
r(14,17,2,1326)
w(86,14,2,1327)
w(40,12,2,1327)
r(88,11,2,1328)
w(62,11,2,1328)
r(14,17,2,1329)
r(36,12,2,1329)
w(3,17,2,1330)
w(1,13,2,1330)
r(28,15,2,1331)
w(98,19,2,1331)
w(69,19,2,1332)
w(75,11,2,1332)
r(39,6,2,1333)
w(60,19,2,1333)
r(10,12,2,1334)
r(37,16,2,1334)
r(60,19,2,1335)
w(35,9,2,1335)
w(33,19,2,1336)
w(69,20,2,1336)
r(15,16,2,1337)
r(64,13,2,1337)
r(95,19,2,1338)
w(40,13,2,1338)
w(20,11,2,1339)
r(45,8,2,1339)
r(12,11,2,1340)
w(50,18,2,1340)
r(80,16,2,1341)
r(23,17,2,1341)
w(96,15,2,1342)
w(42,17,2,1342)
r(17,17,2,1343)
w(55,15,2,1343)
w(89,13,2,1344)
r(81,11,2,1344)
w(80,17,2,1345)
r(30,15,2,1345)
w(72,9,2,1346)
w(8,13,2,1346)
r(37,16,2,1347)
r(85,17,2,1347)
w(54,13,2,1348)
r(66,12,2,1348)
r(89,13,2,1349)
w(94,15,2,1349)
w(49,14,2,1350)
w(57,13,2,1350)
w(82,14,2,1351)
r(76,14,2,1351)
w(12,12,2,1352)
r(62,11,2,1352)
w(33,20,2,1353)
r(87,10,2,1353)
w(9,13,2,1354)
r(82,14,2,1354)
r(56,19,2,1355)
w(69,21,2,1355)
w(30,16,2,1356)
w(46,14,2,1356)
r(89,13,2,1357)
w(91,15,2,1357)
r(49,14,2,1358)
w(4,7,2,1358)
r(94,15,2,1359)
w(31,8,2,1359)
w(24,9,2,1360)
w(62,12,2,1360)
w(84,10,2,1361)
w(25,10,2,1361)
w(83,14,2,1362)
r(93,21,2,1362)
w(95,20,2,1363)
r(49,14,2,1363)
w(83,15,2,1364)
r(63,22,2,1364)
r(92,15,2,1365)
r(93,21,2,1365)
w(74,9,2,1366)
w(48,14,2,1366)
r(85,17,2,1367)
w(71,16,2,1367)
w(53,12,2,1368)
w(7,19,2,1368)
r(27,15,2,1369)
w(22,12,2,1369)
r(31,8,2,1370)
w(24,10,2,1370)
w(29,11,2,1371)
w(16,17,2,1371)
w(64,14,2,1372)
r(87,10,2,1372)
r(27,15,2,1373)
w(7,20,2,1373)
w(1,14,2,1374)
r(3,17,2,1374)
w(87,11,2,1375)
w(90,22,2,1375)
w(79,10,2,1376)
r(99,9,2,1376)
r(98,19,2,1377)
r(42,17,2,1377)
r(71,16,2,1378)
w(70,15,2,1378)
r(38,18,2,1379)
r(38,18,2,1379)
w(59,11,2,1380)
r(73,13,2,1380)
r(63,22,2,1381)
r(90,22,2,1381)
w(38,19,2,1382)
r(64,14,2,1382)
w(67,16,2,1383)
w(74,10,2,1383)
w(68,10,2,1384)
w(52,17,2,1384)
w(54,14,2,1385)
r(18,8,2,1385)
w(61,18,2,1386)
r(5,13,2,1386)
w(42,18,2,1387)
w(88,12,2,1387)
r(17,17,2,1388)
r(92,15,2,1388)
w(8,14,2,1389)
w(65,16,2,1389)
w(67,17,2,1390)
w(19,13,2,1390)
w(72,10,2,1391)
r(95,20,2,1391)
r(80,17,2,1392)
r(80,17,2,1392)
r(94,15,2,1393)
r(18,8,2,1393)
r(3,17,2,1394)
r(85,17,2,1394)
w(4,8,2,1395)
r(8,14,2,1395)
r(26,24,2,1396)
w(33,21,2,1396)
w(74,11,2,1397)
r(99,9,2,1397)
r(65,16,2,1398)
r(20,11,2,1398)
r(98,19,2,1399)
r(6,8,2,1399)
w(84,11,2,1400)
r(80,17,2,1400)
w(51,9,2,1401)
w(33,22,2,1401)
w(75,12,2,1402)
w(51,10,2,1402)
w(93,22,2,1403)
r(76,14,2,1403)
r(92,15,2,1404)
w(16,18,2,1404)
w(92,16,2,1405)
r(29,11,2,1405)
r(92,16,2,1406)
r(78,14,2,1406)
r(56,19,2,1407)
r(68,10,2,1407)
w(29,12,2,1408)
w(68,11,2,1408)
r(66,12,2,1409)
w(51,11,2,1409)
w(21,17,2,1410)
w(86,15,2,1410)
w(22,13,2,1411)
w(17,18,2,1411)
r(73,13,2,1412)
r(34,14,2,1412)
r(38,19,2,1413)
r(67,17,2,1413)
r(57,13,2,1414)
w(72,11,2,1414)
r(24,10,2,1415)
w(61,19,2,1415)
r(2,12,2,1416)
r(49,14,2,1416)
w(78,15,2,1417)
w(43,13,2,1417)
r(60,19,2,1418)
w(92,17,2,1418)
r(52,17,2,1419)
w(52,18,2,1419)
w(21,18,2,1420)
w(81,12,2,1420)
w(69,22,2,1421)
w(92,18,2,1421)
w(25,11,2,1422)
w(79,11,2,1422)
r(59,11,2,1423)
w(82,15,2,1423)
w(81,13,2,1424)
w(66,13,2,1424)
r(78,15,2,1425)
w(94,16,2,1425)
r(29,12,2,1426)
r(4,8,2,1426)
w(35,10,2,1427)
r(10,12,2,1427)
r(54,14,2,1428)
w(56,20,2,1428)
w(85,18,2,1429)
r(28,15,2,1429)
w(60,20,2,1430)
w(39,7,2,1430)
w(93,23,2,1431)
w(45,9,2,1431)
r(6,8,2,1432)
w(11,13,2,1432)
r(53,12,2,1433)
w(93,24,2,1433)
w(39,8,2,1434)
r(17,18,2,1434)
r(38,19,2,1435)
r(62,12,2,1435)
w(81,14,2,1436)
r(34,14,2,1436)
r(57,13,2,1437)
r(90,22,2,1437)
r(13,13,2,1438)
w(16,19,2,1438)
r(1,14,2,1439)
r(48,14,2,1439)
r(45,9,2,1440)
w(39,9,2,1440)
r(54,14,2,1441)
r(13,13,2,1441)
w(76,15,2,1442)
r(19,13,2,1442)
r(85,18,2,1443)
r(4,8,2,1443)
r(83,15,2,1444)
w(59,12,2,1444)
w(23,18,2,1445)
w(74,12,2,1445)
r(9,13,2,1446)
r(26,24,2,1446)
r(62,12,2,1447)
w(40,14,2,1447)
w(59,13,2,1448)
w(32,15,2,1448)
r(16,19,2,1449)
r(42,18,2,1449)
r(29,12,2,1450)
r(4,8,2,1450)
w(72,12,2,1451)
r(13,13,2,1451)
w(63,23,2,1452)
w(97,11,2,1452)
r(44,13,2,1453)
r(25,11,2,1453)
w(54,15,2,1454)
w(14,18,2,1454)
r(50,18,2,1455)
w(26,25,2,1455)
w(3,18,2,1456)
r(57,13,2,1456)
w(47,10,2,1457)
w(24,11,2,1457)
w(14,19,2,1458)
w(97,12,2,1458)
r(73,13,2,1459)
r(66,13,2,1459)
r(79,11,2,1460)
r(13,13,2,1460)
r(67,17,2,1461)
r(65,16,2,1461)
w(20,12,2,1462)
r(48,14,2,1462)
r(82,15,2,1463)
w(77,15,2,1463)
r(97,12,2,1464)
w(29,13,2,1464)
r(22,13,2,1465)
r(41,14,2,1465)
r(21,18,2,1466)
r(55,15,2,1466)
w(89,14,2,1467)
w(21,19,2,1467)
w(19,14,2,1468)
w(76,16,2,1468)
r(44,13,2,1469)
r(80,17,2,1469)
r(66,13,2,1470)
r(13,13,2,1470)
w(20,13,2,1471)
r(26,25,2,1471)
r(55,15,2,1472)
r(84,11,2,1472)
w(58,14,2,1473)
w(8,15,2,1473)
r(3,18,2,1474)
r(24,11,2,1474)
w(7,21,2,1475)
r(85,18,2,1475)
w(80,18,2,1476)
w(53,13,2,1476)
r(3,18,2,1477)
w(21,20,2,1477)
r(13,13,2,1478)
w(45,10,2,1478)
w(98,20,2,1479)
r(53,13,2,1479)
w(83,16,2,1480)
w(66,14,2,1480)
r(80,18,2,1481)
r(84,11,2,1481)
r(70,15,2,1482)
r(28,15,2,1482)
w(26,26,2,1483)
w(51,12,2,1483)
w(35,11,2,1484)
w(96,16,2,1484)
r(22,13,2,1485)
r(40,14,2,1485)
w(25,12,2,1486)
r(93,24,2,1486)
w(67,18,2,1487)
w(24,12,2,1487)
w(11,14,2,1488)
r(40,14,2,1488)
r(70,15,2,1489)
r(21,20,2,1489)
w(44,14,2,1490)
r(46,14,2,1490)
r(44,14,2,1491)
r(85,18,2,1491)
r(53,13,2,1492)
r(61,19,2,1492)
w(88,13,2,1493)
r(82,15,2,1493)
r(29,13,2,1494)
w(80,19,2,1494)
w(73,14,2,1495)
r(97,12,2,1495)
r(99,9,2,1496)
w(73,15,2,1496)
w(91,16,2,1497)
r(7,21,2,1497)
w(88,14,2,1498)
r(74,12,2,1498)
w(89,15,2,1499)
r(72,12,2,1499)
