w(57,1,0,0)
r(22,1,0,0)
r(21,1,0,1)
w(61,1,0,1)
r(31,1,0,2)
w(26,1,0,2)
w(26,2,0,3)
r(11,1,0,3)
r(91,1,0,4)
w(80,1,0,4)
r(96,1,0,5)
r(43,1,0,5)
w(84,1,0,6)
r(16,1,0,6)
w(94,1,0,7)
r(81,1,0,7)
w(41,1,0,8)
r(63,1,0,8)
w(56,1,0,9)
r(68,1,0,9)
r(50,1,0,10)
r(15,1,0,10)
r(99,1,0,11)
w(91,1,0,11)
w(53,1,0,12)
w(56,2,0,12)
w(57,2,0,13)
w(25,1,0,13)
w(29,1,0,14)
w(9,1,0,14)
w(26,3,0,15)
w(17,1,0,15)
w(54,1,0,16)
w(23,1,0,16)
w(29,2,0,17)
r(4,1,0,17)
w(86,1,0,18)
w(70,1,0,18)
r(85,1,0,19)
w(15,1,0,19)
r(14,1,0,20)
w(23,2,0,20)
r(31,1,0,21)
w(66,1,0,21)
w(37,1,0,22)
r(36,1,0,22)
r(5,1,0,23)
w(25,2,0,23)
r(54,1,0,24)
r(11,1,0,24)
w(62,1,0,25)
r(80,1,0,25)
w(47,1,0,26)
w(50,1,0,26)
w(70,2,0,27)
w(42,1,0,27)
r(46,1,0,28)
w(13,1,0,28)
r(98,1,0,29)
w(81,1,0,29)
r(67,1,0,30)
w(95,1,0,30)
w(74,1,0,31)
r(25,2,0,31)
r(54,1,0,32)
r(96,1,0,32)
r(77,1,0,33)
w(53,2,0,33)
r(32,1,0,34)
r(94,1,0,34)
r(62,1,0,35)
w(32,1,0,35)
w(1,1,0,36)
w(87,1,0,36)
w(27,1,0,37)
r(59,1,0,37)
w(24,1,0,38)
w(92,1,0,38)
r(46,1,0,39)
w(59,1,0,39)
r(68,1,0,40)
w(13,2,0,40)
r(56,2,0,41)
r(17,1,0,41)
r(61,1,0,42)
r(91,1,0,42)
w(45,1,0,43)
r(16,1,0,43)
w(1,2,0,44)
r(25,2,0,44)
w(37,2,0,45)
w(42,2,0,45)
r(57,2,0,46)
w(48,1,0,46)
w(28,1,0,47)
w(75,1,0,47)
w(62,2,0,48)
w(53,3,0,48)
r(39,1,0,49)
w(78,1,0,49)
r(34,1,0,50)
r(24,1,0,50)
w(87,2,0,51)
r(88,1,0,51)
w(20,1,0,52)
w(32,2,0,52)
r(42,2,0,53)
w(15,2,0,53)
w(64,1,0,54)
r(22,1,0,54)
w(2,1,0,55)
w(37,3,0,55)
w(54,2,0,56)
w(38,1,0,56)
r(7,1,0,57)
r(7,1,0,57)
r(53,3,0,58)
w(23,3,0,58)
w(31,1,0,59)
w(41,2,0,59)
w(13,3,0,60)
w(36,1,0,60)
r(97,1,0,61)
r(49,1,0,61)
r(85,1,0,62)
w(49,1,0,62)
w(7,1,0,63)
w(28,2,0,63)
r(30,1,0,64)
w(75,2,0,64)
r(58,1,0,65)
w(56,3,0,65)
r(12,1,0,66)
r(15,2,0,66)
w(5,1,0,67)
r(7,1,0,67)
r(34,1,0,68)
w(46,1,0,68)
w(43,1,0,69)
r(83,1,0,69)
w(74,2,0,70)
r(71,1,0,70)
w(39,1,0,71)
w(78,2,0,71)
r(41,2,0,72)
r(41,2,0,72)
r(52,1,0,73)
w(19,1,0,73)
w(31,2,0,74)
w(74,3,0,74)
w(71,1,0,75)
r(78,2,0,75)
r(73,1,0,76)
w(51,1,0,76)
r(15,2,0,77)
w(96,1,0,77)
r(58,1,0,78)
w(60,1,0,78)
w(20,2,0,79)
r(52,1,0,79)
r(88,1,0,80)
w(28,3,0,80)
w(15,3,0,81)
w(68,1,0,81)
w(84,2,0,82)
r(52,1,0,82)
w(3,1,0,83)
r(32,2,0,83)
r(88,1,0,84)
w(4,1,0,84)
r(81,1,0,85)
w(17,2,0,85)
r(90,1,0,86)
w(61,2,0,86)
r(65,1,0,87)
r(44,1,0,87)
w(5,2,0,88)
r(87,2,0,88)
w(27,2,0,89)
r(81,1,0,89)
r(58,1,0,90)
r(79,1,0,90)
w(40,1,0,91)
w(12,1,0,91)
w(36,2,0,92)
r(42,2,0,92)
r(0,1,0,93)
w(73,1,0,93)
w(63,1,0,94)
w(26,4,0,94)
r(87,2,0,95)
r(13,3,0,95)
w(32,3,0,96)
r(56,3,0,96)
r(25,2,0,97)
w(17,3,0,97)
w(88,1,0,98)
r(34,1,0,98)
w(64,2,0,99)
r(75,2,0,99)
w(56,4,0,100)
w(49,2,0,100)
w(41,3,0,101)
w(33,1,0,101)
w(55,1,0,102)
w(89,1,0,102)
r(53,3,0,103)
r(96,1,0,103)
w(35,1,0,104)
r(14,1,0,104)
w(90,1,0,105)
w(80,2,0,105)
w(90,2,0,106)
w(44,1,0,106)
r(65,1,0,107)
r(1,2,0,107)
w(33,2,0,108)
r(63,1,0,108)
w(22,1,0,109)
r(83,1,0,109)
w(49,3,0,110)
w(11,1,0,110)
w(95,2,0,111)
r(27,2,0,111)
r(80,2,0,112)
w(74,4,0,112)
r(93,1,0,113)
r(28,3,0,113)
w(53,4,0,114)
w(25,3,0,114)
w(22,2,0,115)
w(91,2,0,115)
r(95,2,0,116)
r(71,1,0,116)
w(35,2,0,117)
r(85,1,0,117)
w(17,4,0,118)
r(61,2,0,118)
w(79,1,0,119)
r(19,1,0,119)
w(54,3,0,120)
w(58,1,0,120)
r(23,3,0,121)
r(54,3,0,121)
r(85,1,0,122)
r(64,2,0,122)
w(41,4,0,123)
r(64,2,0,123)
r(91,2,0,124)
w(31,3,0,124)
w(33,3,0,125)
r(14,1,0,125)
w(18,1,0,126)
w(77,1,0,126)
w(92,2,0,127)
r(62,2,0,127)
r(26,4,0,128)
r(70,2,0,128)
w(11,2,0,129)
r(74,4,0,129)
r(47,1,0,130)
w(31,4,0,130)
r(78,2,0,131)
w(41,5,0,131)
r(42,2,0,132)
w(77,2,0,132)
w(1,3,0,133)
w(58,2,0,133)
r(43,1,0,134)
w(57,3,0,134)
r(84,2,0,135)
w(73,2,0,135)
w(3,2,0,136)
w(14,1,0,136)
r(74,4,0,137)
r(96,1,0,137)
w(76,1,0,138)
r(46,1,0,138)
w(97,1,0,139)
r(34,1,0,139)
r(3,2,0,140)
r(21,1,0,140)
r(23,3,0,141)
r(74,4,0,141)
w(18,2,0,142)
w(1,4,0,142)
r(54,3,0,143)
w(66,2,0,143)
w(59,2,0,144)
w(37,4,0,144)
w(0,1,0,145)
r(79,1,0,145)
r(16,1,0,146)
r(60,1,0,146)
w(32,4,0,147)
w(14,2,0,147)
w(12,2,0,148)
w(94,2,0,148)
r(71,1,0,149)
w(46,2,0,149)
r(5,2,0,150)
w(69,1,0,150)
w(32,5,0,151)
w(66,3,0,151)
w(55,2,0,152)
r(20,2,0,152)
r(3,2,0,153)
r(22,2,0,153)
w(58,3,0,154)
r(19,1,0,154)
r(12,2,0,155)
w(75,3,0,155)
w(11,3,0,156)
r(11,3,0,156)
r(71,1,0,157)
w(54,4,0,157)
w(50,2,0,158)
w(62,3,0,158)
w(43,2,0,159)
w(86,2,0,159)
w(97,2,0,160)
r(57,3,0,160)
w(31,5,0,161)
w(34,1,0,161)
r(59,2,0,162)
w(99,1,0,162)
w(74,5,0,163)
r(98,1,0,163)
r(64,2,0,164)
w(1,5,0,164)
r(29,2,0,165)
r(51,1,0,165)
w(63,2,0,166)
r(71,1,0,166)
w(7,2,0,167)
w(33,4,0,167)
r(23,3,0,168)
w(84,3,0,168)
r(82,1,0,169)
w(23,4,0,169)
r(16,1,0,170)
r(4,1,0,170)
w(98,1,0,171)
r(15,3,0,171)
r(5,2,0,172)
r(68,1,0,172)
w(82,1,0,173)
w(93,1,0,173)
r(67,1,0,174)
r(82,1,0,174)
w(85,1,0,175)
w(73,3,0,175)
r(95,2,0,176)
r(95,2,0,176)
r(2,1,0,177)
r(86,2,0,177)
w(72,1,0,178)
w(67,1,0,178)
w(77,3,0,179)
r(25,3,0,179)
w(60,2,0,180)
r(98,1,0,180)
w(70,3,0,181)
w(35,3,0,181)
r(17,4,0,182)
w(47,2,0,182)
r(98,1,0,183)
r(60,2,0,183)
r(93,1,0,184)
r(32,5,0,184)
w(18,3,0,185)
w(84,4,0,185)
r(76,1,0,186)
w(61,3,0,186)
w(30,1,0,187)
w(62,4,0,187)
w(1,6,0,188)
w(20,3,0,188)
w(96,2,0,189)
w(87,3,0,189)
w(41,6,0,190)
r(44,1,0,190)
r(15,3,0,191)
w(46,3,0,191)
r(11,3,0,192)
w(61,4,0,192)
w(92,3,0,193)
r(86,2,0,193)
w(24,2,0,194)
w(80,3,0,194)
r(17,4,0,195)
r(76,1,0,195)
w(85,2,0,196)
r(30,1,0,196)
w(98,2,0,197)
w(84,5,0,197)
r(99,1,0,198)
w(10,1,0,198)
r(79,1,0,199)
w(74,6,0,199)
r(63,2,0,200)
w(16,1,0,200)
r(40,1,0,201)
w(95,3,0,201)
r(48,1,0,202)
w(51,2,0,202)
r(87,3,0,203)
r(70,3,0,203)
r(38,1,0,204)
r(79,1,0,204)
r(59,2,0,205)
r(88,1,0,205)
w(19,2,0,206)
w(74,7,0,206)
r(90,2,0,207)
w(84,6,0,207)
w(61,5,0,208)
r(31,5,0,208)
w(73,4,0,209)
w(41,7,0,209)
w(41,8,0,210)
w(78,3,0,210)
w(63,3,0,211)
r(33,4,0,211)
w(32,6,0,212)
r(79,1,0,212)
r(80,3,0,213)
r(29,2,0,213)
w(10,2,0,214)
w(7,3,0,214)
r(85,2,0,215)
w(37,5,0,215)
r(19,2,0,216)
r(75,3,0,216)
w(55,3,0,217)
r(53,4,0,217)
w(11,4,0,218)
r(19,2,0,218)
w(18,4,0,219)
r(99,1,0,219)
w(24,3,0,220)
r(79,1,0,220)
r(78,3,0,221)
w(57,4,0,221)
w(70,4,0,222)
r(79,1,0,222)
r(64,2,0,223)
w(33,5,0,223)
w(89,2,0,224)
w(84,7,0,224)
r(72,1,0,225)
r(17,4,0,225)
r(28,3,0,226)
w(62,5,0,226)
w(34,2,0,227)
w(38,2,0,227)
r(10,2,0,228)
w(1,7,0,228)
r(82,1,0,229)
w(19,3,0,229)
w(60,3,0,230)
r(96,2,0,230)
r(62,5,0,231)
w(46,4,0,231)
r(56,4,0,232)
w(25,4,0,232)
w(6,1,0,233)
r(99,1,0,233)
r(96,2,0,234)
r(13,3,0,234)
w(70,5,0,235)
w(90,3,0,235)
r(28,3,0,236)
r(92,3,0,236)
w(68,2,0,237)
w(98,3,0,237)
r(58,3,0,238)
r(11,4,0,238)
w(12,3,0,239)
r(20,3,0,239)
r(62,5,0,240)
w(62,6,0,240)
w(43,3,0,241)
r(35,3,0,241)
r(12,3,0,242)
r(99,1,0,242)
r(83,1,0,243)
r(46,4,0,243)
w(71,2,0,244)
w(32,7,0,244)
w(69,2,0,245)
r(62,6,0,245)
w(8,1,0,246)
w(72,2,0,246)
w(65,1,0,247)
w(13,4,0,247)
w(28,4,0,248)
w(78,4,0,248)
r(87,3,0,249)
r(49,3,0,249)
r(40,1,0,250)
r(70,5,0,250)
w(11,5,0,251)
w(77,4,0,251)
w(49,4,0,252)
w(33,6,0,252)
r(8,1,0,253)
r(75,3,0,253)
w(72,3,0,254)
r(67,1,0,254)
w(89,3,0,255)
r(7,3,0,255)
r(14,2,0,256)
r(9,1,0,256)
r(96,2,0,257)
w(5,3,0,257)
r(67,1,0,258)
w(90,4,0,258)
r(34,2,0,259)
w(83,1,0,259)
w(46,5,0,260)
w(5,4,0,260)
w(6,2,0,261)
r(85,2,0,261)
w(96,3,0,262)
r(31,5,0,262)
r(55,3,0,263)
r(93,1,0,263)
r(38,2,0,264)
r(27,2,0,264)
r(27,2,0,265)
r(12,3,0,265)
r(60,3,0,266)
w(53,5,0,266)
w(72,4,0,267)
w(68,3,0,267)
w(30,2,0,268)
r(85,2,0,268)
w(72,5,0,269)
r(62,6,0,269)
r(23,4,0,270)
w(55,4,0,270)
r(37,5,0,271)
r(99,1,0,271)
w(16,2,0,272)
r(79,1,0,272)
w(77,5,0,273)
w(83,2,0,273)
w(64,3,0,274)
r(69,2,0,274)
r(27,2,0,275)
w(52,1,0,275)
r(22,2,0,276)
w(39,2,0,276)
w(69,3,0,277)
r(44,1,0,277)
r(25,4,0,278)
w(56,5,0,278)
r(86,2,0,279)
r(18,4,0,279)
r(4,1,0,280)
w(61,6,0,280)
r(56,5,0,281)
w(88,2,0,281)
w(84,8,0,282)
w(48,2,0,282)
r(32,7,0,283)
r(61,6,0,283)
w(18,5,0,284)
w(74,8,0,284)
r(46,5,0,285)
r(54,4,0,285)
w(67,2,0,286)
r(98,3,0,286)
r(25,4,0,287)
r(77,5,0,287)
r(76,1,0,288)
r(85,2,0,288)
r(3,2,0,289)
r(73,4,0,289)
r(97,2,0,290)
w(3,3,0,290)
r(96,3,0,291)
r(33,6,0,291)
w(13,5,0,292)
r(46,5,0,292)
w(87,4,0,293)
r(49,4,0,293)
w(13,6,0,294)
w(57,5,0,294)
w(17,5,0,295)
r(91,2,0,295)
w(20,4,0,296)
w(47,3,0,296)
w(16,3,0,297)
w(0,2,0,297)
w(47,4,0,298)
r(53,5,0,298)
r(36,2,0,299)
r(79,1,0,299)
r(48,2,0,300)
r(59,2,0,300)
r(95,3,0,301)
w(92,4,0,301)
w(0,3,0,302)
r(3,3,0,302)
w(48,3,0,303)
w(59,3,0,303)
w(49,5,0,304)
r(28,4,0,304)
w(19,4,0,305)
r(76,1,0,305)
w(22,3,0,306)
r(56,5,0,306)
w(73,5,0,307)
w(58,4,0,307)
w(79,2,0,308)
w(59,4,0,308)
w(70,6,0,309)
w(24,4,0,309)
r(11,5,0,310)
w(65,2,0,310)
w(25,5,0,311)
r(24,4,0,311)
w(61,7,0,312)
r(39,2,0,312)
w(99,2,0,313)
w(5,5,0,313)
r(83,2,0,314)
r(94,2,0,314)
r(15,3,0,315)
r(25,5,0,315)
r(7,3,0,316)
w(76,2,0,316)
r(90,4,0,317)
r(17,5,0,317)
w(38,3,0,318)
w(20,5,0,318)
r(35,3,0,319)
w(14,3,0,319)
w(35,4,0,320)
w(60,4,0,320)
w(6,3,0,321)
r(85,2,0,321)
r(23,4,0,322)
r(88,2,0,322)
w(23,5,0,323)
w(35,5,0,323)
r(67,2,0,324)
w(80,4,0,324)
r(57,5,0,325)
r(69,3,0,325)
r(44,1,0,326)
r(42,2,0,326)
r(78,4,0,327)
r(76,2,0,327)
w(79,3,0,328)
w(31,6,0,328)
w(96,4,0,329)
r(82,1,0,329)
w(68,4,0,330)
r(32,7,0,330)
w(77,6,0,331)
r(37,5,0,331)
w(29,3,0,332)
r(83,2,0,332)
w(82,2,0,333)
w(54,5,0,333)
r(69,3,0,334)
r(60,4,0,334)
w(80,5,0,335)
w(7,4,0,335)
w(48,4,0,336)
w(43,4,0,336)
w(29,4,0,337)
r(37,5,0,337)
w(4,2,0,338)
w(70,7,0,338)
r(35,5,0,339)
w(25,6,0,339)
r(67,2,0,340)
w(11,6,0,340)
w(93,2,0,341)
w(35,6,0,341)
w(39,3,0,342)
w(50,3,0,342)
w(53,6,0,343)
w(86,3,0,343)
r(41,8,0,344)
r(33,6,0,344)
w(67,3,0,345)
r(32,7,0,345)
r(62,6,0,346)
w(77,7,0,346)
w(70,8,0,347)
r(44,1,0,347)
w(14,4,0,348)
w(13,7,0,348)
w(46,6,0,349)
r(45,1,0,349)
r(3,3,0,350)
r(97,2,0,350)
r(2,1,0,351)
w(35,7,0,351)
r(47,4,0,352)
w(37,6,0,352)
w(41,9,0,353)
w(68,5,0,353)
r(79,3,0,354)
r(25,6,0,354)
r(0,3,0,355)
r(78,4,0,355)
w(19,5,0,356)
w(84,9,0,356)
r(81,1,0,357)
w(26,5,0,357)
w(34,3,0,358)
w(23,6,0,358)
r(59,4,0,359)
r(18,5,0,359)
r(20,5,0,360)
r(32,7,0,360)
w(84,10,0,361)
w(68,6,0,361)
r(14,4,0,362)
w(67,4,0,362)
r(63,3,0,363)
r(44,1,0,363)
r(63,3,0,364)
w(69,4,0,364)
w(50,4,0,365)
w(58,5,0,365)
r(88,2,0,366)
r(96,4,0,366)
w(11,7,0,367)
w(97,3,0,367)
w(97,4,0,368)
r(89,3,0,368)
w(64,4,0,369)
r(82,2,0,369)
r(66,3,0,370)
r(88,2,0,370)
w(52,2,0,371)
r(57,5,0,371)
w(42,3,0,372)
w(7,5,0,372)
r(87,4,0,373)
r(82,2,0,373)
w(55,5,0,374)
r(14,4,0,374)
w(59,5,0,375)
w(86,4,0,375)
r(70,8,0,376)
r(50,4,0,376)
w(24,5,0,377)
w(57,6,0,377)
w(53,7,0,378)
r(97,4,0,378)
w(77,8,0,379)
w(64,5,0,379)
w(87,5,0,380)
r(11,7,0,380)
w(7,6,0,381)
w(14,5,0,381)
r(21,1,0,382)
w(43,5,0,382)
r(10,2,0,383)
r(36,2,0,383)
w(67,5,0,384)
w(98,4,0,384)
w(59,6,0,385)
w(40,2,0,385)
r(97,4,0,386)
w(46,7,0,386)
r(79,3,0,387)
w(44,2,0,387)
r(64,5,0,388)
r(90,4,0,388)
w(96,5,0,389)
w(51,3,0,389)
w(79,4,0,390)
r(83,2,0,390)
w(8,2,0,391)
w(83,3,0,391)
r(24,5,0,392)
r(1,7,0,392)
w(14,6,0,393)
w(0,4,0,393)
r(52,2,0,394)
r(54,5,0,394)
r(94,2,0,395)
w(22,4,0,395)
r(16,3,0,396)
r(0,4,0,396)
w(8,3,0,397)
r(9,1,0,397)
r(63,3,0,398)
r(98,4,0,398)
w(24,6,0,399)
r(45,1,0,399)
r(80,5,0,400)
r(14,6,0,400)
w(42,4,0,401)
r(44,2,0,401)
r(67,5,0,402)
r(24,6,0,402)
r(90,4,0,403)
r(51,3,0,403)
r(86,4,0,404)
w(71,3,0,404)
r(63,3,0,405)
r(5,5,0,405)
r(66,3,0,406)
r(17,5,0,406)
w(61,8,0,407)
w(74,9,0,407)
r(83,3,0,408)
r(38,3,0,408)
w(82,3,0,409)
r(25,6,0,409)
w(69,5,0,410)
w(78,5,0,410)
r(89,3,0,411)
w(61,9,0,411)
w(81,2,0,412)
w(53,8,0,412)
w(38,4,0,413)
r(0,4,0,413)
r(89,3,0,414)
r(86,4,0,414)
w(90,5,0,415)
r(78,5,0,415)
r(95,3,0,416)
r(15,3,0,416)
w(40,3,0,417)
r(53,8,0,417)
r(95,3,0,418)
w(58,6,0,418)
w(69,6,0,419)
w(35,8,0,419)
r(42,4,0,420)
r(66,3,0,420)
r(98,4,0,421)
w(73,6,0,421)
w(67,6,0,422)
w(85,3,0,422)
w(88,3,0,423)
w(59,7,0,423)
w(35,9,0,424)
r(96,5,0,424)
r(20,5,0,425)
r(67,6,0,425)
w(82,4,0,426)
r(48,4,0,426)
w(60,5,0,427)
r(6,3,0,427)
r(46,7,0,428)
r(28,4,0,428)
r(53,8,0,429)
w(68,7,0,429)
r(51,3,0,430)
w(78,6,0,430)
r(50,4,0,431)
r(18,5,0,431)
w(52,3,0,432)
w(28,5,0,432)
w(91,3,0,433)
r(95,3,0,433)
w(5,6,0,434)
w(5,7,0,434)
r(20,5,0,435)
w(95,4,0,435)
r(85,3,0,436)
r(70,8,0,436)
r(15,3,0,437)
r(69,6,0,437)
r(36,2,0,438)
r(24,6,0,438)
r(57,6,0,439)
r(82,4,0,439)
w(24,7,0,440)
r(61,9,0,440)
r(85,3,0,441)
r(6,3,0,441)
r(18,5,0,442)
w(20,6,0,442)
r(86,4,0,443)
r(74,9,0,443)
r(93,2,0,444)
w(66,4,0,444)
w(80,6,0,445)
r(66,4,0,445)
w(67,7,0,446)
r(12,3,0,446)
r(8,3,0,447)
r(0,4,0,447)
w(91,4,0,448)
w(22,5,0,448)
w(49,6,0,449)
r(79,4,0,449)
r(85,3,0,450)
w(42,5,0,450)
r(1,7,0,451)
w(48,5,0,451)
w(76,3,0,452)
r(80,6,0,452)
r(36,2,0,453)
r(90,5,0,453)
w(41,10,0,454)
r(75,3,0,454)
r(10,2,0,455)
w(0,5,0,455)
w(18,6,0,456)
w(77,9,0,456)
w(0,6,0,457)
r(45,1,0,457)
w(50,5,0,458)
r(33,6,0,458)
w(8,4,0,459)
r(83,3,0,459)
r(46,7,0,460)
r(48,5,0,460)
r(95,4,0,461)
w(15,4,0,461)
r(85,3,0,462)
w(82,5,0,462)
r(71,3,0,463)
w(11,8,0,463)
w(25,7,0,464)
r(4,2,0,464)
r(97,4,0,465)
w(88,4,0,465)
w(2,2,0,466)
w(23,7,0,466)
r(44,2,0,467)
r(66,4,0,467)
r(74,9,0,468)
r(82,5,0,468)
w(55,6,0,469)
r(50,5,0,469)
r(64,5,0,470)
w(75,4,0,470)
w(51,4,0,471)
r(15,4,0,471)
w(97,5,0,472)
w(14,7,0,472)
r(98,4,0,473)
r(4,2,0,473)
r(31,6,0,474)
w(29,5,0,474)
w(75,5,0,475)
r(50,5,0,475)
w(23,8,0,476)
r(86,4,0,476)
r(97,5,0,477)
w(26,6,0,477)
w(2,3,0,478)
w(94,3,0,478)
r(73,6,0,479)
w(25,8,0,479)
r(63,3,0,480)
r(87,5,0,480)
w(63,4,0,481)
w(86,5,0,481)
w(70,9,0,482)
r(87,5,0,482)
w(60,6,0,483)
w(29,6,0,483)
r(2,3,0,484)
w(22,6,0,484)
r(49,6,0,485)
w(1,8,0,485)
r(37,6,0,486)
w(6,4,0,486)
r(71,3,0,487)
w(94,4,0,487)
w(44,3,0,488)
r(43,5,0,488)
w(1,9,0,489)
w(89,4,0,489)
w(29,7,0,490)
r(64,5,0,490)
r(81,2,0,491)
w(89,5,0,491)
w(62,7,0,492)
r(24,7,0,492)
w(29,8,0,493)
w(7,7,0,493)
w(44,4,0,494)
w(76,4,0,494)
w(67,8,0,495)
r(16,3,0,495)
r(23,8,0,496)
r(58,6,0,496)
w(77,10,0,497)
r(54,5,0,497)
r(60,6,0,498)
w(7,8,0,498)
r(53,8,0,499)
r(77,10,0,499)
r(67,8,1,500)
r(2,3,1,500)
w(10,3,1,501)
w(22,7,1,501)
r(82,5,1,502)
r(65,2,1,502)
w(13,8,1,503)
r(66,4,1,503)
w(39,4,1,504)
r(26,6,1,504)
w(23,9,1,505)
w(73,7,1,505)
r(85,3,1,506)
r(27,2,1,506)
r(12,3,1,507)
r(17,5,1,507)
w(2,4,1,508)
w(4,3,1,508)
w(35,10,1,509)
r(34,3,1,509)
r(7,8,1,510)
w(20,7,1,510)
w(36,3,1,511)
r(19,5,1,511)
w(92,5,1,512)
r(52,3,1,512)
r(39,4,1,513)
r(44,4,1,513)
r(90,5,1,514)
w(65,3,1,514)
r(40,3,1,515)
r(41,10,1,515)
r(89,5,1,516)
w(24,8,1,516)
w(85,4,1,517)
r(10,3,1,517)
w(84,11,1,518)
r(43,5,1,518)
r(69,6,1,519)
r(90,5,1,519)
w(8,5,1,520)
w(47,5,1,520)
w(74,10,1,521)
w(22,8,1,521)
w(91,5,1,522)
w(9,2,1,522)
w(35,11,1,523)
r(89,5,1,523)
w(52,4,1,524)
w(75,6,1,524)
r(46,7,1,525)
r(45,1,1,525)
w(34,4,1,526)
r(32,7,1,526)
w(62,8,1,527)
r(76,4,1,527)
w(60,7,1,528)
w(73,8,1,528)
w(29,9,1,529)
w(44,5,1,529)
r(87,5,1,530)
r(66,4,1,530)
w(18,7,1,531)
w(37,7,1,531)
w(68,8,1,532)
r(3,3,1,532)
w(66,5,1,533)
w(20,8,1,533)
r(53,8,1,534)
r(80,6,1,534)
r(99,2,1,535)
r(38,4,1,535)
w(11,9,1,536)
w(34,5,1,536)
w(35,12,1,537)
r(56,5,1,537)
r(51,4,1,538)
w(31,7,1,538)
w(92,6,1,539)
w(89,6,1,539)
r(62,8,1,540)
r(54,5,1,540)
w(70,10,1,541)
w(84,12,1,541)
r(57,6,1,542)
r(95,4,1,542)
w(56,6,1,543)
r(3,3,1,543)
r(28,5,1,544)
w(0,7,1,544)
w(80,7,1,545)
w(24,9,1,545)
w(69,7,1,546)
w(93,3,1,546)
r(14,7,1,547)
w(37,8,1,547)
w(6,5,1,548)
w(5,8,1,548)
r(95,4,1,549)
w(78,7,1,549)
r(32,7,1,550)
w(92,7,1,550)
r(3,3,1,551)
w(12,4,1,551)
w(29,10,1,552)
w(74,11,1,552)
w(95,5,1,553)
w(90,6,1,553)
r(60,7,1,554)
r(50,5,1,554)
w(18,8,1,555)
w(73,9,1,555)
r(85,4,1,556)
w(41,11,1,556)
w(49,7,1,557)
w(79,5,1,557)
w(24,10,1,558)
w(74,12,1,558)
w(96,6,1,559)
r(20,8,1,559)
w(17,6,1,560)
r(54,5,1,560)
r(41,11,1,561)
r(6,5,1,561)
r(94,4,1,562)
r(5,8,1,562)
r(45,1,1,563)
r(88,4,1,563)
r(41,11,1,564)
w(47,6,1,564)
w(72,6,1,565)
w(66,6,1,565)
r(38,4,1,566)
r(30,2,1,566)
r(51,4,1,567)
w(90,7,1,567)
w(68,9,1,568)
w(9,3,1,568)
r(93,3,1,569)
w(87,6,1,569)
w(87,7,1,570)
r(20,8,1,570)
w(59,8,1,571)
w(92,8,1,571)
r(50,5,1,572)
w(0,8,1,572)
r(74,12,1,573)
w(50,6,1,573)
r(8,5,1,574)
r(93,3,1,574)
w(88,5,1,575)
r(93,3,1,575)
r(99,2,1,576)
r(17,6,1,576)
w(92,9,1,577)
w(20,9,1,577)
w(63,5,1,578)
r(33,6,1,578)
r(82,5,1,579)
r(9,3,1,579)
w(95,6,1,580)
r(49,7,1,580)
w(9,4,1,581)
r(68,9,1,581)
w(74,13,1,582)
w(23,10,1,582)
w(90,8,1,583)
r(58,6,1,583)
r(52,4,1,584)
w(5,9,1,584)
r(81,2,1,585)
w(75,7,1,585)
r(44,5,1,586)
r(25,8,1,586)
w(99,3,1,587)
r(18,8,1,587)
w(49,8,1,588)
r(22,8,1,588)
r(31,7,1,589)
r(16,3,1,589)
r(55,6,1,590)
w(26,7,1,590)
w(40,4,1,591)
w(98,5,1,591)
w(18,9,1,592)
w(88,6,1,592)
w(89,7,1,593)
w(7,9,1,593)
w(39,5,1,594)
r(45,1,1,594)
w(6,6,1,595)
r(8,5,1,595)
w(3,4,1,596)
w(73,10,1,596)
r(27,2,1,597)
r(45,1,1,597)
r(24,10,1,598)
r(30,2,1,598)
w(27,3,1,599)
r(19,5,1,599)
r(60,7,1,600)
r(37,8,1,600)
r(21,1,1,601)
r(84,12,1,601)
w(3,5,1,602)
r(48,5,1,602)
w(62,9,1,603)
w(13,9,1,603)
r(54,5,1,604)
r(53,8,1,604)
w(84,13,1,605)
r(71,3,1,605)
r(63,5,1,606)
r(95,6,1,606)
r(42,5,1,607)
w(87,8,1,607)
w(3,6,1,608)
r(4,3,1,608)
w(67,9,1,609)
r(39,5,1,609)
r(48,5,1,610)
w(63,6,1,610)
w(72,7,1,611)
w(8,6,1,611)
w(37,9,1,612)
w(37,10,1,612)
r(14,7,1,613)
w(87,9,1,613)
r(43,5,1,614)
r(20,9,1,614)
r(85,4,1,615)
w(0,9,1,615)
w(87,10,1,616)
w(39,6,1,616)
w(39,7,1,617)
r(42,5,1,617)
w(42,6,1,618)
r(59,8,1,618)
w(62,10,1,619)
r(52,4,1,619)
r(33,6,1,620)
r(98,5,1,620)
w(34,6,1,621)
w(44,6,1,621)
r(23,10,1,622)
w(2,5,1,622)
r(52,4,1,623)
w(14,8,1,623)
w(9,5,1,624)
r(61,9,1,624)
w(88,7,1,625)
r(14,8,1,625)
r(79,5,1,626)
w(18,10,1,626)
w(30,3,1,627)
w(97,6,1,627)
r(85,4,1,628)
w(85,5,1,628)
w(53,9,1,629)
w(73,11,1,629)
r(9,5,1,630)
w(98,6,1,630)
r(80,7,1,631)
w(34,7,1,631)
r(11,9,1,632)
w(67,10,1,632)
r(59,8,1,633)
w(27,4,1,633)
w(57,7,1,634)
w(9,6,1,634)
w(79,6,1,635)
w(71,4,1,635)
r(45,1,1,636)
w(39,8,1,636)
r(28,5,1,637)
w(91,6,1,637)
w(87,11,1,638)
w(56,7,1,638)
r(97,6,1,639)
r(27,4,1,639)
r(55,6,1,640)
r(55,6,1,640)
r(78,7,1,641)
r(48,5,1,641)
w(96,7,1,642)
w(63,7,1,642)
r(51,4,1,643)
r(36,3,1,643)
w(73,12,1,644)
r(50,6,1,644)
w(91,7,1,645)
r(84,13,1,645)
w(16,4,1,646)
r(46,7,1,646)
w(2,6,1,647)
r(39,8,1,647)
w(91,8,1,648)
w(70,11,1,648)
w(41,12,1,649)
w(31,8,1,649)
w(21,1,1,650)
w(42,7,1,650)
r(55,6,1,651)
r(11,9,1,651)
w(19,6,1,652)
r(5,9,1,652)
r(96,7,1,653)
r(15,4,1,653)
w(57,8,1,654)
w(36,4,1,654)
w(37,11,1,655)
w(66,7,1,655)
r(1,9,1,656)
w(8,7,1,656)
r(40,4,1,657)
w(42,8,1,657)
w(54,6,1,658)
w(43,6,1,658)
w(90,9,1,659)
w(95,7,1,659)
r(15,4,1,660)
w(56,8,1,660)
w(11,10,1,661)
w(77,11,1,661)
w(23,11,1,662)
w(16,5,1,662)
w(6,7,1,663)
r(75,7,1,663)
w(76,5,1,664)
r(62,10,1,664)
w(59,9,1,665)
w(49,9,1,665)
r(71,4,1,666)
r(71,4,1,666)
w(52,5,1,667)
w(64,6,1,667)
r(29,10,1,668)
w(16,6,1,668)
w(72,8,1,669)
r(75,7,1,669)
r(89,7,1,670)
r(19,6,1,670)
r(56,8,1,671)
r(75,7,1,671)
w(85,6,1,672)
r(37,11,1,672)
w(54,7,1,673)
r(1,9,1,673)
r(86,5,1,674)
r(47,6,1,674)
w(14,9,1,675)
r(86,5,1,675)
r(97,6,1,676)
w(50,7,1,676)
r(28,5,1,677)
w(89,8,1,677)
w(95,8,1,678)
r(91,8,1,678)
r(87,11,1,679)
r(75,7,1,679)
r(98,6,1,680)
w(17,7,1,680)
w(54,8,1,681)
w(49,10,1,681)
r(54,8,1,682)
r(23,11,1,682)
w(61,10,1,683)
w(61,11,1,683)
w(69,8,1,684)
r(70,11,1,684)
w(38,5,1,685)
w(24,11,1,685)
r(59,9,1,686)
r(5,9,1,686)
r(41,12,1,687)
w(83,4,1,687)
r(19,6,1,688)
r(22,8,1,688)
w(69,9,1,689)
w(99,4,1,689)
r(18,10,1,690)
w(66,8,1,690)
r(23,11,1,691)
w(28,6,1,691)
w(72,9,1,692)
w(84,14,1,692)
r(20,9,1,693)
w(49,11,1,693)
w(75,8,1,694)
w(50,8,1,694)
w(18,11,1,695)
r(24,11,1,695)
w(79,7,1,696)
r(81,2,1,696)
r(21,1,1,697)
w(35,13,1,697)
w(33,7,1,698)
w(83,5,1,698)
r(20,9,1,699)
w(34,8,1,699)
w(42,9,1,700)
w(34,9,1,700)
w(70,12,1,701)
r(1,9,1,701)
r(33,7,1,702)
w(92,10,1,702)
r(36,4,1,703)
w(2,7,1,703)
w(44,7,1,704)
w(49,12,1,704)
r(72,9,1,705)
w(81,3,1,705)
w(10,4,1,706)
r(0,9,1,706)
r(72,9,1,707)
w(78,8,1,707)
w(7,10,1,708)
r(82,5,1,708)
r(38,5,1,709)
r(30,3,1,709)
w(19,7,1,710)
r(76,5,1,710)
w(26,8,1,711)
w(88,8,1,711)
r(21,1,1,712)
r(4,3,1,712)
w(18,12,1,713)
r(22,8,1,713)
w(71,5,1,714)
r(47,6,1,714)
w(29,11,1,715)
r(22,8,1,715)
r(68,9,1,716)
w(61,12,1,716)
w(76,6,1,717)
r(31,8,1,717)
w(90,10,1,718)
r(99,4,1,718)
r(4,3,1,719)
w(48,6,1,719)
r(89,8,1,720)
w(13,10,1,720)
w(99,5,1,721)
r(21,1,1,721)
r(1,9,1,722)
w(8,8,1,722)
r(39,8,1,723)
w(42,10,1,723)
r(2,7,1,724)
w(44,8,1,724)
w(15,5,1,725)
w(14,10,1,725)
w(7,11,1,726)
w(23,12,1,726)
w(36,5,1,727)
r(82,5,1,727)
r(6,7,1,728)
r(33,7,1,728)
w(0,10,1,729)
r(36,5,1,729)
r(84,14,1,730)
w(76,7,1,730)
w(1,10,1,731)
r(32,7,1,731)
r(9,6,1,732)
r(32,7,1,732)
w(45,2,1,733)
r(0,10,1,733)
w(92,11,1,734)
w(33,8,1,734)
r(53,9,1,735)
r(99,5,1,735)
r(60,7,1,736)
w(47,7,1,736)
r(32,7,1,737)
w(90,11,1,737)
r(34,9,1,738)
w(38,6,1,738)
r(62,10,1,739)
w(46,8,1,739)
w(55,7,1,740)
w(68,10,1,740)
w(20,10,1,741)
w(38,7,1,741)
r(97,6,1,742)
w(73,13,1,742)
r(88,8,1,743)
r(12,4,1,743)
w(49,13,1,744)
w(99,6,1,744)
r(45,2,1,745)
r(83,5,1,745)
w(29,12,1,746)
w(36,6,1,746)
r(94,4,1,747)
r(64,6,1,747)
r(85,6,1,748)
w(41,13,1,748)
r(62,10,1,749)
r(85,6,1,749)
r(54,8,1,750)
r(28,6,1,750)
r(62,10,1,751)
w(16,7,1,751)
w(99,7,1,752)
w(91,9,1,752)
r(27,4,1,753)
w(26,9,1,753)
w(95,9,1,754)
r(38,7,1,754)
w(47,8,1,755)
r(91,9,1,755)
r(47,8,1,756)
w(66,9,1,756)
r(24,11,1,757)
w(68,11,1,757)
r(51,4,1,758)
r(35,13,1,758)
r(7,11,1,759)
r(92,11,1,759)
w(39,9,1,760)
r(7,11,1,760)
r(50,8,1,761)
r(42,10,1,761)
r(71,5,1,762)
r(52,5,1,762)
w(65,4,1,763)
r(74,13,1,763)
w(48,7,1,764)
r(90,11,1,764)
r(63,7,1,765)
r(23,12,1,765)
r(43,6,1,766)
r(32,7,1,766)
w(87,12,1,767)
w(52,6,1,767)
w(40,5,1,768)
r(89,8,1,768)
w(53,10,1,769)
w(39,10,1,769)
w(67,11,1,770)
r(97,6,1,770)
r(73,13,1,771)
w(2,8,1,771)
w(27,5,1,772)
r(26,9,1,772)
w(18,13,1,773)
w(96,8,1,773)
w(38,8,1,774)
r(60,7,1,774)
w(90,12,1,775)
r(11,10,1,775)
w(97,7,1,776)
r(73,13,1,776)
w(37,12,1,777)
r(57,8,1,777)
w(10,5,1,778)
r(7,11,1,778)
w(90,13,1,779)
r(7,11,1,779)
w(99,8,1,780)
w(82,6,1,780)
r(81,3,1,781)
w(99,9,1,781)
r(60,7,1,782)
w(31,9,1,782)
r(93,3,1,783)
r(86,5,1,783)
w(46,9,1,784)
w(95,10,1,784)
w(33,9,1,785)
r(6,7,1,785)
r(64,6,1,786)
w(13,11,1,786)
w(84,15,1,787)
w(8,9,1,787)
r(99,9,1,788)
r(92,11,1,788)
r(48,7,1,789)
r(87,12,1,789)
w(78,9,1,790)
w(21,2,1,790)
w(6,8,1,791)
r(36,6,1,791)
w(69,10,1,792)
w(28,7,1,792)
w(79,8,1,793)
r(76,7,1,793)
w(91,10,1,794)
w(24,12,1,794)
w(28,8,1,795)
r(40,5,1,795)
r(61,12,1,796)
r(90,13,1,796)
r(76,7,1,797)
r(67,11,1,797)
r(35,13,1,798)
r(79,8,1,798)
r(91,10,1,799)
r(83,5,1,799)
r(39,10,1,800)
r(45,2,1,800)
w(29,13,1,801)
r(48,7,1,801)
r(68,11,1,802)
r(88,8,1,802)
r(34,9,1,803)
r(23,12,1,803)
w(78,10,1,804)
w(44,9,1,804)
w(30,4,1,805)
w(81,4,1,805)
r(17,7,1,806)
r(7,11,1,806)
r(46,9,1,807)
w(97,8,1,807)
r(92,11,1,808)
w(86,6,1,808)
w(53,11,1,809)
r(81,4,1,809)
r(56,8,1,810)
r(4,3,1,810)
w(90,14,1,811)
w(56,9,1,811)
r(20,10,1,812)
w(99,10,1,812)
w(65,5,1,813)
r(30,4,1,813)
r(16,7,1,814)
r(42,10,1,814)
w(56,10,1,815)
w(46,10,1,815)
w(99,11,1,816)
r(64,6,1,816)
r(60,7,1,817)
w(46,11,1,817)
r(66,9,1,818)
r(67,11,1,818)
w(36,7,1,819)
w(30,5,1,819)
w(7,12,1,820)
r(41,13,1,820)
r(40,5,1,821)
r(84,15,1,821)
r(62,10,1,822)
w(54,9,1,822)
w(80,8,1,823)
r(27,5,1,823)
r(78,10,1,824)
r(67,11,1,824)
w(34,10,1,825)
r(72,9,1,825)
r(49,13,1,826)
w(47,9,1,826)
w(74,14,1,827)
r(99,11,1,827)
w(80,9,1,828)
w(96,9,1,828)
r(17,7,1,829)
r(97,8,1,829)
r(7,12,1,830)
r(31,9,1,830)
r(51,4,1,831)
r(1,10,1,831)
w(62,11,1,832)
r(93,3,1,832)
r(10,5,1,833)
r(7,12,1,833)
r(55,7,1,834)
w(46,12,1,834)
w(31,10,1,835)
w(35,14,1,835)
r(30,5,1,836)
w(77,12,1,836)
w(51,5,1,837)
w(4,4,1,837)
w(52,7,1,838)
w(43,7,1,838)
r(30,5,1,839)
r(79,8,1,839)
r(81,4,1,840)
w(20,11,1,840)
r(1,10,1,841)
r(10,5,1,841)
r(16,7,1,842)
r(23,12,1,842)
w(39,11,1,843)
r(59,9,1,843)
w(80,10,1,844)
r(13,11,1,844)
r(50,8,1,845)
r(87,12,1,845)
r(79,8,1,846)
w(74,15,1,846)
w(50,9,1,847)
w(60,8,1,847)
w(89,9,1,848)
r(99,11,1,848)
w(66,10,1,849)
w(38,9,1,849)
r(52,7,1,850)
r(33,9,1,850)
r(59,9,1,851)
w(15,6,1,851)
w(45,3,1,852)
w(43,8,1,852)
w(54,10,1,853)
r(62,11,1,853)
r(19,7,1,854)
w(58,7,1,854)
w(8,10,1,855)
w(96,10,1,855)
w(84,16,1,856)
w(27,6,1,856)
w(95,11,1,857)
w(57,9,1,857)
r(82,6,1,858)
r(49,13,1,858)
r(88,8,1,859)
w(11,11,1,859)
w(67,12,1,860)
r(40,5,1,860)
w(92,12,1,861)
r(79,8,1,861)
w(28,9,1,862)
r(50,9,1,862)
r(33,9,1,863)
r(1,10,1,863)
r(21,2,1,864)
r(52,7,1,864)
r(58,7,1,865)
r(35,14,1,865)
w(12,5,1,866)
w(49,14,1,866)
w(71,6,1,867)
r(18,13,1,867)
r(87,12,1,868)
w(81,5,1,868)
r(72,9,1,869)
w(9,7,1,869)
r(54,10,1,870)
r(5,9,1,870)
r(71,6,1,871)
w(3,7,1,871)
r(88,8,1,872)
w(61,13,1,872)
r(31,10,1,873)
r(25,8,1,873)
w(66,11,1,874)
r(57,9,1,874)
r(91,10,1,875)
r(75,8,1,875)
w(94,5,1,876)
w(59,10,1,876)
w(45,4,1,877)
r(96,10,1,877)
w(97,9,1,878)
w(58,8,1,878)
w(47,10,1,879)
r(91,10,1,879)
r(48,7,1,880)
w(37,13,1,880)
r(84,16,1,881)
w(77,13,1,881)
r(23,12,1,882)
r(52,7,1,882)
r(82,6,1,883)
w(16,8,1,883)
w(78,11,1,884)
r(99,11,1,884)
w(70,13,1,885)
w(96,11,1,885)
r(35,14,1,886)
r(77,13,1,886)
w(81,6,1,887)
r(44,9,1,887)
w(13,12,1,888)
w(97,10,1,888)
w(11,12,1,889)
w(7,13,1,889)
w(67,13,1,890)
r(77,13,1,890)
w(22,9,1,891)
w(50,10,1,891)
w(45,5,1,892)
r(42,10,1,892)
r(83,5,1,893)
w(13,13,1,893)
r(31,10,1,894)
w(17,8,1,894)
r(50,10,1,895)
r(46,12,1,895)
r(66,11,1,896)
w(32,8,1,896)
r(86,6,1,897)
r(8,10,1,897)
w(7,14,1,898)
r(62,11,1,898)
r(16,8,1,899)
r(20,11,1,899)
w(58,9,1,900)
w(70,14,1,900)
w(72,10,1,901)
w(9,8,1,901)
w(23,13,1,902)
r(73,13,1,902)
w(57,10,1,903)
r(43,8,1,903)
w(89,10,1,904)
r(90,14,1,904)
r(7,14,1,905)
r(18,13,1,905)
r(40,5,1,906)
r(3,7,1,906)
r(0,10,1,907)
r(10,5,1,907)
w(9,9,1,908)
r(51,5,1,908)
w(47,11,1,909)
r(96,11,1,909)
w(62,12,1,910)
w(91,11,1,910)
w(88,9,1,911)
r(39,11,1,911)
w(6,9,1,912)
w(22,10,1,912)
w(99,12,1,913)
r(53,11,1,913)
w(68,12,1,914)
r(64,6,1,914)
r(77,13,1,915)
r(14,10,1,915)
r(6,9,1,916)
r(48,7,1,916)
r(8,10,1,917)
r(30,5,1,917)
r(57,10,1,918)
r(12,5,1,918)
w(70,15,1,919)
w(62,13,1,919)
r(92,12,1,920)
r(95,11,1,920)
w(16,9,1,921)
w(9,10,1,921)
w(23,14,1,922)
w(40,6,1,922)
w(55,8,1,923)
r(28,9,1,923)
w(11,13,1,924)
w(13,14,1,924)
r(62,13,1,925)
w(81,7,1,925)
w(84,17,1,926)
r(46,12,1,926)
w(16,10,1,927)
w(55,9,1,927)
w(33,10,1,928)
w(11,14,1,928)
w(62,14,1,929)
w(77,14,1,929)
r(49,14,1,930)
r(93,3,1,930)
w(84,18,1,931)
w(46,13,1,931)
r(93,3,1,932)
w(23,15,1,932)
w(32,9,1,933)
w(26,10,1,933)
r(76,7,1,934)
r(53,11,1,934)
w(67,14,1,935)
w(31,11,1,935)
r(78,11,1,936)
w(6,10,1,936)
r(64,6,1,937)
r(16,10,1,937)
w(91,12,1,938)
r(23,15,1,938)
w(89,11,1,939)
r(77,14,1,939)
w(27,7,1,940)
r(61,13,1,940)
w(6,11,1,941)
r(78,11,1,941)
r(71,6,1,942)
r(70,15,1,942)
w(72,11,1,943)
r(19,7,1,943)
r(83,5,1,944)
r(7,14,1,944)
w(88,10,1,945)
r(9,10,1,945)
r(72,11,1,946)
w(92,13,1,946)
w(57,11,1,947)
w(11,15,1,947)
r(94,5,1,948)
r(35,14,1,948)
r(26,10,1,949)
w(77,15,1,949)
r(5,9,1,950)
w(59,11,1,950)
w(8,11,1,951)
r(53,11,1,951)
w(25,9,1,952)
r(99,12,1,952)
w(31,12,1,953)
r(94,5,1,953)
r(38,9,1,954)
w(41,14,1,954)
w(20,12,1,955)
r(96,11,1,955)
w(78,12,1,956)
r(37,13,1,956)
w(85,7,1,957)
r(91,12,1,957)
r(49,14,1,958)
r(65,5,1,958)
w(24,13,1,959)
w(47,12,1,959)
r(24,13,1,960)
w(74,16,1,960)
w(72,12,1,961)
w(19,8,1,961)
w(83,6,1,962)
r(81,7,1,962)
w(30,6,1,963)
r(22,10,1,963)
w(39,12,1,964)
w(69,11,1,964)
r(54,10,1,965)
r(27,7,1,965)
r(51,5,1,966)
r(75,8,1,966)
w(43,9,1,967)
r(29,13,1,967)
w(54,11,1,968)
w(46,14,1,968)
r(85,7,1,969)
w(84,19,1,969)
w(90,15,1,970)
w(12,6,1,970)
w(1,11,1,971)
w(97,11,1,971)
r(29,13,1,972)
r(65,5,1,972)
w(7,15,1,973)
w(28,10,1,973)
w(39,13,1,974)
w(82,7,1,974)
r(22,10,1,975)
r(25,9,1,975)
w(78,13,1,976)
w(36,8,1,976)
w(57,12,1,977)
r(37,13,1,977)
r(85,7,1,978)
w(64,7,1,978)
r(52,7,1,979)
w(48,8,1,979)
r(91,12,1,980)
w(34,11,1,980)
w(45,6,1,981)
r(38,9,1,981)
r(49,14,1,982)
r(61,13,1,982)
w(28,11,1,983)
r(63,7,1,983)
w(8,12,1,984)
w(97,12,1,984)
r(31,12,1,985)
w(14,11,1,985)
w(27,8,1,986)
r(45,6,1,986)
r(5,9,1,987)
r(2,8,1,987)
w(45,7,1,988)
r(97,12,1,988)
r(6,11,1,989)
w(1,12,1,989)
r(86,6,1,990)
w(70,16,1,990)
r(91,12,1,991)
w(26,11,1,991)
r(61,13,1,992)
w(35,15,1,992)
w(46,15,1,993)
r(67,14,1,993)
r(6,11,1,994)
r(13,14,1,994)
r(79,8,1,995)
r(0,10,1,995)
r(31,12,1,996)
r(27,8,1,996)
r(11,15,1,997)
r(93,3,1,997)
r(80,10,1,998)
r(0,10,1,998)
r(6,11,1,999)
r(83,6,1,999)
w(99,13,2,1000)
r(98,6,2,1000)
w(76,8,2,1001)
r(0,10,2,1001)
r(81,7,2,1002)
r(1,12,2,1002)
w(9,11,2,1003)
r(6,11,2,1003)
w(82,8,2,1004)
w(26,12,2,1004)
w(51,6,2,1005)
w(53,12,2,1005)
r(97,12,2,1006)
r(66,11,2,1006)
w(51,7,2,1007)
w(68,13,2,1007)
w(25,10,2,1008)
r(4,4,2,1008)
w(55,10,2,1009)
r(78,13,2,1009)
r(98,6,2,1010)
w(91,13,2,1010)
r(79,8,2,1011)
r(69,11,2,1011)
r(23,15,2,1012)
w(90,16,2,1012)
r(75,8,2,1013)
w(66,12,2,1013)
r(3,7,2,1014)
r(37,13,2,1014)
w(5,10,2,1015)
w(8,13,2,1015)
w(74,17,2,1016)
w(52,8,2,1016)
r(76,8,2,1017)
w(31,13,2,1017)
r(85,7,2,1018)
w(64,8,2,1018)
r(65,5,2,1019)
w(53,13,2,1019)
w(79,9,2,1020)
w(47,13,2,1020)
r(14,11,2,1021)
r(59,11,2,1021)
r(55,10,2,1022)
w(73,14,2,1022)
r(33,10,2,1023)
w(36,9,2,1023)
r(4,4,2,1024)
w(76,9,2,1024)
r(89,11,2,1025)
w(76,10,2,1025)
r(11,15,2,1026)
w(40,7,2,1026)
w(5,11,2,1027)
r(56,10,2,1027)
w(48,9,2,1028)
w(71,7,2,1028)
w(81,8,2,1029)
w(47,14,2,1029)
w(82,9,2,1030)
r(2,8,2,1030)
r(41,14,2,1031)
w(86,7,2,1031)
r(28,11,2,1032)
r(26,12,2,1032)
r(47,14,2,1033)
w(81,9,2,1033)
w(57,13,2,1034)
r(37,13,2,1034)
w(74,18,2,1035)
r(24,13,2,1035)
r(19,8,2,1036)
w(52,9,2,1036)
w(42,11,2,1037)
r(84,19,2,1037)
w(64,9,2,1038)
r(17,8,2,1038)
r(61,13,2,1039)
w(41,15,2,1039)
r(67,14,2,1040)
r(43,9,2,1040)
w(85,8,2,1041)
r(78,13,2,1041)
r(27,8,2,1042)
r(24,13,2,1042)
r(13,14,2,1043)
w(69,12,2,1043)
r(19,8,2,1044)
r(71,7,2,1044)
w(10,6,2,1045)
w(61,14,2,1045)
r(87,12,2,1046)
w(24,14,2,1046)
r(41,15,2,1047)
w(60,9,2,1047)
r(23,15,2,1048)
w(25,11,2,1048)
w(42,12,2,1049)
w(48,10,2,1049)
r(95,11,2,1050)
w(17,9,2,1050)
w(43,10,2,1051)
w(23,16,2,1051)
w(79,10,2,1052)
r(23,16,2,1052)
r(25,11,2,1053)
r(40,7,2,1053)
w(2,9,2,1054)
r(62,14,2,1054)
w(84,20,2,1055)
w(94,6,2,1055)
w(81,10,2,1056)
w(74,19,2,1056)
r(9,11,2,1057)
w(49,15,2,1057)
r(24,14,2,1058)
r(52,9,2,1058)
r(8,13,2,1059)
r(82,9,2,1059)
w(45,8,2,1060)
r(38,9,2,1060)
w(51,8,2,1061)
r(40,7,2,1061)
r(92,13,2,1062)
w(85,9,2,1062)
r(45,8,2,1063)
r(80,10,2,1063)
w(41,16,2,1064)
w(41,17,2,1064)
r(4,4,2,1065)
r(64,9,2,1065)
w(66,13,2,1066)
w(7,16,2,1066)
w(80,11,2,1067)
r(55,10,2,1067)
r(77,15,2,1068)
r(48,10,2,1068)
r(36,9,2,1069)
w(42,13,2,1069)
w(77,16,2,1070)
r(46,15,2,1070)
r(67,14,2,1071)
w(19,9,2,1071)
r(13,14,2,1072)
r(46,15,2,1072)
r(3,7,2,1073)
r(69,12,2,1073)
w(73,15,2,1074)
w(78,14,2,1074)
r(6,11,2,1075)
w(97,13,2,1075)
w(27,9,2,1076)
w(14,12,2,1076)
w(90,17,2,1077)
w(60,10,2,1077)
w(63,8,2,1078)
w(58,10,2,1078)
r(83,6,2,1079)
w(57,14,2,1079)
r(82,9,2,1080)
r(29,13,2,1080)
r(69,12,2,1081)
r(47,14,2,1081)
w(42,14,2,1082)
w(85,10,2,1082)
r(99,13,2,1083)
w(21,3,2,1083)
w(26,13,2,1084)
w(76,11,2,1084)
r(62,14,2,1085)
r(42,14,2,1085)
w(98,7,2,1086)
r(90,17,2,1086)
w(90,18,2,1087)
r(47,14,2,1087)
w(12,7,2,1088)
r(40,7,2,1088)
w(99,14,2,1089)
w(21,4,2,1089)
w(19,10,2,1090)
w(50,11,2,1090)
r(80,11,2,1091)
r(14,12,2,1091)
r(19,10,2,1092)
w(83,7,2,1092)
r(2,9,2,1093)
r(69,12,2,1093)
w(35,16,2,1094)
r(17,9,2,1094)
r(27,9,2,1095)
w(21,5,2,1095)
w(63,9,2,1096)
r(9,11,2,1096)
r(95,11,2,1097)
r(90,18,2,1097)
r(38,9,2,1098)
w(33,11,2,1098)
w(90,19,2,1099)
r(63,9,2,1099)
r(1,12,2,1100)
r(97,13,2,1100)
w(50,12,2,1101)
w(55,11,2,1101)
r(60,10,2,1102)
r(90,19,2,1102)
w(52,10,2,1103)
r(62,14,2,1103)
r(97,13,2,1104)
r(45,8,2,1104)
r(91,13,2,1105)
w(45,9,2,1105)
r(24,14,2,1106)
r(0,10,2,1106)
r(34,11,2,1107)
r(60,10,2,1107)
w(9,12,2,1108)
r(41,17,2,1108)
w(87,13,2,1109)
w(91,14,2,1109)
r(56,10,2,1110)
w(26,14,2,1110)
r(73,15,2,1111)
w(46,16,2,1111)
w(78,15,2,1112)
r(54,11,2,1112)
w(69,13,2,1113)
w(86,8,2,1113)
w(66,14,2,1114)
w(99,15,2,1114)
r(41,17,2,1115)
r(40,7,2,1115)
r(80,11,2,1116)
w(25,12,2,1116)
w(13,15,2,1117)
r(78,15,2,1117)
r(69,13,2,1118)
w(35,17,2,1118)
r(14,12,2,1119)
r(69,13,2,1119)
w(56,11,2,1120)
w(81,11,2,1120)
w(72,13,2,1121)
r(94,6,2,1121)
r(2,9,2,1122)
w(45,10,2,1122)
w(61,15,2,1123)
w(28,12,2,1123)
r(16,10,2,1124)
w(77,17,2,1124)
w(56,12,2,1125)
w(28,13,2,1125)
w(70,17,2,1126)
w(15,7,2,1126)
w(91,15,2,1127)
w(73,16,2,1127)
r(44,9,2,1128)
r(33,11,2,1128)
r(79,10,2,1129)
w(36,10,2,1129)
r(99,15,2,1130)
w(64,10,2,1130)
w(87,14,2,1131)
r(18,13,2,1131)
w(44,10,2,1132)
r(97,13,2,1132)
w(32,10,2,1133)
r(49,15,2,1133)
r(81,11,2,1134)
w(32,11,2,1134)
r(24,14,2,1135)
w(86,9,2,1135)
w(87,15,2,1136)
w(87,16,2,1136)
w(16,11,2,1137)
r(58,10,2,1137)
w(50,13,2,1138)
w(4,5,2,1138)
r(14,12,2,1139)
w(47,15,2,1139)
w(80,12,2,1140)
w(21,6,2,1140)
r(18,13,2,1141)
w(10,7,2,1141)
r(38,9,2,1142)
w(72,14,2,1142)
r(44,10,2,1143)
r(53,13,2,1143)
w(47,16,2,1144)
w(62,15,2,1144)
r(63,9,2,1145)
r(27,9,2,1145)
r(85,10,2,1146)
w(1,13,2,1146)
w(84,21,2,1147)
r(34,11,2,1147)
w(48,11,2,1148)
r(67,14,2,1148)
r(96,11,2,1149)
w(78,16,2,1149)
r(78,16,2,1150)
r(29,13,2,1150)
w(24,15,2,1151)
w(22,11,2,1151)
w(60,11,2,1152)
r(64,10,2,1152)
r(57,14,2,1153)
r(66,14,2,1153)
w(67,15,2,1154)
w(75,9,2,1154)
w(77,18,2,1155)
r(12,7,2,1155)
w(11,16,2,1156)
w(33,12,2,1156)
w(52,11,2,1157)
w(49,16,2,1157)
r(28,13,2,1158)
w(68,14,2,1158)
w(81,12,2,1159)
r(73,16,2,1159)
r(70,17,2,1160)
r(98,7,2,1160)
w(68,15,2,1161)
w(57,15,2,1161)
w(5,12,2,1162)
w(94,7,2,1162)
w(45,11,2,1163)
r(46,16,2,1163)
w(14,13,2,1164)
w(34,12,2,1164)
w(17,10,2,1165)
w(4,6,2,1165)
w(60,12,2,1166)
r(30,6,2,1166)
r(90,19,2,1167)
r(25,12,2,1167)
w(70,18,2,1168)
r(11,16,2,1168)
w(94,8,2,1169)
r(99,15,2,1169)
r(67,15,2,1170)
r(48,11,2,1170)
w(11,17,2,1171)
w(46,17,2,1171)
w(14,14,2,1172)
w(21,7,2,1172)
r(21,7,2,1173)
w(85,11,2,1173)
r(17,10,2,1174)
w(21,8,2,1174)
w(4,7,2,1175)
w(18,14,2,1175)
w(50,14,2,1176)
r(94,8,2,1176)
w(95,12,2,1177)
r(85,11,2,1177)
w(1,14,2,1178)
r(32,11,2,1178)
r(97,13,2,1179)
w(75,10,2,1179)
w(87,17,2,1180)
r(11,17,2,1180)
r(66,14,2,1181)
r(89,11,2,1181)
w(36,11,2,1182)
w(49,17,2,1182)
r(93,3,2,1183)
r(19,10,2,1183)
r(1,14,2,1184)
w(8,14,2,1184)
w(5,13,2,1185)
r(30,6,2,1185)
r(4,7,2,1186)
r(10,7,2,1186)
w(56,13,2,1187)
r(42,14,2,1187)
w(53,14,2,1188)
w(47,17,2,1188)
w(20,13,2,1189)
w(4,8,2,1189)
r(82,9,2,1190)
r(88,10,2,1190)
w(32,12,2,1191)
r(40,7,2,1191)
w(83,8,2,1192)
r(2,9,2,1192)
r(27,9,2,1193)
r(33,12,2,1193)
w(26,15,2,1194)
r(42,14,2,1194)
r(72,14,2,1195)
r(11,17,2,1195)
w(54,12,2,1196)
w(0,11,2,1196)
r(26,15,2,1197)
r(22,11,2,1197)
w(70,19,2,1198)
r(17,10,2,1198)
w(12,8,2,1199)
w(34,13,2,1199)
w(15,8,2,1200)
r(76,11,2,1200)
w(53,15,2,1201)
r(9,12,2,1201)
r(26,15,2,1202)
w(10,8,2,1202)
w(89,12,2,1203)
r(98,7,2,1203)
w(98,8,2,1204)
w(20,14,2,1204)
r(31,13,2,1205)
w(3,8,2,1205)
w(52,12,2,1206)
w(84,22,2,1206)
w(99,16,2,1207)
w(5,14,2,1207)
r(15,8,2,1208)
w(99,17,2,1208)
r(97,13,2,1209)
w(70,20,2,1209)
r(70,20,2,1210)
r(54,12,2,1210)
r(34,13,2,1211)
w(94,9,2,1211)
r(63,9,2,1212)
w(48,12,2,1212)
w(33,13,2,1213)
r(43,10,2,1213)
r(9,12,2,1214)
w(80,13,2,1214)
r(55,11,2,1215)
r(19,10,2,1215)
r(17,10,2,1216)
r(3,8,2,1216)
w(25,13,2,1217)
w(27,10,2,1217)
r(51,8,2,1218)
w(46,18,2,1218)
w(60,13,2,1219)
w(39,14,2,1219)
w(80,14,2,1220)
w(19,11,2,1220)
w(36,12,2,1221)
r(91,15,2,1221)
r(94,9,2,1222)
w(24,16,2,1222)
r(69,13,2,1223)
w(1,15,2,1223)
r(4,8,2,1224)
w(2,10,2,1224)
r(50,14,2,1225)
w(34,14,2,1225)
w(65,6,2,1226)
r(40,7,2,1226)
r(35,17,2,1227)
r(77,18,2,1227)
r(59,11,2,1228)
w(8,15,2,1228)
r(5,14,2,1229)
r(90,19,2,1229)
r(69,13,2,1230)
w(5,15,2,1230)
w(16,12,2,1231)
r(40,7,2,1231)
w(41,18,2,1232)
r(57,15,2,1232)
r(12,8,2,1233)
w(36,13,2,1233)
w(94,10,2,1234)
w(86,10,2,1234)
w(38,10,2,1235)
w(36,14,2,1235)
w(10,9,2,1236)
r(83,8,2,1236)
w(12,9,2,1237)
w(95,13,2,1237)
w(45,12,2,1238)
r(22,11,2,1238)
w(45,13,2,1239)
w(86,11,2,1239)
w(56,14,2,1240)
r(29,13,2,1240)
r(0,11,2,1241)
w(49,18,2,1241)
r(23,16,2,1242)
r(85,11,2,1242)
r(60,13,2,1243)
w(28,14,2,1243)
r(13,15,2,1244)
r(95,13,2,1244)
w(71,8,2,1245)
r(40,7,2,1245)
w(92,14,2,1246)
r(46,18,2,1246)
w(98,9,2,1247)
r(90,19,2,1247)
r(29,13,2,1248)
w(27,11,2,1248)
r(33,13,2,1249)
w(83,9,2,1249)
r(29,13,2,1250)
r(56,14,2,1250)
r(80,14,2,1251)
r(40,7,2,1251)
w(29,14,2,1252)
r(52,12,2,1252)
w(16,13,2,1253)
r(33,13,2,1253)
w(38,11,2,1254)
r(15,8,2,1254)
r(62,15,2,1255)
r(28,14,2,1255)
w(87,18,2,1256)
w(46,19,2,1256)
r(12,9,2,1257)
r(73,16,2,1257)
r(53,15,2,1258)
r(48,12,2,1258)
r(1,15,2,1259)
w(83,10,2,1259)
w(67,16,2,1260)
r(89,12,2,1260)
w(19,12,2,1261)
r(44,10,2,1261)
w(77,19,2,1262)
r(69,13,2,1262)
r(41,18,2,1263)
w(19,13,2,1263)
r(7,16,2,1264)
r(8,15,2,1264)
w(50,15,2,1265)
w(51,9,2,1265)
w(61,16,2,1266)
r(45,13,2,1266)
w(77,20,2,1267)
w(5,16,2,1267)
r(73,16,2,1268)
w(80,15,2,1268)
w(33,14,2,1269)
r(64,10,2,1269)
r(78,16,2,1270)
r(3,8,2,1270)
r(82,9,2,1271)
r(79,10,2,1271)
r(69,13,2,1272)
w(89,13,2,1272)
w(25,14,2,1273)
w(90,20,2,1273)
w(74,20,2,1274)
w(51,10,2,1274)
r(94,10,2,1275)
w(89,14,2,1275)
r(74,20,2,1276)
w(99,18,2,1276)
w(96,12,2,1277)
w(67,17,2,1277)
w(36,15,2,1278)
w(99,19,2,1278)
w(24,17,2,1279)
w(58,11,2,1279)
w(52,13,2,1280)
r(15,8,2,1280)
r(10,9,2,1281)
w(61,17,2,1281)
w(67,18,2,1282)
r(59,11,2,1282)
r(67,18,2,1283)
w(15,9,2,1283)
w(75,11,2,1284)
r(87,18,2,1284)
w(29,15,2,1285)
w(46,20,2,1285)
w(28,15,2,1286)
r(25,14,2,1286)
r(90,20,2,1287)
r(95,13,2,1287)
r(68,15,2,1288)
r(48,12,2,1288)
r(24,17,2,1289)
w(55,12,2,1289)
r(82,9,2,1290)
w(94,11,2,1290)
w(58,12,2,1291)
w(53,16,2,1291)
w(85,12,2,1292)
r(58,12,2,1292)
r(23,16,2,1293)
r(20,14,2,1293)
r(32,12,2,1294)
w(26,16,2,1294)
w(83,11,2,1295)
r(84,22,2,1295)
w(54,13,2,1296)
w(97,14,2,1296)
r(16,13,2,1297)
w(34,15,2,1297)
r(10,9,2,1298)
w(52,14,2,1298)
r(84,22,2,1299)
r(83,11,2,1299)
r(55,12,2,1300)
w(13,16,2,1300)
r(48,12,2,1301)
r(48,12,2,1301)
w(12,10,2,1302)
r(27,11,2,1302)
r(17,10,2,1303)
r(31,13,2,1303)
w(18,15,2,1304)
r(99,19,2,1304)
r(97,14,2,1305)
w(22,12,2,1305)
r(57,15,2,1306)
r(29,15,2,1306)
w(6,12,2,1307)
w(2,11,2,1307)
w(53,17,2,1308)
w(88,11,2,1308)
r(56,14,2,1309)
w(30,7,2,1309)
w(92,15,2,1310)
r(9,12,2,1310)
r(1,15,2,1311)
w(71,9,2,1311)
w(63,10,2,1312)
w(51,11,2,1312)
r(78,16,2,1313)
w(45,14,2,1313)
r(6,12,2,1314)
r(39,14,2,1314)
w(26,17,2,1315)
w(17,11,2,1315)
w(54,14,2,1316)
w(0,12,2,1316)
w(88,12,2,1317)
w(99,20,2,1317)
w(59,12,2,1318)
r(26,17,2,1318)
r(75,11,2,1319)
w(39,15,2,1319)
r(12,10,2,1320)
w(22,13,2,1320)
r(56,14,2,1321)
w(8,16,2,1321)
w(98,10,2,1322)
w(77,21,2,1322)
w(21,9,2,1323)
w(39,16,2,1323)
w(77,22,2,1324)
r(29,15,2,1324)
w(7,17,2,1325)
r(94,11,2,1325)
r(51,11,2,1326)
r(76,11,2,1326)
w(52,15,2,1327)
r(15,9,2,1327)
r(12,10,2,1328)
r(3,8,2,1328)
r(16,13,2,1329)
w(42,15,2,1329)
w(38,12,2,1330)
w(1,16,2,1330)
w(4,9,2,1331)
w(89,15,2,1331)
r(83,11,2,1332)
w(46,21,2,1332)
r(84,22,2,1333)
w(91,16,2,1333)
w(15,10,2,1334)
r(45,14,2,1334)
r(19,13,2,1335)
r(23,16,2,1335)
r(20,14,2,1336)
r(15,10,2,1336)
r(88,12,2,1337)
w(10,10,2,1337)
w(22,14,2,1338)
w(45,15,2,1338)
w(1,17,2,1339)
r(87,18,2,1339)
r(43,10,2,1340)
w(4,10,2,1340)
r(48,12,2,1341)
w(22,15,2,1341)
w(18,16,2,1342)
r(12,10,2,1342)
r(85,12,2,1343)
r(42,15,2,1343)
r(5,16,2,1344)
r(80,15,2,1344)
w(8,17,2,1345)
r(29,15,2,1345)
w(67,19,2,1346)
r(82,9,2,1346)
r(49,18,2,1347)
w(28,16,2,1347)
w(22,16,2,1348)
w(57,16,2,1348)
w(40,8,2,1349)
w(75,12,2,1349)
r(22,16,2,1350)
w(4,11,2,1350)
w(38,13,2,1351)
r(49,18,2,1351)
w(92,16,2,1352)
r(7,17,2,1352)
r(0,12,2,1353)
w(13,17,2,1353)
r(50,15,2,1354)
r(22,16,2,1354)
r(24,17,2,1355)
r(62,15,2,1355)
r(1,17,2,1356)
w(32,13,2,1356)
w(96,13,2,1357)
w(59,13,2,1357)
w(86,12,2,1358)
w(36,16,2,1358)
r(50,15,2,1359)
w(93,4,2,1359)
r(21,9,2,1360)
r(63,10,2,1360)
r(95,13,2,1361)
r(48,12,2,1361)
r(29,15,2,1362)
r(84,22,2,1362)
w(28,17,2,1363)
r(7,17,2,1363)
w(11,18,2,1364)
w(2,12,2,1364)
r(26,17,2,1365)
r(37,13,2,1365)
r(62,15,2,1366)
r(42,15,2,1366)
r(26,17,2,1367)
w(25,15,2,1367)
r(4,11,2,1368)
r(80,15,2,1368)
r(35,17,2,1369)
w(3,9,2,1369)
r(26,17,2,1370)
w(41,19,2,1370)
r(30,7,2,1371)
r(26,17,2,1371)
r(54,14,2,1372)
w(10,11,2,1372)
w(76,12,2,1373)
r(47,17,2,1373)
r(70,20,2,1374)
r(19,13,2,1374)
r(88,12,2,1375)
r(33,14,2,1375)
r(47,17,2,1376)
w(35,18,2,1376)
w(34,16,2,1377)
w(95,14,2,1377)
r(80,15,2,1378)
r(30,7,2,1378)
r(61,17,2,1379)
r(22,16,2,1379)
r(64,10,2,1380)
r(12,10,2,1380)
w(37,14,2,1381)
r(22,16,2,1381)
r(38,13,2,1382)
r(69,13,2,1382)
w(63,11,2,1383)
w(37,15,2,1383)
w(40,9,2,1384)
r(54,14,2,1384)
w(7,18,2,1385)
w(75,13,2,1385)
r(53,17,2,1386)
r(97,14,2,1386)
r(96,13,2,1387)
w(24,18,2,1387)
r(23,16,2,1388)
w(77,23,2,1388)
w(79,11,2,1389)
r(86,12,2,1389)
r(42,15,2,1390)
r(84,22,2,1390)
r(77,23,2,1391)
r(90,20,2,1391)
r(66,14,2,1392)
w(72,15,2,1392)
r(72,15,2,1393)
w(79,12,2,1393)
w(65,7,2,1394)
r(13,17,2,1394)
w(49,19,2,1395)
w(6,13,2,1395)
r(70,20,2,1396)
r(49,19,2,1396)
w(70,21,2,1397)
w(9,13,2,1397)
w(53,18,2,1398)
w(93,5,2,1398)
r(58,12,2,1399)
r(83,11,2,1399)
r(39,16,2,1400)
r(9,13,2,1400)
w(80,16,2,1401)
r(39,16,2,1401)
r(92,16,2,1402)
r(90,20,2,1402)
w(36,17,2,1403)
r(86,12,2,1403)
w(41,20,2,1404)
r(32,13,2,1404)
r(50,15,2,1405)
r(48,12,2,1405)
r(17,11,2,1406)
w(47,18,2,1406)
r(37,15,2,1407)
r(65,7,2,1407)
r(43,10,2,1408)
r(10,11,2,1408)
w(21,10,2,1409)
r(51,11,2,1409)
r(83,11,2,1410)
r(89,15,2,1410)
r(33,14,2,1411)
w(49,20,2,1411)
w(69,14,2,1412)
r(95,14,2,1412)
r(64,10,2,1413)
r(91,16,2,1413)
w(88,13,2,1414)
r(37,15,2,1414)
r(68,15,2,1415)
r(17,11,2,1415)
w(30,8,2,1416)
w(96,14,2,1416)
r(3,9,2,1417)
r(96,14,2,1417)
r(7,18,2,1418)
w(1,18,2,1418)
r(72,15,2,1419)
r(91,16,2,1419)
w(20,15,2,1420)
w(83,12,2,1420)
w(51,12,2,1421)
w(9,14,2,1421)
w(9,15,2,1422)
r(88,13,2,1422)
w(80,17,2,1423)
r(89,15,2,1423)
w(87,19,2,1424)
r(63,11,2,1424)
r(59,13,2,1425)
r(18,16,2,1425)
r(64,10,2,1426)
w(8,18,2,1426)
r(43,10,2,1427)
r(24,18,2,1427)
w(93,6,2,1428)
w(88,14,2,1428)
w(90,21,2,1429)
w(8,19,2,1429)
w(42,16,2,1430)
r(52,15,2,1430)
r(37,15,2,1431)
w(57,17,2,1431)
r(8,19,2,1432)
w(16,14,2,1432)
w(60,14,2,1433)
r(13,17,2,1433)
w(42,17,2,1434)
r(68,15,2,1434)
w(16,15,2,1435)
w(45,16,2,1435)
r(13,17,2,1436)
w(21,11,2,1436)
r(76,12,2,1437)
r(42,17,2,1437)
w(78,17,2,1438)
r(96,14,2,1438)
w(84,23,2,1439)
r(28,17,2,1439)
w(48,13,2,1440)
r(62,15,2,1440)
r(53,18,2,1441)
w(31,14,2,1441)
r(42,17,2,1442)
w(63,12,2,1442)
w(29,16,2,1443)
r(55,12,2,1443)
r(76,12,2,1444)
w(69,15,2,1444)
r(92,16,2,1445)
w(42,18,2,1445)
w(1,19,2,1446)
r(72,15,2,1446)
w(73,17,2,1447)
w(20,16,2,1447)
w(42,19,2,1448)
w(57,18,2,1448)
w(57,19,2,1449)
r(11,18,2,1449)
r(90,21,2,1450)
r(90,21,2,1450)
r(77,23,2,1451)
r(3,9,2,1451)
r(24,18,2,1452)
w(20,17,2,1452)
r(69,15,2,1453)
r(57,19,2,1453)
r(98,10,2,1454)
w(1,20,2,1454)
w(65,8,2,1455)
r(58,12,2,1455)
w(46,22,2,1456)
w(24,19,2,1456)
w(72,16,2,1457)
w(39,17,2,1457)
w(83,13,2,1458)
w(92,17,2,1458)
w(48,14,2,1459)
w(66,15,2,1459)
r(79,12,2,1460)
w(23,17,2,1460)
r(83,13,2,1461)
w(66,16,2,1461)
w(7,19,2,1462)
w(66,17,2,1462)
r(94,11,2,1463)
w(69,16,2,1463)
w(41,21,2,1464)
r(62,15,2,1464)
w(40,10,2,1465)
w(32,14,2,1465)
r(78,17,2,1466)
w(67,20,2,1466)
w(74,21,2,1467)
r(57,19,2,1467)
w(49,21,2,1468)
w(38,14,2,1468)
w(90,22,2,1469)
r(20,17,2,1469)
r(75,13,2,1470)
r(29,16,2,1470)
r(82,9,2,1471)
r(41,21,2,1471)
r(26,17,2,1472)
w(41,22,2,1472)
w(77,24,2,1473)
r(79,12,2,1473)
w(95,15,2,1474)
w(43,11,2,1474)
w(8,20,2,1475)
w(17,12,2,1475)
w(26,18,2,1476)
w(6,14,2,1476)
w(79,13,2,1477)
r(0,12,2,1477)
r(89,15,2,1478)
w(34,17,2,1478)
w(56,15,2,1479)
w(65,9,2,1479)
r(62,15,2,1480)
r(12,10,2,1480)
r(69,16,2,1481)
r(28,17,2,1481)
r(17,12,2,1482)
r(57,19,2,1482)
r(29,16,2,1483)
r(67,20,2,1483)
r(58,12,2,1484)
w(20,18,2,1484)
r(76,12,2,1485)
r(18,16,2,1485)
r(68,15,2,1486)
r(27,11,2,1486)
w(46,23,2,1487)
r(22,16,2,1487)
r(85,12,2,1488)
r(26,18,2,1488)
r(32,14,2,1489)
w(64,11,2,1489)
w(19,14,2,1490)
w(22,17,2,1490)
r(92,17,2,1491)
w(24,20,2,1491)
r(2,12,2,1492)
w(14,15,2,1492)
r(19,14,2,1493)
w(46,24,2,1493)
w(54,15,2,1494)
w(6,15,2,1494)
w(15,11,2,1495)
w(55,13,2,1495)
r(64,11,2,1496)
r(31,14,2,1496)
r(60,14,2,1497)
w(85,13,2,1497)
w(91,17,2,1498)
r(29,16,2,1498)
w(9,16,2,1499)
w(48,15,2,1499)
