r(30,1,0,0)
r(50,1,0,0)
r(21,1,0,1)
w(37,1,0,1)
w(14,1,0,2)
r(26,1,0,2)
r(10,1,0,3)
r(42,1,0,3)
w(52,1,0,4)
w(43,1,0,4)
w(76,1,0,5)
w(50,1,0,5)
w(57,1,0,6)
w(34,1,0,6)
r(77,1,0,7)
w(27,1,0,7)
r(89,1,0,8)
w(41,1,0,8)
r(45,1,0,9)
w(21,1,0,9)
w(33,1,0,10)
w(13,1,0,10)
r(40,1,0,11)
w(74,1,0,11)
w(51,1,0,12)
w(13,2,0,12)
w(1,1,0,13)
r(97,1,0,13)
w(99,1,0,14)
r(83,1,0,14)
w(17,1,0,15)
w(32,1,0,15)
r(15,1,0,16)
r(5,1,0,16)
w(80,1,0,17)
w(95,1,0,17)
w(93,1,0,18)
r(47,1,0,18)
w(90,1,0,19)
w(4,1,0,19)
r(11,1,0,20)
r(86,1,0,20)
r(62,1,0,21)
r(67,1,0,21)
r(95,1,0,22)
w(1,2,0,22)
w(36,1,0,23)
w(46,1,0,23)
w(25,1,0,24)
r(31,1,0,24)
r(50,1,0,25)
r(53,1,0,25)
w(10,1,0,26)
r(83,1,0,26)
w(28,1,0,27)
w(70,1,0,27)
w(8,1,0,28)
r(57,1,0,28)
w(52,2,0,29)
w(71,1,0,29)
r(17,1,0,30)
r(17,1,0,30)
w(39,1,0,31)
r(21,1,0,31)
r(59,1,0,32)
w(34,2,0,32)
r(67,1,0,33)
w(65,1,0,33)
r(21,1,0,34)
w(33,2,0,34)
r(24,1,0,35)
r(43,1,0,35)
r(72,1,0,36)
w(1,3,0,36)
w(77,1,0,37)
w(93,2,0,37)
r(41,1,0,38)
r(6,1,0,38)
w(61,1,0,39)
r(30,1,0,39)
r(94,1,0,40)
w(74,2,0,40)
r(1,3,0,41)
w(95,2,0,41)
r(87,1,0,42)
w(2,1,0,42)
w(74,3,0,43)
r(96,1,0,43)
r(53,1,0,44)
w(57,2,0,44)
r(90,1,0,45)
r(34,2,0,45)
w(11,1,0,46)
w(61,2,0,46)
r(67,1,0,47)
r(33,2,0,47)
r(30,1,0,48)
w(5,1,0,48)
r(29,1,0,49)
r(72,1,0,49)
w(8,2,0,50)
w(6,1,0,50)
r(15,1,0,51)
w(97,1,0,51)
r(32,1,0,52)
w(10,2,0,52)
w(95,3,0,53)
r(30,1,0,53)
w(55,1,0,54)
w(76,2,0,54)
w(28,2,0,55)
r(1,3,0,55)
w(46,2,0,56)
w(32,2,0,56)
r(28,2,0,57)
w(91,1,0,57)
r(59,1,0,58)
w(54,1,0,58)
w(81,1,0,59)
w(79,1,0,59)
w(64,1,0,60)
r(41,1,0,60)
r(86,1,0,61)
w(89,1,0,61)
w(26,1,0,62)
w(83,1,0,62)
w(16,1,0,63)
w(85,1,0,63)
r(9,1,0,64)
w(99,2,0,64)
r(74,3,0,65)
w(40,1,0,65)
w(9,1,0,66)
r(17,1,0,66)
r(79,1,0,67)
w(67,1,0,67)
r(91,1,0,68)
r(85,1,0,68)
r(20,1,0,69)
w(19,1,0,69)
r(64,1,0,70)
r(64,1,0,70)
r(0,1,0,71)
w(15,1,0,71)
r(23,1,0,72)
r(49,1,0,72)
r(89,1,0,73)
r(33,2,0,73)
w(2,2,0,74)
r(60,1,0,74)
r(2,2,0,75)
r(57,2,0,75)
w(95,4,0,76)
w(20,1,0,76)
r(72,1,0,77)
w(5,2,0,77)
r(25,1,0,78)
w(33,3,0,78)
r(32,2,0,79)
r(24,1,0,79)
w(62,1,0,80)
r(8,2,0,80)
w(30,1,0,81)
w(91,2,0,81)
r(49,1,0,82)
w(45,1,0,82)
w(62,2,0,83)
w(8,3,0,83)
r(41,1,0,84)
r(5,2,0,84)
w(24,1,0,85)
w(91,3,0,85)
r(88,1,0,86)
r(2,2,0,86)
r(78,1,0,87)
r(73,1,0,87)
w(58,1,0,88)
r(97,1,0,88)
r(46,2,0,89)
w(73,1,0,89)
w(66,1,0,90)
r(50,1,0,90)
w(49,1,0,91)
w(48,1,0,91)
r(97,1,0,92)
r(66,1,0,92)
w(91,4,0,93)
r(57,2,0,93)
r(25,1,0,94)
w(68,1,0,94)
w(3,1,0,95)
w(10,3,0,95)
r(44,1,0,96)
w(97,2,0,96)
r(64,1,0,97)
w(49,2,0,97)
w(68,2,0,98)
w(34,3,0,98)
w(86,1,0,99)
r(91,4,0,99)
r(48,1,0,100)
r(49,2,0,100)
r(57,2,0,101)
w(73,2,0,101)
r(94,1,0,102)
r(6,1,0,102)
r(72,1,0,103)
r(19,1,0,103)
w(77,2,0,104)
w(37,2,0,104)
r(94,1,0,105)
w(7,1,0,105)
w(26,2,0,106)
w(1,4,0,106)
r(6,1,0,107)
r(62,2,0,107)
r(83,1,0,108)
w(49,3,0,108)
r(97,2,0,109)
w(69,1,0,109)
r(14,1,0,110)
r(39,1,0,110)
r(88,1,0,111)
r(24,1,0,111)
w(87,1,0,112)
r(69,1,0,112)
r(69,1,0,113)
r(5,2,0,113)
r(11,1,0,114)
w(79,2,0,114)
r(73,2,0,115)
w(20,2,0,115)
r(87,1,0,116)
r(87,1,0,116)
r(44,1,0,117)
r(21,1,0,117)
r(6,1,0,118)
w(44,1,0,118)
r(22,1,0,119)
w(77,3,0,119)
r(45,1,0,120)
r(57,2,0,120)
r(38,1,0,121)
w(9,2,0,121)
r(80,1,0,122)
r(64,1,0,122)
r(42,1,0,123)
r(46,2,0,123)
w(7,2,0,124)
r(71,1,0,124)
w(50,2,0,125)
w(52,3,0,125)
r(46,2,0,126)
r(27,1,0,126)
r(18,1,0,127)
r(30,1,0,127)
w(75,1,0,128)
w(25,2,0,128)
w(66,2,0,129)
r(35,1,0,129)
r(69,1,0,130)
w(68,3,0,130)
w(57,3,0,131)
r(91,4,0,131)
w(14,2,0,132)
w(42,1,0,132)
w(14,3,0,133)
w(30,2,0,133)
w(24,2,0,134)
r(8,3,0,134)
w(47,1,0,135)
w(1,5,0,135)
w(38,1,0,136)
w(32,3,0,136)
w(20,3,0,137)
r(47,1,0,137)
w(94,1,0,138)
r(7,2,0,138)
w(14,4,0,139)
r(39,1,0,139)
r(26,2,0,140)
w(31,1,0,140)
r(10,3,0,141)
r(30,2,0,141)
r(80,1,0,142)
w(70,2,0,142)
r(41,1,0,143)
w(76,3,0,143)
w(40,2,0,144)
w(47,2,0,144)
r(25,2,0,145)
r(13,2,0,145)
r(15,1,0,146)
r(7,2,0,146)
r(22,1,0,147)
w(6,2,0,147)
r(72,1,0,148)
r(71,1,0,148)
r(85,1,0,149)
w(39,2,0,149)
r(31,1,0,150)
w(34,4,0,150)
w(35,1,0,151)
w(9,3,0,151)
w(71,2,0,152)
r(4,1,0,152)
w(10,4,0,153)
w(45,2,0,153)
r(98,1,0,154)
r(6,2,0,154)
r(72,1,0,155)
r(52,3,0,155)
r(72,1,0,156)
r(49,3,0,156)
r(23,1,0,157)
r(39,2,0,157)
w(89,2,0,158)
r(26,2,0,158)
w(50,3,0,159)
r(35,1,0,159)
w(85,2,0,160)
r(86,1,0,160)
r(30,2,0,161)
r(60,1,0,161)
r(25,2,0,162)
w(29,1,0,162)
w(32,4,0,163)
r(31,1,0,163)
w(34,5,0,164)
r(0,1,0,164)
r(19,1,0,165)
w(31,2,0,165)
r(20,3,0,166)
r(84,1,0,166)
w(16,2,0,167)
w(63,1,0,167)
r(45,2,0,168)
w(90,2,0,168)
w(34,6,0,169)
w(19,2,0,169)
r(1,5,0,170)
r(32,4,0,170)
w(22,1,0,171)
r(31,2,0,171)
w(44,2,0,172)
w(63,2,0,172)
r(13,2,0,173)
w(80,2,0,173)
r(53,1,0,174)
w(2,3,0,174)
r(92,1,0,175)
r(31,2,0,175)
r(96,1,0,176)
r(96,1,0,176)
r(78,1,0,177)
w(74,4,0,177)
w(26,3,0,178)
w(73,3,0,178)
r(51,1,0,179)
r(26,3,0,179)
w(14,5,0,180)
r(45,2,0,180)
r(35,1,0,181)
r(60,1,0,181)
w(94,2,0,182)
r(93,2,0,182)
r(39,2,0,183)
w(77,4,0,183)
w(86,2,0,184)
w(5,3,0,184)
w(70,3,0,185)
w(25,3,0,185)
r(37,2,0,186)
w(33,4,0,186)
r(61,2,0,187)
w(53,1,0,187)
w(47,3,0,188)
r(25,3,0,188)
w(74,5,0,189)
w(15,2,0,189)
r(13,2,0,190)
r(32,4,0,190)
w(48,2,0,191)
r(96,1,0,191)
r(11,1,0,192)
r(27,1,0,192)
r(30,2,0,193)
w(27,2,0,193)
r(14,5,0,194)
r(1,5,0,194)
w(82,1,0,195)
r(13,2,0,195)
r(24,2,0,196)
r(49,3,0,196)
w(95,5,0,197)
r(15,2,0,197)
r(79,2,0,198)
w(50,4,0,198)
r(40,2,0,199)
w(57,4,0,199)
w(71,3,0,200)
r(85,2,0,200)
r(86,2,0,201)
r(0,1,0,201)
r(8,3,0,202)
r(28,2,0,202)
w(74,6,0,203)
r(48,2,0,203)
w(85,3,0,204)
w(79,3,0,204)
r(12,1,0,205)
r(83,1,0,205)
r(81,1,0,206)
r(90,2,0,206)
w(64,2,0,207)
w(48,3,0,207)
w(8,4,0,208)
w(3,2,0,208)
w(24,3,0,209)
r(38,1,0,209)
w(49,4,0,210)
r(59,1,0,210)
w(68,4,0,211)
r(18,1,0,211)
w(6,3,0,212)
r(32,4,0,212)
w(12,1,0,213)
r(60,1,0,213)
r(33,4,0,214)
r(27,2,0,214)
r(9,3,0,215)
r(69,1,0,215)
w(72,1,0,216)
w(50,5,0,216)
r(56,1,0,217)
r(47,3,0,217)
w(32,5,0,218)
w(91,5,0,218)
w(77,5,0,219)
w(16,3,0,219)
w(75,2,0,220)
r(40,2,0,220)
w(21,2,0,221)
r(62,2,0,221)
r(97,2,0,222)
w(16,4,0,222)
w(45,3,0,223)
r(68,4,0,223)
w(37,3,0,224)
w(60,1,0,224)
r(77,5,0,225)
w(7,3,0,225)
r(59,1,0,226)
w(2,4,0,226)
r(99,2,0,227)
w(17,2,0,227)
r(15,2,0,228)
r(23,1,0,228)
r(71,3,0,229)
r(65,1,0,229)
w(1,6,0,230)
w(40,3,0,230)
r(37,3,0,231)
r(35,1,0,231)
r(13,2,0,232)
w(24,4,0,232)
w(10,5,0,233)
r(35,1,0,233)
w(85,4,0,234)
r(30,2,0,234)
r(39,2,0,235)
w(97,3,0,235)
w(67,2,0,236)
w(8,5,0,236)
w(95,6,0,237)
w(32,6,0,237)
w(5,4,0,238)
r(55,1,0,238)
r(41,1,0,239)
w(54,2,0,239)
w(56,1,0,240)
r(58,1,0,240)
r(85,4,0,241)
w(27,3,0,241)
r(60,1,0,242)
r(94,2,0,242)
w(37,4,0,243)
w(73,4,0,243)
r(36,1,0,244)
r(17,2,0,244)
r(3,2,0,245)
w(29,2,0,245)
w(25,4,0,246)
r(29,2,0,246)
w(10,6,0,247)
r(98,1,0,247)
r(36,1,0,248)
w(74,7,0,248)
w(90,3,0,249)
w(11,2,0,249)
r(16,4,0,250)
w(23,1,0,250)
r(25,4,0,251)
r(77,5,0,251)
w(80,3,0,252)
w(84,1,0,252)
r(34,6,0,253)
r(20,3,0,253)
r(18,1,0,254)
r(64,2,0,254)
w(2,5,0,255)
w(21,3,0,255)
w(90,4,0,256)
r(24,4,0,256)
r(98,1,0,257)
r(82,1,0,257)
r(71,3,0,258)
w(89,3,0,258)
w(3,3,0,259)
r(26,3,0,259)
w(76,4,0,260)
w(17,3,0,260)
w(99,3,0,261)
r(36,1,0,261)
w(80,4,0,262)
w(92,1,0,262)
w(4,2,0,263)
r(94,2,0,263)
r(68,4,0,264)
w(32,7,0,264)
w(6,4,0,265)
r(86,2,0,265)
w(27,4,0,266)
r(35,1,0,266)
w(71,4,0,267)
w(22,2,0,267)
r(36,1,0,268)
w(56,2,0,268)
w(23,2,0,269)
w(79,4,0,269)
r(5,4,0,270)
r(99,3,0,270)
r(64,2,0,271)
r(6,4,0,271)
r(93,2,0,272)
r(66,2,0,272)
w(30,3,0,273)
r(48,3,0,273)
r(7,3,0,274)
r(26,3,0,274)
r(65,1,0,275)
w(10,7,0,275)
r(54,2,0,276)
r(53,1,0,276)
r(43,1,0,277)
w(44,3,0,277)
r(70,3,0,278)
r(37,4,0,278)
w(73,5,0,279)
w(63,3,0,279)
w(68,5,0,280)
w(19,3,0,280)
r(98,1,0,281)
w(74,8,0,281)
r(19,3,0,282)
w(75,3,0,282)
w(14,6,0,283)
w(15,3,0,283)
r(75,3,0,284)
r(75,3,0,284)
w(48,4,0,285)
r(48,4,0,285)
r(34,6,0,286)
w(56,3,0,286)
r(80,4,0,287)
r(18,1,0,287)
w(61,3,0,288)
r(94,2,0,288)
r(31,2,0,289)
w(3,4,0,289)
w(75,4,0,290)
r(3,4,0,290)
w(45,4,0,291)
r(84,1,0,291)
w(24,5,0,292)
r(20,3,0,292)
w(0,1,0,293)
r(31,2,0,293)
r(79,4,0,294)
r(69,1,0,294)
r(29,2,0,295)
r(90,4,0,295)
r(68,5,0,296)
r(89,3,0,296)
r(84,1,0,297)
r(14,6,0,297)
r(61,3,0,298)
r(2,5,0,298)
w(85,5,0,299)
w(77,6,0,299)
r(67,2,0,300)
r(12,1,0,300)
r(21,3,0,301)
r(20,3,0,301)
r(14,6,0,302)
r(50,5,0,302)
r(78,1,0,303)
r(52,3,0,303)
r(92,1,0,304)
w(85,6,0,304)
r(51,1,0,305)
r(51,1,0,305)
r(78,1,0,306)
r(37,4,0,306)
r(33,4,0,307)
w(66,3,0,307)
w(81,2,0,308)
w(89,4,0,308)
w(35,2,0,309)
w(81,3,0,309)
w(17,4,0,310)
w(17,5,0,310)
w(22,3,0,311)
r(45,4,0,311)
r(39,2,0,312)
w(31,3,0,312)
r(76,4,0,313)
r(34,6,0,313)
r(13,2,0,314)
w(34,7,0,314)
r(94,2,0,315)
w(68,6,0,315)
r(38,1,0,316)
w(63,4,0,316)
r(24,5,0,317)
r(99,3,0,317)
r(58,1,0,318)
r(30,3,0,318)
w(15,4,0,319)
w(26,4,0,319)
r(63,4,0,320)
w(99,4,0,320)
w(68,7,0,321)
r(93,2,0,321)
r(49,4,0,322)
r(56,3,0,322)
r(38,1,0,323)
w(67,3,0,323)
w(57,5,0,324)
w(33,5,0,324)
w(25,5,0,325)
r(85,6,0,325)
r(20,3,0,326)
r(8,5,0,326)
r(27,4,0,327)
r(51,1,0,327)
w(49,5,0,328)
w(53,2,0,328)
w(94,3,0,329)
r(6,4,0,329)
r(94,3,0,330)
r(35,2,0,330)
r(75,4,0,331)
r(4,2,0,331)
r(21,3,0,332)
r(3,4,0,332)
w(0,2,0,333)
w(29,3,0,333)
w(65,2,0,334)
w(24,6,0,334)
r(89,4,0,335)
w(29,4,0,335)
w(53,3,0,336)
r(43,1,0,336)
w(31,4,0,337)
w(17,6,0,337)
w(79,5,0,338)
w(59,1,0,338)
w(75,5,0,339)
w(51,2,0,339)
r(70,3,0,340)
r(11,2,0,340)
w(60,2,0,341)
r(66,3,0,341)
r(58,1,0,342)
r(65,2,0,342)
w(18,1,0,343)
r(95,6,0,343)
w(53,4,0,344)
r(27,4,0,344)
w(77,7,0,345)
w(62,3,0,345)
r(36,1,0,346)
r(64,2,0,346)
w(59,2,0,347)
r(4,2,0,347)
r(60,2,0,348)
w(96,1,0,348)
w(41,2,0,349)
r(29,4,0,349)
w(6,5,0,350)
r(99,4,0,350)
w(44,4,0,351)
r(42,1,0,351)
w(38,2,0,352)
w(73,6,0,352)
r(31,4,0,353)
w(25,6,0,353)
w(86,3,0,354)
w(74,9,0,354)
w(44,5,0,355)
w(37,5,0,355)
w(37,6,0,356)
w(3,5,0,356)
r(9,3,0,357)
w(77,8,0,357)
w(7,4,0,358)
w(71,5,0,358)
r(76,4,0,359)
r(1,6,0,359)
w(44,6,0,360)
w(30,4,0,360)
w(62,4,0,361)
r(69,1,0,361)
w(28,3,0,362)
w(45,5,0,362)
w(76,5,0,363)
w(5,5,0,363)
r(64,2,0,364)
r(74,9,0,364)
r(47,3,0,365)
r(18,1,0,365)
r(86,3,0,366)
r(37,6,0,366)
w(29,5,0,367)
w(35,3,0,367)
r(69,1,0,368)
r(45,5,0,368)
r(3,5,0,369)
w(39,3,0,369)
r(98,1,0,370)
w(60,3,0,370)
w(78,1,0,371)
r(25,6,0,371)
w(36,2,0,372)
r(7,4,0,372)
w(21,4,0,373)
w(46,3,0,373)
w(73,7,0,374)
r(24,6,0,374)
w(75,6,0,375)
w(85,7,0,375)
w(34,8,0,376)
w(91,6,0,376)
w(15,5,0,377)
r(55,1,0,377)
r(57,5,0,378)
w(23,3,0,378)
w(31,5,0,379)
w(32,8,0,379)
r(20,3,0,380)
r(92,1,0,380)
w(21,5,0,381)
r(47,3,0,381)
w(66,4,0,382)
w(79,6,0,382)
w(16,5,0,383)
r(31,5,0,383)
w(71,6,0,384)
w(81,4,0,384)
w(36,3,0,385)
w(78,2,0,385)
r(17,6,0,386)
r(78,2,0,386)
w(62,5,0,387)
w(48,5,0,387)
w(95,7,0,388)
w(79,7,0,388)
w(3,6,0,389)
w(82,2,0,389)
w(42,2,0,390)
r(65,2,0,390)
w(69,2,0,391)
w(85,8,0,391)
w(4,3,0,392)
r(88,1,0,392)
w(42,3,0,393)
r(22,3,0,393)
w(49,6,0,394)
w(2,6,0,394)
r(37,6,0,395)
r(58,1,0,395)
r(54,2,0,396)
r(67,3,0,396)
r(82,2,0,397)
r(73,7,0,397)
r(19,3,0,398)
w(6,6,0,398)
r(74,9,0,399)
r(59,2,0,399)
r(90,4,0,400)
w(86,4,0,400)
r(57,5,0,401)
r(74,9,0,401)
r(44,6,0,402)
w(99,5,0,402)
w(20,4,0,403)
r(20,4,0,403)
w(83,2,0,404)
r(37,6,0,404)
r(29,5,0,405)
w(83,3,0,405)
r(57,5,0,406)
r(77,8,0,406)
w(97,4,0,407)
r(0,2,0,407)
r(34,8,0,408)
r(0,2,0,408)
w(53,5,0,409)
r(62,5,0,409)
w(11,3,0,410)
w(12,2,0,410)
w(99,6,0,411)
r(92,1,0,411)
w(29,6,0,412)
w(65,3,0,412)
r(65,3,0,413)
r(4,3,0,413)
w(65,4,0,414)
w(50,6,0,414)
r(2,6,0,415)
w(80,5,0,415)
w(79,8,0,416)
r(13,2,0,416)
w(36,4,0,417)
r(25,6,0,417)
w(48,6,0,418)
r(86,4,0,418)
w(32,9,0,419)
w(88,1,0,419)
r(13,2,0,420)
r(69,2,0,420)
w(76,6,0,421)
r(20,4,0,421)
r(25,6,0,422)
r(96,1,0,422)
w(19,4,0,423)
w(18,2,0,423)
w(92,2,0,424)
w(48,7,0,424)
r(87,1,0,425)
r(5,5,0,425)
w(82,3,0,426)
r(78,2,0,426)
r(68,7,0,427)
w(38,3,0,427)
r(49,6,0,428)
r(83,3,0,428)
w(44,7,0,429)
r(72,1,0,429)
r(53,5,0,430)
r(27,4,0,430)
r(31,5,0,431)
w(32,10,0,431)
r(38,3,0,432)
w(81,5,0,432)
w(98,1,0,433)
w(10,8,0,433)
w(29,7,0,434)
r(11,3,0,434)
r(82,3,0,435)
w(48,8,0,435)
w(58,2,0,436)
w(16,6,0,436)
r(43,1,0,437)
r(13,2,0,437)
w(47,4,0,438)
w(1,7,0,438)
w(40,4,0,439)
w(39,4,0,439)
w(11,4,0,440)
w(90,5,0,440)
w(67,4,0,441)
r(42,3,0,441)
r(85,8,0,442)
w(92,3,0,442)
r(90,5,0,443)
w(64,3,0,443)
r(97,4,0,444)
r(13,2,0,444)
r(37,6,0,445)
r(58,2,0,445)
w(21,6,0,446)
w(1,8,0,446)
r(91,6,0,447)
w(37,7,0,447)
w(69,3,0,448)
r(64,3,0,448)
w(40,5,0,449)
w(43,2,0,449)
r(10,8,0,450)
w(40,6,0,450)
w(9,4,0,451)
r(14,6,0,451)
r(69,3,0,452)
w(63,5,0,452)
w(3,7,0,453)
r(32,10,0,453)
r(13,2,0,454)
r(22,3,0,454)
r(89,4,0,455)
r(30,4,0,455)
r(35,3,0,456)
r(31,5,0,456)
r(58,2,0,457)
r(46,3,0,457)
r(91,6,0,458)
r(22,3,0,458)
r(34,8,0,459)
w(92,4,0,459)
r(48,8,0,460)
w(43,3,0,460)
w(48,9,0,461)
r(46,3,0,461)
r(22,3,0,462)
r(61,3,0,462)
w(77,9,0,463)
r(50,6,0,463)
w(35,4,0,464)
r(11,4,0,464)
w(83,4,0,465)
r(47,4,0,465)
w(82,4,0,466)
r(14,6,0,466)
w(31,6,0,467)
w(4,4,0,467)
r(33,5,0,468)
w(53,6,0,468)
r(96,1,0,469)
r(35,4,0,469)
w(94,4,0,470)
r(31,6,0,470)
r(84,1,0,471)
r(53,6,0,471)
r(16,6,0,472)
w(27,5,0,472)
w(97,5,0,473)
r(68,7,0,473)
r(61,3,0,474)
r(42,3,0,474)
r(7,4,0,475)
w(36,5,0,475)
r(16,6,0,476)
r(25,6,0,476)
w(32,11,0,477)
w(4,5,0,477)
w(8,6,0,478)
w(24,7,0,478)
w(60,4,0,479)
w(95,8,0,479)
r(12,2,0,480)
w(96,2,0,480)
w(23,4,0,481)
w(74,10,0,481)
r(15,5,0,482)
r(15,5,0,482)
w(24,8,0,483)
w(42,4,0,483)
r(4,5,0,484)
w(72,2,0,484)
w(36,6,0,485)
r(93,2,0,485)
w(45,6,0,486)
w(79,9,0,486)
w(94,5,0,487)
r(93,2,0,487)
r(59,2,0,488)
w(22,4,0,488)
w(21,7,0,489)
r(52,3,0,489)
w(49,7,0,490)
r(86,4,0,490)
w(38,4,0,491)
r(91,6,0,491)
r(23,4,0,492)
w(81,6,0,492)
w(48,10,0,493)
r(52,3,0,493)
r(10,8,0,494)
r(12,2,0,494)
w(2,7,0,495)
r(77,9,0,495)
w(50,7,0,496)
w(13,3,0,496)
w(12,3,0,497)
w(14,7,0,497)
w(3,8,0,498)
r(77,9,0,498)
r(77,9,0,499)
r(23,4,0,499)
r(63,5,1,500)
r(78,2,1,500)
w(99,7,1,501)
w(84,2,1,501)
r(58,2,1,502)
r(38,4,1,502)
r(86,4,1,503)
w(41,3,1,503)
w(12,4,1,504)
w(64,4,1,504)
w(71,7,1,505)
r(18,2,1,505)
w(62,6,1,506)
r(27,5,1,506)
w(35,5,1,507)
w(67,5,1,507)
w(34,9,1,508)
r(75,6,1,508)
r(45,6,1,509)
w(74,11,1,509)
r(78,2,1,510)
r(83,4,1,510)
r(32,11,1,511)
r(94,5,1,511)
w(83,5,1,512)
r(57,5,1,512)
w(5,6,1,513)
r(2,7,1,513)
r(24,8,1,514)
w(83,6,1,514)
r(57,5,1,515)
w(29,8,1,515)
w(35,6,1,516)
r(6,6,1,516)
r(15,5,1,517)
r(51,2,1,517)
w(2,8,1,518)
w(69,4,1,518)
w(67,6,1,519)
r(33,5,1,519)
r(48,10,1,520)
r(87,1,1,520)
w(57,6,1,521)
r(95,8,1,521)
w(81,7,1,522)
w(70,4,1,522)
r(2,8,1,523)
w(79,10,1,523)
r(83,6,1,524)
w(89,5,1,524)
w(56,4,1,525)
w(9,5,1,525)
r(48,10,1,526)
w(99,8,1,526)
w(19,5,1,527)
w(35,7,1,527)
r(72,2,1,528)
r(54,2,1,528)
w(17,7,1,529)
w(41,4,1,529)
w(82,5,1,530)
w(48,11,1,530)
r(10,8,1,531)
r(98,1,1,531)
w(74,12,1,532)
w(32,12,1,532)
w(35,8,1,533)
r(76,6,1,533)
w(43,4,1,534)
w(85,9,1,534)
r(31,6,1,535)
w(66,5,1,535)
w(17,8,1,536)
r(30,4,1,536)
r(36,6,1,537)
r(70,4,1,537)
w(10,9,1,538)
w(59,3,1,538)
r(72,2,1,539)
r(30,4,1,539)
w(36,7,1,540)
r(70,4,1,540)
r(68,7,1,541)
w(33,6,1,541)
w(24,9,1,542)
w(35,9,1,542)
r(58,2,1,543)
w(47,5,1,543)
r(92,4,1,544)
w(54,3,1,544)
w(22,5,1,545)
r(97,5,1,545)
w(27,6,1,546)
w(39,5,1,546)
w(99,9,1,547)
w(24,10,1,547)
w(8,7,1,548)
w(41,5,1,548)
w(61,4,1,549)
w(16,7,1,549)
w(5,7,1,550)
w(36,8,1,550)
r(64,4,1,551)
w(96,3,1,551)
r(28,3,1,552)
w(59,4,1,552)
r(6,6,1,553)
w(37,8,1,553)
w(56,5,1,554)
r(81,7,1,554)
w(95,9,1,555)
w(34,10,1,555)
w(85,10,1,556)
r(2,8,1,556)
w(99,10,1,557)
w(97,6,1,557)
w(10,10,1,558)
w(26,5,1,558)
r(66,5,1,559)
w(0,3,1,559)
w(6,7,1,560)
w(19,6,1,560)
r(0,3,1,561)
r(68,7,1,561)
w(98,2,1,562)
w(23,5,1,562)
w(62,7,1,563)
r(20,4,1,563)
r(45,6,1,564)
w(85,11,1,564)
w(93,3,1,565)
w(89,6,1,565)
w(66,6,1,566)
w(76,7,1,566)
r(75,6,1,567)
w(79,11,1,567)
w(17,9,1,568)
r(8,7,1,568)
r(75,6,1,569)
w(56,6,1,569)
r(54,3,1,570)
r(5,7,1,570)
r(41,5,1,571)
w(50,8,1,571)
r(16,7,1,572)
r(68,7,1,572)
w(13,4,1,573)
r(85,11,1,573)
r(82,5,1,574)
w(89,7,1,574)
r(0,3,1,575)
r(40,6,1,575)
r(31,6,1,576)
w(49,8,1,576)
w(34,11,1,577)
r(45,6,1,577)
r(64,4,1,578)
w(58,3,1,578)
r(7,4,1,579)
w(43,5,1,579)
w(60,5,1,580)
w(17,10,1,580)
w(80,6,1,581)
w(41,6,1,581)
r(47,5,1,582)
r(76,7,1,582)
r(3,8,1,583)
w(12,5,1,583)
r(55,1,1,584)
r(55,1,1,584)
w(85,12,1,585)
r(31,6,1,585)
r(95,9,1,586)
r(62,7,1,586)
r(4,5,1,587)
w(55,2,1,587)
r(35,9,1,588)
w(91,7,1,588)
r(55,2,1,589)
w(10,11,1,589)
r(38,4,1,590)
w(30,5,1,590)
w(8,8,1,591)
w(91,8,1,591)
w(58,4,1,592)
w(33,7,1,592)
w(80,7,1,593)
r(48,11,1,593)
w(9,6,1,594)
r(15,5,1,594)
r(94,5,1,595)
w(21,8,1,595)
w(94,6,1,596)
r(42,4,1,596)
r(91,8,1,597)
w(25,7,1,597)
w(92,5,1,598)
w(77,10,1,598)
w(24,11,1,599)
w(76,8,1,599)
w(91,9,1,600)
w(47,6,1,600)
r(46,3,1,601)
r(21,8,1,601)
w(32,13,1,602)
r(9,6,1,602)
r(6,7,1,603)
r(70,4,1,603)
w(93,4,1,604)
w(46,4,1,604)
r(72,2,1,605)
w(30,6,1,605)
r(36,8,1,606)
r(88,1,1,606)
r(4,5,1,607)
r(20,4,1,607)
w(30,7,1,608)
r(83,6,1,608)
r(29,8,1,609)
r(63,5,1,609)
r(29,8,1,610)
r(32,13,1,610)
r(99,10,1,611)
r(80,7,1,611)
w(15,6,1,612)
r(94,6,1,612)
w(15,7,1,613)
r(5,7,1,613)
w(73,8,1,614)
w(18,3,1,614)
r(3,8,1,615)
w(50,9,1,615)
r(50,9,1,616)
r(41,6,1,616)
r(96,3,1,617)
w(43,6,1,617)
r(84,2,1,618)
w(24,12,1,618)
w(4,6,1,619)
r(15,7,1,619)
w(35,10,1,620)
r(48,11,1,620)
w(64,5,1,621)
w(85,13,1,621)
r(47,6,1,622)
r(40,6,1,622)
w(88,2,1,623)
w(19,7,1,623)
w(41,7,1,624)
w(62,8,1,624)
r(52,3,1,625)
r(24,12,1,625)
r(84,2,1,626)
r(3,8,1,626)
r(3,8,1,627)
w(63,6,1,627)
w(22,6,1,628)
r(14,7,1,628)
r(57,6,1,629)
r(39,5,1,629)
w(66,7,1,630)
w(29,9,1,630)
r(78,2,1,631)
r(42,4,1,631)
w(56,7,1,632)
r(65,4,1,632)
w(56,8,1,633)
r(6,7,1,633)
w(42,5,1,634)
r(75,6,1,634)
w(95,10,1,635)
r(20,4,1,635)
w(32,14,1,636)
r(23,5,1,636)
r(56,8,1,637)
w(30,8,1,637)
w(54,4,1,638)
w(41,8,1,638)
r(17,10,1,639)
r(72,2,1,639)
r(54,4,1,640)
r(77,10,1,640)
r(0,3,1,641)
r(40,6,1,641)
w(5,8,1,642)
w(8,9,1,642)
r(94,6,1,643)
w(7,5,1,643)
w(57,7,1,644)
w(90,6,1,644)
w(55,3,1,645)
r(61,4,1,645)
w(7,6,1,646)
r(50,9,1,646)
w(67,7,1,647)
r(28,3,1,647)
r(47,6,1,648)
r(81,7,1,648)
w(26,6,1,649)
w(17,11,1,649)
w(37,9,1,650)
r(13,4,1,650)
w(75,7,1,651)
w(43,7,1,651)
w(55,4,1,652)
r(8,9,1,652)
r(87,1,1,653)
r(71,7,1,653)
w(45,7,1,654)
w(21,9,1,654)
r(83,6,1,655)
w(18,4,1,655)
w(15,8,1,656)
w(72,3,1,656)
r(38,4,1,657)
w(0,4,1,657)
w(85,14,1,658)
r(3,8,1,658)
w(12,6,1,659)
w(76,9,1,659)
r(49,8,1,660)
w(72,4,1,660)
r(47,6,1,661)
r(3,8,1,661)
w(35,11,1,662)
w(82,6,1,662)
r(26,6,1,663)
r(55,4,1,663)
r(15,8,1,664)
r(26,6,1,664)
w(48,12,1,665)
r(44,7,1,665)
w(7,7,1,666)
w(26,7,1,666)
w(77,11,1,667)
r(77,11,1,667)
w(35,12,1,668)
w(3,9,1,668)
r(38,4,1,669)
w(82,7,1,669)
w(34,12,1,670)
r(24,12,1,670)
r(5,8,1,671)
w(54,5,1,671)
r(1,8,1,672)
r(69,4,1,672)
r(2,8,1,673)
w(18,5,1,673)
r(20,4,1,674)
r(68,7,1,674)
w(55,5,1,675)
w(75,8,1,675)
w(64,6,1,676)
r(14,7,1,676)
r(70,4,1,677)
r(7,7,1,677)
w(96,4,1,678)
w(70,5,1,678)
r(10,11,1,679)
w(86,5,1,679)
w(86,6,1,680)
w(24,13,1,680)
r(53,6,1,681)
w(58,5,1,681)
r(74,12,1,682)
r(21,9,1,682)
r(28,3,1,683)
r(62,8,1,683)
w(72,5,1,684)
w(74,13,1,684)
w(86,7,1,685)
r(84,2,1,685)
w(66,8,1,686)
w(79,12,1,686)
w(12,7,1,687)
r(54,5,1,687)
r(96,4,1,688)
w(4,7,1,688)
r(41,8,1,689)
r(99,10,1,689)
r(80,7,1,690)
w(65,5,1,690)
w(39,6,1,691)
w(92,6,1,691)
w(44,8,1,692)
w(43,8,1,692)
w(40,7,1,693)
w(82,8,1,693)
r(58,5,1,694)
r(54,5,1,694)
r(25,7,1,695)
w(54,6,1,695)
w(11,5,1,696)
w(86,8,1,696)
w(41,9,1,697)
w(42,6,1,697)
w(55,6,1,698)
r(16,7,1,698)
w(93,5,1,699)
w(3,10,1,699)
w(47,7,1,700)
w(72,6,1,700)
r(0,4,1,701)
r(77,11,1,701)
w(77,12,1,702)
w(85,15,1,702)
r(64,6,1,703)
w(62,9,1,703)
r(26,7,1,704)
r(8,9,1,704)
r(41,9,1,705)
w(40,8,1,705)
r(33,7,1,706)
w(71,8,1,706)
w(79,13,1,707)
w(51,3,1,707)
w(38,5,1,708)
w(66,9,1,708)
r(31,6,1,709)
r(90,6,1,709)
r(1,8,1,710)
r(23,5,1,710)
w(32,15,1,711)
w(18,6,1,711)
w(71,9,1,712)
w(56,9,1,712)
r(15,8,1,713)
r(64,6,1,713)
w(1,9,1,714)
w(53,7,1,714)
r(54,6,1,715)
r(24,13,1,715)
r(81,7,1,716)
r(36,8,1,716)
r(67,7,1,717)
r(12,7,1,717)
r(72,6,1,718)
w(48,13,1,718)
w(98,3,1,719)
w(3,11,1,719)
r(29,9,1,720)
r(33,7,1,720)
w(38,6,1,721)
r(4,7,1,721)
r(38,6,1,722)
w(11,6,1,722)
w(15,9,1,723)
r(90,6,1,723)
r(58,5,1,724)
w(72,7,1,724)
w(48,14,1,725)
w(63,7,1,725)
r(72,7,1,726)
w(54,7,1,726)
w(9,7,1,727)
w(43,9,1,727)
r(57,7,1,728)
w(3,12,1,728)
w(14,8,1,729)
w(11,7,1,729)
w(67,8,1,730)
w(97,7,1,730)
r(18,6,1,731)
w(66,10,1,731)
w(26,8,1,732)
w(93,6,1,732)
w(12,8,1,733)
r(54,7,1,733)
r(32,15,1,734)
r(7,7,1,734)
w(93,7,1,735)
r(4,7,1,735)
r(16,7,1,736)
w(11,8,1,736)
r(58,5,1,737)
r(25,7,1,737)
w(80,8,1,738)
w(69,5,1,738)
r(81,7,1,739)
w(2,9,1,739)
r(57,7,1,740)
r(55,6,1,740)
w(82,9,1,741)
r(48,14,1,741)
r(64,6,1,742)
w(11,9,1,742)
r(29,9,1,743)
w(86,9,1,743)
w(41,10,1,744)
r(39,6,1,744)
w(87,2,1,745)
r(34,12,1,745)
w(62,10,1,746)
w(12,9,1,746)
r(52,3,1,747)
w(16,8,1,747)
w(73,9,1,748)
r(36,8,1,748)
w(92,7,1,749)
r(3,12,1,749)
r(16,8,1,750)
r(2,9,1,750)
w(65,6,1,751)
r(41,10,1,751)
w(57,8,1,752)
w(45,8,1,752)
w(30,9,1,753)
w(16,9,1,753)
w(56,10,1,754)
w(89,8,1,754)
r(54,7,1,755)
w(61,5,1,755)
w(81,8,1,756)
r(31,6,1,756)
w(26,9,1,757)
r(7,7,1,757)
w(70,6,1,758)
w(76,10,1,758)
r(55,6,1,759)
r(48,14,1,759)
w(24,14,1,760)
w(88,3,1,760)
w(90,7,1,761)
r(33,7,1,761)
w(53,8,1,762)
r(64,6,1,762)
r(30,9,1,763)
r(49,8,1,763)
w(31,7,1,764)
w(10,12,1,764)
w(75,9,1,765)
r(11,9,1,765)
w(81,9,1,766)
r(65,6,1,766)
r(43,9,1,767)
w(16,10,1,767)
w(19,8,1,768)
r(61,5,1,768)
w(57,9,1,769)
w(49,9,1,769)
r(14,8,1,770)
r(9,7,1,770)
w(22,7,1,771)
w(99,11,1,771)
w(11,10,1,772)
w(35,13,1,772)
r(76,10,1,773)
r(38,6,1,773)
w(40,9,1,774)
w(55,7,1,774)
w(71,10,1,775)
w(57,10,1,775)
w(99,12,1,776)
r(44,8,1,776)
r(77,12,1,777)
w(16,11,1,777)
r(39,6,1,778)
w(78,3,1,778)
r(79,13,1,779)
r(18,6,1,779)
r(35,13,1,780)
w(7,8,1,780)
w(82,10,1,781)
w(40,10,1,781)
w(11,11,1,782)
r(77,12,1,782)
w(70,7,1,783)
r(26,9,1,783)
r(72,7,1,784)
w(38,7,1,784)
w(2,10,1,785)
r(88,3,1,785)
r(74,13,1,786)
w(15,10,1,786)
r(51,3,1,787)
r(2,10,1,787)
r(69,5,1,788)
w(70,8,1,788)
w(41,11,1,789)
w(70,9,1,789)
r(27,6,1,790)
w(84,3,1,790)
r(16,11,1,791)
r(1,9,1,791)
w(87,3,1,792)
w(91,10,1,792)
w(77,13,1,793)
r(58,5,1,793)
r(40,10,1,794)
w(4,8,1,794)
r(81,9,1,795)
w(1,10,1,795)
w(79,14,1,796)
w(45,9,1,796)
r(86,9,1,797)
r(59,4,1,797)
r(59,4,1,798)
r(8,9,1,798)
w(11,12,1,799)
r(15,10,1,799)
w(96,5,1,800)
w(96,6,1,800)
r(19,8,1,801)
r(29,9,1,801)
r(97,7,1,802)
r(84,3,1,802)
w(95,11,1,803)
w(20,5,1,803)
r(57,10,1,804)
r(92,7,1,804)
w(76,11,1,805)
w(74,14,1,805)
r(32,15,1,806)
w(48,15,1,806)
r(19,8,1,807)
r(50,9,1,807)
w(21,10,1,808)
w(63,8,1,808)
r(47,7,1,809)
r(89,8,1,809)
r(52,3,1,810)
r(87,3,1,810)
r(76,11,1,811)
r(38,7,1,811)
w(41,12,1,812)
w(37,10,1,812)
r(96,6,1,813)
w(18,7,1,813)
w(54,8,1,814)
w(79,15,1,814)
r(12,9,1,815)
w(75,10,1,815)
w(58,6,1,816)
r(58,6,1,816)
r(46,4,1,817)
w(86,10,1,817)
w(20,6,1,818)
w(87,4,1,818)
r(82,10,1,819)
r(71,10,1,819)
w(69,6,1,820)
r(86,10,1,820)
r(49,9,1,821)
w(93,8,1,821)
w(5,9,1,822)
r(74,14,1,822)
w(46,5,1,823)
w(79,16,1,823)
w(84,4,1,824)
w(92,8,1,824)
w(21,11,1,825)
w(46,6,1,825)
w(85,16,1,826)
r(32,15,1,826)
r(70,9,1,827)
r(90,7,1,827)
r(84,4,1,828)
r(21,11,1,828)
w(40,11,1,829)
r(7,8,1,829)
w(70,10,1,830)
w(23,6,1,830)
r(60,5,1,831)
r(34,12,1,831)
w(43,10,1,832)
r(49,9,1,832)
r(82,10,1,833)
w(43,11,1,833)
r(24,14,1,834)
r(95,11,1,834)
r(19,8,1,835)
r(91,10,1,835)
r(16,11,1,836)
r(13,4,1,836)
w(24,15,1,837)
w(16,12,1,837)
r(23,6,1,838)
r(21,11,1,838)
w(43,12,1,839)
r(1,10,1,839)
r(30,9,1,840)
w(31,8,1,840)
r(92,8,1,841)
r(12,9,1,841)
w(32,16,1,842)
r(39,6,1,842)
r(66,10,1,843)
w(13,5,1,843)
w(86,11,1,844)
w(65,7,1,844)
r(24,15,1,845)
w(85,17,1,845)
r(49,9,1,846)
r(14,8,1,846)
w(1,11,1,847)
r(39,6,1,847)
w(67,9,1,848)
w(25,8,1,848)
w(11,13,1,849)
r(87,4,1,849)
w(95,12,1,850)
r(41,12,1,850)
r(37,10,1,851)
w(82,11,1,851)
r(39,6,1,852)
r(51,3,1,852)
w(72,8,1,853)
w(78,4,1,853)
r(80,8,1,854)
w(62,11,1,854)
r(86,11,1,855)
r(54,8,1,855)
r(51,3,1,856)
w(3,13,1,856)
w(50,10,1,857)
r(11,13,1,857)
r(75,10,1,858)
r(28,3,1,858)
r(83,6,1,859)
r(65,7,1,859)
r(44,8,1,860)
r(42,6,1,860)
r(36,8,1,861)
w(48,16,1,861)
w(75,11,1,862)
w(42,7,1,862)
w(67,10,1,863)
w(67,11,1,863)
r(24,15,1,864)
w(42,8,1,864)
r(68,7,1,865)
r(52,3,1,865)
w(24,16,1,866)
r(63,8,1,866)
w(41,13,1,867)
r(33,7,1,867)
r(18,7,1,868)
r(44,8,1,868)
r(25,8,1,869)
w(65,8,1,869)
r(11,13,1,870)
w(88,4,1,870)
w(38,8,1,871)
r(30,9,1,871)
w(80,9,1,872)
w(40,12,1,872)
r(81,9,1,873)
w(45,10,1,873)
r(93,8,1,874)
r(4,8,1,874)
w(50,11,1,875)
r(30,9,1,875)
r(80,9,1,876)
w(10,13,1,876)
w(46,7,1,877)
w(91,11,1,877)
w(98,4,1,878)
r(25,8,1,878)
r(59,4,1,879)
w(26,10,1,879)
w(1,12,1,880)
w(64,7,1,880)
r(67,11,1,881)
r(44,8,1,881)
w(4,9,1,882)
w(43,13,1,882)
w(87,5,1,883)
w(19,9,1,883)
w(96,7,1,884)
w(0,5,1,884)
w(51,4,1,885)
r(68,7,1,885)
r(85,17,1,886)
w(57,11,1,886)
w(41,14,1,887)
w(91,12,1,887)
w(64,8,1,888)
w(17,12,1,888)
r(61,5,1,889)
r(52,3,1,889)
w(44,9,1,890)
w(53,9,1,890)
w(66,11,1,891)
r(91,12,1,891)
r(53,9,1,892)
w(13,6,1,892)
w(51,5,1,893)
w(17,13,1,893)
w(99,13,1,894)
r(43,13,1,894)
w(78,5,1,895)
w(99,14,1,895)
r(98,4,1,896)
w(58,7,1,896)
w(95,13,1,897)
r(88,4,1,897)
r(86,11,1,898)
w(70,11,1,898)
w(65,9,1,899)
w(93,9,1,899)
w(67,12,1,900)
w(18,8,1,900)
w(67,13,1,901)
r(46,7,1,901)
w(48,17,1,902)
r(45,10,1,902)
r(33,7,1,903)
w(21,12,1,903)
w(44,10,1,904)
r(6,7,1,904)
w(56,11,1,905)
w(83,7,1,905)
r(54,8,1,906)
w(41,15,1,906)
r(13,6,1,907)
w(96,8,1,907)
r(85,17,1,908)
w(7,9,1,908)
w(30,10,1,909)
w(32,17,1,909)
r(11,13,1,910)
w(99,15,1,910)
w(70,12,1,911)
w(54,9,1,911)
w(85,18,1,912)
w(9,8,1,912)
r(50,11,1,913)
w(34,13,1,913)
r(55,7,1,914)
w(37,11,1,914)
r(12,9,1,915)
r(24,16,1,915)
w(58,8,1,916)
w(83,8,1,916)
w(82,12,1,917)
r(21,12,1,917)
w(24,17,1,918)
w(22,8,1,918)
r(43,13,1,919)
w(99,16,1,919)
r(95,13,1,920)
w(20,7,1,920)
w(60,6,1,921)
r(96,8,1,921)
w(54,10,1,922)
r(95,13,1,922)
w(63,9,1,923)
r(36,8,1,923)
w(70,13,1,924)
w(93,10,1,924)
r(51,5,1,925)
r(90,7,1,925)
r(35,13,1,926)
r(44,10,1,926)
r(6,7,1,927)
r(2,10,1,927)
w(96,9,1,928)
w(79,17,1,928)
r(23,6,1,929)
w(15,11,1,929)
w(17,14,1,930)
r(51,5,1,930)
w(4,10,1,931)
w(88,5,1,931)
r(23,6,1,932)
r(8,9,1,932)
w(91,13,1,933)
w(1,13,1,933)
r(26,10,1,934)
w(25,9,1,934)
w(31,9,1,935)
r(41,15,1,935)
r(34,13,1,936)
r(47,7,1,936)
w(80,10,1,937)
w(52,4,1,937)
r(12,9,1,938)
r(55,7,1,938)
r(52,4,1,939)
w(43,14,1,939)
w(1,14,1,940)
r(16,12,1,940)
r(92,8,1,941)
r(37,11,1,941)
r(79,17,1,942)
w(62,12,1,942)
w(5,10,1,943)
w(37,12,1,943)
r(94,6,1,944)
w(46,8,1,944)
w(92,9,1,945)
w(96,10,1,945)
w(3,14,1,946)
w(65,10,1,946)
r(20,7,1,947)
w(75,12,1,947)
r(62,12,1,948)
r(33,7,1,948)
w(69,7,1,949)
r(22,8,1,949)
r(56,11,1,950)
w(5,11,1,950)
w(60,7,1,951)
r(22,8,1,951)
r(29,9,1,952)
r(99,16,1,952)
w(47,8,1,953)
r(64,8,1,953)
r(22,8,1,954)
w(40,13,1,954)
r(58,8,1,955)
w(0,6,1,955)
w(18,9,1,956)
r(97,7,1,956)
r(75,12,1,957)
r(58,8,1,957)
r(48,17,1,958)
r(12,9,1,958)
w(48,18,1,959)
w(75,13,1,959)
w(15,12,1,960)
r(82,12,1,960)
w(56,12,1,961)
w(63,10,1,961)
w(43,15,1,962)
w(38,9,1,962)
w(66,12,1,963)
r(71,10,1,963)
w(6,8,1,964)
w(25,10,1,964)
w(19,10,1,965)
w(91,14,1,965)
w(39,7,1,966)
w(36,9,1,966)
r(71,10,1,967)
w(11,14,1,967)
w(73,10,1,968)
w(68,8,1,968)
w(80,11,1,969)
w(92,10,1,969)
r(50,11,1,970)
r(5,11,1,970)
w(6,9,1,971)
w(72,9,1,971)
w(35,14,1,972)
r(48,18,1,972)
r(44,10,1,973)
r(22,8,1,973)
r(62,12,1,974)
r(31,9,1,974)
r(74,14,1,975)
w(72,10,1,975)
r(77,13,1,976)
w(13,7,1,976)
w(2,11,1,977)
w(10,14,1,977)
r(87,5,1,978)
r(69,7,1,978)
w(82,13,1,979)
w(87,6,1,979)
r(88,5,1,980)
r(42,8,1,980)
r(56,12,1,981)
w(5,12,1,981)
r(21,12,1,982)
w(92,11,1,982)
r(23,6,1,983)
w(41,16,1,983)
w(41,17,1,984)
w(99,17,1,984)
w(60,8,1,985)
r(1,14,1,985)
r(88,5,1,986)
w(16,13,1,986)
r(81,9,1,987)
r(85,18,1,987)
r(79,17,1,988)
r(81,9,1,988)
w(36,10,1,989)
w(39,8,1,989)
r(63,10,1,990)
w(88,6,1,990)
r(63,10,1,991)
w(89,9,1,991)
w(14,9,1,992)
w(40,14,1,992)
w(67,14,1,993)
w(99,18,1,993)
r(21,12,1,994)
r(98,4,1,994)
r(46,8,1,995)
w(47,9,1,995)
r(43,15,1,996)
r(38,9,1,996)
r(50,11,1,997)
r(13,7,1,997)
r(2,11,1,998)
w(24,18,1,998)
w(87,7,1,999)
r(44,10,1,999)
w(2,12,2,1000)
w(28,4,2,1000)
r(88,6,2,1001)
w(99,19,2,1001)
w(22,9,2,1002)
r(84,4,2,1002)
r(4,10,2,1003)
w(50,12,2,1003)
w(41,18,2,1004)
r(81,9,2,1004)
w(36,11,2,1005)
w(19,11,2,1005)
w(38,10,2,1006)
w(7,10,2,1006)
r(67,14,2,1007)
r(35,14,2,1007)
r(10,14,2,1008)
w(18,10,2,1008)
w(0,7,2,1009)
r(94,6,2,1009)
w(14,10,2,1010)
r(27,6,2,1010)
r(37,12,2,1011)
w(64,9,2,1011)
w(55,8,2,1012)
r(29,9,2,1012)
w(38,11,2,1013)
r(16,13,2,1013)
w(29,10,2,1014)
r(10,14,2,1014)
r(97,7,2,1015)
r(0,7,2,1015)
w(12,10,2,1016)
r(92,11,2,1016)
r(57,11,2,1017)
w(54,11,2,1017)
w(90,8,2,1018)
r(59,4,2,1018)
r(11,14,2,1019)
w(89,10,2,1019)
w(36,12,2,1020)
r(56,12,2,1020)
r(76,11,2,1021)
r(99,19,2,1021)
r(61,5,2,1022)
r(98,4,2,1022)
r(90,8,2,1023)
w(27,7,2,1023)
w(7,11,2,1024)
w(85,19,2,1024)
w(25,11,2,1025)
r(7,11,2,1025)
w(50,13,2,1026)
r(54,11,2,1026)
w(88,7,2,1027)
w(34,14,2,1027)
r(68,8,2,1028)
r(62,12,2,1028)
w(29,11,2,1029)
r(9,8,2,1029)
w(16,14,2,1030)
w(9,9,2,1030)
w(20,8,2,1031)
r(93,10,2,1031)
w(75,14,2,1032)
w(55,9,2,1032)
w(6,10,2,1033)
r(7,11,2,1033)
r(31,9,2,1034)
w(50,14,2,1034)
w(99,20,2,1035)
w(80,12,2,1035)
r(99,20,2,1036)
w(6,11,2,1036)
r(71,10,2,1037)
w(66,13,2,1037)
r(35,14,2,1038)
w(42,9,2,1038)
w(65,11,2,1039)
w(11,15,2,1039)
w(35,15,2,1040)
w(56,13,2,1040)
w(24,19,2,1041)
w(49,10,2,1041)
w(78,6,2,1042)
r(11,15,2,1042)
r(61,5,2,1043)
r(37,12,2,1043)
w(42,10,2,1044)
r(44,10,2,1044)
r(37,12,2,1045)
r(16,14,2,1045)
w(92,12,2,1046)
w(12,11,2,1046)
w(22,10,2,1047)
w(31,10,2,1047)
r(71,10,2,1048)
r(3,14,2,1048)
r(47,9,2,1049)
r(93,10,2,1049)
w(66,14,2,1050)
r(31,10,2,1050)
r(8,9,2,1051)
w(77,14,2,1051)
w(95,14,2,1052)
r(28,4,2,1052)
r(7,11,2,1053)
r(10,14,2,1053)
w(25,12,2,1054)
r(50,14,2,1054)
w(59,5,2,1055)
r(65,11,2,1055)
r(42,10,2,1056)
r(7,11,2,1056)
w(0,8,2,1057)
r(39,8,2,1057)
w(40,15,2,1058)
w(94,7,2,1058)
r(39,8,2,1059)
r(35,15,2,1059)
r(35,15,2,1060)
w(49,11,2,1060)
w(44,11,2,1061)
w(94,8,2,1061)
w(62,13,2,1062)
w(53,10,2,1062)
r(14,10,2,1063)
w(72,11,2,1063)
r(40,15,2,1064)
r(37,12,2,1064)
w(29,12,2,1065)
r(87,7,2,1065)
w(72,12,2,1066)
r(89,10,2,1066)
w(5,13,2,1067)
r(93,10,2,1067)
w(85,20,2,1068)
w(25,13,2,1068)
w(15,13,2,1069)
w(95,15,2,1069)
r(22,10,2,1070)
r(51,5,2,1070)
r(45,10,2,1071)
w(99,21,2,1071)
r(5,13,2,1072)
r(98,4,2,1072)
w(0,9,2,1073)
w(14,11,2,1073)
r(21,12,2,1074)
w(23,7,2,1074)
r(12,11,2,1075)
r(26,10,2,1075)
r(78,6,2,1076)
w(6,12,2,1076)
w(90,9,2,1077)
w(40,16,2,1077)
r(19,11,2,1078)
w(27,8,2,1078)
r(10,14,2,1079)
w(8,10,2,1079)
w(52,5,2,1080)
w(22,11,2,1080)
w(35,16,2,1081)
w(66,15,2,1081)
r(93,10,2,1082)
r(1,14,2,1082)
r(7,11,2,1083)
w(46,9,2,1083)
r(19,11,2,1084)
r(58,8,2,1084)
w(19,12,2,1085)
w(14,12,2,1085)
r(56,13,2,1086)
r(43,15,2,1086)
w(46,10,2,1087)
w(48,19,2,1087)
w(39,9,2,1088)
w(55,10,2,1088)
r(12,11,2,1089)
w(39,10,2,1089)
w(29,13,2,1090)
w(20,9,2,1090)
w(9,10,2,1091)
w(9,11,2,1091)
r(26,10,2,1092)
w(98,5,2,1092)
r(53,10,2,1093)
w(51,6,2,1093)
r(80,12,2,1094)
w(59,6,2,1094)
w(99,22,2,1095)
w(80,13,2,1095)
r(51,6,2,1096)
r(57,11,2,1096)
w(70,14,2,1097)
r(27,8,2,1097)
r(69,7,2,1098)
w(19,13,2,1098)
r(75,14,2,1099)
w(73,11,2,1099)
r(12,11,2,1100)
r(16,14,2,1100)
w(70,15,2,1101)
r(78,6,2,1101)
r(90,9,2,1102)
r(73,11,2,1102)
r(69,7,2,1103)
w(6,13,2,1103)
w(88,8,2,1104)
r(60,8,2,1104)
w(23,8,2,1105)
r(25,13,2,1105)
r(72,12,2,1106)
w(75,15,2,1106)
r(56,13,2,1107)
r(32,17,2,1107)
r(20,9,2,1108)
r(24,19,2,1108)
r(65,11,2,1109)
w(99,23,2,1109)
r(57,11,2,1110)
r(67,14,2,1110)
w(74,15,2,1111)
r(17,14,2,1111)
r(91,14,2,1112)
w(52,6,2,1112)
r(54,11,2,1113)
r(91,14,2,1113)
r(33,7,2,1114)
w(69,8,2,1114)
w(89,11,2,1115)
w(16,15,2,1115)
w(0,10,2,1116)
w(89,12,2,1116)
r(63,10,2,1117)
r(99,23,2,1117)
r(96,10,2,1118)
r(89,12,2,1118)
r(91,14,2,1119)
w(62,14,2,1119)
w(16,16,2,1120)
w(30,11,2,1120)
r(91,14,2,1121)
w(76,12,2,1121)
r(65,11,2,1122)
w(9,12,2,1122)
w(70,16,2,1123)
w(99,24,2,1123)
r(78,6,2,1124)
r(33,7,2,1124)
w(10,15,2,1125)
r(79,17,2,1125)
r(30,11,2,1126)
r(77,14,2,1126)
w(8,11,2,1127)
w(91,15,2,1127)
w(87,8,2,1128)
w(85,21,2,1128)
r(0,10,2,1129)
r(0,10,2,1129)
r(33,7,2,1130)
r(0,10,2,1130)
r(1,14,2,1131)
w(57,12,2,1131)
w(52,7,2,1132)
w(63,11,2,1132)
r(63,11,2,1133)
w(88,9,2,1133)
r(81,9,2,1134)
r(92,12,2,1134)
w(11,16,2,1135)
r(97,7,2,1135)
w(74,16,2,1136)
r(45,10,2,1136)
w(64,10,2,1137)
r(45,10,2,1137)
w(64,11,2,1138)
w(56,14,2,1138)
r(71,10,2,1139)
w(57,13,2,1139)
w(23,9,2,1140)
w(10,16,2,1140)
r(17,14,2,1141)
w(88,10,2,1141)
r(81,9,2,1142)
r(0,10,2,1142)
w(68,9,2,1143)
r(11,16,2,1143)
r(16,16,2,1144)
r(10,16,2,1144)
w(25,14,2,1145)
w(34,15,2,1145)
r(80,13,2,1146)
r(30,11,2,1146)
r(18,10,2,1147)
w(51,7,2,1147)
w(77,15,2,1148)
w(49,12,2,1148)
w(2,13,2,1149)
r(84,4,2,1149)
r(66,15,2,1150)
w(73,12,2,1150)
w(80,14,2,1151)
w(27,9,2,1151)
w(46,11,2,1152)
w(93,11,2,1152)
w(30,12,2,1153)
r(48,19,2,1153)
r(39,10,2,1154)
r(72,12,2,1154)
r(74,16,2,1155)
r(70,16,2,1155)
r(46,11,2,1156)
w(81,10,2,1156)
w(57,14,2,1157)
r(21,12,2,1157)
w(48,20,2,1158)
r(68,9,2,1158)
r(26,10,2,1159)
r(42,10,2,1159)
r(84,4,2,1160)
r(33,7,2,1160)
w(42,11,2,1161)
r(41,18,2,1161)
r(89,12,2,1162)
w(21,13,2,1162)
r(41,18,2,1163)
w(39,11,2,1163)
w(25,15,2,1164)
r(6,13,2,1164)
r(26,10,2,1165)
r(20,9,2,1165)
r(20,9,2,1166)
w(59,7,2,1166)
w(4,11,2,1167)
r(22,11,2,1167)
r(11,16,2,1168)
r(50,14,2,1168)
r(7,11,2,1169)
w(22,12,2,1169)
w(75,16,2,1170)
w(61,6,2,1170)
r(82,13,2,1171)
r(20,9,2,1171)
w(56,15,2,1172)
r(17,14,2,1172)
w(1,15,2,1173)
w(98,6,2,1173)
w(0,11,2,1174)
r(61,6,2,1174)
w(23,10,2,1175)
r(37,12,2,1175)
w(50,15,2,1176)
r(26,10,2,1176)
w(6,14,2,1177)
r(59,7,2,1177)
w(60,9,2,1178)
r(17,14,2,1178)
w(85,22,2,1179)
w(16,17,2,1179)
w(26,11,2,1180)
r(4,11,2,1180)
w(31,11,2,1181)
r(75,16,2,1181)
r(89,12,2,1182)
r(79,17,2,1182)
r(72,12,2,1183)
w(80,15,2,1183)
w(99,25,2,1184)
r(1,15,2,1184)
w(2,14,2,1185)
r(56,15,2,1185)
w(42,12,2,1186)
r(71,10,2,1186)
r(19,13,2,1187)
r(22,12,2,1187)
r(80,15,2,1188)
w(89,13,2,1188)
w(27,10,2,1189)
r(55,10,2,1189)
w(81,11,2,1190)
r(56,15,2,1190)
r(46,11,2,1191)
r(94,8,2,1191)
w(19,14,2,1192)
r(47,9,2,1192)
r(4,11,2,1193)
r(47,9,2,1193)
r(95,15,2,1194)
r(57,14,2,1194)
w(56,16,2,1195)
r(84,4,2,1195)
r(24,19,2,1196)
r(25,15,2,1196)
w(25,16,2,1197)
r(63,11,2,1197)
r(60,9,2,1198)
w(26,12,2,1198)
w(44,12,2,1199)
w(84,5,2,1199)
r(11,16,2,1200)
w(46,12,2,1200)
w(74,17,2,1201)
w(18,11,2,1201)
w(54,12,2,1202)
w(60,10,2,1202)
r(38,11,2,1203)
w(43,16,2,1203)
r(44,12,2,1204)
w(59,8,2,1204)
w(0,12,2,1205)
w(22,13,2,1205)
w(92,13,2,1206)
w(1,16,2,1206)
w(70,17,2,1207)
w(0,13,2,1207)
w(54,13,2,1208)
r(57,14,2,1208)
r(92,13,2,1209)
w(45,11,2,1209)
r(93,11,2,1210)
w(71,11,2,1210)
w(6,15,2,1211)
r(36,12,2,1211)
r(88,10,2,1212)
w(5,14,2,1212)
r(80,15,2,1213)
w(42,13,2,1213)
r(43,16,2,1214)
r(6,15,2,1214)
r(0,13,2,1215)
w(97,8,2,1215)
w(33,8,2,1216)
r(84,5,2,1216)
r(85,22,2,1217)
r(36,12,2,1217)
r(25,16,2,1218)
r(6,15,2,1218)
w(61,7,2,1219)
r(87,8,2,1219)
r(31,11,2,1220)
w(37,13,2,1220)
r(95,15,2,1221)
w(19,15,2,1221)
w(99,26,2,1222)
r(91,15,2,1222)
w(11,17,2,1223)
r(8,11,2,1223)
r(27,10,2,1224)
w(18,12,2,1224)
w(9,13,2,1225)
r(28,4,2,1225)
w(17,15,2,1226)
r(19,15,2,1226)
w(70,18,2,1227)
w(25,17,2,1227)
r(8,11,2,1228)
r(44,12,2,1228)
w(2,15,2,1229)
r(82,13,2,1229)
w(54,14,2,1230)
r(13,7,2,1230)
w(15,14,2,1231)
r(3,14,2,1231)
r(95,15,2,1232)
r(23,10,2,1232)
r(55,10,2,1233)
r(44,12,2,1233)
r(31,11,2,1234)
w(67,15,2,1234)
w(15,15,2,1235)
w(5,15,2,1235)
w(54,15,2,1236)
r(92,13,2,1236)
r(61,7,2,1237)
w(76,13,2,1237)
w(28,5,2,1238)
r(23,10,2,1238)
w(31,12,2,1239)
w(33,9,2,1239)
w(15,16,2,1240)
r(44,12,2,1240)
w(12,12,2,1241)
w(85,23,2,1241)
w(61,8,2,1242)
w(91,16,2,1242)
r(25,17,2,1243)
w(95,16,2,1243)
w(32,18,2,1244)
w(8,12,2,1244)
r(51,7,2,1245)
w(7,12,2,1245)
w(0,14,2,1246)
w(0,15,2,1246)
r(61,8,2,1247)
w(46,13,2,1247)
r(25,17,2,1248)
w(95,17,2,1248)
w(28,6,2,1249)
r(59,8,2,1249)
w(45,12,2,1250)
w(16,18,2,1250)
w(32,19,2,1251)
w(82,14,2,1251)
r(72,12,2,1252)
w(19,16,2,1252)
r(79,17,2,1253)
r(85,23,2,1253)
w(71,12,2,1254)
w(83,9,2,1254)
w(74,18,2,1255)
r(91,16,2,1255)
w(53,11,2,1256)
r(43,16,2,1256)
r(79,17,2,1257)
r(66,15,2,1257)
r(17,15,2,1258)
w(97,9,2,1258)
r(91,16,2,1259)
r(25,17,2,1259)
r(22,13,2,1260)
w(8,13,2,1260)
w(35,17,2,1261)
r(44,12,2,1261)
r(17,15,2,1262)
w(77,16,2,1262)
r(60,10,2,1263)
r(4,11,2,1263)
r(31,12,2,1264)
w(18,13,2,1264)
r(30,12,2,1265)
r(64,11,2,1265)
w(16,19,2,1266)
w(88,11,2,1266)
w(5,16,2,1267)
r(42,13,2,1267)
r(2,15,2,1268)
r(40,16,2,1268)
w(27,11,2,1269)
w(63,12,2,1269)
w(33,10,2,1270)
r(54,15,2,1270)
w(59,9,2,1271)
r(22,13,2,1271)
w(76,14,2,1272)
w(60,11,2,1272)
w(48,21,2,1273)
w(24,20,2,1273)
r(82,14,2,1274)
r(33,10,2,1274)
r(0,15,2,1275)
r(70,18,2,1275)
r(5,16,2,1276)
w(99,27,2,1276)
w(30,13,2,1277)
w(31,13,2,1277)
w(70,19,2,1278)
w(18,14,2,1278)
w(86,12,2,1279)
r(65,11,2,1279)
w(72,13,2,1280)
w(33,11,2,1280)
r(36,12,2,1281)
r(23,10,2,1281)
r(4,11,2,1282)
r(23,10,2,1282)
w(93,12,2,1283)
r(65,11,2,1283)
r(20,9,2,1284)
w(53,12,2,1284)
r(41,18,2,1285)
r(76,14,2,1285)
w(47,10,2,1286)
r(74,18,2,1286)
r(63,12,2,1287)
w(26,13,2,1287)
w(23,11,2,1288)
r(10,16,2,1288)
r(50,15,2,1289)
r(27,11,2,1289)
r(93,12,2,1290)
r(51,7,2,1290)
r(2,15,2,1291)
w(9,14,2,1291)
w(32,20,2,1292)
r(96,10,2,1292)
r(27,11,2,1293)
w(61,9,2,1293)
w(3,15,2,1294)
w(15,17,2,1294)
r(43,16,2,1295)
w(81,12,2,1295)
r(96,10,2,1296)
w(77,17,2,1296)
w(82,15,2,1297)
r(85,23,2,1297)
w(8,14,2,1298)
w(69,9,2,1298)
w(33,12,2,1299)
w(92,14,2,1299)
w(82,16,2,1300)
r(55,10,2,1300)
r(87,8,2,1301)
w(17,16,2,1301)
r(3,15,2,1302)
r(14,12,2,1302)
w(0,16,2,1303)
w(38,12,2,1303)
w(66,16,2,1304)
r(76,14,2,1304)
w(67,16,2,1305)
r(90,9,2,1305)
w(19,17,2,1306)
w(19,18,2,1306)
r(57,14,2,1307)
w(35,18,2,1307)
w(28,7,2,1308)
r(24,20,2,1308)
r(98,6,2,1309)
w(76,15,2,1309)
r(71,12,2,1310)
r(94,8,2,1310)
r(50,15,2,1311)
w(94,9,2,1311)
w(76,16,2,1312)
r(42,13,2,1312)
w(57,15,2,1313)
r(62,14,2,1313)
w(55,11,2,1314)
r(44,12,2,1314)
w(29,14,2,1315)
r(67,16,2,1315)
r(51,7,2,1316)
r(13,7,2,1316)
w(66,17,2,1317)
r(3,15,2,1317)
r(48,21,2,1318)
w(85,24,2,1318)
w(63,13,2,1319)
r(21,13,2,1319)
r(77,17,2,1320)
r(16,19,2,1320)
w(16,20,2,1321)
r(26,13,2,1321)
r(18,14,2,1322)
w(15,18,2,1322)
w(4,12,2,1323)
w(23,12,2,1323)
w(68,10,2,1324)
r(64,11,2,1324)
r(11,17,2,1325)
w(53,13,2,1325)
w(45,13,2,1326)
r(70,19,2,1326)
r(40,16,2,1327)
r(28,7,2,1327)
r(10,16,2,1328)
w(36,13,2,1328)
w(61,10,2,1329)
r(29,14,2,1329)
w(7,13,2,1330)
r(20,9,2,1330)
w(62,15,2,1331)
w(59,10,2,1331)
r(98,6,2,1332)
r(28,7,2,1332)
r(54,15,2,1333)
r(44,12,2,1333)
w(50,16,2,1334)
r(39,11,2,1334)
w(84,6,2,1335)
r(29,14,2,1335)
w(92,15,2,1336)
w(79,18,2,1336)
r(76,16,2,1337)
r(40,16,2,1337)
w(80,16,2,1338)
w(33,13,2,1338)
r(42,13,2,1339)
w(87,9,2,1339)
r(88,11,2,1340)
r(89,13,2,1340)
w(43,17,2,1341)
w(2,16,2,1341)
r(3,15,2,1342)
r(12,12,2,1342)
r(99,27,2,1343)
w(86,13,2,1343)
r(84,6,2,1344)
r(33,13,2,1344)
r(92,15,2,1345)
w(14,13,2,1345)
r(61,10,2,1346)
w(51,8,2,1346)
w(10,17,2,1347)
w(7,14,2,1347)
w(62,16,2,1348)
r(11,17,2,1348)
w(62,17,2,1349)
w(50,17,2,1349)
w(17,17,2,1350)
r(65,11,2,1350)
r(97,9,2,1351)
r(21,13,2,1351)
w(25,18,2,1352)
w(64,12,2,1352)
w(80,17,2,1353)
r(43,17,2,1353)
r(72,13,2,1354)
r(11,17,2,1354)
w(28,8,2,1355)
r(63,13,2,1355)
w(95,18,2,1356)
r(60,11,2,1356)
w(9,15,2,1357)
r(82,16,2,1357)
r(43,17,2,1358)
r(49,12,2,1358)
r(44,12,2,1359)
w(4,13,2,1359)
w(4,14,2,1360)
r(89,13,2,1360)
w(66,18,2,1361)
w(59,11,2,1361)
r(71,12,2,1362)
w(69,10,2,1362)
r(57,15,2,1363)
w(57,16,2,1363)
w(57,17,2,1364)
r(25,18,2,1364)
w(48,22,2,1365)
r(0,16,2,1365)
w(3,16,2,1366)
r(74,18,2,1366)
w(52,8,2,1367)
r(18,14,2,1367)
w(6,16,2,1368)
w(55,12,2,1368)
w(50,18,2,1369)
w(70,20,2,1369)
r(25,18,2,1370)
r(67,16,2,1370)
w(28,9,2,1371)
w(69,11,2,1371)
w(16,21,2,1372)
w(28,10,2,1372)
r(79,18,2,1373)
w(24,21,2,1373)
w(15,19,2,1374)
w(95,19,2,1374)
w(22,14,2,1375)
w(15,20,2,1375)
w(1,17,2,1376)
w(23,13,2,1376)
w(85,25,2,1377)
r(78,6,2,1377)
r(32,20,2,1378)
r(28,10,2,1378)
w(35,19,2,1379)
w(35,20,2,1379)
r(66,18,2,1380)
w(52,9,2,1380)
r(38,12,2,1381)
r(99,27,2,1381)
r(73,12,2,1382)
r(98,6,2,1382)
r(24,21,2,1383)
w(29,15,2,1383)
w(66,19,2,1384)
r(50,18,2,1384)
w(54,16,2,1385)
r(72,13,2,1385)
w(75,17,2,1386)
r(8,14,2,1386)
w(97,10,2,1387)
r(2,16,2,1387)
w(74,19,2,1388)
w(43,18,2,1388)
w(40,17,2,1389)
w(5,17,2,1389)
w(15,21,2,1390)
w(34,16,2,1390)
w(77,18,2,1391)
w(82,17,2,1391)
w(36,14,2,1392)
r(94,9,2,1392)
w(61,11,2,1393)
r(1,17,2,1393)
r(20,9,2,1394)
r(94,9,2,1394)
r(20,9,2,1395)
r(66,19,2,1395)
r(22,14,2,1396)
r(16,21,2,1396)
r(79,18,2,1397)
w(93,13,2,1397)
w(47,11,2,1398)
r(11,17,2,1398)
r(73,12,2,1399)
r(88,11,2,1399)
w(27,12,2,1400)
r(4,14,2,1400)
r(80,17,2,1401)
r(65,11,2,1401)
w(29,16,2,1402)
r(70,20,2,1402)
w(87,10,2,1403)
w(44,13,2,1403)
r(15,21,2,1404)
w(91,17,2,1404)
w(51,9,2,1405)
w(54,17,2,1405)
r(65,11,2,1406)
w(35,21,2,1406)
r(49,12,2,1407)
r(36,14,2,1407)
r(47,11,2,1408)
w(39,12,2,1408)
r(85,25,2,1409)
w(83,10,2,1409)
r(98,6,2,1410)
w(49,13,2,1410)
w(88,12,2,1411)
w(82,18,2,1411)
w(59,12,2,1412)
w(12,13,2,1412)
w(92,16,2,1413)
w(27,13,2,1413)
r(72,13,2,1414)
r(53,13,2,1414)
r(42,13,2,1415)
w(99,28,2,1415)
r(79,18,2,1416)
w(0,17,2,1416)
r(37,13,2,1417)
r(8,14,2,1417)
w(52,10,2,1418)
r(69,11,2,1418)
w(85,26,2,1419)
w(28,11,2,1419)
r(4,14,2,1420)
w(46,14,2,1420)
r(11,17,2,1421)
w(79,19,2,1421)
r(8,14,2,1422)
r(6,16,2,1422)
r(27,13,2,1423)
w(73,13,2,1423)
r(13,7,2,1424)
r(36,14,2,1424)
r(48,22,2,1425)
r(21,13,2,1425)
w(8,15,2,1426)
w(21,14,2,1426)
w(55,13,2,1427)
r(94,9,2,1427)
w(46,15,2,1428)
r(52,10,2,1428)
w(97,11,2,1429)
r(89,13,2,1429)
w(15,22,2,1430)
w(27,14,2,1430)
w(10,18,2,1431)
w(87,11,2,1431)
r(44,13,2,1432)
w(39,13,2,1432)
w(33,14,2,1433)
r(60,11,2,1433)
w(99,29,2,1434)
w(40,18,2,1434)
r(26,13,2,1435)
r(47,11,2,1435)
r(44,13,2,1436)
r(70,20,2,1436)
r(77,18,2,1437)
r(93,13,2,1437)
r(95,19,2,1438)
r(52,10,2,1438)
w(96,11,2,1439)
r(33,14,2,1439)
r(50,18,2,1440)
r(59,12,2,1440)
w(21,15,2,1441)
r(28,11,2,1441)
w(43,19,2,1442)
w(90,10,2,1442)
w(21,16,2,1443)
r(63,13,2,1443)
r(41,18,2,1444)
w(27,15,2,1444)
r(31,13,2,1445)
r(92,16,2,1445)
w(74,20,2,1446)
w(9,16,2,1446)
r(17,17,2,1447)
r(28,11,2,1447)
w(14,14,2,1448)
w(73,14,2,1448)
r(54,17,2,1449)
w(71,13,2,1449)
w(10,19,2,1450)
r(36,14,2,1450)
w(97,12,2,1451)
r(11,17,2,1451)
r(60,11,2,1452)
r(80,17,2,1452)
w(12,14,2,1453)
r(20,9,2,1453)
r(8,15,2,1454)
w(79,20,2,1454)
r(17,17,2,1455)
r(40,18,2,1455)
r(2,16,2,1456)
w(46,16,2,1456)
w(24,22,2,1457)
w(19,19,2,1457)
r(93,13,2,1458)
w(29,17,2,1458)
w(56,17,2,1459)
w(53,14,2,1459)
r(98,6,2,1460)
r(20,9,2,1460)
r(64,12,2,1461)
r(22,14,2,1461)
r(36,14,2,1462)
r(76,16,2,1462)
w(4,15,2,1463)
w(7,15,2,1463)
w(30,14,2,1464)
w(62,18,2,1464)
w(10,20,2,1465)
r(37,13,2,1465)
w(67,17,2,1466)
w(41,19,2,1466)
r(10,20,2,1467)
w(61,12,2,1467)
r(46,16,2,1468)
r(46,16,2,1468)
r(53,14,2,1469)
r(59,12,2,1469)
r(29,17,2,1470)
w(35,22,2,1470)
w(23,14,2,1471)
w(52,11,2,1471)
r(70,20,2,1472)
r(96,11,2,1472)
w(11,18,2,1473)
r(56,17,2,1473)
w(77,19,2,1474)
w(75,18,2,1474)
w(85,27,2,1475)
w(28,12,2,1475)
r(32,20,2,1476)
w(27,16,2,1476)
r(37,13,2,1477)
w(88,13,2,1477)
w(2,17,2,1478)
r(95,19,2,1478)
r(96,11,2,1479)
r(34,16,2,1479)
r(25,18,2,1480)
r(17,17,2,1480)
r(26,13,2,1481)
w(61,13,2,1481)
r(39,13,2,1482)
r(47,11,2,1482)
w(24,23,2,1483)
r(83,10,2,1483)
w(99,30,2,1484)
r(6,16,2,1484)
w(72,14,2,1485)
r(6,16,2,1485)
w(91,18,2,1486)
w(93,14,2,1486)
w(89,14,2,1487)
r(28,12,2,1487)
r(6,16,2,1488)
r(48,22,2,1488)
w(0,18,2,1489)
w(94,10,2,1489)
w(97,13,2,1490)
r(32,20,2,1490)
w(27,17,2,1491)
r(49,13,2,1491)
r(60,11,2,1492)
w(93,15,2,1492)
r(9,16,2,1493)
w(76,17,2,1493)
r(10,20,2,1494)
w(96,12,2,1494)
r(15,22,2,1495)
r(41,19,2,1495)
w(92,17,2,1496)
w(34,17,2,1496)
w(2,18,2,1497)
w(16,22,2,1497)
r(31,13,2,1498)
w(84,7,2,1498)
w(18,15,2,1499)
w(56,18,2,1499)
