r(82,0,0,0)
w(93,1,0,0)
w(37,1,0,0)
w(71,1,0,0)
w(9,1,0,0)
w(81,1,0,0)
r(82,0,0,0)
w(74,1,0,0)
r(80,0,0,0)
w(2,1,0,0)
r(6,0,0,0)
r(20,0,0,0)
w(118,1,0,0)
r(15,0,0,0)
r(49,0,0,0)
w(61,1,0,0)
r(49,0,0,0)
w(71,2,0,0)
w(23,1,0,0)
r(92,0,0,0)
w(103,1,0,1)
r(74,1,0,1)
r(39,0,0,1)
r(7,48,0,1)
w(58,1,0,1)
w(46,1,0,1)
w(25,1,0,1)
w(53,1,0,1)
w(2,2,0,1)
r(68,0,0,1)
r(58,1,0,1)
w(105,1,0,1)
r(17,0,0,1)
r(43,0,0,1)
w(60,1,0,1)
w(10,1,0,1)
r(75,38,0,1)
r(13,47,0,1)
w(42,1,0,1)
r(44,0,0,1)
w(104,1,0,2)
r(51,49,0,2)
r(76,0,0,2)
w(87,1,0,2)
w(30,1,0,2)
w(13,1,0,2)
w(111,1,0,2)
w(94,1,0,2)
w(64,1,0,2)
r(115,0,0,2)
w(65,1,0,2)
r(49,0,0,2)
w(69,1,0,2)
r(82,44,0,2)
r(14,0,0,2)
w(43,1,0,2)
w(0,1,0,2)
w(51,1,0,2)
w(60,2,0,2)
r(45,38,0,2)
w(14,1,0,3)
w(2,3,0,3)
w(58,2,0,3)
w(77,1,0,3)
w(32,1,0,3)
w(34,1,0,3)
w(105,2,0,3)
w(39,1,0,3)
w(103,2,0,3)
w(29,1,0,3)
r(12,0,0,3)
w(48,1,0,3)
r(4,0,0,3)
r(15,0,0,3)
w(26,1,0,3)
w(0,2,0,3)
r(11,0,0,3)
r(0,2,0,3)
r(37,43,0,3)
w(47,1,0,3)
w(63,1,0,4)
r(49,0,0,4)
r(50,0,0,4)
r(52,0,0,4)
r(2,3,0,4)
w(65,2,0,4)
w(34,2,0,4)
r(10,53,0,4)
r(79,0,0,4)
r(65,2,0,4)
r(114,46,0,4)
r(23,1,0,4)
r(68,46,0,4)
r(31,0,0,4)
r(27,37,0,4)
w(98,1,0,4)
r(61,1,0,4)
r(94,48,0,4)
r(15,0,0,4)
w(12,1,0,4)
w(101,1,0,5)
w(78,1,0,5)
w(47,2,0,5)
r(19,0,0,5)
w(33,1,0,5)
r(106,39,0,5)
w(83,1,0,5)
r(108,0,0,5)
w(66,1,0,5)
r(25,1,0,5)
r(39,1,0,5)
w(55,1,0,5)
w(110,1,0,5)
r(106,39,0,5)
r(97,0,0,5)
w(10,2,0,5)
r(47,2,0,5)
r(110,1,0,5)
w(95,1,0,5)
r(3,0,0,5)
w(118,2,0,6)
w(111,2,0,6)
w(86,1,0,6)
r(87,39,0,6)
w(109,1,0,6)
r(48,1,0,6)
r(83,1,0,6)
r(101,1,0,6)
w(12,2,0,6)
w(38,1,0,6)
w(111,3,0,6)
w(25,2,0,6)
r(98,1,0,6)
w(81,2,0,6)
w(0,3,0,6)
r(110,1,0,6)
w(61,2,0,6)
r(50,0,0,6)
w(117,1,0,6)
r(4,0,0,6)
w(60,3,0,7)
w(54,1,0,7)
r(82,44,0,7)
w(18,1,0,7)
r(83,1,0,7)
w(9,2,0,7)
r(107,43,0,7)
w(68,1,0,7)
w(113,1,0,7)
w(32,2,0,7)
w(78,2,0,7)
r(106,40,0,7)
w(96,1,0,7)
w(89,1,0,7)
r(28,41,0,7)
r(101,1,0,7)
r(6,0,0,7)
r(5,29,0,7)
w(10,3,0,7)
w(25,3,0,7)
w(34,3,0,8)
r(7,49,0,8)
w(26,2,0,8)
r(14,44,0,8)
w(15,1,0,8)
w(50,1,0,8)
r(52,0,0,8)
r(18,1,0,8)
w(21,1,0,8)
w(83,2,0,8)
r(94,49,0,8)
r(54,1,0,8)
w(98,2,0,8)
w(102,1,0,8)
w(112,1,0,8)
w(16,1,0,8)
w(40,1,0,8)
w(57,1,0,8)
w(37,2,0,8)
w(10,4,0,8)
r(24,0,0,9)
w(17,1,0,9)
w(58,3,0,9)
w(14,2,0,9)
r(52,0,0,9)
r(115,39,0,9)
w(78,3,0,9)
w(30,2,0,9)
r(7,49,0,9)
r(16,1,0,9)
r(27,40,0,9)
r(0,3,0,9)
r(25,3,0,9)
w(91,1,0,9)
w(81,3,0,9)
r(29,40,0,9)
r(47,2,0,9)
w(118,3,0,9)
w(12,3,0,9)
r(85,44,0,9)
w(84,1,0,10)
w(14,3,0,10)
r(65,38,0,10)
r(32,2,0,10)
w(85,1,0,10)
r(32,2,0,10)
r(82,44,0,10)
w(55,2,0,10)
w(25,4,0,10)
w(104,2,0,10)
w(38,2,0,10)
r(46,49,0,10)
r(70,37,0,10)
r(93,1,0,10)
w(108,1,0,10)
w(20,1,0,10)
r(40,1,0,10)
r(55,2,0,10)
r(111,48,0,10)
w(116,1,0,10)
w(30,3,0,11)
w(21,2,0,11)
r(43,1,0,11)
w(90,1,0,11)
r(106,40,0,11)
w(98,3,0,11)
w(71,3,0,11)
r(91,1,0,11)
r(108,37,0,11)
w(42,2,0,11)
w(61,3,0,11)
r(118,3,0,11)
r(77,35,0,11)
r(37,44,0,11)
w(63,2,0,11)
w(116,2,0,11)
w(112,2,0,11)
w(116,3,0,11)
r(13,49,0,11)
w(20,2,0,11)
r(92,0,0,12)
w(71,4,0,12)
w(38,3,0,12)
w(36,1,0,12)
r(40,1,0,12)
w(87,2,0,12)
r(38,3,0,12)
w(88,1,0,12)
r(57,40,0,12)
r(102,44,0,12)
w(104,3,0,12)
r(99,35,0,12)
r(67,52,0,12)
w(105,3,0,12)
r(31,0,0,12)
w(119,1,0,12)
w(55,3,0,12)
w(116,4,0,12)
w(115,1,0,12)
r(61,3,0,12)
r(78,3,0,13)
r(9,48,0,13)
w(111,4,0,13)
w(35,1,0,13)
r(15,1,0,13)
r(107,44,0,13)
r(9,48,0,13)
w(40,2,0,13)
r(47,2,0,13)
w(64,2,0,13)
w(20,3,0,13)
r(64,2,0,13)
w(89,2,0,13)
w(119,2,0,13)
r(85,45,0,13)
r(69,1,0,13)
w(49,1,0,13)
r(72,39,0,13)
r(21,2,0,13)
w(12,4,0,13)
r(58,3,0,14)
r(5,29,0,14)
r(77,35,0,14)
r(50,1,0,14)
r(11,43,0,14)
w(96,2,0,14)
r(54,1,0,14)
r(5,29,0,14)
r(30,3,0,14)
w(24,1,0,14)
w(73,1,0,14)
w(119,3,0,14)
w(7,1,0,14)
r(11,43,0,14)
r(37,45,0,14)
w(63,3,0,14)
r(5,29,0,14)
w(44,1,0,14)
r(56,42,0,14)
w(97,1,0,14)
r(33,1,0,15)
r(4,0,0,15)
r(97,1,0,15)
r(81,39,0,15)
r(115,1,0,15)
w(33,2,0,15)
r(74,43,0,15)
w(4,1,0,15)
r(81,39,0,15)
w(80,1,0,15)
r(89,2,0,15)
w(92,1,0,15)
w(51,2,0,15)
w(8,1,0,15)
r(82,45,0,15)
r(90,1,0,15)
w(9,3,0,15)
w(29,2,0,15)
w(90,2,0,15)
r(58,3,0,15)
r(52,39,0,16)
r(58,3,0,16)
r(75,38,0,16)
w(8,2,0,16)
w(23,2,0,16)
w(92,2,0,16)
w(83,3,0,16)
w(15,2,0,16)
w(9,4,0,16)
r(17,53,0,16)
w(81,4,0,16)
r(37,45,0,16)
w(34,4,0,16)
w(50,2,0,16)
w(56,1,0,16)
r(56,1,0,16)
w(25,5,0,16)
r(62,43,0,16)
r(86,53,0,16)
r(53,48,0,16)
r(50,2,0,17)
w(35,2,0,17)
w(96,3,0,17)
w(30,4,0,17)
r(68,48,0,17)
r(68,48,0,17)
w(17,2,0,17)
w(82,1,0,17)
w(53,2,0,17)
r(96,3,0,17)
w(60,4,0,17)
w(76,1,0,17)
w(80,2,0,17)
r(101,40,0,17)
w(88,2,0,17)
r(107,44,0,17)
r(23,2,0,17)
r(67,52,0,17)
w(63,4,0,17)
w(9,5,0,17)
r(115,1,0,18)
w(50,3,0,18)
w(103,3,0,18)
r(49,51,0,18)
w(119,4,0,18)
w(11,1,0,18)
r(118,43,0,18)
r(112,2,0,18)
w(23,3,0,18)
r(10,57,0,18)
w(82,2,0,18)
w(13,2,0,18)
r(119,4,0,18)
r(36,1,0,18)
w(16,2,0,18)
w(96,4,0,18)
r(83,3,0,18)
w(12,5,0,18)
w(15,3,0,18)
r(119,4,0,18)
r(92,32,0,19)
w(11,2,0,19)
r(33,2,0,19)
w(107,1,0,19)
w(92,3,0,19)
w(83,4,0,19)
r(115,1,0,19)
r(28,43,0,19)
r(118,43,0,19)
w(6,1,0,19)
w(87,3,0,19)
w(34,5,0,19)
w(44,2,0,19)
r(81,4,0,19)
r(89,2,0,19)
w(20,4,0,19)
r(63,4,0,19)
w(60,5,0,19)
w(37,3,0,19)
w(64,3,0,19)
r(84,1,0,20)
w(25,6,0,20)
w(23,4,0,20)
w(110,2,0,20)
r(56,1,0,20)
r(27,42,0,20)
w(119,5,0,20)
r(1,53,0,20)
r(91,45,0,20)
r(4,42,0,20)
w(33,3,0,20)
r(71,4,0,20)
r(70,37,0,20)
w(67,1,0,20)
w(25,7,0,20)
r(102,44,0,20)
w(17,3,0,20)
r(18,1,0,20)
r(101,40,0,20)
w(95,2,0,20)
r(8,2,0,21)
w(76,2,0,21)
w(41,1,0,21)
r(36,1,0,21)
w(79,1,0,21)
r(53,2,0,21)
r(117,36,0,21)
r(27,42,0,21)
w(52,1,0,21)
w(65,3,0,21)
r(43,37,0,21)
w(75,1,0,21)
w(73,2,0,21)
r(59,45,0,21)
w(9,6,0,21)
r(79,1,0,21)
r(83,4,0,21)
r(51,51,0,21)
w(88,3,0,21)
w(19,1,0,21)
r(24,35,0,22)
r(96,4,0,22)
w(103,4,0,22)
r(79,1,0,22)
r(16,2,0,22)
r(14,3,0,22)
w(16,3,0,22)
w(54,2,0,22)
r(99,35,0,22)
r(37,3,0,22)
w(73,3,0,22)
w(80,3,0,22)
w(46,2,0,22)
r(97,40,0,22)
w(10,5,0,22)
w(10,6,0,22)
w(12,6,0,22)
w(61,4,0,22)
w(84,2,0,22)
r(103,4,0,22)
r(17,55,0,23)
w(61,5,0,23)
w(49,2,0,23)
w(72,1,0,23)
w(20,5,0,23)
r(35,2,0,23)
r(81,4,0,23)
w(88,4,0,23)
w(80,4,0,23)
r(11,2,0,23)
r(41,1,0,23)
r(69,1,0,23)
w(79,2,0,23)
r(19,1,0,23)
r(8,2,0,23)
w(103,5,0,23)
r(111,49,0,23)
r(75,1,0,23)
r(18,37,0,23)
w(0,4,0,23)
w(69,2,0,24)
r(39,38,0,24)
r(75,1,0,24)
w(91,2,0,24)
r(54,2,0,24)
w(51,3,0,24)
r(116,44,0,24)
w(22,1,0,24)
w(106,1,0,24)
r(101,40,0,24)
r(7,1,0,24)
r(50,48,0,24)
r(87,42,0,24)
w(51,4,0,24)
w(54,3,0,24)
r(118,44,0,24)
r(36,40,0,24)
r(13,2,0,24)
r(79,2,0,24)
w(30,5,0,24)
w(72,2,0,25)
r(33,3,0,25)
w(42,3,0,25)
w(27,1,0,25)
w(33,4,0,25)
w(66,2,0,25)
r(15,3,0,25)
r(70,37,0,25)
w(88,5,0,25)
r(63,52,0,25)
w(52,2,0,25)
w(112,3,0,25)
r(80,4,0,25)
w(107,2,0,25)
w(99,1,0,25)
w(38,4,0,25)
w(19,2,0,25)
w(36,2,0,25)
r(101,40,0,25)
w(97,2,0,25)
w(66,3,0,26)
w(79,3,0,26)
w(15,4,0,26)
r(27,1,0,26)
w(104,4,0,26)
r(32,2,0,26)
r(15,4,0,26)
w(99,2,0,26)
w(110,3,0,26)
w(13,3,0,26)
w(36,3,0,26)
r(19,2,0,26)
r(80,4,0,26)
r(71,46,0,26)
w(75,2,0,26)
r(45,40,0,26)
w(103,6,0,26)
w(116,5,0,26)
w(98,4,0,26)
w(60,6,0,26)
r(77,35,0,27)
r(49,2,0,27)
w(35,3,0,27)
w(105,4,0,27)
w(103,7,0,27)
w(21,3,0,27)
r(1,53,0,27)
w(1,1,0,27)
w(105,5,0,27)
w(26,3,0,27)
w(29,3,0,27)
w(56,2,0,27)
r(81,4,0,27)
r(77,35,0,27)
r(24,35,0,27)
w(52,3,0,27)
r(31,42,0,27)
w(83,5,0,27)
w(1,2,0,27)
w(91,3,0,27)
r(77,36,0,28)
r(108,37,0,28)
r(53,50,0,28)
w(47,3,0,28)
r(84,2,0,28)
r(59,46,0,28)
w(119,6,0,28)
r(13,3,0,28)
r(0,48,0,28)
w(8,3,0,28)
r(71,46,0,28)
w(50,4,0,28)
w(94,2,0,28)
r(116,5,0,28)
w(52,4,0,28)
r(20,5,0,28)
w(74,2,0,28)
w(37,4,0,28)
r(20,5,0,28)
r(66,3,0,28)
w(119,7,0,29)
w(114,1,0,29)
w(106,2,0,29)
r(5,30,0,29)
r(113,39,0,29)
w(33,5,0,29)
w(71,5,0,29)
w(100,1,0,29)
w(21,4,0,29)
r(59,46,0,29)
w(32,3,0,29)
w(96,5,0,29)
w(85,2,0,29)
r(14,45,0,29)
r(2,47,0,29)
w(17,4,0,29)
w(91,4,0,29)
w(116,6,0,29)
w(80,5,0,29)
r(73,49,0,29)
w(76,3,0,30)
w(84,3,0,30)
w(42,4,0,30)
w(96,6,0,30)
w(82,3,0,30)
w(48,2,0,30)
w(84,4,0,30)
r(60,6,0,30)
w(83,6,0,30)
w(36,4,0,30)
w(100,2,0,30)
w(59,1,0,30)
r(85,2,0,30)
w(96,7,0,30)
r(64,33,0,30)
r(66,3,0,30)
r(64,33,0,30)
r(39,39,0,30)
r(28,44,0,30)
w(45,1,0,30)
w(36,5,0,31)
w(119,8,0,31)
r(8,49,0,31)
r(72,2,0,31)
w(117,2,0,31)
r(66,3,0,31)
r(17,4,0,31)
w(116,7,0,31)
w(19,3,0,31)
r(3,48,0,31)
r(42,4,0,31)
r(12,6,0,31)
r(24,36,0,31)
r(119,8,0,31)
w(116,8,0,31)
w(74,3,0,31)
r(64,33,0,31)
r(45,1,0,31)
r(115,42,0,31)
r(86,54,0,31)
r(77,36,0,32)
r(24,36,0,32)
r(95,34,0,32)
r(53,50,0,32)
w(96,8,0,32)
w(93,2,0,32)
w(116,9,0,32)
r(103,7,0,32)
r(0,49,0,32)
w(30,6,0,32)
w(85,3,0,32)
r(84,4,0,32)
r(37,4,0,32)
w(24,2,0,32)
w(106,3,0,32)
w(33,6,0,32)
r(96,8,0,32)
r(104,53,0,32)
w(51,5,0,32)
r(44,56,0,32)
r(78,3,0,33)
w(0,5,0,33)
w(80,6,0,33)
w(95,3,0,33)
r(22,1,0,33)
r(47,3,0,33)
r(23,42,0,33)
r(78,3,0,33)
w(3,1,0,33)
w(33,7,0,33)
w(90,3,0,33)
w(85,4,0,33)
r(106,3,0,33)
r(46,52,0,33)
r(53,50,0,33)
r(14,45,0,33)
w(59,2,0,33)
w(44,3,0,33)
r(27,44,0,33)
w(100,3,0,33)
r(40,40,0,34)
r(39,39,0,34)
w(110,4,0,34)
r(114,50,0,34)
r(2,48,0,34)
w(42,5,0,34)
r(13,51,0,34)
r(72,2,0,34)
r(23,42,0,34)
r(18,39,0,34)
w(32,4,0,34)
w(29,4,0,34)
r(26,3,0,34)
w(63,5,0,34)
r(80,6,0,34)
r(102,44,0,34)
r(77,36,0,34)
r(104,53,0,34)
w(71,6,0,34)
w(67,2,0,34)
r(1,55,0,35)
r(9,6,0,35)
w(60,7,0,35)
r(35,3,0,35)
w(2,4,0,35)
r(62,45,0,35)
w(112,4,0,35)
r(67,2,0,35)
r(83,6,0,35)
w(74,4,0,35)
r(17,4,0,35)
r(102,44,0,35)
w(111,5,0,35)
w(59,3,0,35)
w(94,3,0,35)
w(61,6,0,35)
w(83,7,0,35)
r(3,49,0,35)
w(68,2,0,35)
w(51,6,0,35)
w(108,2,0,36)
r(10,63,0,36)
w(13,4,0,36)
w(48,3,0,36)
r(37,4,0,36)
r(75,42,0,36)
r(104,53,0,36)
w(42,6,0,36)
w(0,6,0,36)
w(37,5,0,36)
r(102,45,0,36)
w(116,10,0,36)
r(38,4,0,36)
w(113,2,0,36)
r(109,1,0,36)
r(97,2,0,36)
r(3,49,0,36)
r(49,54,0,36)
r(71,6,0,36)
r(10,63,0,36)
r(107,2,0,37)
r(82,3,0,37)
w(16,4,0,37)
r(19,3,0,37)
w(64,4,0,37)
r(16,4,0,37)
w(83,8,0,37)
r(10,63,0,37)
w(118,4,0,37)
w(70,1,0,37)
r(93,44,0,37)
r(21,39,0,37)
w(29,5,0,37)
r(23,42,0,37)
r(48,46,0,37)
r(20,5,0,37)
w(76,4,0,37)
r(40,40,0,37)
w(103,8,0,37)
w(45,2,0,37)
w(91,5,0,38)
r(30,6,0,38)
r(112,45,0,38)
r(68,2,0,38)
w(13,5,0,38)
w(40,3,0,38)
r(96,57,0,38)
w(50,5,0,38)
r(2,4,0,38)
w(15,5,0,38)
r(27,44,0,38)
r(69,44,0,38)
r(24,37,0,38)
w(4,2,0,38)
w(23,5,0,38)
r(47,53,0,38)
r(28,44,0,38)
w(82,4,0,38)
r(65,39,0,38)
r(66,40,0,38)
r(52,4,0,39)
w(18,2,0,39)
w(39,2,0,39)
r(95,36,0,39)
r(83,8,0,39)
r(119,50,0,39)
w(36,6,0,39)
w(19,4,0,39)
r(64,4,0,39)
w(63,6,0,39)
r(81,4,0,39)
r(116,10,0,39)
w(93,3,0,39)
w(22,2,0,39)
r(84,52,0,39)
w(18,3,0,39)
r(39,2,0,39)
w(54,4,0,39)
w(41,2,0,39)
w(103,9,0,39)
w(49,3,0,40)
r(25,48,0,40)
r(117,2,0,40)
w(119,9,0,40)
w(114,2,0,40)
r(104,53,0,40)
w(43,2,0,40)
w(71,7,0,40)
w(65,4,0,40)
r(22,2,0,40)
r(73,49,0,40)
r(70,39,0,40)
r(31,42,0,40)
r(92,35,0,40)
w(36,7,0,40)
w(35,4,0,40)
r(63,6,0,40)
r(90,39,0,40)
r(59,3,0,40)
w(58,4,0,40)
r(79,53,0,41)
r(33,52,0,41)
r(84,53,0,41)
w(54,5,0,41)
w(107,3,0,41)
r(115,42,0,41)
w(57,2,0,41)
r(31,42,0,41)
w(21,5,0,41)
r(56,44,0,41)
r(93,3,0,41)
w(108,3,0,41)
w(98,5,0,41)
w(32,5,0,41)
w(47,4,0,41)
r(75,43,0,41)
r(101,41,0,41)
w(109,2,0,41)
w(20,6,0,41)
w(36,8,0,41)
r(94,54,0,42)
w(0,7,0,42)
w(58,5,0,42)
r(43,2,0,42)
r(38,48,0,42)
r(9,6,0,42)
r(87,43,0,42)
r(96,57,0,42)
r(62,45,0,42)
r(8,49,0,42)
r(75,43,0,42)
r(47,4,0,42)
w(52,5,0,42)
r(45,41,0,42)
w(27,2,0,42)
r(114,2,0,42)
r(27,2,0,42)
r(53,51,0,42)
r(113,40,0,42)
w(28,1,0,42)
w(115,2,0,43)
w(5,1,0,43)
w(39,3,0,43)
r(67,2,0,43)
r(70,40,0,43)
w(81,5,0,43)
w(14,4,0,43)
w(73,4,0,43)
r(46,52,0,43)
w(112,5,0,43)
r(33,52,0,43)
w(42,7,0,43)
r(50,5,0,43)
w(95,4,0,43)
r(36,8,0,43)
r(112,5,0,43)
r(14,4,0,43)
w(115,3,0,43)
r(22,2,0,43)
r(56,44,0,43)
r(25,48,0,44)
r(42,7,0,44)
w(116,11,0,44)
r(93,3,0,44)
w(7,2,0,44)
r(84,53,0,44)
r(69,44,0,44)
r(3,49,0,44)
r(114,2,0,44)
r(105,49,0,44)
w(51,7,0,44)
r(4,2,0,44)
w(8,4,0,44)
w(85,5,0,44)
r(103,9,0,44)
r(104,53,0,44)
r(115,3,0,44)
r(93,3,0,44)
w(52,6,0,44)
w(110,5,0,44)
w(17,5,0,45)
w(38,5,0,45)
w(32,6,0,45)
r(35,4,0,45)
r(47,4,0,45)
w(24,3,0,45)
r(116,11,0,45)
w(72,3,0,45)
w(98,6,0,45)
r(109,2,0,45)
w(10,7,0,45)
w(92,4,0,45)
r(28,1,0,45)
w(81,6,0,45)
w(21,6,0,45)
w(87,4,0,45)
r(21,6,0,45)
r(37,5,0,45)
w(48,4,0,45)
w(21,7,0,45)
r(111,50,0,46)
w(101,2,0,46)
w(19,5,0,46)
w(55,4,0,46)
w(11,3,0,46)
r(31,42,0,46)
r(27,2,0,46)
w(76,5,0,46)
w(89,3,0,46)
w(4,3,0,46)
w(40,4,0,46)
w(57,3,0,46)
r(93,3,0,46)
r(40,4,0,46)
r(54,5,0,46)
w(65,5,0,46)
w(78,4,0,46)
r(22,2,0,46)
w(5,2,0,46)
w(1,3,0,46)
w(73,5,0,47)
w(72,4,0,47)
r(113,40,0,47)
w(76,6,0,47)
w(50,6,0,47)
r(8,4,0,47)
r(46,52,0,47)
w(64,5,0,47)
r(76,6,0,47)
w(16,5,0,47)
r(86,54,0,47)
r(69,44,0,47)
w(105,6,0,47)
r(0,7,0,47)
r(117,2,0,47)
w(63,7,0,47)
w(83,9,0,47)
r(41,2,0,47)
r(28,1,0,47)
r(56,44,0,47)
r(3,49,0,48)
w(7,3,0,48)
r(112,5,0,48)
r(47,4,0,48)
w(112,6,0,48)
r(20,6,0,48)
r(83,9,0,48)
r(30,46,0,48)
w(83,10,0,48)
r(60,50,0,48)
r(60,50,0,48)
r(38,5,0,48)
r(112,6,0,48)
w(34,6,0,48)
r(51,7,0,48)
r(68,54,0,48)
r(93,3,0,48)
r(97,2,0,48)
r(89,3,0,48)
r(55,4,0,48)
w(1,4,0,49)
r(31,42,0,49)
r(92,4,0,49)
w(46,3,0,49)
r(96,57,0,49)
r(23,43,0,49)
r(119,9,0,49)
w(56,3,0,49)
w(85,6,0,49)
w(87,5,0,49)
w(11,4,0,49)
r(75,43,0,49)
w(3,2,0,49)
r(12,6,0,49)
r(110,5,0,49)
w(35,5,0,49)
r(48,4,0,49)
r(71,47,0,49)
w(63,8,0,49)
w(60,8,0,49)
w(7,48,1,50)
r(111,0,1,50)
w(109,46,1,50)
w(103,47,1,50)
r(89,0,1,50)
w(45,38,1,50)
r(63,0,1,50)
r(61,0,1,50)
r(68,0,1,50)
w(105,45,1,50)
w(114,44,1,50)
w(51,48,1,50)
r(109,46,1,50)
r(115,0,1,50)
w(75,38,1,50)
w(13,47,1,50)
r(77,0,1,50)
w(78,40,1,50)
w(70,36,1,50)
w(105,46,1,50)
w(85,43,1,51)
r(21,0,1,51)
r(26,0,1,51)
w(72,35,1,51)
w(88,38,1,51)
r(4,0,1,51)
r(25,1,1,51)
r(26,0,1,51)
r(58,1,1,51)
w(78,41,1,51)
w(30,43,1,51)
r(43,0,1,51)
w(1,52,1,51)
w(82,44,1,51)
w(27,37,1,51)
w(99,32,1,51)
w(56,39,1,51)
w(84,47,1,51)
r(87,0,1,51)
r(2,2,1,51)
w(28,39,1,52)
w(51,49,1,52)
w(80,47,1,52)
w(106,39,1,52)
w(13,48,1,52)
r(58,1,1,52)
w(86,51,1,52)
w(114,45,1,52)
r(109,46,1,52)
r(100,0,1,52)
r(3,0,1,52)
w(81,38,1,52)
r(51,49,1,52)
w(38,44,1,52)
r(83,0,1,52)
r(91,0,1,52)
w(16,44,1,52)
r(0,0,1,52)
w(37,43,1,52)
w(10,53,1,52)
r(15,0,1,53)
w(72,36,1,53)
w(53,47,1,53)
w(17,47,1,53)
r(108,0,1,53)
r(103,1,1,53)
r(43,1,1,53)
w(87,39,1,53)
r(106,39,1,53)
r(89,0,1,53)
w(51,50,1,53)
w(46,49,1,53)
r(83,0,1,53)
r(115,0,1,53)
r(90,0,1,53)
r(41,0,1,53)
w(114,46,1,53)
r(23,1,1,53)
r(24,0,1,53)
r(12,0,1,53)
r(23,1,1,54)
r(44,0,1,54)
r(22,0,1,54)
r(38,44,1,54)
r(12,0,1,54)
w(8,45,1,54)
r(14,1,1,54)
w(73,44,1,54)
r(0,2,1,54)
w(85,44,1,54)
w(68,46,1,54)
r(91,0,1,54)
w(7,49,1,54)
r(24,0,1,54)
r(55,0,1,54)
r(73,44,1,54)
w(107,43,1,54)
w(58,35,1,54)
w(94,48,1,54)
r(51,50,1,54)
w(103,48,1,55)
w(105,47,1,55)
r(49,0,1,55)
r(82,44,1,55)
r(43,1,1,55)
w(78,42,1,55)
r(78,42,1,55)
w(66,36,1,55)
w(113,36,1,55)
r(79,0,1,55)
r(115,0,1,55)
r(13,1,1,55)
r(24,0,1,55)
r(1,52,1,55)
r(8,45,1,55)
r(58,35,1,55)
w(99,33,1,55)
r(78,42,1,55)
w(27,38,1,55)
w(62,43,1,55)
r(57,0,1,56)
r(36,0,1,56)
w(102,43,1,56)
w(115,38,1,56)
r(86,1,1,56)
w(9,47,1,56)
r(82,44,1,56)
r(11,0,1,56)
r(55,1,1,56)
r(71,2,1,56)
w(27,39,1,56)
w(59,44,1,56)
w(111,47,1,56)
r(46,49,1,56)
w(96,53,1,56)
r(33,1,1,56)
r(54,0,1,56)
w(34,36,1,56)
w(22,50,1,56)
w(17,48,1,56)
w(84,48,1,57)
r(30,1,1,57)
w(28,40,1,57)
r(103,48,1,57)
w(45,39,1,57)
w(70,37,1,57)
r(1,52,1,57)
w(12,49,1,57)
w(38,45,1,57)
r(64,1,1,57)
w(10,54,1,57)
r(92,0,1,57)
r(58,35,1,57)
w(28,41,1,57)
r(36,0,1,57)
r(13,1,1,57)
w(42,43,1,57)
r(23,1,1,57)
w(1,53,1,57)
w(35,42,1,57)
w(54,46,1,58)
r(69,1,1,58)
r(104,1,1,58)
r(67,0,1,58)
r(77,1,1,58)
r(49,0,1,58)
w(11,42,1,58)
r(88,38,1,58)
w(29,38,1,58)
r(96,53,1,58)
r(54,46,1,58)
w(112,43,1,58)
w(29,39,1,58)
w(78,43,1,58)
w(67,51,1,58)
r(26,1,1,58)
w(79,45,1,58)
w(14,43,1,58)
w(84,49,1,58)
w(56,40,1,58)
r(23,1,1,59)
w(22,51,1,59)
w(5,29,1,59)
w(106,40,1,59)
w(110,40,1,59)
r(75,38,1,59)
w(10,55,1,59)
r(96,53,1,59)
w(73,45,1,59)
r(77,1,1,59)
r(23,1,1,59)
w(21,37,1,59)
r(77,1,1,59)
w(17,49,1,59)
r(37,43,1,59)
r(56,40,1,59)
w(49,50,1,59)
r(43,1,1,59)
w(74,42,1,59)
w(20,35,1,59)
r(12,49,1,60)
w(72,37,1,60)
w(27,40,1,60)
r(44,0,1,60)
w(17,50,1,60)
w(39,37,1,60)
w(90,37,1,60)
w(59,45,1,60)
w(115,39,1,60)
r(40,0,1,60)
r(68,46,1,60)
w(29,40,1,60)
w(13,49,1,60)
r(24,0,1,60)
r(11,42,1,60)
r(83,1,1,60)
w(14,44,1,60)
r(32,1,1,60)
r(63,1,1,60)
w(94,49,1,60)
w(117,35,1,61)
r(41,0,1,61)
r(106,40,1,61)
w(99,34,1,61)
w(111,48,1,61)
r(48,1,1,61)
r(29,40,1,61)
r(53,47,1,61)
w(67,52,1,61)
w(23,40,1,61)
w(21,38,1,61)
r(66,1,1,61)
w(104,52,1,61)
w(103,49,1,61)
r(59,45,1,61)
r(30,1,1,61)
r(87,39,1,61)
r(117,35,1,61)
w(87,40,1,61)
w(77,35,1,61)
w(56,41,1,62)
w(9,48,1,62)
r(15,1,1,62)
w(90,38,1,62)
r(7,49,1,62)
r(83,2,1,62)
r(103,49,1,62)
r(72,37,1,62)
w(99,35,1,62)
r(104,52,1,62)
r(104,52,1,62)
w(36,37,1,62)
r(45,39,1,62)
r(10,4,1,62)
w(37,44,1,62)
r(87,40,1,62)
w(96,54,1,62)
r(83,2,1,62)
w(52,38,1,62)
r(43,1,1,62)
w(65,38,1,63)
r(47,2,1,63)
w(80,48,1,63)
r(16,1,1,63)
w(17,51,1,63)
w(72,38,1,63)
r(116,0,1,63)
w(28,42,1,63)
w(27,41,1,63)
w(79,46,1,63)
r(91,1,1,63)
w(19,50,1,63)
w(71,44,1,63)
r(78,3,1,63)
w(28,43,1,63)
r(108,0,1,63)
r(5,29,1,63)
r(14,2,1,63)
w(3,43,1,63)
r(29,40,1,63)
r(39,37,1,64)
w(0,42,1,64)
r(87,40,1,64)
r(100,0,1,64)
w(66,37,1,64)
r(49,50,1,64)
r(5,29,1,64)
w(10,56,1,64)
r(105,47,1,64)
w(119,48,1,64)
w(82,45,1,64)
r(27,41,1,64)
w(79,47,1,64)
w(68,47,1,64)
w(108,37,1,64)
w(89,37,1,64)
w(26,35,1,64)
r(80,48,1,64)
w(94,50,1,64)
r(18,1,1,64)
r(104,2,1,65)
w(13,50,1,65)
w(8,46,1,65)
r(76,0,1,65)
w(89,38,1,65)
w(73,46,1,65)
w(115,40,1,65)
w(114,47,1,65)
w(86,52,1,65)
r(0,42,1,65)
w(87,41,1,65)
r(96,54,1,65)
r(46,49,1,65)
r(30,3,1,65)
w(48,44,1,65)
w(63,50,1,65)
r(108,37,1,65)
w(100,37,1,65)
w(74,43,1,65)
r(67,52,1,65)
r(16,1,1,66)
w(17,52,1,66)
r(115,40,1,66)
w(37,45,1,66)
r(109,1,1,66)
w(85,45,1,66)
w(86,53,1,66)
w(57,40,1,66)
r(63,50,1,66)
w(8,47,1,66)
w(79,48,1,66)
r(114,47,1,66)
r(96,54,1,66)
r(114,47,1,66)
r(54,1,1,66)
r(59,45,1,66)
w(102,44,1,66)
w(0,43,1,66)
r(19,50,1,66)
r(119,48,1,66)
w(89,39,1,67)
w(105,48,1,67)
w(107,44,1,67)
w(34,37,1,67)
r(90,1,1,67)
r(45,39,1,67)
w(17,53,1,67)
r(119,48,1,67)
w(3,44,1,67)
r(41,0,1,67)
w(11,43,1,67)
w(19,51,1,67)
w(53,48,1,67)
w(117,36,1,67)
w(52,39,1,67)
w(73,47,1,67)
r(20,2,1,67)
r(48,44,1,67)
r(40,1,1,67)
r(89,39,1,67)
w(8,48,1,68)
r(73,47,1,68)
r(1,53,1,68)
r(112,2,1,68)
r(9,48,1,68)
w(101,39,1,68)
r(101,39,1,68)
r(42,2,1,68)
r(51,50,1,68)
w(60,48,1,68)
w(92,31,1,68)
w(72,39,1,68)
r(2,3,1,68)
r(8,48,1,68)
w(66,38,1,68)
r(79,48,1,68)
r(57,40,1,68)
r(48,44,1,68)
r(44,0,1,68)
r(53,48,1,68)
w(56,42,1,69)
w(57,41,1,69)
w(88,39,1,69)
w(91,45,1,69)
w(10,57,1,69)
w(16,45,1,69)
r(81,3,1,69)
w(85,46,1,69)
r(80,48,1,69)
w(72,40,1,69)
r(20,3,1,69)
w(47,51,1,69)
w(7,50,1,69)
r(61,3,1,69)
w(68,48,1,69)
w(81,39,1,69)
w(118,43,1,69)
r(21,2,1,69)
r(14,3,1,69)
w(85,47,1,69)
w(55,37,1,70)
r(29,40,1,70)
w(22,52,1,70)
r(52,39,1,70)
r(61,3,1,70)
w(88,40,1,70)
r(93,1,1,70)
r(36,1,1,70)
w(44,53,1,70)
w(101,40,1,70)
w(49,51,1,70)
w(5,30,1,70)
r(113,1,1,70)
w(44,54,1,70)
r(44,54,1,70)
w(42,44,1,70)
r(25,4,1,70)
r(41,0,1,70)
r(1,53,1,70)
w(44,55,1,70)
w(9,49,1,71)
r(72,40,1,71)
r(8,2,1,71)
w(39,38,1,71)
r(99,35,1,71)
w(79,49,1,71)
r(71,4,1,71)
r(102,44,1,71)
r(51,2,1,71)
w(26,36,1,71)
r(11,43,1,71)
r(108,37,1,71)
r(36,1,1,71)
r(53,48,1,71)
w(25,46,1,71)
r(95,1,1,71)
w(62,44,1,71)
w(116,42,1,71)
r(66,38,1,71)
w(27,42,1,71)
r(16,45,1,72)
w(38,46,1,72)
r(90,2,1,72)
w(92,32,1,72)
r(2,3,1,72)
w(3,45,1,72)
r(18,1,1,72)
r(26,36,1,72)
w(111,49,1,72)
r(115,1,1,72)
w(94,51,1,72)
w(95,32,1,72)
w(22,53,1,72)
w(31,38,1,72)
r(69,1,1,72)
w(31,39,1,72)
w(73,48,1,72)
w(6,30,1,72)
w(6,31,1,72)
w(116,43,1,72)
w(4,42,1,73)
r(32,2,1,73)
r(71,4,1,73)
w(95,33,1,73)
r(23,3,1,73)
w(0,44,1,73)
r(43,1,1,73)
w(119,49,1,73)
r(111,49,1,73)
w(114,48,1,73)
r(31,39,1,73)
w(31,40,1,73)
r(12,5,1,73)
w(29,41,1,73)
w(2,46,1,73)
r(42,44,1,73)
r(97,1,1,73)
w(51,51,1,73)
w(24,35,1,73)
r(112,2,1,73)
r(19,51,1,74)
w(40,40,1,74)
r(71,4,1,74)
r(115,1,1,74)
r(97,1,1,74)
r(30,4,1,74)
r(28,43,1,74)
w(79,50,1,74)
w(17,54,1,74)
w(10,58,1,74)
r(76,1,1,74)
w(93,43,1,74)
r(73,48,1,74)
r(24,35,1,74)
r(19,51,1,74)
w(43,37,1,74)
r(11,2,1,74)
r(39,38,1,74)
r(111,49,1,74)
r(112,2,1,74)
r(77,35,1,75)
r(49,51,1,75)
r(96,4,1,75)
w(75,39,1,75)
r(35,2,1,75)
r(42,44,1,75)
r(25,7,1,75)
w(20,36,1,75)
w(97,40,1,75)
r(61,3,1,75)
w(54,47,1,75)
w(94,52,1,75)
w(6,32,1,75)
w(54,48,1,75)
r(74,43,1,75)
r(71,4,1,75)
w(89,40,1,75)
r(11,2,1,75)
r(60,5,1,75)
r(47,51,1,75)
r(22,53,1,76)
r(81,4,1,76)
r(73,2,1,76)
w(57,42,1,76)
w(31,41,1,76)
r(81,4,1,76)
r(89,40,1,76)
r(114,48,1,76)
r(65,3,1,76)
w(34,38,1,76)
w(20,37,1,76)
r(3,45,1,76)
r(17,3,1,76)
r(113,1,1,76)
w(30,44,1,76)
w(36,38,1,76)
w(116,44,1,76)
w(59,46,1,76)
r(4,42,1,76)
r(86,53,1,76)
w(10,59,1,77)
w(17,55,1,77)
r(54,2,1,77)
w(3,46,1,77)
r(76,2,1,77)
r(7,1,1,77)
w(58,36,1,77)
w(86,54,1,77)
w(47,52,1,77)
w(36,39,1,77)
w(4,43,1,77)
w(87,42,1,77)
r(27,42,1,77)
r(51,51,1,77)
w(113,37,1,77)
w(18,37,1,77)
w(100,38,1,77)
r(99,35,1,77)
r(36,39,1,77)
w(71,45,1,77)
r(54,2,1,78)
w(63,51,1,78)
w(60,49,1,78)
r(43,37,1,78)
w(29,42,1,78)
r(69,1,1,78)
r(56,1,1,78)
r(78,3,1,78)
r(35,2,1,78)
r(11,2,1,78)
r(93,43,1,78)
r(79,1,1,78)
w(94,53,1,78)
r(73,3,1,78)
w(50,48,1,78)
r(57,42,1,78)
r(26,36,1,78)
w(106,41,1,78)
w(27,43,1,78)
r(30,44,1,78)
r(62,44,1,79)
w(118,44,1,79)
w(71,46,1,79)
r(11,2,1,79)
w(56,43,1,79)
w(96,55,1,79)
w(19,52,1,79)
r(26,36,1,79)
w(61,54,1,79)
w(46,50,1,79)
w(65,39,1,79)
r(61,54,1,79)
r(10,59,1,79)
r(11,2,1,79)
w(22,54,1,79)
r(113,37,1,79)
w(36,40,1,79)
r(51,51,1,79)
w(23,41,1,79)
w(92,33,1,79)
w(42,45,1,80)
w(112,44,1,80)
r(94,53,1,80)
w(97,41,1,80)
w(45,40,1,80)
r(63,51,1,80)
w(85,48,1,80)
w(115,41,1,80)
w(95,34,1,80)
w(38,47,1,80)
r(15,3,1,80)
w(63,52,1,80)
w(107,45,1,80)
w(35,43,1,80)
r(100,38,1,80)
r(104,3,1,80)
r(73,3,1,80)
r(37,3,1,80)
w(35,44,1,80)
r(53,2,1,80)
r(7,1,1,81)
r(20,5,1,81)
w(61,55,1,81)
r(62,44,1,81)
w(7,51,1,81)
w(3,47,1,81)
r(98,3,1,81)
r(100,38,1,81)
w(0,45,1,81)
w(85,49,1,81)
r(118,44,1,81)
r(39,38,1,81)
r(2,46,1,81)
w(0,46,1,81)
w(57,43,1,81)
r(47,52,1,81)
r(21,2,1,81)
r(81,4,1,81)
r(83,4,1,81)
r(13,2,1,81)
r(68,48,1,82)
w(46,51,1,82)
r(28,43,1,82)
w(83,42,1,82)
r(104,4,1,82)
w(31,42,1,82)
w(10,60,1,82)
r(103,6,1,82)
r(5,30,1,82)
w(115,42,1,82)
r(36,3,1,82)
w(0,47,1,82)
r(58,36,1,82)
w(0,48,1,82)
w(44,56,1,82)
r(30,5,1,82)
w(4,44,1,82)
w(106,42,1,82)
r(65,39,1,82)
w(117,37,1,82)
r(55,37,1,83)
r(67,1,1,83)
r(68,48,1,83)
r(0,48,1,83)
w(101,41,1,83)
r(52,3,1,83)
w(118,45,1,83)
r(12,6,1,83)
w(2,47,1,83)
w(46,52,1,83)
w(53,49,1,83)
w(36,41,1,83)
r(105,5,1,83)
r(41,1,1,83)
w(118,46,1,83)
r(86,54,1,83)
r(25,7,1,83)
w(1,54,1,83)
r(59,46,1,83)
r(75,2,1,83)
w(53,50,1,84)
r(8,2,1,84)
r(81,4,1,84)
w(79,51,1,84)
w(113,38,1,84)
r(104,4,1,84)
r(58,36,1,84)
r(26,3,1,84)
r(28,43,1,84)
r(73,3,1,84)
r(95,34,1,84)
r(90,2,1,84)
w(42,46,1,84)
w(49,52,1,84)
r(69,2,1,84)
w(42,47,1,84)
w(23,42,1,84)
r(86,54,1,84)
w(62,45,1,84)
w(83,43,1,84)
r(14,3,1,85)
r(15,4,1,85)
w(29,43,1,85)
r(28,43,1,85)
r(56,2,1,85)
r(113,38,1,85)
w(18,38,1,85)
r(31,42,1,85)
r(74,43,1,85)
w(77,36,1,85)
w(28,44,1,85)
r(9,6,1,85)
r(58,36,1,85)
w(3,48,1,85)
w(92,34,1,85)
r(93,43,1,85)
r(89,40,1,85)
w(68,49,1,85)
w(114,49,1,85)
r(31,42,1,85)
r(94,2,1,86)
r(60,6,1,86)
r(107,2,1,86)
w(64,33,1,86)
w(82,46,1,86)
w(14,45,1,86)
r(116,5,1,86)
w(24,36,1,86)
w(68,50,1,86)
r(50,4,1,86)
w(73,49,1,86)
r(100,38,1,86)
r(104,4,1,86)
w(113,39,1,86)
w(84,50,1,86)
r(86,54,1,86)
w(6,33,1,86)
r(6,33,1,86)
r(40,40,1,86)
r(18,38,1,86)
r(74,2,1,87)
r(102,44,1,87)
w(100,39,1,87)
w(5,31,1,87)
w(36,42,1,87)
w(79,52,1,87)
w(98,40,1,87)
r(77,36,1,87)
w(5,32,1,87)
w(0,49,1,87)
w(39,39,1,87)
w(8,49,1,87)
w(59,47,1,87)
r(42,47,1,87)
w(118,47,1,87)
w(98,41,1,87)
r(54,3,1,87)
r(27,1,1,87)
r(99,2,1,87)
r(109,1,1,87)
r(9,6,1,88)
r(41,1,1,88)
r(91,4,1,88)
r(1,54,1,88)
w(56,44,1,88)
r(102,44,1,88)
r(107,2,1,88)
w(30,45,1,88)
r(98,41,1,88)
w(104,53,1,88)
r(59,1,1,88)
r(70,37,1,88)
w(10,61,1,88)
w(80,49,1,88)
r(59,1,1,88)
w(75,40,1,88)
r(5,32,1,88)
w(18,39,1,88)
r(17,4,1,88)
w(70,38,1,88)
r(36,5,1,89)
w(6,34,1,89)
r(91,4,1,89)
w(6,35,1,89)
w(13,51,1,89)
w(114,50,1,89)
r(83,6,1,89)
r(31,42,1,89)
r(109,1,1,89)
r(16,3,1,89)
r(52,4,1,89)
w(2,48,1,89)
w(25,47,1,89)
w(69,44,1,89)
r(48,2,1,89)
w(27,44,1,89)
r(19,3,1,89)
w(95,35,1,89)
w(68,51,1,89)
r(88,5,1,89)
r(0,5,1,90)
r(26,3,1,90)
r(14,45,1,90)
r(50,4,1,90)
w(75,41,1,90)
r(72,2,1,90)
r(92,34,1,90)
w(39,40,1,90)
r(54,3,1,90)
r(87,42,1,90)
r(18,39,1,90)
r(77,36,1,90)
r(84,4,1,90)
r(7,51,1,90)
r(40,40,1,90)
w(3,49,1,90)
r(43,37,1,90)
w(105,49,1,90)
w(77,37,1,90)
r(48,2,1,90)
w(48,45,1,91)
r(98,41,1,91)
w(74,44,1,91)
r(61,55,1,91)
w(49,53,1,91)
r(86,54,1,91)
r(54,3,1,91)
r(24,2,1,91)
r(97,2,1,91)
w(1,55,1,91)
w(119,50,1,91)
w(32,40,1,91)
w(96,56,1,91)
w(84,51,1,91)
w(0,50,1,91)
w(44,57,1,91)
w(68,52,1,91)
r(7,51,1,91)
w(110,41,1,91)
r(39,40,1,91)
r(56,44,1,92)
r(26,3,1,92)
w(61,56,1,92)
w(24,37,1,92)
w(85,50,1,92)
w(100,40,1,92)
r(64,33,1,92)
r(112,3,1,92)
w(93,44,1,92)
w(5,33,1,92)
w(21,39,1,92)
w(47,53,1,92)
r(15,4,1,92)
w(68,53,1,92)
r(12,6,1,92)
r(77,37,1,92)
r(81,4,1,92)
w(55,38,1,92)
w(64,34,1,92)
w(118,48,1,92)
r(101,41,1,93)
r(56,44,1,93)
r(6,35,1,93)
w(83,44,1,93)
w(90,39,1,93)
w(95,36,1,93)
w(75,42,1,93)
w(49,54,1,93)
r(63,5,1,93)
w(35,45,1,93)
r(88,5,1,93)
w(10,62,1,93)
r(29,4,1,93)
r(90,39,1,93)
w(25,48,1,93)
r(26,3,1,93)
r(35,45,1,93)
w(17,56,1,93)
w(96,57,1,93)
w(43,38,1,93)
r(100,40,1,94)
r(78,3,1,94)
r(46,52,1,94)
r(115,42,1,94)
w(79,53,1,94)
w(111,50,1,94)
w(10,63,1,94)
r(66,3,1,94)
r(95,36,1,94)
w(66,39,1,94)
w(102,45,1,94)
w(83,45,1,94)
r(5,33,1,94)
w(98,42,1,94)
r(82,3,1,94)
w(66,40,1,94)
r(45,1,1,94)
w(14,46,1,94)
r(4,44,1,94)
r(106,3,1,94)
r(49,54,1,95)
w(112,45,1,95)
r(110,41,1,95)
r(41,1,1,95)
w(48,46,1,95)
r(110,41,1,95)
r(108,2,1,95)
w(49,55,1,95)
r(94,3,1,95)
r(66,40,1,95)
r(68,2,1,95)
w(41,39,1,95)
r(117,2,1,95)
r(61,6,1,95)
w(53,51,1,95)
r(118,48,1,95)
r(75,42,1,95)
r(51,6,1,95)
w(6,36,1,95)
r(87,42,1,95)
r(68,2,1,96)
w(84,52,1,96)
w(60,50,1,96)
r(113,2,1,96)
r(15,4,1,96)
w(85,51,1,96)
w(113,40,1,96)
r(77,37,1,96)
w(33,51,1,96)
r(7,51,1,96)
r(16,4,1,96)
r(107,2,1,96)
w(118,49,1,96)
w(29,44,1,96)
w(61,57,1,96)
w(74,45,1,96)
w(36,43,1,96)
w(70,39,1,96)
w(110,42,1,96)
r(20,5,1,96)
w(75,43,1,97)
w(11,44,1,97)
w(87,43,1,97)
w(108,38,1,97)
r(75,43,1,97)
r(109,1,1,97)
w(20,38,1,97)
w(22,55,1,97)
r(15,5,1,97)
w(29,45,1,97)
r(10,63,1,97)
w(33,52,1,97)
w(45,41,1,97)
r(50,5,1,97)
r(13,5,1,97)
r(81,4,1,97)
w(92,35,1,97)
r(100,40,1,97)
r(70,39,1,97)
w(68,54,1,97)
w(84,53,1,98)
r(104,53,1,98)
r(24,37,1,98)
w(119,51,1,98)
r(27,44,1,98)
r(84,53,1,98)
r(107,2,1,98)
r(88,5,1,98)
w(95,37,1,98)
w(80,50,1,98)
w(54,49,1,98)
r(48,46,1,98)
w(77,38,1,98)
r(80,50,1,98)
w(26,37,1,98)
w(2,49,1,98)
r(96,57,1,98)
w(106,43,1,98)
r(92,35,1,98)
w(5,34,1,98)
w(38,48,1,99)
w(65,40,1,99)
w(95,38,1,99)
w(23,43,1,99)
r(9,6,1,99)
w(59,48,1,99)
w(71,47,1,99)
w(5,35,1,99)
w(30,46,1,99)
w(15,45,1,99)
w(78,44,1,99)
r(53,51,1,99)
w(36,44,1,99)
r(86,54,1,99)
w(5,36,1,99)
r(84,53,1,99)
w(70,40,1,99)
w(94,54,1,99)
r(112,45,1,99)
r(41,2,1,99)
