r(119,0,0,0)
r(8,0,0,0)
r(119,0,0,0)
r(41,0,0,0)
r(96,0,0,0)
w(62,1,0,0)
w(30,1,0,0)
r(46,0,0,0)
w(62,2,0,0)
r(69,53,0,0)
r(49,0,0,0)
r(6,0,0,0)
r(70,0,0,0)
w(63,1,0,0)
w(83,1,0,0)
w(31,1,0,0)
r(32,0,0,0)
r(60,0,0,0)
w(56,1,0,0)
r(107,0,0,0)
r(54,0,0,1)
r(14,0,0,1)
r(45,0,0,1)
w(9,1,0,1)
w(106,1,0,1)
r(14,0,0,1)
w(91,1,0,1)
r(6,0,0,1)
w(0,1,0,1)
w(56,2,0,1)
r(96,0,0,1)
w(67,1,0,1)
w(89,1,0,1)
w(11,1,0,1)
w(93,1,0,1)
r(43,0,0,1)
w(77,1,0,1)
w(5,1,0,1)
w(109,1,0,1)
r(92,0,0,1)
r(14,0,0,2)
w(26,1,0,2)
w(24,1,0,2)
r(111,0,0,2)
w(16,1,0,2)
r(64,0,0,2)
w(39,1,0,2)
r(73,0,0,2)
w(84,1,0,2)
r(42,0,0,2)
w(112,1,0,2)
r(71,51,0,2)
r(103,0,0,2)
w(97,1,0,2)
w(14,1,0,2)
w(7,1,0,2)
w(84,2,0,2)
r(26,1,0,2)
r(112,1,0,2)
r(33,0,0,2)
w(93,2,0,3)
w(90,1,0,3)
r(23,0,0,3)
w(114,1,0,3)
r(60,0,0,3)
w(15,1,0,3)
w(3,1,0,3)
w(48,1,0,3)
r(101,0,0,3)
w(96,1,0,3)
r(67,1,0,3)
r(75,38,0,3)
r(99,0,0,3)
r(117,0,0,3)
r(59,0,0,3)
r(27,32,0,3)
r(95,48,0,3)
r(114,1,0,3)
w(25,1,0,3)
w(74,1,0,3)
w(24,2,0,4)
r(20,0,0,4)
w(41,1,0,4)
r(51,32,0,4)
w(70,1,0,4)
w(8,1,0,4)
r(105,0,0,4)
w(63,2,0,4)
r(55,43,0,4)
r(88,49,0,4)
r(119,31,0,4)
r(3,1,0,4)
r(119,31,0,4)
w(34,1,0,4)
r(35,35,0,4)
r(48,1,0,4)
r(30,1,0,4)
r(60,0,0,4)
r(58,0,0,4)
r(33,55,0,4)
w(94,1,0,5)
w(40,1,0,5)
r(59,0,0,5)
r(81,0,0,5)
r(89,1,0,5)
r(49,44,0,5)
r(116,49,0,5)
r(16,1,0,5)
r(25,1,0,5)
w(59,1,0,5)
w(75,1,0,5)
r(91,1,0,5)
w(9,2,0,5)
w(22,1,0,5)
r(56,2,0,5)
r(32,0,0,5)
r(99,0,0,5)
w(71,1,0,5)
w(67,2,0,5)
r(16,1,0,5)
w(39,2,0,6)
r(68,0,0,6)
w(101,1,0,6)
w(111,1,0,6)
r(37,41,0,6)
r(5,46,0,6)
w(86,1,0,6)
w(51,1,0,6)
w(78,1,0,6)
r(115,0,0,6)
r(9,2,0,6)
w(3,2,0,6)
w(17,1,0,6)
w(74,2,0,6)
w(39,3,0,6)
w(93,3,0,6)
w(66,1,0,6)
w(81,1,0,6)
w(47,1,0,6)
w(38,1,0,6)
w(49,1,0,7)
r(80,42,0,7)
r(119,31,0,7)
r(101,1,0,7)
r(19,0,0,7)
r(102,0,0,7)
w(95,1,0,7)
r(62,41,0,7)
r(13,0,0,7)
r(78,1,0,7)
w(55,1,0,7)
r(20,0,0,7)
r(85,45,0,7)
w(38,2,0,7)
w(12,1,0,7)
r(28,0,0,7)
w(18,1,0,7)
r(25,1,0,7)
w(44,1,0,7)
r(97,1,0,7)
r(14,41,0,8)
w(13,1,0,8)
w(31,2,0,8)
w(57,1,0,8)
w(118,1,0,8)
r(105,44,0,8)
r(61,0,0,8)
w(57,2,0,8)
w(30,2,0,8)
w(79,1,0,8)
r(70,43,0,8)
w(15,2,0,8)
w(76,1,0,8)
r(50,47,0,8)
w(93,4,0,8)
w(35,1,0,8)
r(50,47,0,8)
w(71,2,0,8)
r(23,0,0,8)
r(79,1,0,8)
w(13,2,0,9)
r(75,39,0,9)
w(92,1,0,9)
r(54,46,0,9)
w(84,3,0,9)
w(86,2,0,9)
r(106,1,0,9)
r(87,39,0,9)
r(6,34,0,9)
r(56,2,0,9)
w(19,1,0,9)
w(51,2,0,9)
w(108,1,0,9)
r(65,0,0,9)
r(22,43,0,9)
w(118,2,0,9)
w(71,3,0,9)
r(87,39,0,9)
r(88,49,0,9)
r(9,2,0,9)
r(6,35,0,10)
w(91,2,0,10)
r(41,1,0,10)
w(117,1,0,10)
w(82,1,0,10)
w(94,2,0,10)
w(118,3,0,10)
w(19,2,0,10)
r(44,1,0,10)
r(108,1,0,10)
r(114,1,0,10)
w(42,1,0,10)
r(2,42,0,10)
r(92,1,0,10)
w(92,2,0,10)
r(49,46,0,10)
r(75,39,0,10)
w(24,3,0,10)
w(100,1,0,10)
r(111,1,0,10)
r(0,1,0,11)
r(11,50,0,11)
r(19,2,0,11)
r(84,3,0,11)
r(96,40,0,11)
w(92,3,0,11)
w(33,1,0,11)
w(99,1,0,11)
r(62,41,0,11)
r(90,43,0,11)
w(72,1,0,11)
r(55,44,0,11)
r(89,1,0,11)
r(63,55,0,11)
r(105,44,0,11)
w(40,2,0,11)
w(106,2,0,11)
r(0,1,0,11)
r(111,1,0,11)
w(29,1,0,11)
w(115,1,0,12)
r(61,0,0,12)
r(105,44,0,12)
w(107,1,0,12)
w(59,2,0,12)
r(54,47,0,12)
w(78,2,0,12)
w(82,2,0,12)
r(103,40,0,12)
r(106,2,0,12)
w(83,2,0,12)
r(31,46,0,12)
r(101,1,0,12)
r(81,1,0,12)
w(97,2,0,12)
r(103,40,0,12)
r(99,1,0,12)
w(19,3,0,12)
r(23,0,0,12)
w(77,2,0,12)
r(40,2,0,13)
w(17,2,0,13)
w(116,1,0,13)
w(68,1,0,13)
r(16,1,0,13)
r(18,1,0,13)
r(104,36,0,13)
r(88,50,0,13)
r(35,1,0,13)
w(108,2,0,13)
w(61,1,0,13)
r(29,1,0,13)
r(64,0,0,13)
w(70,2,0,13)
w(7,2,0,13)
r(110,31,0,13)
r(3,2,0,13)
r(42,1,0,13)
w(60,1,0,13)
r(117,49,0,13)
r(25,1,0,14)
w(53,1,0,14)
w(45,1,0,14)
w(0,2,0,14)
r(100,43,0,14)
r(83,2,0,14)
w(0,3,0,14)
r(103,40,0,14)
r(114,1,0,14)
w(57,3,0,14)
w(76,2,0,14)
w(9,3,0,14)
w(26,2,0,14)
w(15,3,0,14)
r(35,1,0,14)
w(16,2,0,14)
w(34,2,0,14)
r(79,52,0,14)
w(20,1,0,14)
r(56,42,0,14)
r(109,1,0,15)
w(74,3,0,15)
w(32,1,0,15)
r(23,0,0,15)
w(43,1,0,15)
w(60,2,0,15)
w(104,1,0,15)
r(49,47,0,15)
w(30,3,0,15)
r(92,3,0,15)
w(69,1,0,15)
r(70,2,0,15)
w(60,3,0,15)
r(29,1,0,15)
w(55,2,0,15)
w(34,3,0,15)
w(43,2,0,15)
r(97,2,0,15)
w(71,4,0,15)
w(8,2,0,15)
w(102,1,0,16)
r(1,34,0,16)
w(35,2,0,16)
r(67,45,0,16)
r(60,3,0,16)
r(62,41,0,16)
w(60,4,0,16)
w(82,3,0,16)
r(21,37,0,16)
w(114,2,0,16)
w(114,3,0,16)
r(92,3,0,16)
w(33,2,0,16)
r(101,1,0,16)
w(71,5,0,16)
w(80,1,0,16)
w(55,3,0,16)
w(13,3,0,16)
r(114,3,0,16)
r(51,2,0,16)
w(28,1,0,17)
w(107,2,0,17)
r(67,45,0,17)
r(9,3,0,17)
w(117,2,0,17)
w(30,4,0,17)
r(56,42,0,17)
r(82,3,0,17)
r(63,55,0,17)
w(68,2,0,17)
w(106,3,0,17)
w(3,3,0,17)
r(58,0,0,17)
w(4,1,0,17)
w(100,2,0,17)
w(89,2,0,17)
w(33,3,0,17)
r(70,2,0,17)
r(26,44,0,17)
r(109,1,0,17)
w(69,2,0,18)
r(33,3,0,18)
r(70,2,0,18)
r(45,1,0,18)
r(6,35,0,18)
w(30,5,0,18)
r(75,39,0,18)
r(73,48,0,18)
w(109,2,0,18)
w(117,3,0,18)
r(12,1,0,18)
w(93,5,0,18)
w(51,3,0,18)
r(39,3,0,18)
r(59,2,0,18)
r(63,55,0,18)
w(83,3,0,18)
w(43,3,0,18)
r(42,44,0,18)
w(50,1,0,18)
r(17,2,0,19)
w(27,1,0,19)
w(113,1,0,19)
w(100,3,0,19)
w(21,1,0,19)
r(62,41,0,19)
r(28,1,0,19)
w(71,6,0,19)
w(79,2,0,19)
r(26,44,0,19)
r(108,2,0,19)
w(50,2,0,19)
r(94,2,0,19)
w(103,1,0,19)
r(74,56,0,19)
w(83,4,0,19)
w(40,3,0,19)
w(8,3,0,19)
r(93,5,0,19)
w(82,4,0,19)
w(2,1,0,20)
w(19,4,0,20)
w(2,2,0,20)
w(112,2,0,20)
r(45,1,0,20)
w(105,1,0,20)
r(83,4,0,20)
w(80,2,0,20)
w(16,3,0,20)
w(65,1,0,20)
r(29,1,0,20)
r(88,50,0,20)
r(43,3,0,20)
w(60,5,0,20)
w(109,3,0,20)
r(32,1,0,20)
r(67,46,0,20)
w(43,4,0,20)
r(102,1,0,20)
w(95,2,0,20)
r(94,2,0,21)
w(32,2,0,21)
w(69,3,0,21)
w(110,1,0,21)
w(29,2,0,21)
r(50,48,0,21)
r(45,1,0,21)
r(87,40,0,21)
w(45,2,0,21)
r(63,56,0,21)
w(115,2,0,21)
w(59,3,0,21)
w(73,1,0,21)
w(98,1,0,21)
w(56,3,0,21)
w(24,4,0,21)
r(29,2,0,21)
w(27,2,0,21)
w(8,4,0,21)
r(70,44,0,21)
r(112,2,0,22)
w(106,4,0,22)
r(61,1,0,22)
w(114,4,0,22)
r(26,44,0,22)
w(20,2,0,22)
w(71,7,0,22)
r(42,44,0,22)
w(12,2,0,22)
w(85,1,0,22)
r(51,3,0,22)
w(41,2,0,22)
w(28,2,0,22)
w(105,2,0,22)
r(40,3,0,22)
w(26,3,0,22)
r(79,53,0,22)
w(45,3,0,22)
w(51,4,0,22)
w(56,4,0,22)
r(112,2,0,23)
w(15,4,0,23)
r(7,41,0,23)
r(78,42,0,23)
r(6,35,0,23)
w(26,4,0,23)
w(94,3,0,23)
w(80,3,0,23)
w(41,3,0,23)
r(85,1,0,23)
w(49,2,0,23)
w(97,3,0,23)
w(1,1,0,23)
r(118,54,0,23)
w(118,4,0,23)
r(53,35,0,23)
r(70,44,0,23)
r(119,32,0,23)
r(49,2,0,23)
w(102,2,0,23)
r(44,47,0,24)
w(35,3,0,24)
w(30,6,0,24)
w(17,3,0,24)
w(30,7,0,24)
w(84,4,0,24)
r(86,2,0,24)
w(70,3,0,24)
r(14,45,0,24)
w(19,5,0,24)
r(32,2,0,24)
w(98,2,0,24)
w(83,5,0,24)
r(38,40,0,24)
r(61,1,0,24)
r(21,38,0,24)
w(25,2,0,24)
w(63,3,0,24)
w(83,6,0,24)
r(47,42,0,24)
w(25,3,0,25)
r(112,42,0,25)
w(21,2,0,25)
w(16,4,0,25)
r(42,44,0,25)
w(62,3,0,25)
r(22,43,0,25)
w(87,1,0,25)
r(34,3,0,25)
r(43,4,0,25)
w(15,5,0,25)
w(87,2,0,25)
r(61,1,0,25)
w(86,3,0,25)
r(102,2,0,25)
r(100,44,0,25)
w(75,2,0,25)
w(67,3,0,25)
w(63,4,0,25)
w(118,5,0,25)
r(101,1,0,26)
w(89,3,0,26)
r(113,48,0,26)
w(31,3,0,26)
w(18,2,0,26)
w(23,1,0,26)
r(36,0,0,26)
w(21,3,0,26)
w(114,5,0,26)
w(74,4,0,26)
r(61,1,0,26)
r(68,2,0,26)
w(51,5,0,26)
w(99,2,0,26)
r(103,1,0,26)
r(34,46,0,26)
w(11,2,0,26)
w(57,4,0,26)
r(35,3,0,26)
w(8,5,0,26)
r(69,58,0,27)
r(21,3,0,27)
r(84,4,0,27)
r(69,58,0,27)
w(38,3,0,27)
w(25,4,0,27)
r(102,49,0,27)
r(70,3,0,27)
r(50,49,0,27)
w(89,4,0,27)
w(8,6,0,27)
r(57,50,0,27)
w(13,4,0,27)
w(43,5,0,27)
r(109,36,0,27)
w(104,2,0,27)
w(63,5,0,27)
r(33,59,0,27)
r(36,0,0,27)
w(0,4,0,27)
r(8,6,0,28)
r(84,4,0,28)
r(10,0,0,28)
r(62,3,0,28)
r(24,48,0,28)
r(62,3,0,28)
r(32,41,0,28)
r(63,5,0,28)
w(53,2,0,28)
r(71,57,0,28)
w(118,6,0,28)
w(70,4,0,28)
w(93,6,0,28)
w(51,6,0,28)
w(115,3,0,28)
r(112,42,0,28)
r(13,46,0,28)
w(86,4,0,28)
r(95,2,0,28)
r(70,4,0,28)
w(108,3,0,29)
r(1,1,0,29)
w(14,2,0,29)
r(15,5,0,29)
w(89,5,0,29)
r(119,32,0,29)
r(82,41,0,29)
w(45,4,0,29)
w(45,5,0,29)
w(16,5,0,29)
w(54,1,0,29)
w(74,5,0,29)
w(119,1,0,29)
w(75,3,0,29)
r(111,33,0,29)
r(13,46,0,29)
r(48,40,0,29)
r(81,54,0,29)
r(89,5,0,29)
w(94,4,0,29)
w(90,2,0,30)
w(58,1,0,30)
r(56,4,0,30)
w(21,4,0,30)
r(17,47,0,30)
r(42,44,0,30)
w(105,3,0,30)
r(46,41,0,30)
r(53,2,0,30)
r(48,40,0,30)
r(37,44,0,30)
w(4,2,0,30)
r(36,0,0,30)
r(97,37,0,30)
r(57,50,0,30)
w(53,3,0,30)
r(30,7,0,30)
w(66,2,0,30)
r(113,49,0,30)
w(74,6,0,30)
r(62,3,0,31)
w(95,3,0,31)
r(49,2,0,31)
w(75,4,0,31)
w(60,6,0,31)
r(79,56,0,31)
r(94,4,0,31)
r(28,2,0,31)
r(60,6,0,31)
r(34,47,0,31)
r(54,1,0,31)
w(20,3,0,31)
r(36,0,0,31)
r(52,44,0,31)
r(10,0,0,31)
r(3,3,0,31)
w(30,8,0,31)
r(56,4,0,31)
r(16,51,0,31)
w(70,5,0,31)
w(41,4,0,32)
r(5,49,0,32)
r(115,3,0,32)
w(117,4,0,32)
w(46,1,0,32)
w(86,5,0,32)
w(41,5,0,32)
w(44,2,0,32)
w(26,5,0,32)
r(46,1,0,32)
r(39,49,0,32)
r(20,3,0,32)
r(115,3,0,32)
r(18,2,0,32)
w(99,3,0,32)
w(114,6,0,32)
r(88,51,0,32)
w(104,3,0,32)
w(48,2,0,32)
r(110,34,0,32)
w(84,5,0,33)
w(4,3,0,33)
r(14,2,0,33)
w(44,3,0,33)
r(27,35,0,33)
w(48,3,0,33)
r(60,6,0,33)
w(100,4,0,33)
w(67,4,0,33)
w(9,4,0,33)
r(54,1,0,33)
w(110,2,0,33)
r(64,44,0,33)
r(19,39,0,33)
w(99,4,0,33)
w(38,4,0,33)
r(3,3,0,33)
r(111,33,0,33)
w(28,3,0,33)
w(5,2,0,33)
w(4,4,0,34)
w(109,4,0,34)
w(78,3,0,34)
r(85,48,0,34)
r(72,29,0,34)
w(50,3,0,34)
w(102,3,0,34)
w(85,2,0,34)
w(32,3,0,34)
r(27,35,0,34)
r(85,2,0,34)
w(7,3,0,34)
w(74,7,0,34)
w(12,3,0,34)
r(31,49,0,34)
r(93,6,0,34)
r(10,0,0,34)
r(87,41,0,34)
r(67,4,0,34)
w(28,4,0,34)
w(6,1,0,35)
w(16,6,0,35)
w(91,3,0,35)
w(10,1,0,35)
r(6,1,0,35)
w(36,1,0,35)
r(86,5,0,35)
w(71,8,0,35)
w(107,3,0,35)
w(14,3,0,35)
r(65,34,0,35)
w(36,2,0,35)
r(65,34,0,35)
r(72,29,0,35)
w(79,3,0,35)
r(25,47,0,35)
r(104,3,0,35)
w(23,2,0,35)
r(4,4,0,35)
r(62,3,0,35)
w(48,4,0,36)
w(117,5,0,36)
r(117,5,0,36)
w(4,5,0,36)
r(67,4,0,36)
w(117,6,0,36)
w(2,3,0,36)
w(33,4,0,36)
r(80,3,0,36)
w(90,3,0,36)
r(31,49,0,36)
w(84,6,0,36)
r(22,43,0,36)
w(39,4,0,36)
w(11,3,0,36)
r(65,34,0,36)
r(76,47,0,36)
w(67,5,0,36)
r(20,3,0,36)
r(61,46,0,36)
r(78,3,0,37)
w(32,4,0,37)
r(118,6,0,37)
r(78,3,0,37)
r(27,35,0,37)
w(22,2,0,37)
w(88,1,0,37)
r(3,3,0,37)
w(77,3,0,37)
r(81,55,0,37)
r(118,6,0,37)
w(44,4,0,37)
r(25,47,0,37)
r(59,3,0,37)
w(3,4,0,37)
r(61,46,0,37)
w(34,4,0,37)
w(73,2,0,37)
w(10,2,0,37)
r(4,5,0,37)
r(3,41,0,38)
r(1,1,0,38)
r(93,6,0,38)
r(112,42,0,38)
r(91,44,0,38)
w(25,5,0,38)
r(89,5,0,38)
w(92,4,0,38)
r(10,2,0,38)
w(100,5,0,38)
w(66,3,0,38)
r(34,4,0,38)
w(87,3,0,38)
r(89,5,0,38)
r(88,55,0,38)
r(57,50,0,38)
r(65,34,0,38)
w(29,3,0,38)
w(69,4,0,38)
w(45,6,0,38)
r(4,52,0,39)
w(105,4,0,39)
w(65,2,0,39)
w(112,3,0,39)
w(35,4,0,39)
w(86,6,0,39)
r(57,50,0,39)
r(79,57,0,39)
r(14,3,0,39)
r(6,1,0,39)
w(49,3,0,39)
w(26,6,0,39)
r(34,4,0,39)
w(62,4,0,39)
r(46,1,0,39)
r(66,3,0,39)
r(65,2,0,39)
w(2,4,0,39)
w(3,5,0,39)
r(30,49,0,39)
w(76,3,0,40)
r(5,2,0,40)
r(94,39,0,40)
r(75,4,0,40)
w(107,4,0,40)
w(20,4,0,40)
r(14,46,0,40)
w(7,4,0,40)
r(75,4,0,40)
r(63,60,0,40)
w(17,4,0,40)
w(96,2,0,40)
r(99,4,0,40)
r(8,56,0,40)
w(98,3,0,40)
r(111,34,0,40)
r(86,6,0,40)
r(58,43,0,40)
w(105,5,0,40)
r(68,2,0,40)
w(31,4,0,41)
r(100,47,0,41)
r(39,50,0,41)
w(45,7,0,41)
w(36,3,0,41)
r(19,39,0,41)
w(86,7,0,41)
r(54,1,0,41)
r(93,51,0,41)
r(10,2,0,41)
r(101,1,0,41)
r(63,60,0,41)
w(9,5,0,41)
w(32,5,0,41)
w(66,4,0,41)
w(40,4,0,41)
w(100,6,0,41)
w(58,2,0,41)
r(36,3,0,41)
r(77,3,0,41)
w(7,5,0,42)
w(49,4,0,42)
w(104,4,0,42)
w(0,5,0,42)
r(16,6,0,42)
r(43,5,0,42)
w(61,2,0,42)
r(94,40,0,42)
r(85,2,0,42)
w(17,5,0,42)
r(79,59,0,42)
r(53,36,0,42)
w(59,4,0,42)
w(37,1,0,42)
w(102,4,0,42)
w(87,4,0,42)
r(35,4,0,42)
r(0,5,0,42)
w(81,2,0,42)
w(93,7,0,42)
w(71,9,0,43)
r(56,45,0,43)
r(119,35,0,43)
w(4,6,0,43)
r(105,50,0,43)
r(36,3,0,43)
w(85,3,0,43)
w(2,5,0,43)
w(72,2,0,43)
r(56,45,0,43)
r(50,52,0,43)
w(92,5,0,43)
w(8,7,0,43)
w(44,5,0,43)
r(68,43,0,43)
r(10,2,0,43)
r(53,36,0,43)
w(37,2,0,43)
w(90,4,0,43)
r(5,50,0,43)
r(107,4,0,44)
r(110,35,0,44)
w(55,4,0,44)
w(87,5,0,44)
w(107,5,0,44)
w(56,5,0,44)
r(6,1,0,44)
w(95,4,0,44)
w(113,2,0,44)
r(0,5,0,44)
r(98,52,0,44)
w(112,4,0,44)
r(92,5,0,44)
w(69,5,0,44)
r(63,61,0,44)
w(67,6,0,44)
r(14,46,0,44)
w(33,5,0,44)
w(67,7,0,44)
r(70,5,0,44)
r(62,4,0,45)
w(5,3,0,45)
w(70,6,0,45)
r(82,42,0,45)
r(23,2,0,45)
w(79,4,0,45)
r(39,51,0,45)
w(8,8,0,45)
w(7,6,0,45)
r(13,48,0,45)
r(102,4,0,45)
w(26,7,0,45)
r(21,39,0,45)
w(84,7,0,45)
r(116,53,0,45)
r(12,45,0,45)
w(22,3,0,45)
r(109,4,0,45)
r(71,9,0,45)
r(106,49,0,45)
w(8,9,0,46)
w(17,6,0,46)
w(55,5,0,46)
w(82,5,0,46)
r(68,43,0,46)
w(71,10,0,46)
r(45,7,0,46)
r(10,2,0,46)
r(8,9,0,46)
w(73,3,0,46)
w(16,7,0,46)
w(13,5,0,46)
w(41,6,0,46)
w(17,7,0,46)
r(5,3,0,46)
w(14,4,0,46)
w(20,5,0,46)
r(80,44,0,46)
r(23,2,0,46)
w(2,6,0,46)
w(109,5,0,47)
r(14,4,0,47)
w(119,2,0,47)
w(42,2,0,47)
w(31,5,0,47)
w(4,7,0,47)
w(64,1,0,47)
r(7,6,0,47)
w(49,5,0,47)
w(43,6,0,47)
r(45,7,0,47)
r(84,7,0,47)
w(110,3,0,47)
w(3,6,0,47)
r(92,5,0,47)
r(90,4,0,47)
r(26,7,0,47)
r(88,55,0,47)
w(93,8,0,47)
r(26,7,0,47)
w(49,6,0,48)
w(118,7,0,48)
w(99,5,0,48)
w(30,9,0,48)
r(91,44,0,48)
r(62,4,0,48)
w(88,2,0,48)
r(18,40,0,48)
w(30,10,0,48)
w(13,6,0,48)
w(83,7,0,48)
w(43,7,0,48)
r(78,44,0,48)
w(90,5,0,48)
r(3,6,0,48)
r(3,6,0,48)
r(41,6,0,48)
w(6,2,0,48)
r(105,50,0,48)
r(84,7,0,48)
w(53,4,0,49)
r(34,49,0,49)
w(40,5,0,49)
w(57,5,0,49)
w(17,8,0,49)
w(20,6,0,49)
w(35,5,0,49)
w(58,3,0,49)
r(24,50,0,49)
w(104,5,0,49)
r(46,42,0,49)
r(97,39,0,49)
w(64,2,0,49)
w(79,5,0,49)
r(55,5,0,49)
r(107,5,0,49)
r(48,41,0,49)
w(94,5,0,49)
r(78,44,0,49)
r(119,2,0,49)
r(76,0,1,50)
w(113,43,1,50)
r(114,0,1,50)
r(23,0,1,50)
w(69,53,1,50)
r(99,0,1,50)
r(49,0,1,50)
r(6,0,1,50)
r(24,0,1,50)
r(72,0,1,50)
r(16,0,1,50)
w(116,48,1,50)
r(115,0,1,50)
r(16,0,1,50)
r(45,0,1,50)
r(87,0,1,50)
w(2,42,1,50)
r(90,0,1,50)
w(39,47,1,50)
w(16,48,1,50)
w(87,38,1,51)
r(23,0,1,51)
r(27,0,1,51)
w(27,32,1,51)
r(6,0,1,51)
r(113,43,1,51)
r(94,0,1,51)
r(32,0,1,51)
r(11,0,1,51)
r(59,0,1,51)
w(88,49,1,51)
r(118,0,1,51)
r(13,0,1,51)
w(22,41,1,51)
r(92,0,1,51)
w(35,34,1,51)
w(109,35,1,51)
r(4,0,1,51)
w(75,37,1,51)
r(1,0,1,51)
w(75,38,1,52)
r(10,0,1,52)
r(117,0,1,52)
w(110,31,1,52)
w(80,42,1,52)
w(71,51,1,52)
w(79,50,1,52)
w(97,36,1,52)
w(39,48,1,52)
r(4,0,1,52)
r(109,1,1,52)
r(39,48,1,52)
w(69,54,1,52)
r(92,0,1,52)
r(111,0,1,52)
r(26,0,1,52)
w(116,49,1,52)
w(8,52,1,52)
w(95,47,1,52)
r(34,0,1,52)
r(100,0,1,53)
w(35,35,1,53)
r(12,0,1,53)
r(55,0,1,53)
r(41,0,1,53)
r(84,2,1,53)
w(95,48,1,53)
w(55,43,1,53)
w(87,39,1,53)
w(46,37,1,53)
w(15,40,1,53)
w(79,51,1,53)
w(33,55,1,53)
r(105,0,1,53)
w(49,43,1,53)
r(75,38,1,53)
r(112,1,1,53)
r(56,2,1,53)
w(112,38,1,53)
r(86,0,1,53)
r(30,1,1,54)
w(31,45,1,54)
w(18,37,1,54)
w(15,41,1,54)
r(44,0,1,54)
w(37,41,1,54)
w(85,45,1,54)
r(17,0,1,54)
w(46,38,1,54)
r(18,37,1,54)
r(77,1,1,54)
w(51,32,1,54)
w(94,38,1,54)
r(93,2,1,54)
w(119,31,1,54)
w(12,38,1,54)
w(14,41,1,54)
r(44,0,1,54)
r(6,0,1,54)
w(78,41,1,54)
r(99,0,1,55)
w(48,38,1,55)
r(10,0,1,55)
r(84,2,1,55)
r(99,0,1,55)
w(105,43,1,55)
r(11,1,1,55)
w(47,41,1,55)
w(112,39,1,55)
r(67,1,1,55)
w(17,45,1,55)
r(108,0,1,55)
r(88,49,1,55)
r(79,51,1,55)
w(104,35,1,55)
w(49,44,1,55)
w(63,55,1,55)
w(108,48,1,55)
r(32,0,1,55)
r(24,2,1,55)
r(2,42,1,56)
r(49,44,1,56)
w(11,50,1,56)
r(54,0,1,56)
w(5,46,1,56)
r(50,0,1,56)
w(30,46,1,56)
w(62,41,1,56)
w(113,44,1,56)
w(75,39,1,56)
w(8,53,1,56)
w(98,48,1,56)
r(108,48,1,56)
r(80,42,1,56)
w(44,46,1,56)
r(34,1,1,56)
w(54,46,1,56)
w(50,47,1,56)
r(19,0,1,56)
w(43,37,1,56)
r(113,44,1,57)
w(35,36,1,57)
r(74,1,1,57)
r(62,41,1,57)
w(66,38,1,57)
r(69,54,1,57)
w(91,41,1,57)
w(4,47,1,57)
w(6,34,1,57)
r(61,0,1,57)
r(17,45,1,57)
w(42,42,1,57)
w(59,53,1,57)
w(22,42,1,57)
r(88,49,1,57)
w(70,43,1,57)
w(49,45,1,57)
w(105,44,1,57)
w(96,40,1,57)
r(39,1,1,57)
r(24,2,1,58)
r(2,42,1,58)
w(22,43,1,58)
w(5,47,1,58)
w(33,56,1,58)
r(14,41,1,58)
w(113,45,1,58)
w(68,41,1,58)
w(45,48,1,58)
w(43,38,1,58)
w(40,45,1,58)
r(3,2,1,58)
r(96,40,1,58)
w(112,40,1,58)
w(1,33,1,58)
w(49,46,1,58)
w(90,43,1,58)
w(103,40,1,58)
r(41,1,1,58)
w(31,46,1,58)
w(69,55,1,59)
r(25,1,1,59)
w(7,38,1,59)
w(21,37,1,59)
r(23,0,1,59)
w(7,39,1,59)
r(93,4,1,59)
r(58,0,1,59)
w(85,46,1,59)
w(38,39,1,59)
w(52,42,1,59)
w(79,52,1,59)
r(87,39,1,59)
w(6,35,1,59)
r(63,55,1,59)
w(83,40,1,59)
w(55,44,1,59)
w(40,46,1,59)
r(6,35,1,59)
r(90,43,1,59)
w(20,50,1,60)
w(77,40,1,60)
w(71,52,1,60)
w(65,31,1,60)
w(88,50,1,60)
r(82,1,1,60)
w(44,47,1,60)
w(107,40,1,60)
w(73,48,1,60)
w(76,46,1,60)
w(80,43,1,60)
w(65,32,1,60)
r(13,2,1,60)
w(4,48,1,60)
r(57,2,1,60)
w(54,47,1,60)
r(26,1,1,60)
r(30,2,1,60)
r(31,46,1,60)
r(2,42,1,60)
r(8,53,1,61)
r(111,1,1,61)
w(46,39,1,61)
r(33,1,1,61)
r(67,2,1,61)
r(89,1,1,61)
r(89,1,1,61)
w(2,43,1,61)
r(57,2,1,61)
r(103,40,1,61)
r(84,3,1,61)
r(110,31,1,61)
w(11,51,1,61)
r(28,0,1,61)
r(39,3,1,61)
r(100,1,1,61)
r(1,33,1,61)
w(105,45,1,61)
r(61,0,1,61)
w(49,47,1,61)
r(113,45,1,62)
w(74,54,1,62)
r(75,39,1,62)
r(105,45,1,62)
w(17,46,1,62)
r(51,2,1,62)
w(104,36,1,62)
w(117,49,1,62)
r(98,48,1,62)
r(92,3,1,62)
r(61,0,1,62)
r(104,36,1,62)
w(1,34,1,62)
w(100,43,1,62)
w(11,52,1,62)
r(113,45,1,62)
w(5,48,1,62)
w(99,39,1,62)
w(81,50,1,62)
r(84,3,1,62)
r(98,48,1,63)
w(46,40,1,63)
r(85,46,1,63)
r(14,41,1,63)
w(71,53,1,63)
w(69,56,1,63)
w(42,43,1,63)
w(118,51,1,63)
r(92,3,1,63)
r(46,40,1,63)
r(58,0,1,63)
w(18,38,1,63)
w(19,38,1,63)
r(36,0,1,63)
w(67,45,1,63)
w(117,50,1,63)
r(37,41,1,63)
w(33,57,1,63)
r(94,2,1,63)
r(118,51,1,63)
r(78,2,1,64)
r(24,3,1,64)
w(34,44,1,64)
w(31,47,1,64)
w(77,41,1,64)
w(37,42,1,64)
w(31,48,1,64)
w(47,42,1,64)
w(56,42,1,64)
w(4,49,1,64)
r(111,1,1,64)
r(117,50,1,64)
r(119,31,1,64)
w(20,51,1,64)
w(95,49,1,64)
r(109,1,1,64)
r(114,1,1,64)
w(14,42,1,64)
r(1,34,1,64)
r(43,38,1,64)
r(107,1,1,65)
r(72,1,1,65)
r(104,36,1,65)
r(100,43,1,65)
w(71,54,1,65)
r(24,3,1,65)
r(91,2,1,65)
w(28,33,1,65)
r(77,41,1,65)
w(95,50,1,65)
w(26,44,1,65)
r(65,32,1,65)
w(3,40,1,65)
w(106,45,1,65)
r(110,31,1,65)
r(21,37,1,65)
w(112,41,1,65)
w(96,41,1,65)
w(14,43,1,65)
r(81,50,1,65)
r(117,50,1,66)
w(89,48,1,66)
r(95,50,1,66)
w(113,46,1,66)
w(118,52,1,66)
r(47,42,1,66)
w(48,39,1,66)
r(107,1,1,66)
w(83,41,1,66)
w(24,47,1,66)
r(79,52,1,66)
w(42,44,1,66)
r(107,1,1,66)
r(34,3,1,66)
w(14,44,1,66)
r(101,1,1,66)
w(74,55,1,66)
w(65,33,1,66)
w(49,48,1,66)
w(89,49,1,66)
r(22,43,1,67)
w(57,49,1,67)
w(104,37,1,67)
r(64,0,1,67)
r(69,1,1,67)
r(6,35,1,67)
r(98,48,1,67)
r(90,43,1,67)
r(12,1,1,67)
r(76,2,1,67)
w(67,46,1,67)
r(30,4,1,67)
r(28,1,1,67)
r(102,1,1,67)
r(5,48,1,67)
r(11,52,1,67)
w(71,55,1,67)
r(19,38,1,67)
r(86,2,1,67)
r(40,2,1,67)
r(28,1,1,68)
w(72,29,1,68)
w(105,46,1,68)
r(82,3,1,68)
r(119,31,1,68)
r(16,2,1,68)
w(1,35,1,68)
w(111,33,1,68)
w(7,40,1,68)
w(9,44,1,68)
w(39,49,1,68)
w(74,56,1,68)
w(7,41,1,68)
w(118,53,1,68)
r(20,1,1,68)
w(38,40,1,68)
w(81,51,1,68)
r(116,1,1,68)
r(58,0,1,68)
r(71,55,1,68)
r(29,1,1,69)
w(70,44,1,69)
r(30,5,1,69)
r(87,39,1,69)
r(28,1,1,69)
w(95,51,1,69)
w(15,42,1,69)
w(49,49,1,69)
r(42,44,1,69)
r(2,43,1,69)
r(39,49,1,69)
w(16,49,1,69)
w(60,39,1,69)
r(21,1,1,69)
w(46,41,1,69)
w(37,43,1,69)
w(85,47,1,69)
r(85,47,1,69)
w(64,43,1,69)
w(87,40,1,69)
w(118,54,1,70)
r(84,3,1,70)
w(66,39,1,70)
r(5,48,1,70)
r(3,3,1,70)
r(103,1,1,70)
r(83,4,1,70)
w(53,35,1,70)
r(14,44,1,70)
w(32,40,1,70)
w(89,50,1,70)
w(63,56,1,70)
w(50,48,1,70)
w(62,42,1,70)
w(106,46,1,70)
r(14,44,1,70)
w(9,45,1,70)
r(27,1,1,70)
r(38,40,1,70)
r(30,5,1,70)
r(14,44,1,71)
w(81,52,1,71)
r(7,41,1,71)
w(11,53,1,71)
w(16,50,1,71)
w(14,45,1,71)
w(91,42,1,71)
r(87,40,1,71)
w(79,53,1,71)
r(43,4,1,71)
w(110,32,1,71)
w(71,56,1,71)
w(0,43,1,71)
r(113,1,1,71)
r(36,0,1,71)
w(82,41,1,71)
r(111,33,1,71)
r(82,41,1,71)
w(100,44,1,71)
w(119,32,1,71)
r(88,50,1,72)
w(116,50,1,72)
w(69,57,1,72)
r(97,2,1,72)
w(104,38,1,72)
w(52,43,1,72)
w(49,50,1,72)
r(1,35,1,72)
r(45,2,1,72)
w(56,43,1,72)
r(108,2,1,72)
w(93,49,1,72)
r(92,3,1,72)
r(95,2,1,72)
r(103,1,1,72)
r(62,42,1,72)
r(93,49,1,72)
r(56,43,1,72)
r(25,1,1,72)
w(78,42,1,72)
r(6,35,1,73)
w(91,43,1,73)
r(94,2,1,73)
w(109,36,1,73)
r(112,2,1,73)
r(41,2,1,73)
r(49,50,1,73)
r(1,35,1,73)
r(109,36,1,73)
w(110,33,1,73)
r(24,4,1,73)
w(66,40,1,73)
r(79,53,1,73)
r(5,48,1,73)
w(12,39,1,73)
w(30,47,1,73)
r(111,33,1,73)
w(24,48,1,73)
w(96,42,1,73)
w(113,47,1,73)
w(112,42,1,74)
r(61,1,1,74)
w(98,49,1,74)
w(4,50,1,74)
w(21,38,1,74)
w(106,47,1,74)
r(115,2,1,74)
w(98,50,1,74)
r(102,2,1,74)
r(12,39,1,74)
r(117,3,1,74)
r(64,43,1,74)
w(12,40,1,74)
r(105,2,1,74)
r(101,1,1,74)
w(79,54,1,74)
r(53,35,1,74)
w(62,43,1,74)
w(15,43,1,74)
r(114,4,1,74)
w(92,35,1,75)
w(0,44,1,75)
r(87,40,1,75)
w(69,58,1,75)
w(48,40,1,75)
w(67,47,1,75)
w(115,38,1,75)
r(13,3,1,75)
w(33,58,1,75)
r(71,7,1,75)
r(85,1,1,75)
r(92,35,1,75)
w(98,51,1,75)
r(6,35,1,75)
r(30,7,1,75)
r(92,35,1,75)
r(60,5,1,75)
r(41,3,1,75)
r(11,53,1,75)
w(63,57,1,75)
r(43,4,1,76)
w(96,43,1,76)
w(85,48,1,76)
w(87,41,1,76)
r(16,4,1,76)
w(18,39,1,76)
w(92,36,1,76)
w(88,51,1,76)
w(8,54,1,76)
w(52,44,1,76)
r(60,5,1,76)
w(90,44,1,76)
r(53,35,1,76)
r(87,41,1,76)
w(9,46,1,76)
w(64,44,1,76)
r(21,2,1,76)
w(113,48,1,76)
r(1,1,1,76)
r(67,3,1,76)
r(29,2,1,77)
r(112,42,1,77)
w(32,41,1,77)
w(102,49,1,77)
r(14,45,1,77)
r(3,3,1,77)
w(47,43,1,77)
w(81,53,1,77)
r(113,48,1,77)
r(40,3,1,77)
r(117,3,1,77)
r(78,42,1,77)
w(86,57,1,77)
r(63,4,1,77)
r(77,41,1,77)
w(93,50,1,77)
r(77,41,1,77)
r(56,4,1,77)
w(8,55,1,77)
w(34,45,1,77)
w(33,59,1,78)
w(27,33,1,78)
w(34,46,1,78)
w(79,55,1,78)
w(60,40,1,78)
r(25,3,1,78)
r(102,49,1,78)
r(8,55,1,78)
r(66,40,1,78)
w(71,57,1,78)
r(37,43,1,78)
w(50,49,1,78)
r(87,41,1,78)
r(96,43,1,78)
w(43,39,1,78)
r(44,47,1,78)
r(67,3,1,78)
r(16,4,1,78)
r(32,41,1,78)
w(6,36,1,78)
w(34,47,1,79)
w(96,44,1,79)
w(113,49,1,79)
w(115,39,1,79)
w(104,39,1,79)
w(100,45,1,79)
w(57,50,1,79)
r(15,5,1,79)
r(87,41,1,79)
r(99,2,1,79)
w(92,37,1,79)
w(12,41,1,79)
w(79,56,1,79)
r(59,3,1,79)
r(106,47,1,79)
w(13,45,1,79)
r(64,44,1,79)
w(118,55,1,79)
w(40,47,1,79)
r(39,49,1,79)
r(97,3,1,80)
r(71,57,1,80)
r(84,4,1,80)
r(107,2,1,80)
w(9,47,1,80)
r(111,33,1,80)
r(16,4,1,80)
r(28,2,1,80)
r(85,48,1,80)
r(16,4,1,80)
w(70,45,1,80)
w(37,44,1,80)
w(81,54,1,80)
w(13,46,1,80)
r(3,3,1,80)
r(111,33,1,80)
r(87,41,1,80)
r(63,5,1,80)
w(65,34,1,80)
r(29,2,1,80)
r(110,33,1,81)
w(86,58,1,81)
w(109,37,1,81)
r(109,37,1,81)
r(45,5,1,81)
w(96,45,1,81)
w(51,33,1,81)
w(5,49,1,81)
r(49,2,1,81)
w(84,43,1,81)
w(63,58,1,81)
w(17,47,1,81)
w(99,40,1,81)
r(74,5,1,81)
r(27,33,1,81)
w(92,38,1,81)
r(102,49,1,81)
r(40,47,1,81)
w(97,37,1,81)
w(81,55,1,81)
r(69,58,1,82)
w(16,51,1,82)
w(19,39,1,82)
w(119,33,1,82)
r(3,3,1,82)
r(35,3,1,82)
w(55,45,1,82)
r(25,4,1,82)
r(22,43,1,82)
w(83,42,1,82)
r(24,48,1,82)
r(34,47,1,82)
w(113,50,1,82)
r(116,50,1,82)
w(92,39,1,82)
w(37,45,1,82)
r(36,0,1,82)
w(4,51,1,82)
r(5,49,1,82)
w(75,40,1,82)
w(110,34,1,83)
r(1,1,1,83)
r(6,36,1,83)
r(53,3,1,83)
w(50,50,1,83)
w(96,46,1,83)
r(1,1,1,83)
r(117,3,1,83)
r(36,0,1,83)
r(9,47,1,83)
r(19,39,1,83)
r(100,45,1,83)
w(15,44,1,83)
w(78,43,1,83)
r(118,6,1,83)
w(27,34,1,83)
r(42,44,1,83)
w(99,41,1,83)
w(83,43,1,83)
r(51,33,1,83)
w(13,47,1,84)
w(27,35,1,84)
w(12,42,1,84)
w(52,45,1,84)
r(61,1,1,84)
r(53,3,1,84)
r(94,4,1,84)
w(50,51,1,84)
r(49,2,1,84)
r(55,45,1,84)
r(31,3,1,84)
r(76,2,1,84)
w(97,38,1,84)
w(56,44,1,84)
w(49,51,1,84)
w(63,59,1,84)
r(18,2,1,84)
r(10,0,1,84)
r(55,45,1,84)
w(21,39,1,84)
r(33,59,1,85)
w(88,52,1,85)
r(96,46,1,85)
w(61,46,1,85)
r(15,44,1,85)
r(54,1,1,85)
r(113,50,1,85)
w(56,45,1,85)
w(34,48,1,85)
r(26,5,1,85)
r(11,2,1,85)
w(30,48,1,85)
r(5,49,1,85)
r(69,58,1,85)
w(63,60,1,85)
w(24,49,1,85)
r(15,44,1,85)
r(14,2,1,85)
r(112,42,1,85)
r(109,37,1,85)
w(94,39,1,86)
r(114,6,1,86)
r(20,3,1,86)
r(76,2,1,86)
r(112,42,1,86)
w(90,45,1,86)
r(75,4,1,86)
w(41,43,1,86)
w(90,46,1,86)
r(47,43,1,86)
w(31,49,1,86)
r(45,5,1,86)
r(6,36,1,86)
r(90,46,1,86)
r(12,42,1,86)
w(6,37,1,86)
w(114,47,1,86)
w(58,43,1,86)
r(83,43,1,86)
w(30,49,1,86)
w(103,41,1,87)
r(45,5,1,87)
r(58,43,1,87)
w(11,54,1,87)
w(64,45,1,87)
r(106,47,1,87)
r(0,4,1,87)
r(68,2,1,87)
r(116,50,1,87)
r(103,41,1,87)
w(52,46,1,87)
r(56,45,1,87)
w(88,53,1,87)
w(52,47,1,87)
r(5,2,1,87)
w(25,47,1,87)
w(110,35,1,87)
r(111,33,1,87)
w(9,48,1,87)
w(7,42,1,87)
r(6,1,1,88)
r(19,39,1,88)
w(11,55,1,88)
w(79,57,1,88)
r(55,45,1,88)
r(41,43,1,88)
r(86,5,1,88)
w(76,47,1,88)
r(117,4,1,88)
r(4,4,1,88)
w(18,40,1,88)
r(9,48,1,88)
r(14,3,1,88)
w(103,42,1,88)
w(82,42,1,88)
r(66,2,1,88)
r(63,60,1,88)
w(106,48,1,88)
w(10,52,1,88)
r(54,1,1,88)
r(26,5,1,89)
r(49,51,1,89)
r(9,48,1,89)
w(105,47,1,89)
w(8,56,1,89)
w(102,50,1,89)
r(118,6,1,89)
w(28,34,1,89)
r(114,47,1,89)
w(87,42,1,89)
w(90,47,1,89)
r(114,47,1,89)
r(40,47,1,89)
w(10,53,1,89)
r(29,2,1,89)
w(47,44,1,89)
w(11,56,1,89)
r(101,1,1,89)
r(40,47,1,89)
w(12,43,1,89)
r(106,48,1,90)
r(3,4,1,90)
w(0,45,1,90)
w(3,41,1,90)
r(92,39,1,90)
r(95,3,1,90)
w(4,52,1,90)
r(34,4,1,90)
w(52,48,1,90)
r(9,48,1,90)
r(115,3,1,90)
w(97,39,1,90)
w(12,44,1,90)
w(91,44,1,90)
r(117,6,1,90)
w(88,54,1,90)
r(110,35,1,90)
r(27,35,1,90)
r(59,3,1,90)
r(81,55,1,90)
r(67,5,1,91)
r(19,39,1,91)
w(108,49,1,91)
w(88,55,1,91)
w(119,34,1,91)
w(50,52,1,91)
w(100,46,1,91)
w(71,58,1,91)
w(24,50,1,91)
r(66,2,1,91)
r(87,42,1,91)
r(106,48,1,91)
r(99,4,1,91)
w(111,34,1,91)
r(95,3,1,91)
r(25,47,1,91)
r(73,2,1,91)
w(116,51,1,91)
w(108,50,1,91)
r(3,41,1,91)
r(58,43,1,92)
r(44,4,1,92)
w(83,44,1,92)
w(105,48,1,92)
r(76,47,1,92)
w(40,48,1,92)
r(104,3,1,92)
r(38,4,1,92)
w(108,51,1,92)
r(74,7,1,92)
w(47,45,1,92)
w(48,41,1,92)
w(90,48,1,92)
r(30,49,1,92)
w(51,34,1,92)
r(113,50,1,92)
r(35,3,1,92)
r(55,45,1,92)
w(96,47,1,92)
w(42,45,1,92)
w(45,49,1,93)
r(66,3,1,93)
w(14,46,1,93)
w(1,36,1,93)
w(26,45,1,93)
r(21,39,1,93)
r(70,5,1,93)
w(95,52,1,93)
r(90,48,1,93)
w(81,56,1,93)
r(26,45,1,93)
r(46,1,1,93)
w(105,49,1,93)
w(116,52,1,93)
r(26,45,1,93)
w(51,35,1,93)
r(48,41,1,93)
w(33,60,1,93)
r(105,49,1,93)
r(76,47,1,93)
w(11,57,1,94)
r(116,52,1,94)
r(23,2,1,94)
r(90,48,1,94)
w(12,45,1,94)
r(111,34,1,94)
w(66,41,1,94)
w(36,35,1,94)
w(100,47,1,94)
w(5,50,1,94)
r(52,48,1,94)
r(90,48,1,94)
w(25,48,1,94)
r(34,4,1,94)
w(39,50,1,94)
r(2,4,1,94)
r(8,56,1,94)
w(112,43,1,94)
w(116,53,1,94)
w(64,46,1,94)
w(92,40,1,95)
r(57,50,1,95)
w(93,51,1,95)
w(55,46,1,95)
w(112,44,1,95)
w(89,51,1,95)
w(46,42,1,95)
r(37,45,1,95)
r(67,5,1,95)
r(39,50,1,95)
r(32,4,1,95)
r(41,43,1,95)
r(5,50,1,95)
w(80,44,1,95)
w(79,58,1,95)
r(64,46,1,95)
r(107,4,1,95)
r(10,2,1,95)
r(15,44,1,95)
w(65,35,1,95)
r(26,45,1,96)
w(53,36,1,96)
r(77,3,1,96)
w(1,37,1,96)
w(83,45,1,96)
w(68,42,1,96)
r(80,44,1,96)
w(106,49,1,96)
w(32,42,1,96)
w(79,59,1,96)
w(94,40,1,96)
w(32,43,1,96)
w(13,48,1,96)
w(8,57,1,96)
w(69,59,1,96)
w(78,44,1,96)
r(42,45,1,96)
w(4,53,1,96)
w(38,41,1,96)
w(111,35,1,96)
r(65,35,1,97)
r(24,50,1,97)
r(114,47,1,97)
w(67,48,1,97)
w(37,46,1,97)
w(90,49,1,97)
r(97,39,1,97)
r(56,45,1,97)
r(102,50,1,97)
r(95,52,1,97)
w(99,42,1,97)
r(22,2,1,97)
r(80,44,1,97)
w(26,46,1,97)
r(7,4,1,97)
w(0,46,1,97)
r(25,48,1,97)
w(63,61,1,97)
w(119,35,1,97)
r(30,49,1,97)
r(10,2,1,98)
w(108,52,1,98)
w(90,50,1,98)
r(32,5,1,98)
r(21,39,1,98)
r(102,50,1,98)
w(92,41,1,98)
r(43,5,1,98)
r(40,4,1,98)
w(75,41,1,98)
r(113,50,1,98)
r(80,44,1,98)
r(117,6,1,98)
r(81,56,1,98)
r(74,7,1,98)
w(118,56,1,98)
r(8,57,1,98)
w(68,43,1,98)
w(105,50,1,98)
w(75,42,1,98)
w(87,43,1,99)
r(45,7,1,99)
w(98,52,1,99)
w(60,41,1,99)
w(26,47,1,99)
w(31,50,1,99)
w(39,51,1,99)
r(1,37,1,99)
r(108,52,1,99)
r(21,39,1,99)
r(32,5,1,99)
r(45,7,1,99)
r(93,7,1,99)
w(34,49,1,99)
w(50,53,1,99)
r(20,4,1,99)
r(34,49,1,99)
r(12,45,1,99)
w(33,61,1,99)
r(44,5,1,99)
