r(37,0,0,0)
w(28,1,0,0)
r(32,0,0,0)
r(60,0,0,0)
w(95,1,0,0)
r(52,0,0,0)
w(42,1,0,0)
r(102,0,0,0)
r(53,0,0,0)
w(110,1,0,0)
w(91,1,0,0)
r(86,0,0,0)
r(56,0,0,0)
w(70,1,0,0)
w(2,1,0,0)
r(62,0,0,0)
r(118,0,0,0)
w(61,1,0,0)
r(35,0,0,0)
w(97,1,0,0)
r(31,0,0,1)
w(39,1,0,1)
r(72,0,0,1)
r(111,0,0,1)
r(5,0,0,1)
r(87,0,0,1)
w(33,1,0,1)
r(81,0,0,1)
w(87,1,0,1)
r(27,0,0,1)
r(94,0,0,1)
r(61,1,0,1)
r(96,0,0,1)
w(77,1,0,1)
r(85,0,0,1)
w(64,1,0,1)
w(58,1,0,1)
r(33,1,0,1)
w(17,1,0,1)
r(6,0,0,1)
r(118,54,0,2)
r(35,0,0,2)
w(114,1,0,2)
w(57,1,0,2)
r(76,0,0,2)
w(27,1,0,2)
w(28,2,0,2)
w(39,2,0,2)
r(29,0,0,2)
w(62,1,0,2)
r(86,0,0,2)
w(73,1,0,2)
r(49,0,0,2)
r(24,0,0,2)
r(110,46,0,2)
w(46,1,0,2)
w(71,1,0,2)
r(19,0,0,2)
r(118,54,0,2)
w(62,2,0,2)
w(110,2,0,3)
w(37,1,0,3)
r(22,0,0,3)
r(107,0,0,3)
w(86,1,0,3)
w(112,1,0,3)
w(84,1,0,3)
w(2,2,0,3)
r(28,2,0,3)
r(72,0,0,3)
r(109,0,0,3)
w(63,1,0,3)
w(68,1,0,3)
r(19,0,0,3)
r(105,0,0,3)
r(92,0,0,3)
r(102,0,0,3)
r(33,1,0,3)
r(56,0,0,3)
w(81,1,0,3)
w(73,2,0,4)
w(26,1,0,4)
w(116,1,0,4)
r(74,0,0,4)
r(57,40,0,4)
r(118,55,0,4)
r(56,0,0,4)
w(60,1,0,4)
w(80,1,0,4)
r(56,0,0,4)
r(12,0,0,4)
w(36,1,0,4)
r(109,0,0,4)
r(86,1,0,4)
r(113,38,0,4)
w(51,1,0,4)
w(67,1,0,4)
w(66,1,0,4)
r(58,1,0,4)
r(110,2,0,4)
r(50,0,0,5)
r(43,52,0,5)
r(29,0,0,5)
r(118,56,0,5)
r(88,30,0,5)
w(21,1,0,5)
w(59,1,0,5)
w(86,2,0,5)
w(94,1,0,5)
r(34,0,0,5)
w(118,1,0,5)
r(0,0,0,5)
w(46,2,0,5)
w(115,1,0,5)
w(95,2,0,5)
w(43,1,0,5)
r(68,1,0,5)
w(105,1,0,5)
r(55,0,0,5)
r(102,43,0,5)
r(68,1,0,6)
w(69,1,0,6)
w(46,3,0,6)
w(39,3,0,6)
w(111,1,0,6)
w(95,3,0,6)
r(22,51,0,6)
r(112,1,0,6)
r(5,34,0,6)
r(98,47,0,6)
w(65,1,0,6)
w(13,1,0,6)
w(83,1,0,6)
r(112,1,0,6)
r(62,2,0,6)
w(10,1,0,6)
r(91,49,0,6)
r(62,2,0,6)
w(115,2,0,6)
r(103,53,0,6)
r(58,1,0,7)
r(24,30,0,7)
r(66,1,0,7)
w(12,1,0,7)
w(42,2,0,7)
w(1,1,0,7)
w(20,1,0,7)
r(91,49,0,7)
w(6,1,0,7)
w(16,1,0,7)
w(9,1,0,7)
r(32,0,0,7)
w(46,4,0,7)
r(47,0,0,7)
r(41,0,0,7)
r(19,42,0,7)
r(53,46,0,7)
w(3,1,0,7)
r(97,43,0,7)
w(118,2,0,7)
r(62,2,0,8)
r(115,2,0,8)
r(0,0,0,8)
r(79,0,0,8)
w(4,1,0,8)
w(88,1,0,8)
r(67,37,0,8)
r(119,51,0,8)
w(55,1,0,8)
r(103,54,0,8)
w(11,1,0,8)
r(11,1,0,8)
w(40,1,0,8)
r(80,37,0,8)
r(76,0,0,8)
w(78,1,0,8)
w(8,1,0,8)
r(66,1,0,8)
w(6,2,0,8)
r(44,0,0,8)
w(55,2,0,9)
w(94,2,0,9)
r(92,39,0,9)
r(24,30,0,9)
w(87,2,0,9)
r(79,0,0,9)
r(70,1,0,9)
w(69,2,0,9)
w(19,1,0,9)
r(6,2,0,9)
r(22,51,0,9)
r(7,53,0,9)
w(21,2,0,9)
r(87,2,0,9)
w(89,1,0,9)
r(50,0,0,9)
r(93,0,0,9)
w(49,1,0,9)
w(112,2,0,9)
r(57,41,0,9)
w(88,2,0,10)
w(2,3,0,10)
r(59,45,0,10)
r(94,2,0,10)
w(119,1,0,10)
r(36,1,0,10)
w(11,2,0,10)
r(87,2,0,10)
r(6,2,0,10)
w(105,2,0,10)
r(9,1,0,10)
w(98,1,0,10)
r(45,42,0,10)
r(50,0,0,10)
r(70,1,0,10)
w(57,2,0,10)
r(18,0,0,10)
w(10,2,0,10)
r(89,1,0,10)
w(38,1,0,10)
r(42,2,0,11)
r(65,1,0,11)
w(64,2,0,11)
w(119,2,0,11)
w(19,2,0,11)
w(93,1,0,11)
w(103,1,0,11)
w(78,2,0,11)
r(64,2,0,11)
w(36,2,0,11)
r(91,49,0,11)
r(21,2,0,11)
r(4,42,0,11)
r(3,50,0,11)
w(103,2,0,11)
r(63,41,0,11)
w(106,1,0,11)
r(61,44,0,11)
w(21,3,0,11)
w(112,3,0,11)
w(30,1,0,12)
w(57,3,0,12)
r(37,1,0,12)
w(106,2,0,12)
r(1,1,0,12)
r(89,1,0,12)
w(101,1,0,12)
r(112,3,0,12)
w(103,3,0,12)
w(13,2,0,12)
w(33,2,0,12)
w(34,1,0,12)
w(21,4,0,12)
w(40,2,0,12)
w(35,1,0,12)
r(102,45,0,12)
w(41,1,0,12)
r(23,0,0,12)
w(26,2,0,12)
w(43,2,0,12)
r(88,2,0,13)
r(7,53,0,13)
w(89,2,0,13)
w(64,3,0,13)
w(59,2,0,13)
r(8,45,0,13)
w(51,2,0,13)
w(40,3,0,13)
w(42,3,0,13)
r(80,37,0,13)
r(115,2,0,13)
r(101,46,0,13)
w(3,2,0,13)
w(43,3,0,13)
r(37,1,0,13)
r(109,0,0,13)
r(2,3,0,13)
r(31,45,0,13)
w(38,2,0,13)
r(45,42,0,13)
w(53,1,0,14)
w(54,1,0,14)
r(71,43,0,14)
w(10,3,0,14)
w(84,2,0,14)
r(13,2,0,14)
w(61,2,0,14)
w(14,1,0,14)
w(105,3,0,14)
r(76,0,0,14)
r(47,0,0,14)
r(33,2,0,14)
w(3,3,0,14)
w(27,2,0,14)
r(15,43,0,14)
w(63,2,0,14)
w(0,1,0,14)
w(53,2,0,14)
w(114,2,0,14)
w(82,1,0,14)
w(6,3,0,15)
r(63,2,0,15)
r(63,2,0,15)
w(82,2,0,15)
r(31,45,0,15)
w(68,2,0,15)
w(74,1,0,15)
w(17,2,0,15)
w(43,4,0,15)
w(6,4,0,15)
w(46,5,0,15)
w(31,1,0,15)
w(69,3,0,15)
r(92,39,0,15)
r(96,34,0,15)
r(117,0,0,15)
w(85,1,0,15)
r(80,37,0,15)
w(1,2,0,15)
w(22,1,0,15)
w(45,1,0,16)
w(61,3,0,16)
r(21,4,0,16)
r(84,47,0,16)
w(62,3,0,16)
w(114,3,0,16)
w(85,2,0,16)
r(90,45,0,16)
r(44,44,0,16)
w(83,2,0,16)
w(58,2,0,16)
w(98,2,0,16)
w(78,3,0,16)
w(32,1,0,16)
w(12,2,0,16)
w(12,3,0,16)
r(98,2,0,16)
w(94,3,0,16)
r(3,3,0,16)
w(70,2,0,16)
w(13,3,0,17)
w(53,3,0,17)
r(80,38,0,17)
r(102,46,0,17)
r(7,53,0,17)
r(42,51,0,17)
w(5,1,0,17)
r(54,44,0,17)
r(43,4,0,17)
w(85,3,0,17)
w(34,2,0,17)
r(1,45,0,17)
r(54,44,0,17)
w(55,3,0,17)
w(60,2,0,17)
r(103,3,0,17)
r(29,0,0,17)
w(56,1,0,17)
w(63,3,0,17)
r(86,46,0,17)
w(19,3,0,18)
w(97,2,0,18)
r(71,43,0,18)
w(108,1,0,18)
r(101,46,0,18)
w(28,3,0,18)
w(24,1,0,18)
w(30,2,0,18)
w(5,2,0,18)
w(87,3,0,18)
r(60,2,0,18)
w(20,2,0,18)
w(65,2,0,18)
w(87,4,0,18)
w(26,3,0,18)
r(0,36,0,18)
w(77,2,0,18)
w(61,4,0,18)
w(4,2,0,18)
w(31,2,0,18)
r(85,3,0,19)
r(26,3,0,19)
r(34,2,0,19)
w(93,2,0,19)
w(7,1,0,19)
r(77,2,0,19)
r(8,45,0,19)
w(76,1,0,19)
w(68,3,0,19)
r(76,1,0,19)
w(60,3,0,19)
r(33,2,0,19)
r(115,2,0,19)
r(13,3,0,19)
w(4,3,0,19)
r(12,3,0,19)
w(65,3,0,19)
w(66,2,0,19)
w(68,4,0,19)
r(104,47,0,19)
r(84,47,0,20)
r(17,35,0,20)
w(70,3,0,20)
r(105,3,0,20)
r(24,1,0,20)
r(114,3,0,20)
r(94,3,0,20)
w(109,1,0,20)
r(70,3,0,20)
w(40,4,0,20)
w(7,2,0,20)
r(83,2,0,20)
w(106,3,0,20)
w(53,4,0,20)
r(74,1,0,20)
r(50,39,0,20)
r(4,3,0,20)
w(76,2,0,20)
r(38,2,0,20)
r(55,3,0,20)
w(66,3,0,21)
r(100,37,0,21)
w(38,3,0,21)
w(115,3,0,21)
r(31,2,0,21)
w(65,4,0,21)
r(24,1,0,21)
w(110,3,0,21)
r(71,43,0,21)
r(86,46,0,21)
w(7,3,0,21)
r(31,2,0,21)
w(14,2,0,21)
w(14,3,0,21)
w(6,5,0,21)
r(2,3,0,21)
r(27,46,0,21)
r(80,38,0,21)
r(103,3,0,21)
w(70,4,0,21)
r(113,40,0,22)
w(0,2,0,22)
w(118,3,0,22)
w(23,1,0,22)
r(77,2,0,22)
w(6,6,0,22)
w(110,4,0,22)
r(34,2,0,22)
r(98,48,0,22)
r(69,3,0,22)
w(71,2,0,22)
w(103,4,0,22)
w(19,4,0,22)
r(22,1,0,22)
w(30,3,0,22)
r(59,2,0,22)
r(16,33,0,22)
w(60,4,0,22)
r(34,2,0,22)
r(99,34,0,22)
w(17,3,0,23)
r(98,48,0,23)
r(80,38,0,23)
w(64,4,0,23)
r(13,3,0,23)
w(93,3,0,23)
w(65,5,0,23)
w(39,4,0,23)
w(12,4,0,23)
w(100,1,0,23)
w(53,5,0,23)
w(46,6,0,23)
r(70,58,0,23)
w(84,3,0,23)
r(83,43,0,23)
r(104,47,0,23)
r(58,45,0,23)
w(87,5,0,23)
w(41,2,0,23)
w(117,1,0,23)
w(19,5,0,24)
w(36,3,0,24)
w(55,4,0,24)
r(81,36,0,24)
w(47,1,0,24)
r(97,46,0,24)
w(85,4,0,24)
r(54,44,0,24)
w(53,6,0,24)
r(87,5,0,24)
w(89,3,0,24)
w(119,3,0,24)
w(98,3,0,24)
r(63,44,0,24)
w(57,4,0,24)
w(57,5,0,24)
r(45,1,0,24)
w(9,2,0,24)
r(15,43,0,24)
r(34,2,0,24)
w(46,7,0,25)
w(71,3,0,25)
w(78,4,0,25)
r(10,3,0,25)
w(25,1,0,25)
w(117,2,0,25)
w(33,3,0,25)
w(65,6,0,25)
w(73,3,0,25)
r(71,3,0,25)
w(59,3,0,25)
r(107,46,0,25)
w(62,4,0,25)
w(23,2,0,25)
w(38,4,0,25)
r(37,34,0,25)
r(101,47,0,25)
r(15,43,0,25)
r(39,47,0,25)
r(104,47,0,25)
r(92,39,0,26)
w(40,5,0,26)
r(100,39,0,26)
w(71,4,0,26)
w(39,5,0,26)
r(20,2,0,26)
w(93,4,0,26)
w(4,4,0,26)
w(66,4,0,26)
r(87,5,0,26)
r(39,5,0,26)
w(77,3,0,26)
w(9,3,0,26)
w(18,1,0,26)
r(54,45,0,26)
w(12,5,0,26)
w(98,4,0,26)
r(58,45,0,26)
r(39,5,0,26)
w(23,3,0,26)
r(106,3,0,27)
r(49,41,0,27)
r(111,41,0,27)
r(67,40,0,27)
r(62,4,0,27)
r(66,4,0,27)
w(12,6,0,27)
r(31,2,0,27)
r(34,2,0,27)
w(116,2,0,27)
r(72,44,0,27)
w(86,3,0,27)
r(22,1,0,27)
w(9,4,0,27)
w(0,3,0,27)
r(97,46,0,27)
w(110,5,0,27)
r(83,43,0,27)
w(78,5,0,27)
w(69,4,0,27)
w(18,2,0,28)
r(24,1,0,28)
r(38,40,0,28)
w(43,5,0,28)
r(111,41,0,28)
w(1,3,0,28)
r(107,46,0,28)
r(51,51,0,28)
w(75,1,0,28)
r(55,4,0,28)
r(105,42,0,28)
r(71,4,0,28)
r(19,5,0,28)
r(2,39,0,28)
w(22,2,0,28)
r(21,4,0,28)
w(19,6,0,28)
r(40,5,0,28)
r(47,40,0,28)
r(89,3,0,28)
r(76,61,0,29)
w(30,4,0,29)
w(59,4,0,29)
w(9,5,0,29)
r(66,4,0,29)
r(69,4,0,29)
w(88,3,0,29)
r(41,34,0,29)
w(72,1,0,29)
r(24,1,0,29)
r(88,3,0,29)
r(38,40,0,29)
w(100,2,0,29)
w(76,3,0,29)
w(51,3,0,29)
w(72,2,0,29)
w(92,1,0,29)
r(104,47,0,29)
w(65,7,0,29)
r(29,0,0,29)
w(64,5,0,30)
w(86,4,0,30)
w(105,4,0,30)
w(117,3,0,30)
r(87,5,0,30)
w(39,6,0,30)
w(91,2,0,30)
w(97,3,0,30)
r(27,47,0,30)
w(17,4,0,30)
r(56,42,0,30)
w(55,5,0,30)
r(58,45,0,30)
r(49,41,0,30)
r(29,0,0,30)
r(1,3,0,30)
r(30,4,0,30)
w(28,4,0,30)
w(0,4,0,30)
r(34,43,0,30)
r(41,34,0,31)
r(7,3,0,31)
w(88,4,0,31)
w(110,6,0,31)
w(109,2,0,31)
w(37,2,0,31)
r(4,44,0,31)
w(66,5,0,31)
w(51,4,0,31)
r(109,2,0,31)
w(8,2,0,31)
w(94,4,0,31)
w(28,5,0,31)
r(64,5,0,31)
w(6,7,0,31)
w(105,5,0,31)
r(73,49,0,31)
r(91,50,0,31)
w(18,3,0,31)
w(7,4,0,31)
w(53,7,0,32)
w(66,6,0,32)
r(14,3,0,32)
r(105,5,0,32)
r(66,6,0,32)
r(5,37,0,32)
r(65,7,0,32)
r(13,51,0,32)
r(86,4,0,32)
w(25,2,0,32)
r(18,3,0,32)
w(110,7,0,32)
r(61,4,0,32)
w(50,1,0,32)
r(78,5,0,32)
r(9,5,0,32)
r(5,37,0,32)
r(49,41,0,32)
w(22,3,0,32)
r(103,57,0,32)
r(92,40,0,33)
r(83,43,0,33)
w(86,5,0,33)
r(40,46,0,33)
r(24,1,0,33)
r(115,3,0,33)
r(68,40,0,33)
r(98,51,0,33)
w(35,2,0,33)
w(27,3,0,33)
r(64,5,0,33)
w(55,6,0,33)
w(87,6,0,33)
r(73,49,0,33)
w(67,2,0,33)
w(38,5,0,33)
r(92,40,0,33)
r(40,46,0,33)
r(0,4,0,33)
r(104,49,0,33)
w(20,3,0,34)
r(31,2,0,34)
r(94,4,0,34)
w(24,2,0,34)
r(64,5,0,34)
w(59,5,0,34)
w(13,4,0,34)
w(70,5,0,34)
w(79,1,0,34)
w(114,4,0,34)
w(70,6,0,34)
w(109,3,0,34)
w(43,6,0,34)
w(97,4,0,34)
w(50,2,0,34)
w(5,3,0,34)
r(26,31,0,34)
w(100,3,0,34)
r(117,3,0,34)
w(73,4,0,34)
w(76,4,0,35)
w(6,8,0,35)
w(51,5,0,35)
r(112,43,0,35)
r(43,6,0,35)
r(40,46,0,35)
r(82,42,0,35)
r(94,4,0,35)
r(73,4,0,35)
r(70,6,0,35)
r(109,3,0,35)
r(64,5,0,35)
w(27,4,0,35)
w(63,4,0,35)
r(89,3,0,35)
r(83,43,0,35)
w(107,1,0,35)
r(66,6,0,35)
w(31,3,0,35)
w(4,5,0,35)
r(37,2,0,36)
r(89,3,0,36)
r(80,40,0,36)
r(54,46,0,36)
r(66,6,0,36)
r(44,45,0,36)
r(59,5,0,36)
w(110,8,0,36)
r(42,53,0,36)
w(107,2,0,36)
r(105,5,0,36)
r(110,8,0,36)
w(18,4,0,36)
w(94,5,0,36)
r(114,4,0,36)
w(19,7,0,36)
w(12,7,0,36)
w(4,6,0,36)
w(27,5,0,36)
w(34,3,0,36)
r(27,5,0,37)
w(34,4,0,37)
w(97,5,0,37)
r(43,6,0,37)
w(62,5,0,37)
w(16,2,0,37)
r(77,56,0,37)
w(31,4,0,37)
w(103,5,0,37)
w(61,5,0,37)
r(42,53,0,37)
r(79,1,0,37)
r(26,31,0,37)
w(8,3,0,37)
r(101,48,0,37)
r(5,3,0,37)
r(84,3,0,37)
w(61,6,0,37)
w(97,6,0,37)
w(99,1,0,37)
r(108,54,0,38)
r(85,50,0,38)
r(42,53,0,38)
r(26,31,0,38)
w(29,1,0,38)
w(55,7,0,38)
r(110,8,0,38)
r(20,46,0,38)
w(70,7,0,38)
r(116,2,0,38)
r(76,4,0,38)
r(6,8,0,38)
r(27,5,0,38)
r(14,35,0,38)
r(2,40,0,38)
w(70,8,0,38)
r(104,49,0,38)
r(58,45,0,38)
w(65,8,0,38)
w(99,2,0,38)
r(39,50,0,39)
r(78,50,0,39)
r(45,43,0,39)
w(31,5,0,39)
r(100,3,0,39)
w(115,4,0,39)
r(72,45,0,39)
r(73,4,0,39)
r(51,5,0,39)
w(95,4,0,39)
r(84,3,0,39)
w(77,4,0,39)
r(75,33,0,39)
w(58,3,0,39)
r(55,7,0,39)
w(78,6,0,39)
w(1,4,0,39)
w(108,2,0,39)
r(53,7,0,39)
r(98,52,0,39)
r(104,49,0,40)
w(41,3,0,40)
w(31,6,0,40)
w(73,5,0,40)
w(89,4,0,40)
w(55,8,0,40)
r(80,41,0,40)
r(3,52,0,40)
w(77,5,0,40)
w(38,6,0,40)
r(106,49,0,40)
r(103,5,0,40)
r(112,44,0,40)
w(55,9,0,40)
w(84,4,0,40)
w(99,3,0,40)
w(108,3,0,40)
w(43,7,0,40)
r(57,46,0,40)
w(78,7,0,40)
w(25,3,0,41)
r(106,49,0,41)
w(60,5,0,41)
w(1,5,0,41)
w(32,2,0,41)
w(68,5,0,41)
w(45,2,0,41)
r(100,3,0,41)
r(61,6,0,41)
w(22,4,0,41)
w(25,4,0,41)
r(11,39,0,41)
w(45,3,0,41)
w(71,5,0,41)
w(111,2,0,41)
r(105,5,0,41)
w(36,4,0,41)
w(19,8,0,41)
r(62,5,0,41)
r(0,4,0,41)
w(78,8,0,42)
w(38,7,0,42)
r(71,5,0,42)
r(62,5,0,42)
w(63,5,0,42)
w(76,5,0,42)
w(73,6,0,42)
r(88,4,0,42)
r(103,5,0,42)
w(91,3,0,42)
w(106,4,0,42)
w(56,2,0,42)
w(3,4,0,42)
w(112,4,0,42)
r(4,6,0,42)
r(45,3,0,42)
w(83,3,0,42)
r(16,34,0,42)
w(23,4,0,42)
r(115,4,0,42)
w(50,3,0,43)
r(29,38,0,43)
r(108,3,0,43)
w(66,7,0,43)
w(9,6,0,43)
r(82,43,0,43)
r(52,34,0,43)
r(69,40,0,43)
w(4,7,0,43)
r(36,4,0,43)
w(46,8,0,43)
w(11,3,0,43)
w(79,2,0,43)
w(7,5,0,43)
w(73,7,0,43)
w(47,2,0,43)
r(84,49,0,43)
w(53,8,0,43)
w(22,5,0,43)
r(57,46,0,43)
r(54,47,0,44)
r(96,37,0,44)
r(69,40,0,44)
w(114,5,0,44)
r(37,35,0,44)
r(106,4,0,44)
r(9,6,0,44)
r(31,6,0,44)
r(12,51,0,44)
r(56,2,0,44)
r(40,49,0,44)
r(108,3,0,44)
r(67,2,0,44)
r(55,54,0,44)
r(28,40,0,44)
r(80,42,0,44)
w(9,7,0,44)
w(37,3,0,44)
w(102,1,0,44)
r(103,5,0,44)
r(16,35,0,45)
w(11,4,0,45)
r(102,1,0,45)
r(38,7,0,45)
r(108,3,0,45)
r(60,5,0,45)
w(102,2,0,45)
w(101,2,0,45)
r(80,42,0,45)
w(12,8,0,45)
w(36,5,0,45)
r(0,38,0,45)
r(43,7,0,45)
r(80,42,0,45)
w(50,4,0,45)
r(92,40,0,45)
w(99,4,0,45)
w(104,1,0,45)
w(19,9,0,45)
r(100,3,0,45)
r(24,2,0,46)
w(66,8,0,46)
r(91,3,0,46)
w(91,4,0,46)
r(77,5,0,46)
w(109,4,0,46)
w(113,1,0,46)
w(81,2,0,46)
r(14,35,0,46)
w(77,6,0,46)
r(118,58,0,46)
r(3,4,0,46)
r(62,5,0,46)
w(31,7,0,46)
w(22,6,0,46)
r(117,47,0,46)
r(89,4,0,46)
r(43,7,0,46)
r(23,4,0,46)
r(97,47,0,46)
w(109,5,0,47)
r(8,3,0,47)
w(21,5,0,47)
w(1,6,0,47)
w(61,7,0,47)
r(77,6,0,47)
w(91,5,0,47)
r(119,56,0,47)
r(53,8,0,47)
w(37,4,0,47)
w(98,5,0,47)
w(95,5,0,47)
r(42,54,0,47)
w(31,8,0,47)
w(53,9,0,47)
w(29,2,0,47)
r(85,51,0,47)
r(58,46,0,47)
r(119,56,0,47)
w(109,6,0,47)
w(44,1,0,48)
w(49,2,0,48)
w(15,1,0,48)
r(35,2,0,48)
w(73,8,0,48)
r(29,39,0,48)
w(110,9,0,48)
w(2,4,0,48)
r(43,7,0,48)
r(63,46,0,48)
r(6,47,0,48)
r(14,35,0,48)
r(40,49,0,48)
r(16,36,0,48)
r(4,46,0,48)
r(89,4,0,48)
w(113,2,0,48)
r(5,38,0,48)
r(6,47,0,48)
w(112,5,0,48)
r(118,58,0,49)
r(106,4,0,49)
r(62,5,0,49)
r(39,50,0,49)
w(86,6,0,49)
w(73,9,0,49)
r(54,48,0,49)
w(35,3,0,49)
r(43,7,0,49)
w(81,3,0,49)
w(44,2,0,49)
w(108,4,0,49)
r(107,48,0,49)
w(61,8,0,49)
r(37,36,0,49)
w(22,7,0,49)
r(61,8,0,49)
w(23,5,0,49)
w(21,6,0,49)
r(16,36,0,49)
w(88,29,1,50)
r(99,0,1,50)
r(70,1,1,50)
w(7,52,1,50)
r(20,0,1,50)
r(25,0,1,50)
r(90,0,1,50)
r(38,0,1,50)
w(21,43,1,50)
r(40,0,1,50)
w(83,41,1,50)
w(3,47,1,50)
w(110,46,1,50)
r(50,0,1,50)
r(1,0,1,50)
r(23,0,1,50)
w(98,45,1,50)
r(51,0,1,50)
w(80,36,1,50)
w(118,54,1,50)
r(68,0,1,51)
r(67,0,1,51)
w(31,42,1,51)
r(55,0,1,51)
w(118,55,1,51)
w(10,42,1,51)
w(24,30,1,51)
w(57,40,1,51)
r(60,0,1,51)
w(26,28,1,51)
r(86,0,1,51)
r(15,0,1,51)
w(9,42,1,51)
w(90,42,1,51)
r(87,1,1,51)
r(71,1,1,51)
w(63,40,1,51)
w(98,46,1,51)
r(95,1,1,51)
w(108,50,1,51)
w(40,43,1,52)
w(105,40,1,52)
r(29,0,1,52)
w(90,43,1,52)
r(104,0,1,52)
r(79,0,1,52)
r(38,0,1,52)
w(61,42,1,52)
r(31,42,1,52)
r(95,1,1,52)
w(5,33,1,52)
r(100,0,1,52)
r(9,42,1,52)
w(119,50,1,52)
w(35,41,1,52)
w(113,38,1,52)
r(4,0,1,52)
r(19,0,1,52)
r(11,0,1,52)
w(64,38,1,52)
r(56,0,1,53)
w(27,45,1,53)
w(95,51,1,53)
w(88,30,1,53)
w(45,42,1,53)
w(65,43,1,53)
w(102,43,1,53)
r(77,1,1,53)
w(67,36,1,53)
w(43,52,1,53)
w(51,47,1,53)
r(10,42,1,53)
w(118,56,1,53)
r(104,0,1,53)
w(30,50,1,53)
w(35,42,1,53)
w(52,32,1,53)
w(103,53,1,53)
w(106,45,1,53)
w(92,39,1,53)
r(81,1,1,54)
r(100,0,1,54)
r(58,1,1,54)
r(35,42,1,54)
r(111,0,1,54)
w(74,37,1,54)
w(106,46,1,54)
r(107,0,1,54)
r(72,0,1,54)
r(64,38,1,54)
w(51,48,1,54)
r(99,0,1,54)
w(71,43,1,54)
r(68,1,1,54)
r(44,0,1,54)
r(65,43,1,54)
r(55,0,1,54)
w(78,42,1,54)
w(69,39,1,54)
r(11,0,1,54)
w(53,46,1,55)
w(119,51,1,55)
w(104,46,1,55)
r(75,0,1,55)
r(52,32,1,55)
r(32,0,1,55)
r(83,41,1,55)
r(93,0,1,55)
r(52,32,1,55)
w(82,37,1,55)
w(61,43,1,55)
r(16,0,1,55)
r(99,0,1,55)
w(59,45,1,55)
r(15,0,1,55)
r(57,40,1,55)
w(22,51,1,55)
w(21,44,1,55)
w(12,49,1,55)
w(14,33,1,55)
r(30,50,1,56)
w(3,48,1,56)
w(105,41,1,56)
w(100,36,1,56)
r(112,1,1,56)
r(88,30,1,56)
w(75,32,1,56)
r(14,33,1,56)
w(83,42,1,56)
w(67,37,1,56)
w(64,39,1,56)
r(45,42,1,56)
r(116,1,1,56)
r(94,1,1,56)
w(98,47,1,56)
w(107,46,1,56)
r(29,0,1,56)
w(30,51,1,56)
w(63,41,1,56)
r(93,0,1,56)
w(81,35,1,57)
w(11,35,1,57)
w(116,35,1,57)
w(5,34,1,57)
w(74,38,1,57)
r(87,1,1,57)
w(65,44,1,57)
w(80,37,1,57)
w(97,43,1,57)
r(50,0,1,57)
r(27,45,1,57)
w(91,49,1,57)
r(55,0,1,57)
w(19,42,1,57)
r(98,47,1,57)
w(102,44,1,57)
r(11,35,1,57)
w(55,51,1,57)
w(10,43,1,57)
w(78,43,1,57)
w(64,40,1,58)
w(61,44,1,58)
w(56,38,1,58)
r(65,1,1,58)
r(52,32,1,58)
w(90,44,1,58)
w(74,39,1,58)
r(68,1,1,58)
r(7,52,1,58)
r(24,30,1,58)
r(16,0,1,58)
w(100,37,1,58)
w(2,37,1,58)
w(5,35,1,58)
w(57,41,1,58)
r(81,35,1,58)
r(93,0,1,58)
w(3,49,1,58)
r(100,37,1,58)
r(110,2,1,58)
r(92,39,1,59)
w(73,46,1,59)
r(25,0,1,59)
w(49,40,1,59)
r(67,37,1,59)
w(82,38,1,59)
w(31,43,1,59)
w(14,34,1,59)
w(103,54,1,59)
r(61,44,1,59)
r(113,38,1,59)
w(20,45,1,59)
w(3,50,1,59)
w(73,47,1,59)
r(96,0,1,59)
r(83,1,1,59)
r(36,1,1,59)
r(56,38,1,59)
w(54,43,1,59)
r(114,1,1,59)
r(59,45,1,60)
r(9,1,1,60)
w(7,53,1,60)
w(17,34,1,60)
r(27,45,1,60)
r(77,1,1,60)
r(25,0,1,60)
r(39,3,1,60)
r(104,46,1,60)
w(86,46,1,60)
w(33,35,1,60)
w(101,44,1,60)
r(90,44,1,60)
r(76,0,1,60)
r(12,1,1,60)
r(113,38,1,60)
r(38,0,1,60)
r(92,39,1,60)
w(101,45,1,60)
w(113,39,1,60)
r(18,0,1,61)
r(115,2,1,61)
r(106,46,1,61)
w(31,44,1,61)
r(10,1,1,61)
r(73,47,1,61)
r(18,0,1,61)
w(13,47,1,61)
r(33,35,1,61)
w(79,45,1,61)
r(15,0,1,61)
r(110,2,1,61)
w(99,34,1,61)
w(32,37,1,61)
w(39,45,1,61)
w(8,45,1,61)
w(103,55,1,61)
r(37,1,1,61)
r(65,1,1,61)
r(2,37,1,61)
w(10,44,1,62)
w(26,29,1,62)
r(92,39,1,62)
r(103,55,1,62)
r(88,2,1,62)
w(19,43,1,62)
r(117,0,1,62)
r(53,46,1,62)
r(91,49,1,62)
w(96,34,1,62)
w(73,48,1,62)
w(114,39,1,62)
w(4,42,1,62)
r(91,49,1,62)
w(102,45,1,62)
r(97,43,1,62)
r(118,2,1,62)
w(67,38,1,62)
r(5,35,1,62)
r(17,34,1,62)
w(25,48,1,63)
w(103,56,1,63)
w(77,54,1,63)
r(34,0,1,63)
w(67,39,1,63)
w(111,40,1,63)
w(59,46,1,63)
r(14,34,1,63)
w(49,41,1,63)
w(21,45,1,63)
r(3,50,1,63)
w(78,44,1,63)
r(18,0,1,63)
r(44,0,1,63)
r(64,2,1,63)
w(46,50,1,63)
w(113,40,1,63)
w(70,57,1,63)
r(8,45,1,63)
r(106,1,1,63)
w(104,47,1,64)
w(119,52,1,64)
w(15,43,1,64)
w(66,44,1,64)
w(25,49,1,64)
w(31,45,1,64)
r(89,1,1,64)
w(56,39,1,64)
r(1,1,1,64)
r(49,41,1,64)
r(44,0,1,64)
w(16,32,1,64)
w(62,43,1,64)
r(67,39,1,64)
w(67,40,1,64)
w(52,33,1,64)
w(102,46,1,64)
w(38,38,1,64)
r(54,43,1,64)
w(101,46,1,64)
r(29,0,1,65)
r(102,46,1,65)
r(107,46,1,65)
w(85,43,1,65)
w(55,52,1,65)
w(4,43,1,65)
r(31,45,1,65)
w(90,45,1,65)
r(95,3,1,65)
w(42,51,1,65)
r(112,3,1,65)
w(81,36,1,65)
w(64,41,1,65)
r(11,2,1,65)
r(92,39,1,65)
r(74,39,1,65)
w(84,47,1,65)
r(115,2,1,65)
r(26,2,1,65)
w(106,47,1,65)
w(106,48,1,66)
r(8,45,1,66)
w(72,44,1,66)
r(50,0,1,66)
w(117,44,1,66)
w(18,47,1,66)
w(79,46,1,66)
w(18,48,1,66)
r(16,32,1,66)
r(3,3,1,66)
w(44,44,1,66)
w(0,35,1,66)
w(63,42,1,66)
w(88,31,1,66)
w(13,48,1,66)
w(56,40,1,66)
w(54,44,1,66)
w(97,44,1,66)
w(85,44,1,66)
w(17,35,1,66)
w(78,45,1,67)
r(119,52,1,67)
w(110,47,1,67)
w(80,38,1,67)
r(97,44,1,67)
w(25,50,1,67)
r(114,3,1,67)
w(0,36,1,67)
w(78,46,1,67)
r(9,1,1,67)
r(48,0,1,67)
w(110,48,1,67)
w(79,47,1,67)
w(63,43,1,67)
w(1,45,1,67)
w(23,45,1,67)
r(35,1,1,67)
w(37,33,1,67)
w(78,47,1,67)
r(74,1,1,67)
r(89,2,1,68)
r(82,2,1,68)
r(36,2,1,68)
w(46,51,1,68)
w(51,49,1,68)
r(13,3,1,68)
w(76,60,1,68)
r(99,34,1,68)
w(39,46,1,68)
r(70,2,1,68)
r(96,34,1,68)
w(97,45,1,68)
w(98,48,1,68)
w(50,38,1,68)
r(107,46,1,68)
r(17,35,1,68)
w(53,47,1,68)
w(63,44,1,68)
r(118,2,1,68)
r(67,40,1,68)
r(51,49,1,69)
w(11,36,1,69)
r(60,3,1,69)
r(82,2,1,69)
w(44,45,1,69)
w(18,49,1,69)
w(101,47,1,69)
w(42,52,1,69)
r(14,1,1,69)
w(50,39,1,69)
w(18,50,1,69)
w(19,44,1,69)
w(115,50,1,69)
r(101,47,1,69)
r(87,4,1,69)
r(19,44,1,69)
w(57,42,1,69)
r(70,2,1,69)
r(59,2,1,69)
w(16,33,1,69)
w(85,45,1,70)
w(115,51,1,70)
w(58,45,1,70)
w(64,42,1,70)
r(98,48,1,70)
w(87,52,1,70)
w(30,52,1,70)
r(100,37,1,70)
w(87,53,1,70)
w(74,40,1,70)
w(23,46,1,70)
r(22,1,1,70)
w(1,46,1,70)
r(84,47,1,70)
w(27,46,1,70)
w(97,46,1,70)
w(85,46,1,70)
r(101,47,1,70)
r(59,2,1,70)
r(31,2,1,70)
w(18,51,1,71)
r(114,3,1,71)
r(88,31,1,71)
w(119,53,1,71)
r(83,2,1,71)
r(85,46,1,71)
w(51,50,1,71)
w(48,37,1,71)
w(74,41,1,71)
r(32,1,1,71)
w(118,57,1,71)
w(33,36,1,71)
r(41,1,1,71)
r(85,46,1,71)
w(68,39,1,71)
r(66,3,1,71)
r(56,1,1,71)
r(42,52,1,71)
r(104,47,1,71)
w(51,51,1,71)
r(99,34,1,72)
r(68,39,1,72)
r(111,40,1,72)
r(88,31,1,72)
r(78,47,1,72)
r(53,4,1,72)
w(27,47,1,72)
r(86,46,1,72)
w(40,44,1,72)
r(49,41,1,72)
w(89,48,1,72)
r(95,3,1,72)
r(24,1,1,72)
w(112,43,1,72)
w(83,43,1,72)
w(117,45,1,72)
w(74,42,1,72)
r(76,2,1,72)
w(100,38,1,72)
w(70,58,1,72)
w(111,41,1,73)
w(8,46,1,73)
w(71,44,1,73)
r(119,53,1,73)
r(50,39,1,73)
w(57,43,1,73)
r(35,1,1,73)
w(50,40,1,73)
r(73,48,1,73)
r(76,2,1,73)
w(116,36,1,73)
r(18,51,1,73)
w(5,36,1,73)
r(20,2,1,73)
w(23,47,1,73)
r(45,1,1,73)
w(46,52,1,73)
w(64,43,1,73)
w(25,51,1,73)
w(38,39,1,73)
w(6,45,1,74)
r(64,43,1,74)
r(71,44,1,74)
r(33,36,1,74)
w(9,43,1,74)
r(5,36,1,74)
w(113,41,1,74)
r(69,3,1,74)
w(5,37,1,74)
w(2,38,1,74)
w(95,52,1,74)
w(37,34,1,74)
r(68,39,1,74)
r(57,5,1,74)
r(119,3,1,74)
w(79,48,1,74)
w(102,47,1,74)
r(82,2,1,74)
r(38,39,1,74)
w(59,47,1,74)
w(47,39,1,75)
w(68,40,1,75)
w(56,41,1,75)
w(23,48,1,75)
w(108,51,1,75)
w(40,45,1,75)
w(39,47,1,75)
w(71,45,1,75)
w(105,42,1,75)
w(74,43,1,75)
w(80,39,1,75)
r(29,0,1,75)
r(92,39,1,75)
r(15,43,1,75)
r(19,5,1,75)
r(27,47,1,75)
w(18,52,1,75)
r(28,3,1,75)
r(5,37,1,75)
r(62,3,1,75)
r(106,3,1,76)
w(82,39,1,76)
w(60,48,1,76)
r(11,36,1,76)
r(5,37,1,76)
w(102,48,1,76)
r(18,52,1,76)
r(17,3,1,76)
w(35,43,1,76)
w(98,49,1,76)
w(100,39,1,76)
r(83,43,1,76)
r(36,3,1,76)
w(76,61,1,76)
r(59,3,1,76)
w(56,42,1,76)
w(26,30,1,76)
w(98,50,1,76)
r(108,51,1,76)
r(48,37,1,76)
w(80,40,1,77)
w(116,37,1,77)
w(81,37,1,77)
r(35,43,1,77)
w(54,45,1,77)
r(7,3,1,77)
w(38,40,1,77)
w(41,34,1,77)
r(98,50,1,77)
r(27,47,1,77)
w(79,49,1,77)
w(101,48,1,77)
r(41,34,1,77)
r(25,1,1,77)
r(73,3,1,77)
w(114,40,1,77)
r(29,0,1,77)
r(38,40,1,77)
w(0,37,1,77)
r(83,43,1,77)
w(2,39,1,78)
w(59,48,1,78)
r(8,46,1,78)
w(110,49,1,78)
w(93,53,1,78)
w(85,47,1,78)
r(13,3,1,78)
w(85,48,1,78)
w(108,52,1,78)
w(74,44,1,78)
w(108,53,1,78)
w(47,40,1,78)
r(74,44,1,78)
r(10,3,1,78)
w(78,48,1,78)
r(64,43,1,78)
r(30,3,1,78)
r(110,49,1,78)
r(114,40,1,78)
w(26,31,1,78)
r(79,49,1,79)
r(20,2,1,79)
w(96,35,1,79)
r(80,40,1,79)
w(13,49,1,79)
w(21,46,1,79)
w(4,44,1,79)
w(13,50,1,79)
r(18,2,1,79)
r(12,6,1,79)
w(82,40,1,79)
w(73,49,1,79)
r(69,4,1,79)
w(23,49,1,79)
w(47,41,1,79)
r(75,1,1,79)
w(2,40,1,79)
r(9,4,1,79)
w(34,43,1,79)
w(111,42,1,79)
w(25,52,1,80)
r(94,3,1,80)
w(66,45,1,80)
w(103,57,1,80)
r(42,52,1,80)
w(96,36,1,80)
r(78,5,1,80)
w(21,47,1,80)
w(77,55,1,80)
r(63,44,1,80)
w(3,51,1,80)
r(51,3,1,80)
w(82,41,1,80)
r(62,4,1,80)
w(87,54,1,80)
r(45,1,1,80)
w(63,45,1,80)
w(94,48,1,80)
r(29,0,1,80)
w(92,40,1,80)
w(13,51,1,81)
r(114,40,1,81)
r(115,3,1,81)
r(15,43,1,81)
w(82,42,1,81)
r(42,52,1,81)
r(47,41,1,81)
w(75,33,1,81)
w(71,46,1,81)
w(53,48,1,81)
w(25,53,1,81)
r(36,3,1,81)
w(42,53,1,81)
w(106,49,1,81)
r(56,42,1,81)
r(41,34,1,81)
w(6,46,1,81)
w(91,50,1,81)
w(33,37,1,81)
w(3,52,1,81)
w(57,44,1,82)
r(4,44,1,82)
r(108,53,1,82)
w(104,48,1,82)
r(100,2,1,82)
r(55,5,1,82)
r(100,2,1,82)
r(112,43,1,82)
r(0,4,1,82)
w(87,55,1,82)
r(82,42,1,82)
w(85,49,1,82)
r(23,49,1,82)
r(109,2,1,82)
w(39,48,1,82)
w(71,47,1,82)
w(54,46,1,82)
r(9,5,1,82)
r(80,40,1,82)
r(16,33,1,82)
r(7,4,1,83)
w(57,45,1,83)
w(119,54,1,83)
w(40,46,1,83)
r(22,3,1,83)
r(44,45,1,83)
w(107,47,1,83)
r(14,3,1,83)
w(11,37,1,83)
r(73,49,1,83)
r(104,48,1,83)
w(102,49,1,83)
w(39,49,1,83)
r(119,54,1,83)
r(43,5,1,83)
r(119,54,1,83)
r(88,4,1,83)
w(28,38,1,83)
r(28,38,1,83)
w(111,43,1,83)
w(23,50,1,84)
w(104,49,1,84)
w(87,56,1,84)
w(72,45,1,84)
w(19,45,1,84)
r(37,2,1,84)
r(65,7,1,84)
w(60,49,1,84)
w(102,50,1,84)
w(39,50,1,84)
w(23,51,1,84)
r(54,46,1,84)
w(98,51,1,84)
r(112,43,1,84)
w(77,56,1,84)
r(4,44,1,84)
r(33,37,1,84)
w(61,45,1,84)
w(13,52,1,84)
w(47,42,1,84)
w(74,45,1,85)
w(119,55,1,85)
w(11,38,1,85)
w(28,39,1,85)
w(11,39,1,85)
w(12,50,1,85)
r(77,56,1,85)
w(86,47,1,85)
w(40,47,1,85)
r(117,3,1,85)
w(15,44,1,85)
r(5,3,1,85)
r(59,5,1,85)
r(58,45,1,85)
r(38,5,1,85)
r(66,6,1,85)
w(20,46,1,85)
w(112,44,1,85)
w(25,54,1,85)
r(69,4,1,85)
w(113,42,1,86)
w(102,51,1,86)
w(65,45,1,86)
r(118,3,1,86)
r(24,2,1,86)
w(14,35,1,86)
r(43,6,1,86)
r(103,57,1,86)
r(84,3,1,86)
r(80,40,1,86)
r(75,33,1,86)
r(59,5,1,86)
r(28,39,1,86)
r(89,3,1,86)
r(33,37,1,86)
w(65,46,1,86)
r(80,40,1,86)
r(108,53,1,86)
r(61,45,1,86)
w(98,52,1,86)
r(78,5,1,87)
r(65,46,1,87)
w(28,40,1,87)
w(96,37,1,87)
r(108,53,1,87)
r(62,5,1,87)
w(87,57,1,87)
w(85,50,1,87)
w(56,43,1,87)
r(102,51,1,87)
w(59,49,1,87)
r(55,6,1,87)
w(45,43,1,87)
w(21,48,1,87)
w(78,49,1,87)
w(23,52,1,87)
w(16,34,1,87)
w(108,54,1,87)
r(87,57,1,87)
w(78,50,1,87)
r(38,5,1,88)
r(10,3,1,88)
w(30,53,1,88)
r(26,31,1,88)
r(97,6,1,88)
w(5,38,1,88)
w(57,46,1,88)
w(65,47,1,88)
r(24,2,1,88)
r(87,57,1,88)
r(14,35,1,88)
w(40,48,1,88)
w(41,35,1,88)
w(31,46,1,88)
w(50,41,1,88)
r(96,37,1,88)
r(107,2,1,88)
r(40,48,1,88)
w(12,51,1,88)
r(65,47,1,88)
r(93,4,1,89)
w(37,35,1,89)
r(66,6,1,89)
r(96,37,1,89)
r(60,49,1,89)
w(113,43,1,89)
w(97,47,1,89)
w(33,38,1,89)
r(104,49,1,89)
r(47,42,1,89)
r(29,1,1,89)
r(81,37,1,89)
r(64,5,1,89)
r(34,4,1,89)
r(30,53,1,89)
r(106,49,1,89)
r(108,54,1,89)
r(10,3,1,89)
r(39,50,1,89)
r(29,1,1,89)
w(17,36,1,90)
w(21,49,1,90)
r(43,6,1,90)
w(109,56,1,90)
r(48,37,1,90)
w(84,48,1,90)
r(16,34,1,90)
r(34,4,1,90)
r(40,48,1,90)
w(116,38,1,90)
w(13,53,1,90)
w(69,40,1,90)
w(29,37,1,90)
r(21,49,1,90)
r(39,50,1,90)
r(0,4,1,90)
w(80,41,1,90)
w(108,55,1,90)
w(118,58,1,90)
r(25,54,1,90)
r(38,6,1,91)
r(25,4,1,91)
r(12,51,1,91)
w(114,41,1,91)
r(12,51,1,91)
w(27,48,1,91)
w(52,34,1,91)
w(29,38,1,91)
w(15,45,1,91)
w(40,49,1,91)
r(104,49,1,91)
r(87,57,1,91)
r(64,5,1,91)
w(116,39,1,91)
w(0,38,1,91)
w(54,47,1,91)
w(112,45,1,91)
r(40,49,1,91)
w(30,54,1,91)
w(58,46,1,91)
r(65,8,1,92)
r(96,37,1,92)
w(16,35,1,92)
w(45,44,1,92)
w(55,53,1,92)
r(53,7,1,92)
w(82,43,1,92)
r(93,4,1,92)
w(107,48,1,92)
w(81,38,1,92)
w(17,37,1,92)
w(84,49,1,92)
w(20,47,1,92)
r(66,6,1,92)
w(63,46,1,92)
w(6,47,1,92)
w(68,41,1,92)
w(117,46,1,92)
r(3,4,1,92)
w(79,50,1,92)
w(55,54,1,93)
w(80,42,1,93)
r(2,40,1,93)
r(66,7,1,93)
r(60,5,1,93)
r(83,3,1,93)
w(99,35,1,93)
r(65,8,1,93)
w(2,41,1,93)
r(74,45,1,93)
r(32,2,1,93)
w(42,54,1,93)
w(49,42,1,93)
r(64,5,1,93)
w(7,54,1,93)
r(55,54,1,93)
r(78,8,1,93)
w(119,56,1,93)
w(117,47,1,93)
w(72,46,1,93)
r(102,2,1,94)
w(60,50,1,94)
r(87,57,1,94)
w(79,51,1,94)
r(98,52,1,94)
r(103,5,1,94)
w(94,49,1,94)
w(115,52,1,94)
r(55,54,1,94)
w(48,38,1,94)
w(85,51,1,94)
r(89,4,1,94)
w(28,41,1,94)
r(92,40,1,94)
r(10,3,1,94)
r(99,4,1,94)
r(44,45,1,94)
r(109,56,1,94)
r(91,3,1,94)
r(89,4,1,94)
r(46,8,1,95)
w(68,42,1,95)
r(44,45,1,95)
w(4,45,1,95)
w(52,35,1,95)
r(21,49,1,95)
r(22,6,1,95)
w(68,43,1,95)
w(56,44,1,95)
r(45,44,1,95)
w(99,36,1,95)
w(100,40,1,95)
r(30,54,1,95)
w(10,45,1,95)
r(16,35,1,95)
r(118,58,1,95)
r(71,5,1,95)
w(54,48,1,95)
r(4,45,1,95)
r(40,49,1,95)
w(49,43,1,96)
r(37,4,1,96)
w(102,52,1,96)
w(49,44,1,96)
w(48,39,1,96)
w(21,50,1,96)
r(78,8,1,96)
r(79,51,1,96)
w(60,51,1,96)
w(8,47,1,96)
r(8,47,1,96)
w(9,44,1,96)
r(71,5,1,96)
w(34,44,1,96)
w(117,48,1,96)
r(45,44,1,96)
w(38,41,1,96)
w(65,48,1,96)
w(13,54,1,96)
w(38,42,1,96)
r(92,40,1,97)
r(70,8,1,97)
w(3,53,1,97)
w(50,42,1,97)
w(105,43,1,97)
r(59,49,1,97)
w(10,46,1,97)
w(29,39,1,97)
r(88,4,1,97)
w(75,34,1,97)
r(112,4,1,97)
r(101,2,1,97)
w(12,52,1,97)
r(116,39,1,97)
r(50,42,1,97)
w(36,53,1,97)
r(101,2,1,97)
w(53,49,1,97)
r(106,4,1,97)
r(30,54,1,97)
r(13,54,1,98)
w(66,46,1,98)
r(109,6,1,98)
w(61,46,1,98)
w(49,45,1,98)
r(59,49,1,98)
w(1,47,1,98)
r(7,54,1,98)
r(28,41,1,98)
w(4,46,1,98)
r(43,7,1,98)
w(16,36,1,98)
w(92,41,1,98)
w(37,36,1,98)
w(112,46,1,98)
r(66,46,1,98)
r(55,54,1,98)
w(61,47,1,98)
r(91,5,1,98)
r(46,8,1,98)
r(108,3,1,99)
w(64,44,1,99)
r(106,4,1,99)
r(37,36,1,99)
r(45,44,1,99)
w(84,50,1,99)
w(18,53,1,99)
w(32,38,1,99)
w(115,53,1,99)
r(37,36,1,99)
r(33,38,1,99)
r(92,41,1,99)
r(73,8,1,99)
w(24,31,1,99)
w(75,35,1,99)
w(56,45,1,99)
w(59,50,1,99)
r(1,47,1,99)
w(66,47,1,99)
r(4,46,1,99)
