w(79,1,0,0)
r(26,0,0,0)
w(37,1,0,0)
w(8,1,0,0)
w(27,1,0,0)
w(17,1,0,0)
r(29,0,0,0)
w(86,1,0,0)
w(69,1,0,0)
w(30,1,0,0)
w(48,1,0,0)
w(118,1,0,0)
r(63,0,0,0)
w(105,1,0,0)
r(21,0,0,0)
r(61,0,0,0)
w(89,1,0,0)
w(46,1,0,0)
w(52,1,0,0)
w(53,1,0,0)
w(29,1,0,1)
w(32,1,0,1)
r(33,0,0,1)
r(65,0,0,1)
r(35,51,0,1)
r(24,0,0,1)
r(79,1,0,1)
w(5,1,0,1)
r(37,1,0,1)
r(50,38,0,1)
w(68,1,0,1)
w(42,1,0,1)
w(36,1,0,1)
r(99,0,0,1)
r(6,0,0,1)
r(70,0,0,1)
r(60,0,0,1)
w(72,1,0,1)
r(52,1,0,1)
w(90,1,0,1)
w(4,1,0,2)
w(84,1,0,2)
w(80,1,0,2)
r(4,1,0,2)
r(83,49,0,2)
w(6,1,0,2)
r(17,1,0,2)
r(0,0,0,2)
w(54,1,0,2)
w(111,1,0,2)
r(5,1,0,2)
w(95,1,0,2)
w(50,1,0,2)
r(117,0,0,2)
w(37,2,0,2)
r(15,0,0,2)
w(65,1,0,2)
r(11,0,0,2)
r(32,1,0,2)
r(43,38,0,2)
w(60,1,0,3)
r(81,0,0,3)
w(39,1,0,3)
w(73,1,0,3)
w(53,2,0,3)
w(91,1,0,3)
r(49,0,0,3)
r(96,0,0,3)
w(23,1,0,3)
r(89,1,0,3)
w(55,1,0,3)
w(7,1,0,3)
r(8,1,0,3)
r(103,0,0,3)
r(66,0,0,3)
w(66,1,0,3)
w(59,1,0,3)
r(40,0,0,3)
r(63,0,0,3)
r(93,43,0,3)
w(102,1,0,4)
w(47,1,0,4)
w(95,2,0,4)
w(118,2,0,4)
w(67,1,0,4)
w(87,1,0,4)
w(13,1,0,4)
r(51,43,0,4)
r(108,0,0,4)
r(0,0,0,4)
r(19,0,0,4)
w(77,1,0,4)
w(21,1,0,4)
w(7,2,0,4)
r(65,1,0,4)
r(45,0,0,4)
w(7,3,0,4)
w(96,1,0,4)
w(87,2,0,4)
w(47,2,0,4)
w(40,1,0,5)
r(10,45,0,5)
r(42,1,0,5)
r(96,1,0,5)
r(51,43,0,5)
w(97,1,0,5)
r(55,47,0,5)
w(106,1,0,5)
w(21,2,0,5)
r(45,0,0,5)
r(22,0,0,5)
w(67,2,0,5)
w(57,1,0,5)
r(115,0,0,5)
w(107,1,0,5)
r(72,1,0,5)
r(10,45,0,5)
r(13,55,0,5)
r(15,0,0,5)
w(31,1,0,5)
r(28,0,0,6)
w(117,1,0,6)
r(3,33,0,6)
w(3,1,0,6)
w(36,2,0,6)
r(90,1,0,6)
r(112,0,0,6)
w(34,1,0,6)
r(76,0,0,6)
w(1,1,0,6)
w(104,1,0,6)
w(112,1,0,6)
r(99,28,0,6)
w(1,2,0,6)
r(95,2,0,6)
r(1,2,0,6)
w(6,2,0,6)
r(36,2,0,6)
r(104,1,0,6)
r(0,0,0,6)
w(29,2,0,7)
w(96,2,0,7)
r(55,48,0,7)
w(10,1,0,7)
w(74,1,0,7)
w(43,1,0,7)
r(75,32,0,7)
r(30,1,0,7)
w(40,2,0,7)
r(8,1,0,7)
w(59,2,0,7)
w(42,2,0,7)
r(109,0,0,7)
r(100,41,0,7)
w(95,3,0,7)
w(31,2,0,7)
r(6,2,0,7)
r(32,58,0,7)
w(71,1,0,7)
w(46,2,0,7)
r(88,0,0,8)
r(116,44,0,8)
w(8,2,0,8)
w(37,3,0,8)
w(38,1,0,8)
r(48,1,0,8)
r(63,52,0,8)
r(53,2,0,8)
r(62,0,0,8)
w(111,2,0,8)
w(102,2,0,8)
w(10,2,0,8)
w(100,1,0,8)
w(7,4,0,8)
r(33,0,0,8)
r(50,1,0,8)
w(5,2,0,8)
w(71,2,0,8)
r(73,1,0,8)
r(84,1,0,8)
r(5,2,0,9)
w(61,1,0,9)
r(52,43,0,9)
w(51,1,0,9)
r(46,2,0,9)
r(63,52,0,9)
w(82,1,0,9)
r(7,4,0,9)
w(69,2,0,9)
w(59,3,0,9)
r(11,39,0,9)
r(114,0,0,9)
r(75,32,0,9)
r(33,0,0,9)
r(12,35,0,9)
r(113,50,0,9)
r(119,0,0,9)
w(55,2,0,9)
r(109,0,0,9)
r(25,38,0,9)
w(43,2,0,10)
r(95,3,0,10)
r(66,1,0,10)
w(73,2,0,10)
r(13,55,0,10)
w(17,2,0,10)
w(60,2,0,10)
w(32,2,0,10)
w(1,3,0,10)
w(74,2,0,10)
r(87,2,0,10)
w(83,1,0,10)
r(56,37,0,10)
w(75,1,0,10)
r(85,46,0,10)
w(55,3,0,10)
w(109,1,0,10)
w(85,1,0,10)
r(119,0,0,10)
r(12,35,0,10)
w(66,2,0,11)
r(110,44,0,11)
w(44,1,0,11)
w(36,3,0,11)
w(105,2,0,11)
r(84,1,0,11)
w(36,4,0,11)
w(76,1,0,11)
w(100,2,0,11)
w(105,3,0,11)
w(67,3,0,11)
w(84,2,0,11)
r(71,2,0,11)
r(73,2,0,11)
r(32,2,0,11)
r(96,2,0,11)
w(119,1,0,11)
w(105,4,0,11)
w(116,1,0,11)
w(67,4,0,11)
r(115,36,0,12)
w(110,1,0,12)
w(45,1,0,12)
w(8,3,0,12)
r(96,2,0,12)
r(7,45,0,12)
r(95,34,0,12)
r(41,0,0,12)
r(99,28,0,12)
w(30,2,0,12)
r(99,28,0,12)
w(30,3,0,12)
r(75,1,0,12)
w(91,2,0,12)
r(19,0,0,12)
r(104,45,0,12)
w(96,3,0,12)
r(110,1,0,12)
w(42,3,0,12)
r(97,1,0,12)
w(101,1,0,13)
r(9,56,0,13)
w(41,1,0,13)
r(24,38,0,13)
r(14,0,0,13)
w(15,1,0,13)
w(85,2,0,13)
w(65,2,0,13)
w(83,2,0,13)
r(23,35,0,13)
w(107,2,0,13)
r(12,35,0,13)
w(90,2,0,13)
r(13,55,0,13)
w(119,2,0,13)
r(110,1,0,13)
r(70,37,0,13)
w(18,1,0,13)
r(114,0,0,13)
r(98,41,0,13)
r(68,32,0,14)
w(107,3,0,14)
w(89,2,0,14)
r(61,38,0,14)
r(115,36,0,14)
w(0,1,0,14)
w(20,1,0,14)
w(61,2,0,14)
r(15,1,0,14)
w(97,2,0,14)
w(79,2,0,14)
r(98,41,0,14)
r(45,1,0,14)
w(28,1,0,14)
r(10,2,0,14)
r(7,45,0,14)
r(96,3,0,14)
r(118,2,0,14)
w(114,1,0,14)
w(114,2,0,14)
r(85,2,0,15)
w(29,3,0,15)
r(51,1,0,15)
w(78,1,0,15)
w(83,3,0,15)
r(38,54,0,15)
r(54,50,0,15)
r(13,55,0,15)
w(46,3,0,15)
r(102,44,0,15)
r(1,3,0,15)
r(8,3,0,15)
r(55,3,0,15)
w(113,1,0,15)
r(22,0,0,15)
w(5,3,0,15)
w(111,3,0,15)
w(17,3,0,15)
w(103,1,0,15)
w(115,1,0,15)
w(11,1,0,16)
r(16,46,0,16)
w(11,2,0,16)
w(55,4,0,16)
w(19,1,0,16)
r(35,52,0,16)
r(97,2,0,16)
w(51,2,0,16)
w(70,1,0,16)
w(118,3,0,16)
r(4,1,0,16)
r(29,3,0,16)
w(46,4,0,16)
w(53,3,0,16)
w(96,4,0,16)
w(1,4,0,16)
r(65,34,0,16)
r(93,43,0,16)
r(49,48,0,16)
r(61,2,0,16)
r(46,4,0,17)
r(85,2,0,17)
w(35,1,0,17)
r(97,2,0,17)
w(11,3,0,17)
w(119,3,0,17)
r(29,3,0,17)
r(89,2,0,17)
r(89,2,0,17)
r(85,2,0,17)
r(97,2,0,17)
r(6,2,0,17)
r(9,56,0,17)
r(105,45,0,17)
w(83,4,0,17)
w(112,2,0,17)
w(74,3,0,17)
w(59,4,0,17)
r(50,40,0,17)
w(25,1,0,17)
r(106,46,0,18)
r(41,42,0,18)
r(40,2,0,18)
r(99,29,0,18)
r(92,44,0,18)
w(43,3,0,18)
r(35,1,0,18)
r(96,4,0,18)
r(39,43,0,18)
r(89,2,0,18)
w(98,1,0,18)
r(94,0,0,18)
w(106,2,0,18)
w(41,2,0,18)
w(19,2,0,18)
w(29,4,0,18)
w(39,2,0,18)
r(6,41,0,18)
w(0,2,0,18)
w(106,3,0,18)
r(61,2,0,19)
w(93,1,0,19)
r(9,56,0,19)
r(104,45,0,19)
r(21,50,0,19)
r(42,3,0,19)
w(45,2,0,19)
w(38,2,0,19)
w(110,2,0,19)
r(11,3,0,19)
r(93,1,0,19)
r(69,2,0,19)
r(101,1,0,19)
w(5,4,0,19)
r(70,1,0,19)
r(1,4,0,19)
w(40,3,0,19)
r(10,2,0,19)
r(85,2,0,19)
w(58,1,0,19)
w(52,2,0,20)
w(106,4,0,20)
w(108,1,0,20)
r(109,31,0,20)
w(78,2,0,20)
r(85,2,0,20)
w(117,2,0,20)
w(87,3,0,20)
r(22,0,0,20)
w(77,2,0,20)
r(37,47,0,20)
r(31,49,0,20)
w(0,3,0,20)
r(11,3,0,20)
w(32,3,0,20)
r(72,1,0,20)
r(51,44,0,20)
w(99,1,0,20)
r(71,44,0,20)
r(82,1,0,20)
w(115,2,0,21)
r(73,43,0,21)
r(0,3,0,21)
r(24,39,0,21)
w(100,3,0,21)
w(44,2,0,21)
w(109,2,0,21)
r(34,1,0,21)
w(77,3,0,21)
w(54,2,0,21)
r(11,3,0,21)
r(49,48,0,21)
w(2,1,0,21)
r(79,51,0,21)
r(16,46,0,21)
w(41,3,0,21)
w(20,2,0,21)
r(64,51,0,21)
r(23,35,0,21)
r(41,3,0,21)
r(7,46,0,22)
r(45,45,0,22)
r(106,4,0,22)
w(78,3,0,22)
w(102,3,0,22)
w(78,4,0,22)
w(34,2,0,22)
r(34,2,0,22)
w(9,1,0,22)
r(53,3,0,22)
r(38,2,0,22)
w(55,5,0,22)
w(101,2,0,22)
r(28,38,0,22)
w(88,1,0,22)
r(77,3,0,22)
r(35,1,0,22)
w(114,3,0,22)
r(70,1,0,22)
r(56,38,0,22)
r(5,4,0,23)
r(106,4,0,23)
r(114,3,0,23)
w(106,5,0,23)
r(78,4,0,23)
w(21,3,0,23)
r(50,40,0,23)
w(5,5,0,23)
r(55,5,0,23)
w(87,4,0,23)
r(83,4,0,23)
w(9,2,0,23)
w(90,3,0,23)
w(9,3,0,23)
r(31,49,0,23)
r(2,1,0,23)
w(70,2,0,23)
r(84,2,0,23)
w(63,1,0,23)
w(22,1,0,23)
w(77,4,0,24)
r(22,1,0,24)
w(0,4,0,24)
w(15,2,0,24)
r(78,4,0,24)
w(102,4,0,24)
w(94,1,0,24)
r(111,3,0,24)
r(57,51,0,24)
r(4,50,0,24)
w(98,2,0,24)
r(35,1,0,24)
w(54,3,0,24)
r(66,2,0,24)
r(11,41,0,24)
r(42,3,0,24)
r(24,39,0,24)
r(98,2,0,24)
r(69,2,0,24)
w(35,2,0,24)
r(98,2,0,25)
r(30,48,0,25)
r(11,41,0,25)
r(118,3,0,25)
r(70,2,0,25)
w(50,2,0,25)
r(107,3,0,25)
r(89,2,0,25)
w(112,3,0,25)
r(16,46,0,25)
w(55,6,0,25)
r(35,2,0,25)
w(56,1,0,25)
r(34,39,0,25)
w(36,5,0,25)
w(9,4,0,25)
r(87,4,0,25)
r(75,33,0,25)
w(45,3,0,25)
r(15,2,0,25)
w(0,5,0,26)
w(112,4,0,26)
w(8,4,0,26)
r(78,65,0,26)
r(1,4,0,26)
r(83,4,0,26)
r(20,2,0,26)
r(110,46,0,26)
w(12,1,0,26)
w(67,5,0,26)
w(86,2,0,26)
w(112,5,0,26)
r(9,4,0,26)
w(109,3,0,26)
r(69,2,0,26)
w(88,2,0,26)
r(110,46,0,26)
r(43,3,0,26)
r(20,2,0,26)
r(21,51,0,26)
w(80,2,0,27)
w(119,4,0,27)
w(89,3,0,27)
r(109,3,0,27)
r(105,46,0,27)
w(96,5,0,27)
w(7,5,0,27)
w(15,3,0,27)
r(102,45,0,27)
r(78,66,0,27)
r(71,44,0,27)
r(44,44,0,27)
r(2,1,0,27)
r(54,3,0,27)
r(97,2,0,27)
r(113,53,0,27)
r(87,4,0,27)
w(84,3,0,27)
r(44,44,0,27)
r(111,3,0,27)
r(42,51,0,28)
w(112,6,0,28)
r(36,5,0,28)
w(66,3,0,28)
r(70,38,0,28)
r(13,56,0,28)
r(87,4,0,28)
w(82,2,0,28)
w(24,1,0,28)
r(18,48,0,28)
r(68,32,0,28)
r(47,46,0,28)
w(107,4,0,28)
w(118,4,0,28)
w(65,3,0,28)
r(7,5,0,28)
r(51,44,0,28)
r(38,2,0,28)
w(97,3,0,28)
w(91,3,0,28)
r(110,46,0,29)
r(42,51,0,29)
r(63,54,0,29)
w(32,4,0,29)
w(2,2,0,29)
w(66,4,0,29)
r(66,4,0,29)
w(119,5,0,29)
r(119,5,0,29)
r(59,4,0,29)
r(18,48,0,29)
r(89,3,0,29)
w(2,3,0,29)
w(104,2,0,29)
r(96,5,0,29)
w(51,3,0,29)
r(77,4,0,29)
w(71,3,0,29)
r(102,45,0,29)
r(99,30,0,29)
w(10,3,0,30)
r(23,37,0,30)
r(42,51,0,30)
w(94,2,0,30)
r(54,3,0,30)
r(12,36,0,30)
w(70,3,0,30)
w(58,2,0,30)
r(37,48,0,30)
r(23,37,0,30)
w(116,2,0,30)
w(24,2,0,30)
r(82,41,0,30)
w(30,4,0,30)
w(34,3,0,30)
w(17,4,0,30)
r(81,46,0,30)
r(20,43,0,30)
w(38,3,0,30)
w(77,5,0,30)
r(112,6,0,31)
r(117,49,0,31)
r(6,42,0,31)
w(90,4,0,31)
r(62,40,0,31)
w(30,5,0,31)
r(7,5,0,31)
w(72,2,0,31)
w(57,2,0,31)
w(51,4,0,31)
w(54,4,0,31)
r(119,5,0,31)
w(52,3,0,31)
w(98,3,0,31)
r(14,0,0,31)
r(77,40,0,31)
w(60,3,0,31)
r(76,1,0,31)
r(28,38,0,31)
w(115,3,0,31)
w(8,5,0,32)
w(97,4,0,32)
r(50,2,0,32)
w(64,1,0,32)
r(19,45,0,32)
r(0,5,0,32)
w(88,3,0,32)
r(65,3,0,32)
w(23,2,0,32)
w(21,4,0,32)
r(115,3,0,32)
w(97,5,0,32)
w(79,3,0,32)
w(41,4,0,32)
w(86,3,0,32)
r(95,35,0,32)
w(13,2,0,32)
r(63,54,0,32)
w(72,3,0,32)
r(111,53,0,32)
r(44,45,0,33)
r(28,38,0,33)
w(68,2,0,33)
w(84,4,0,33)
w(22,2,0,33)
w(66,5,0,33)
w(64,2,0,33)
w(106,6,0,33)
r(103,58,0,33)
w(100,4,0,33)
w(58,3,0,33)
w(3,2,0,33)
w(69,3,0,33)
r(45,3,0,33)
r(91,3,0,33)
w(38,4,0,33)
w(84,5,0,33)
w(9,5,0,33)
r(5,55,0,33)
w(24,3,0,33)
r(3,2,0,34)
w(110,3,0,34)
w(1,5,0,34)
w(92,1,0,34)
r(60,3,0,34)
r(103,58,0,34)
w(41,5,0,34)
w(57,3,0,34)
r(8,5,0,34)
r(109,3,0,34)
w(1,6,0,34)
r(37,49,0,34)
w(72,4,0,34)
w(11,4,0,34)
r(51,4,0,34)
w(39,3,0,34)
w(84,6,0,34)
w(75,2,0,34)
r(88,41,0,34)
r(93,1,0,34)
r(68,2,0,35)
r(118,4,0,35)
r(63,54,0,35)
r(0,5,0,35)
w(107,5,0,35)
r(38,4,0,35)
w(96,6,0,35)
w(25,2,0,35)
w(29,5,0,35)
w(47,3,0,35)
w(88,4,0,35)
w(51,5,0,35)
w(15,4,0,35)
w(9,6,0,35)
w(91,4,0,35)
w(98,4,0,35)
w(3,3,0,35)
w(93,2,0,35)
r(83,4,0,35)
r(109,3,0,35)
r(65,38,0,36)
r(47,3,0,36)
r(43,41,0,36)
r(110,3,0,36)
w(76,2,0,36)
w(2,4,0,36)
w(27,2,0,36)
w(78,5,0,36)
r(45,3,0,36)
w(93,3,0,36)
w(48,2,0,36)
w(90,5,0,36)
w(60,4,0,36)
w(42,4,0,36)
w(2,5,0,36)
r(20,43,0,36)
r(71,3,0,36)
r(2,5,0,36)
w(9,7,0,36)
r(42,4,0,36)
r(78,5,0,37)
w(31,3,0,37)
r(11,4,0,37)
r(79,54,0,37)
r(10,48,0,37)
r(116,2,0,37)
r(34,3,0,37)
r(32,4,0,37)
w(50,3,0,37)
w(15,5,0,37)
w(111,4,0,37)
r(61,40,0,37)
w(55,7,0,37)
w(119,6,0,37)
w(83,5,0,37)
r(51,45,0,37)
w(103,2,0,37)
w(111,5,0,37)
r(66,41,0,37)
r(119,6,0,37)
w(64,3,0,38)
r(71,3,0,38)
w(35,3,0,38)
r(92,1,0,38)
r(75,2,0,38)
w(36,6,0,38)
r(116,2,0,38)
w(46,5,0,38)
r(94,2,0,38)
r(28,38,0,38)
r(2,43,0,38)
r(65,39,0,38)
r(24,3,0,38)
r(84,6,0,38)
w(14,1,0,38)
w(62,1,0,38)
w(95,4,0,38)
r(5,55,0,38)
r(21,4,0,38)
r(116,2,0,38)
r(96,49,0,39)
r(78,5,0,39)
w(104,3,0,39)
w(79,4,0,39)
w(13,3,0,39)
r(40,47,0,39)
w(28,2,0,39)
w(86,4,0,39)
w(84,7,0,39)
w(23,3,0,39)
w(13,4,0,39)
w(49,1,0,39)
w(76,3,0,39)
w(12,2,0,39)
r(13,4,0,39)
w(109,4,0,39)
w(66,6,0,39)
r(93,3,0,39)
w(37,4,0,39)
w(97,6,0,39)
r(6,43,0,40)
r(30,49,0,40)
w(64,4,0,40)
r(60,4,0,40)
w(35,4,0,40)
r(78,5,0,40)
w(3,4,0,40)
r(32,4,0,40)
r(108,33,0,40)
r(45,3,0,40)
w(82,3,0,40)
w(45,4,0,40)
r(119,49,0,40)
r(21,4,0,40)
w(76,4,0,40)
w(8,6,0,40)
r(9,7,0,40)
w(119,7,0,40)
w(102,5,0,40)
r(102,5,0,40)
r(113,54,0,41)
w(8,7,0,41)
w(34,4,0,41)
w(45,5,0,41)
w(54,5,0,41)
r(102,5,0,41)
w(45,6,0,41)
r(44,45,0,41)
r(83,5,0,41)
r(35,4,0,41)
w(15,6,0,41)
r(6,43,0,41)
r(104,3,0,41)
w(50,4,0,41)
r(38,57,0,41)
r(44,45,0,41)
r(10,48,0,41)
w(67,6,0,41)
w(90,6,0,41)
r(61,40,0,41)
w(116,3,0,42)
r(100,46,0,42)
w(7,6,0,42)
w(69,4,0,42)
r(19,45,0,42)
w(107,6,0,42)
w(115,4,0,42)
w(54,6,0,42)
r(30,50,0,42)
r(105,48,0,42)
r(19,45,0,42)
w(4,2,0,42)
w(65,4,0,42)
r(116,3,0,42)
r(31,51,0,42)
r(5,56,0,42)
w(21,5,0,42)
w(53,4,0,42)
r(38,57,0,42)
w(88,5,0,42)
r(76,4,0,43)
r(108,33,0,43)
r(9,57,0,43)
r(94,2,0,43)
w(41,6,0,43)
r(46,5,0,43)
w(100,5,0,43)
r(10,49,0,43)
w(116,4,0,43)
r(27,2,0,43)
r(1,44,0,43)
w(118,5,0,43)
r(103,61,0,43)
w(31,4,0,43)
w(55,8,0,43)
r(64,4,0,43)
r(88,5,0,43)
r(5,56,0,43)
w(7,7,0,43)
r(27,2,0,43)
w(115,5,0,44)
r(62,1,0,44)
w(23,4,0,44)
w(42,5,0,44)
r(90,6,0,44)
r(82,3,0,44)
w(3,5,0,44)
w(95,5,0,44)
r(93,44,0,44)
r(88,5,0,44)
r(118,5,0,44)
r(54,54,0,44)
r(25,42,0,44)
w(52,4,0,44)
w(36,7,0,44)
w(72,5,0,44)
r(14,37,0,44)
w(104,4,0,44)
w(22,3,0,44)
r(110,3,0,44)
w(31,5,0,45)
w(94,3,0,45)
w(115,6,0,45)
r(10,50,0,45)
r(66,42,0,45)
w(119,8,0,45)
r(100,48,0,45)
w(25,3,0,45)
r(76,4,0,45)
r(21,5,0,45)
r(20,45,0,45)
w(82,4,0,45)
r(31,5,0,45)
w(50,5,0,45)
r(85,50,0,45)
w(108,2,0,45)
w(109,5,0,45)
w(97,7,0,45)
r(28,39,0,45)
r(43,43,0,45)
w(119,9,0,46)
w(56,2,0,46)
w(80,3,0,46)
w(71,4,0,46)
r(61,43,0,46)
w(101,3,0,46)
w(82,5,0,46)
r(111,5,0,46)
r(46,5,0,46)
r(57,52,0,46)
r(111,5,0,46)
w(33,1,0,46)
r(79,56,0,46)
w(98,5,0,46)
w(12,3,0,46)
r(93,44,0,46)
w(20,3,0,46)
w(9,8,0,46)
w(36,8,0,46)
w(13,5,0,46)
r(26,42,0,47)
w(5,6,0,47)
w(114,4,0,47)
w(89,4,0,47)
w(13,6,0,47)
w(30,6,0,47)
r(112,6,0,47)
r(59,37,0,47)
w(37,5,0,47)
w(35,5,0,47)
w(73,3,0,47)
r(117,50,0,47)
r(106,51,0,47)
w(7,8,0,47)
w(56,3,0,47)
r(23,4,0,47)
w(30,7,0,47)
w(80,4,0,47)
w(101,4,0,47)
w(70,4,0,47)
w(42,6,0,48)
w(119,10,0,48)
r(91,4,0,48)
r(108,2,0,48)
r(113,54,0,48)
w(6,3,0,48)
r(51,47,0,48)
r(72,5,0,48)
r(47,47,0,48)
r(56,3,0,48)
r(21,5,0,48)
w(52,5,0,48)
w(40,4,0,48)
w(119,11,0,48)
r(25,3,0,48)
w(35,6,0,48)
w(95,6,0,48)
r(41,45,0,48)
r(53,48,0,48)
r(0,5,0,48)
w(38,5,0,49)
w(103,3,0,49)
r(70,4,0,49)
w(91,5,0,49)
r(87,4,0,49)
r(98,5,0,49)
w(77,6,0,49)
r(98,5,0,49)
w(10,4,0,49)
r(16,47,0,49)
r(87,4,0,49)
r(50,5,0,49)
r(23,4,0,49)
w(91,6,0,49)
w(114,5,0,49)
w(83,6,0,49)
r(109,5,0,49)
r(3,5,0,49)
w(117,3,0,49)
w(97,8,0,49)
r(11,0,1,50)
r(74,0,1,50)
r(0,0,1,50)
r(56,0,1,50)
w(113,48,1,50)
r(47,0,1,50)
w(51,43,1,50)
r(94,0,1,50)
w(39,38,1,50)
r(69,1,1,50)
w(35,51,1,50)
w(54,49,1,50)
r(94,0,1,50)
w(93,43,1,50)
w(55,46,1,50)
r(80,0,1,50)
r(67,0,1,50)
r(107,0,1,50)
w(50,38,1,50)
r(78,0,1,50)
w(67,51,1,51)
r(80,0,1,51)
r(92,0,1,51)
w(78,62,1,51)
w(43,38,1,51)
r(40,0,1,51)
w(16,45,1,51)
r(57,0,1,51)
w(83,49,1,51)
r(20,0,1,51)
r(70,0,1,51)
w(91,41,1,51)
w(86,34,1,51)
r(99,0,1,51)
r(91,41,1,51)
w(3,31,1,51)
r(101,0,1,51)
r(92,0,1,51)
r(6,0,1,51)
r(55,46,1,51)
w(10,45,1,52)
w(3,32,1,52)
r(15,0,1,52)
w(9,53,1,52)
r(17,1,1,52)
w(85,46,1,52)
r(34,0,1,52)
r(89,1,1,52)
w(23,34,1,52)
w(39,39,1,52)
w(13,54,1,52)
r(21,0,1,52)
w(3,33,1,52)
r(24,0,1,52)
r(9,53,1,52)
w(11,39,1,52)
w(56,36,1,52)
w(111,49,1,52)
r(86,34,1,52)
w(52,43,1,52)
r(13,54,1,53)
r(92,0,1,53)
w(39,40,1,53)
w(56,37,1,53)
w(99,28,1,53)
w(9,54,1,53)
r(23,1,1,53)
r(30,1,1,53)
r(26,0,1,53)
r(6,1,1,53)
w(44,41,1,53)
r(12,0,1,53)
r(74,0,1,53)
w(55,47,1,53)
w(91,42,1,53)
w(105,44,1,53)
r(62,0,1,53)
r(37,2,1,53)
r(28,0,1,53)
w(110,43,1,53)
r(84,1,1,54)
w(13,55,1,54)
r(102,1,1,54)
r(76,0,1,54)
r(107,0,1,54)
r(5,1,1,54)
w(46,55,1,54)
r(92,0,1,54)
w(116,43,1,54)
w(92,43,1,54)
w(17,35,1,54)
w(83,50,1,54)
r(60,1,1,54)
w(111,50,1,54)
w(100,41,1,54)
w(27,38,1,54)
r(107,0,1,54)
r(115,0,1,54)
r(51,43,1,54)
r(47,2,1,54)
w(70,37,1,55)
w(64,51,1,55)
w(107,53,1,55)
w(78,63,1,55)
r(92,43,1,55)
w(44,42,1,55)
r(55,47,1,55)
r(91,42,1,55)
r(49,0,1,55)
w(29,42,1,55)
r(23,1,1,55)
r(10,45,1,55)
w(12,35,1,55)
w(69,37,1,55)
r(28,0,1,55)
r(64,51,1,55)
w(75,32,1,55)
w(21,49,1,55)
w(6,40,1,55)
r(47,2,1,55)
w(67,52,1,56)
r(53,2,1,56)
w(78,64,1,56)
w(45,44,1,56)
r(1,2,1,56)
w(115,35,1,56)
w(37,45,1,56)
w(9,55,1,56)
r(117,1,1,56)
r(104,1,1,56)
w(82,39,1,56)
w(71,43,1,56)
r(93,43,1,56)
w(111,51,1,56)
w(110,44,1,56)
w(55,48,1,56)
r(25,0,1,56)
r(100,41,1,56)
w(59,35,1,56)
w(32,58,1,56)
r(60,1,1,57)
r(49,0,1,57)
r(46,55,1,57)
w(113,49,1,57)
w(46,56,1,57)
r(67,52,1,57)
w(25,38,1,57)
w(63,52,1,57)
r(58,0,1,57)
w(116,44,1,57)
r(70,37,1,57)
w(18,47,1,57)
r(70,37,1,57)
r(63,52,1,57)
r(114,0,1,57)
r(56,37,1,57)
w(69,38,1,57)
r(14,0,1,57)
w(89,45,1,57)
w(77,38,1,57)
w(23,35,1,58)
w(27,39,1,58)
r(46,2,1,58)
r(91,42,1,58)
r(85,46,1,58)
r(63,52,1,58)
w(47,43,1,58)
r(67,52,1,58)
r(118,2,1,58)
r(18,47,1,58)
r(23,35,1,58)
r(113,49,1,58)
r(50,1,1,58)
w(88,39,1,58)
w(37,46,1,58)
w(113,50,1,58)
r(51,43,1,58)
w(69,39,1,58)
r(43,1,1,58)
w(39,41,1,58)
r(33,0,1,59)
r(112,1,1,59)
r(31,2,1,59)
w(2,39,1,59)
w(27,40,1,59)
w(61,38,1,59)
r(15,0,1,59)
r(29,2,1,59)
r(13,55,1,59)
w(0,44,1,59)
w(9,56,1,59)
r(87,2,1,59)
r(103,0,1,59)
w(15,47,1,59)
r(97,1,1,59)
w(0,45,1,59)
r(51,1,1,59)
r(52,43,1,59)
w(77,39,1,59)
r(115,35,1,59)
r(56,37,1,60)
w(37,47,1,60)
w(115,36,1,60)
r(91,42,1,60)
w(11,40,1,60)
w(62,39,1,60)
r(19,0,1,60)
w(87,41,1,60)
r(47,43,1,60)
w(80,43,1,60)
w(56,38,1,60)
w(49,47,1,60)
w(63,53,1,60)
w(107,54,1,60)
w(68,31,1,60)
r(45,44,1,60)
r(76,0,1,60)
w(68,32,1,60)
w(102,43,1,60)
r(75,1,1,60)
w(101,40,1,61)
w(98,41,1,61)
r(75,1,1,61)
w(38,54,1,61)
w(29,43,1,61)
r(90,1,1,61)
r(70,37,1,61)
w(106,45,1,61)
r(104,1,1,61)
r(15,47,1,61)
r(54,1,1,61)
r(84,2,1,61)
w(104,45,1,61)
r(104,45,1,61)
r(18,47,1,61)
w(7,44,1,61)
w(50,39,1,61)
r(13,55,1,61)
r(92,43,1,61)
r(27,40,1,61)
w(71,44,1,62)
r(12,35,1,62)
r(18,47,1,62)
w(91,43,1,62)
r(1,3,1,62)
w(46,57,1,62)
r(52,43,1,62)
w(95,34,1,62)
w(86,35,1,62)
r(89,45,1,62)
w(83,51,1,62)
w(100,42,1,62)
w(3,34,1,62)
w(60,46,1,62)
r(71,44,1,62)
w(106,46,1,62)
r(54,1,1,62)
w(16,46,1,62)
w(0,46,1,62)
w(8,43,1,62)
w(91,44,1,63)
r(99,28,1,63)
w(43,39,1,63)
r(38,54,1,63)
r(119,1,1,63)
w(83,52,1,63)
w(7,45,1,63)
w(54,50,1,63)
r(39,41,1,63)
w(87,42,1,63)
w(50,40,1,63)
w(109,31,1,63)
r(92,43,1,63)
w(35,52,1,63)
r(62,39,1,63)
w(29,44,1,63)
w(57,51,1,63)
w(24,38,1,63)
w(85,47,1,63)
w(29,45,1,63)
w(0,47,1,64)
r(25,38,1,64)
w(17,36,1,64)
w(79,50,1,64)
r(51,1,1,64)
w(21,50,1,64)
r(56,38,1,64)
w(81,44,1,64)
w(30,48,1,64)
r(62,39,1,64)
w(74,40,1,64)
r(86,35,1,64)
r(42,3,1,64)
r(61,38,1,64)
r(6,2,1,64)
r(15,47,1,64)
w(113,51,1,64)
w(29,46,1,64)
r(73,2,1,64)
w(102,44,1,64)
w(43,40,1,65)
w(119,47,1,65)
r(117,1,1,65)
w(31,49,1,65)
r(83,3,1,65)
w(79,51,1,65)
r(83,3,1,65)
w(36,45,1,65)
w(65,34,1,65)
r(38,54,1,65)
r(51,1,1,65)
r(52,43,1,65)
w(49,48,1,65)
w(99,29,1,65)
w(38,55,1,65)
w(18,48,1,65)
r(57,51,1,65)
w(67,53,1,65)
w(20,40,1,65)
w(13,56,1,65)
w(36,46,1,66)
r(49,48,1,66)
r(52,43,1,66)
r(117,1,1,66)
w(24,39,1,66)
r(29,3,1,66)
w(41,40,1,66)
w(36,47,1,66)
r(73,2,1,66)
w(39,42,1,66)
w(51,44,1,66)
r(24,39,1,66)
r(7,45,1,66)
r(100,42,1,66)
w(59,36,1,66)
w(116,45,1,66)
w(105,45,1,66)
w(75,33,1,66)
w(58,31,1,66)
w(39,43,1,66)
r(115,1,1,67)
w(113,52,1,67)
w(44,43,1,67)
r(10,2,1,67)
r(76,1,1,67)
r(8,3,1,67)
r(38,55,1,67)
r(86,35,1,67)
w(41,41,1,67)
w(41,42,1,67)
r(15,1,1,67)
r(34,1,1,67)
w(100,43,1,67)
r(40,2,1,67)
w(28,36,1,67)
r(7,45,1,67)
w(28,37,1,67)
r(71,44,1,67)
w(62,40,1,67)
w(38,56,1,67)
r(85,2,1,68)
r(113,52,1,68)
r(59,4,1,68)
w(92,44,1,68)
r(33,0,1,68)
r(12,35,1,68)
w(7,46,1,68)
r(68,32,1,68)
r(19,1,1,68)
w(103,57,1,68)
r(100,43,1,68)
r(12,35,1,68)
w(105,46,1,68)
w(6,41,1,68)
w(48,36,1,68)
w(4,49,1,68)
w(73,43,1,68)
w(88,40,1,68)
r(50,40,1,68)
r(63,53,1,68)
w(55,49,1,69)
w(2,40,1,69)
w(28,38,1,69)
r(22,0,1,69)
w(94,35,1,69)
r(31,49,1,69)
r(43,3,1,69)
r(94,35,1,69)
w(108,30,1,69)
w(48,37,1,69)
r(25,1,1,69)
w(33,38,1,69)
w(26,39,1,69)
r(32,2,1,69)
w(6,42,1,69)
r(70,1,1,69)
w(26,40,1,69)
r(96,4,1,69)
r(88,40,1,69)
r(86,35,1,69)
w(47,44,1,70)
r(27,40,1,70)
r(77,3,1,70)
w(110,45,1,70)
r(9,56,1,70)
r(51,44,1,70)
r(63,53,1,70)
r(108,1,1,70)
r(104,45,1,70)
w(65,35,1,70)
r(82,1,1,70)
w(96,47,1,70)
r(68,32,1,70)
r(52,2,1,70)
w(45,45,1,70)
r(106,4,1,70)
w(87,43,1,70)
r(89,2,1,70)
r(82,1,1,70)
r(41,3,1,70)
w(54,51,1,71)
r(66,2,1,71)
w(72,51,1,71)
w(4,50,1,71)
w(46,58,1,71)
w(37,48,1,71)
w(98,42,1,71)
r(41,3,1,71)
r(110,45,1,71)
r(104,45,1,71)
r(110,45,1,71)
r(82,1,1,71)
r(83,4,1,71)
w(92,45,1,71)
w(94,36,1,71)
r(109,2,1,71)
r(37,48,1,71)
r(114,2,1,71)
w(117,47,1,71)
r(25,1,1,71)
r(94,36,1,72)
r(47,44,1,72)
w(96,48,1,72)
w(11,41,1,72)
w(73,44,1,72)
r(61,2,1,72)
r(77,3,1,72)
w(33,39,1,72)
r(11,41,1,72)
r(111,3,1,72)
r(71,44,1,72)
w(39,44,1,72)
r(100,3,1,72)
r(64,51,1,72)
w(34,39,1,72)
w(40,46,1,72)
w(65,36,1,72)
r(89,2,1,72)
r(102,3,1,72)
w(108,31,1,72)
w(4,51,1,73)
w(73,45,1,73)
w(47,45,1,73)
w(66,38,1,73)
w(48,38,1,73)
r(92,45,1,73)
w(78,65,1,73)
w(101,41,1,73)
w(60,47,1,73)
r(52,2,1,73)
w(64,52,1,73)
r(111,3,1,73)
r(109,2,1,73)
r(14,0,1,73)
r(69,2,1,73)
w(24,40,1,73)
r(94,1,1,73)
w(25,39,1,73)
r(12,35,1,73)
w(11,42,1,73)
r(82,1,1,74)
w(90,47,1,74)
r(31,49,1,74)
r(17,3,1,74)
r(89,2,1,74)
w(107,55,1,74)
w(44,44,1,74)
w(15,48,1,74)
w(21,51,1,74)
w(61,39,1,74)
w(25,40,1,74)
w(67,54,1,74)
r(62,40,1,74)
w(19,44,1,74)
w(103,58,1,74)
w(117,48,1,74)
r(93,1,1,74)
w(63,54,1,74)
w(104,46,1,74)
r(67,54,1,74)
r(42,3,1,75)
r(85,2,1,75)
w(42,51,1,75)
r(89,2,1,75)
w(109,32,1,75)
r(98,2,1,75)
w(81,45,1,75)
r(96,48,1,75)
w(110,46,1,75)
r(87,4,1,75)
r(41,3,1,75)
r(29,4,1,75)
r(69,2,1,75)
r(29,4,1,75)
w(41,43,1,75)
w(106,47,1,75)
r(55,6,1,75)
w(35,53,1,75)
w(25,41,1,75)
r(71,44,1,75)
r(75,33,1,76)
w(70,38,1,76)
w(115,37,1,76)
w(53,43,1,76)
w(119,48,1,76)
r(104,46,1,76)
r(92,45,1,76)
r(66,38,1,76)
w(66,39,1,76)
r(102,4,1,76)
r(84,2,1,76)
w(113,53,1,76)
w(81,46,1,76)
w(75,34,1,76)
w(74,41,1,76)
r(86,35,1,76)
w(17,37,1,76)
w(101,42,1,76)
r(23,35,1,76)
r(91,2,1,76)
r(51,44,1,77)
r(15,48,1,77)
w(65,37,1,77)
r(22,1,1,77)
w(58,32,1,77)
r(19,44,1,77)
w(47,46,1,77)
w(104,47,1,77)
r(100,3,1,77)
r(25,41,1,77)
w(102,45,1,77)
r(80,43,1,77)
r(41,43,1,77)
r(92,45,1,77)
r(91,2,1,77)
r(0,5,1,77)
r(82,1,1,77)
w(95,35,1,77)
w(82,40,1,77)
w(78,66,1,77)
w(26,41,1,78)
w(2,41,1,78)
w(118,51,1,78)
w(10,46,1,78)
w(113,54,1,78)
r(116,45,1,78)
r(29,4,1,78)
r(88,2,1,78)
w(23,36,1,78)
w(85,48,1,78)
r(92,45,1,78)
w(85,49,1,78)
w(74,42,1,78)
w(4,52,1,78)
w(23,37,1,78)
w(12,36,1,78)
w(5,54,1,78)
w(48,39,1,78)
w(92,46,1,78)
w(79,52,1,78)
w(20,41,1,79)
w(20,42,1,79)
r(1,4,1,79)
w(117,49,1,79)
r(92,46,1,79)
w(99,30,1,79)
w(111,52,1,79)
r(55,6,1,79)
w(84,49,1,79)
r(89,3,1,79)
r(90,47,1,79)
r(110,46,1,79)
r(92,46,1,79)
r(78,66,1,79)
r(95,35,1,79)
r(20,42,1,79)
w(82,41,1,79)
w(100,44,1,79)
w(29,47,1,79)
w(105,47,1,79)
w(67,55,1,80)
r(27,40,1,80)
r(24,1,1,80)
r(46,58,1,80)
r(68,32,1,80)
w(20,43,1,80)
r(68,32,1,80)
r(57,51,1,80)
r(25,41,1,80)
w(44,45,1,80)
w(100,45,1,80)
r(111,52,1,80)
w(22,40,1,80)
w(2,42,1,80)
r(88,2,1,80)
r(67,55,1,80)
r(83,4,1,80)
r(118,4,1,80)
w(99,31,1,80)
r(116,45,1,80)
r(28,38,1,81)
w(114,48,1,81)
w(110,47,1,81)
r(76,1,1,81)
r(97,3,1,81)
w(5,55,1,81)
w(46,59,1,81)
w(19,45,1,81)
w(36,48,1,81)
w(61,40,1,81)
w(111,53,1,81)
r(85,49,1,81)
r(62,40,1,81)
w(77,40,1,81)
r(47,46,1,81)
r(27,40,1,81)
w(79,53,1,81)
r(43,3,1,81)
r(47,46,1,81)
w(68,33,1,81)
r(32,4,1,82)
w(48,40,1,82)
r(63,54,1,82)
r(119,5,1,82)
r(15,3,1,82)
w(89,46,1,82)
r(60,3,1,82)
w(53,44,1,82)
w(106,48,1,82)
w(37,49,1,82)
w(16,47,1,82)
r(61,40,1,82)
r(75,34,1,82)
r(101,42,1,82)
r(54,4,1,82)
r(49,48,1,82)
w(88,41,1,82)
r(32,4,1,82)
w(36,49,1,82)
w(13,57,1,82)
r(87,4,1,83)
w(43,41,1,83)
w(22,41,1,83)
w(56,39,1,83)
w(110,48,1,83)
w(79,54,1,83)
w(101,43,1,83)
w(106,49,1,83)
r(77,40,1,83)
w(54,52,1,83)
w(6,43,1,83)
r(33,39,1,83)
w(108,32,1,83)
r(75,34,1,83)
r(80,2,1,83)
r(109,3,1,83)
r(12,36,1,83)
r(101,43,1,83)
r(10,3,1,83)
w(53,45,1,83)
r(50,2,1,84)
r(25,41,1,84)
w(22,42,1,84)
w(88,42,1,84)
w(66,40,1,84)
w(41,44,1,84)
w(78,67,1,84)
r(77,40,1,84)
w(55,50,1,84)
w(91,45,1,84)
w(3,35,1,84)
w(46,60,1,84)
r(88,42,1,84)
r(14,0,1,84)
r(111,53,1,84)
r(93,1,1,84)
r(23,2,1,84)
r(30,5,1,84)
r(11,4,1,84)
w(99,32,1,84)
w(35,54,1,85)
r(77,40,1,85)
r(95,35,1,85)
w(99,33,1,85)
r(99,33,1,85)
r(77,40,1,85)
r(86,3,1,85)
r(0,5,1,85)
w(10,47,1,85)
w(66,41,1,85)
r(106,49,1,85)
w(103,59,1,85)
r(45,3,1,85)
w(40,47,1,85)
r(21,4,1,85)
r(11,4,1,85)
w(96,49,1,85)
w(51,45,1,85)
w(86,36,1,85)
r(2,42,1,85)
w(97,52,1,86)
r(30,5,1,86)
r(29,5,1,86)
r(18,48,1,86)
w(42,52,1,86)
r(7,5,1,86)
r(38,4,1,86)
r(7,5,1,86)
r(86,36,1,86)
r(90,4,1,86)
w(12,37,1,86)
w(23,38,1,86)
w(65,38,1,86)
r(75,2,1,86)
r(16,47,1,86)
w(118,52,1,86)
w(10,48,1,86)
w(12,38,1,86)
r(39,3,1,86)
r(23,38,1,86)
w(54,53,1,87)
w(4,53,1,87)
r(91,4,1,87)
r(28,38,1,87)
r(106,49,1,87)
w(30,49,1,87)
r(27,2,1,87)
r(70,3,1,87)
r(13,57,1,87)
r(108,32,1,87)
r(14,0,1,87)
w(4,54,1,87)
w(86,37,1,87)
w(25,42,1,87)
w(88,43,1,87)
w(83,53,1,87)
w(2,43,1,87)
r(43,41,1,87)
r(27,2,1,87)
w(106,50,1,87)
r(81,46,1,88)
w(106,51,1,88)
w(22,43,1,88)
r(15,5,1,88)
w(102,46,1,88)
w(51,46,1,88)
r(63,54,1,88)
w(65,39,1,88)
w(109,33,1,88)
w(109,34,1,88)
w(67,56,1,88)
w(62,41,1,88)
w(22,44,1,88)
r(26,41,1,88)
w(108,33,1,88)
w(100,46,1,88)
w(1,43,1,88)
r(7,5,1,88)
w(67,57,1,88)
w(31,50,1,88)
w(13,58,1,89)
r(75,2,1,89)
r(11,4,1,89)
w(50,41,1,89)
w(84,50,1,89)
w(88,44,1,89)
r(45,3,1,89)
r(103,2,1,89)
w(74,43,1,89)
r(117,49,1,89)
r(58,3,1,89)
r(25,42,1,89)
r(92,1,1,89)
w(105,48,1,89)
r(68,2,1,89)
w(14,37,1,89)
r(112,6,1,89)
w(103,60,1,89)
r(64,3,1,89)
r(118,52,1,89)
r(26,41,1,90)
w(37,50,1,90)
r(90,5,1,90)
w(103,61,1,90)
w(119,49,1,90)
r(88,44,1,90)
w(72,52,1,90)
r(82,41,1,90)
w(73,46,1,90)
w(31,51,1,90)
r(51,46,1,90)
w(56,40,1,90)
r(84,7,1,90)
w(80,44,1,90)
w(33,40,1,90)
w(88,45,1,90)
r(59,4,1,90)
w(86,38,1,90)
r(32,4,1,90)
w(38,57,1,90)
w(5,56,1,91)
r(4,54,1,91)
r(93,3,1,91)
w(72,53,1,91)
w(79,55,1,91)
r(118,52,1,91)
r(73,46,1,91)
w(51,47,1,91)
w(79,56,1,91)
w(22,45,1,91)
w(1,44,1,91)
r(67,57,1,91)
r(100,46,1,91)
r(7,5,1,91)
r(66,6,1,91)
r(108,33,1,91)
r(83,5,1,91)
w(39,45,1,91)
w(115,38,1,91)
r(46,5,1,91)
w(15,49,1,92)
w(47,47,1,92)
w(30,50,1,92)
w(53,46,1,92)
w(101,44,1,92)
w(9,57,1,92)
r(4,54,1,92)
r(22,45,1,92)
r(29,5,1,92)
w(102,47,1,92)
r(31,51,1,92)
w(10,49,1,92)
r(90,6,1,92)
r(52,3,1,92)
r(60,4,1,92)
r(43,41,1,92)
r(73,46,1,92)
r(118,52,1,92)
w(33,41,1,92)
r(10,49,1,92)
w(7,47,1,93)
w(57,52,1,93)
r(62,1,1,93)
r(113,54,1,93)
w(66,42,1,93)
r(22,45,1,93)
r(91,4,1,93)
r(29,5,1,93)
r(88,5,1,93)
w(28,39,1,93)
w(118,53,1,93)
r(32,4,1,93)
w(48,41,1,93)
w(33,42,1,93)
w(2,44,1,93)
w(56,41,1,93)
r(117,49,1,93)
r(53,4,1,93)
w(85,50,1,93)
w(97,53,1,93)
w(61,41,1,94)
w(69,40,1,94)
r(45,6,1,94)
w(101,45,1,94)
w(100,47,1,94)
w(97,54,1,94)
r(4,2,1,94)
r(113,54,1,94)
w(99,34,1,94)
r(104,3,1,94)
w(22,46,1,94)
w(63,55,1,94)
w(2,45,1,94)
r(9,57,1,94)
r(57,52,1,94)
w(20,44,1,94)
w(109,35,1,94)
r(29,5,1,94)
w(29,48,1,94)
r(103,61,1,94)
w(36,50,1,95)
w(29,49,1,95)
w(50,42,1,95)
r(40,47,1,95)
w(93,44,1,95)
r(117,49,1,95)
r(29,49,1,95)
w(37,51,1,95)
r(26,41,1,95)
r(10,49,1,95)
w(43,42,1,95)
w(61,42,1,95)
w(33,43,1,95)
r(31,4,1,95)
r(69,40,1,95)
r(83,5,1,95)
w(39,46,1,95)
r(99,34,1,95)
r(25,42,1,95)
w(77,41,1,95)
w(104,48,1,96)
w(71,45,1,96)
w(58,33,1,96)
w(59,37,1,96)
r(6,43,1,96)
w(20,45,1,96)
w(2,46,1,96)
r(15,49,1,96)
w(39,47,1,96)
r(69,40,1,96)
w(41,45,1,96)
w(80,45,1,96)
w(84,51,1,96)
r(39,47,1,96)
w(105,49,1,96)
r(105,49,1,96)
r(88,5,1,96)
w(54,54,1,96)
w(30,51,1,96)
w(53,47,1,96)
w(31,52,1,97)
w(53,48,1,97)
w(55,51,1,97)
r(101,45,1,97)
w(56,42,1,97)
w(10,50,1,97)
r(83,5,1,97)
w(89,47,1,97)
r(70,3,1,97)
w(107,56,1,97)
r(108,33,1,97)
r(71,45,1,97)
r(110,3,1,97)
r(98,4,1,97)
r(62,1,1,97)
r(50,42,1,97)
w(61,43,1,97)
r(116,4,1,97)
r(6,43,1,97)
w(26,42,1,97)
w(100,48,1,98)
r(15,49,1,98)
r(80,45,1,98)
r(77,41,1,98)
w(64,53,1,98)
r(14,37,1,98)
w(43,43,1,98)
w(108,34,1,98)
r(7,7,1,98)
w(5,57,1,98)
r(64,53,1,98)
w(78,68,1,98)
r(93,44,1,98)
w(35,55,1,98)
r(33,43,1,98)
r(50,42,1,98)
w(117,50,1,98)
w(67,58,1,98)
r(19,45,1,98)
w(34,40,1,98)
r(85,50,1,99)
w(38,58,1,99)
r(68,2,1,99)
r(2,46,1,99)
r(75,2,1,99)
r(32,4,1,99)
r(101,45,1,99)
r(14,37,1,99)
w(12,39,1,99)
r(74,43,1,99)
r(34,40,1,99)
r(91,4,1,99)
r(7,7,1,99)
r(18,48,1,99)
r(103,61,1,99)
r(80,45,1,99)
r(51,47,1,99)
r(53,48,1,99)
r(46,5,1,99)
w(75,35,1,99)
