r(5,0,0,0)
r(12,0,0,0)
w(28,1,0,0)
w(51,1,0,0)
w(15,1,0,0)
w(12,1,0,0)
r(61,0,0,0)
r(107,0,0,0)
r(106,0,0,0)
r(15,1,0,0)
w(83,1,0,0)
r(78,0,0,0)
r(7,0,0,0)
r(111,0,0,0)
r(96,0,0,0)
r(90,0,0,0)
r(38,0,0,0)
r(39,41,0,0)
r(105,0,0,0)
w(104,1,0,0)
r(51,1,0,1)
r(49,0,0,1)
w(3,1,0,1)
r(8,51,0,1)
r(0,0,0,1)
w(9,1,0,1)
r(90,0,0,1)
r(109,0,0,1)
r(96,0,0,1)
r(87,0,0,1)
r(68,0,0,1)
w(13,1,0,1)
r(85,0,0,1)
w(114,1,0,1)
r(47,0,0,1)
w(41,1,0,1)
w(37,1,0,1)
r(85,0,0,1)
w(26,1,0,1)
w(83,2,0,1)
r(107,0,0,2)
r(32,0,0,2)
w(109,1,0,2)
r(6,0,0,2)
w(98,1,0,2)
r(13,42,0,2)
w(93,1,0,2)
r(56,0,0,2)
w(43,1,0,2)
w(74,1,0,2)
r(23,0,0,2)
r(108,0,0,2)
r(100,0,0,2)
w(19,1,0,2)
r(114,1,0,2)
w(54,1,0,2)
r(115,0,0,2)
w(112,1,0,2)
r(97,39,0,2)
r(12,45,0,2)
w(118,1,0,3)
r(44,0,0,3)
w(58,1,0,3)
r(68,0,0,3)
r(87,0,0,3)
w(102,1,0,3)
w(53,1,0,3)
r(14,45,0,3)
w(100,1,0,3)
r(10,0,0,3)
w(101,1,0,3)
w(22,1,0,3)
r(32,0,0,3)
r(49,0,0,3)
w(38,1,0,3)
w(41,2,0,3)
w(50,1,0,3)
w(54,2,0,3)
w(97,1,0,3)
w(107,1,0,3)
r(89,36,0,4)
r(79,0,0,4)
r(106,47,0,4)
r(112,1,0,4)
w(51,2,0,4)
w(87,1,0,4)
w(20,1,0,4)
r(53,1,0,4)
w(74,2,0,4)
r(103,0,0,4)
w(114,2,0,4)
r(39,43,0,4)
w(16,1,0,4)
r(75,46,0,4)
w(8,1,0,4)
r(18,44,0,4)
w(52,1,0,4)
r(39,43,0,4)
r(56,37,0,4)
w(78,1,0,4)
w(117,1,0,5)
r(76,40,0,5)
w(81,1,0,5)
r(82,39,0,5)
w(56,1,0,5)
w(49,1,0,5)
r(60,46,0,5)
r(7,44,0,5)
r(90,0,0,5)
w(35,1,0,5)
r(96,46,0,5)
w(75,1,0,5)
r(30,0,0,5)
r(106,47,0,5)
w(97,2,0,5)
r(13,42,0,5)
w(34,1,0,5)
w(118,2,0,5)
w(20,2,0,5)
r(108,0,0,5)
w(117,2,0,6)
w(96,1,0,6)
w(75,2,0,6)
w(4,1,0,6)
w(15,2,0,6)
w(8,2,0,6)
r(19,1,0,6)
w(101,2,0,6)
w(26,2,0,6)
r(14,45,0,6)
r(37,43,0,6)
r(9,52,0,6)
w(83,3,0,6)
w(8,3,0,6)
r(30,36,0,6)
r(111,0,0,6)
w(68,1,0,6)
r(11,45,0,6)
r(24,0,0,6)
w(16,2,0,6)
w(75,3,0,7)
r(118,2,0,7)
w(53,2,0,7)
w(104,2,0,7)
w(11,1,0,7)
r(110,35,0,7)
w(19,2,0,7)
w(101,3,0,7)
r(51,2,0,7)
r(1,36,0,7)
r(117,2,0,7)
w(102,2,0,7)
r(40,57,0,7)
r(57,0,0,7)
w(74,3,0,7)
w(106,1,0,7)
r(69,0,0,7)
r(108,0,0,7)
r(62,0,0,7)
w(36,1,0,7)
r(79,31,0,8)
r(101,3,0,8)
r(53,49,0,8)
w(66,1,0,8)
w(36,2,0,8)
w(57,1,0,8)
r(76,40,0,8)
r(47,50,0,8)
r(49,1,0,8)
r(11,1,0,8)
w(57,2,0,8)
r(0,46,0,8)
w(42,1,0,8)
r(74,3,0,8)
w(30,1,0,8)
w(21,1,0,8)
r(15,2,0,8)
w(118,3,0,8)
r(69,0,0,8)
r(7,44,0,8)
w(63,1,0,9)
w(102,3,0,9)
w(117,3,0,9)
w(33,1,0,9)
w(29,1,0,9)
r(116,51,0,9)
r(28,39,0,9)
w(11,2,0,9)
r(84,0,0,9)
r(103,0,0,9)
w(66,2,0,9)
r(90,60,0,9)
r(13,42,0,9)
w(103,1,0,9)
r(113,48,0,9)
w(0,1,0,9)
r(40,57,0,9)
w(88,1,0,9)
w(64,1,0,9)
w(112,2,0,9)
r(49,43,0,10)
w(43,2,0,10)
w(41,3,0,10)
w(40,1,0,10)
w(7,1,0,10)
r(99,43,0,10)
w(118,4,0,10)
r(16,2,0,10)
r(44,37,0,10)
r(14,46,0,10)
w(8,4,0,10)
w(4,2,0,10)
r(27,0,0,10)
w(45,1,0,10)
w(18,1,0,10)
r(103,1,0,10)
r(24,0,0,10)
r(26,2,0,10)
r(88,1,0,10)
r(106,1,0,10)
w(12,2,0,11)
r(91,48,0,11)
w(16,3,0,11)
r(47,50,0,11)
w(24,1,0,11)
r(109,1,0,11)
r(24,1,0,11)
w(26,3,0,11)
r(91,48,0,11)
r(98,44,0,11)
r(99,43,0,11)
w(0,2,0,11)
w(21,2,0,11)
r(100,41,0,11)
r(57,2,0,11)
r(71,31,0,11)
w(49,2,0,11)
w(89,1,0,11)
r(107,50,0,11)
r(72,44,0,11)
w(117,4,0,12)
r(112,2,0,12)
r(35,33,0,12)
r(22,36,0,12)
r(118,4,0,12)
r(30,1,0,12)
w(65,1,0,12)
r(60,46,0,12)
w(46,1,0,12)
r(13,42,0,12)
w(21,3,0,12)
r(48,51,0,12)
w(44,1,0,12)
r(71,31,0,12)
r(109,1,0,12)
r(98,44,0,12)
r(73,0,0,12)
r(111,0,0,12)
w(106,2,0,12)
w(87,2,0,12)
r(14,47,0,13)
r(84,0,0,13)
w(16,4,0,13)
w(28,2,0,13)
w(76,1,0,13)
w(95,1,0,13)
r(100,41,0,13)
r(88,43,0,13)
r(115,34,0,13)
w(72,1,0,13)
w(45,2,0,13)
w(16,5,0,13)
w(68,2,0,13)
w(45,3,0,13)
w(91,1,0,13)
w(78,2,0,13)
w(118,5,0,13)
r(88,43,0,13)
r(93,1,0,13)
r(107,50,0,13)
r(27,0,0,14)
w(7,2,0,14)
r(44,1,0,14)
r(57,2,0,14)
r(85,48,0,14)
w(57,3,0,14)
r(28,2,0,14)
r(46,1,0,14)
w(10,1,0,14)
r(15,2,0,14)
r(77,0,0,14)
r(105,39,0,14)
r(31,0,0,14)
w(100,2,0,14)
w(91,2,0,14)
r(112,2,0,14)
r(51,2,0,14)
w(98,2,0,14)
w(41,4,0,14)
w(60,1,0,14)
w(94,1,0,15)
w(103,2,0,15)
r(43,2,0,15)
w(68,3,0,15)
w(33,2,0,15)
w(25,1,0,15)
r(117,4,0,15)
w(106,3,0,15)
r(99,43,0,15)
w(47,1,0,15)
r(4,52,0,15)
r(105,39,0,15)
r(103,2,0,15)
r(28,2,0,15)
w(99,1,0,15)
w(32,1,0,15)
r(14,47,0,15)
r(18,1,0,15)
r(82,40,0,15)
w(11,3,0,15)
r(56,38,0,16)
w(49,3,0,16)
w(60,2,0,16)
w(63,2,0,16)
r(98,2,0,16)
r(107,51,0,16)
r(119,39,0,16)
r(113,48,0,16)
w(78,3,0,16)
r(6,0,0,16)
w(48,1,0,16)
w(72,2,0,16)
r(55,37,0,16)
w(110,1,0,16)
w(35,2,0,16)
r(51,2,0,16)
w(109,2,0,16)
w(102,4,0,16)
r(70,39,0,16)
r(63,2,0,16)
r(83,38,0,17)
w(106,4,0,17)
w(1,1,0,17)
r(43,2,0,17)
w(65,2,0,17)
w(94,2,0,17)
w(78,4,0,17)
r(50,45,0,17)
w(25,2,0,17)
r(53,50,0,17)
w(90,1,0,17)
r(0,48,0,17)
r(3,40,0,17)
w(13,2,0,17)
w(3,2,0,17)
r(55,37,0,17)
r(2,35,0,17)
w(37,2,0,17)
w(89,2,0,17)
r(68,3,0,17)
w(23,1,0,18)
r(56,38,0,18)
r(80,47,0,18)
r(46,42,0,18)
r(36,2,0,18)
w(84,1,0,18)
r(54,41,0,18)
r(40,1,0,18)
w(32,2,0,18)
r(49,3,0,18)
r(2,35,0,18)
r(74,3,0,18)
r(89,2,0,18)
r(19,2,0,18)
r(52,41,0,18)
w(47,2,0,18)
w(47,3,0,18)
w(8,5,0,18)
w(37,3,0,18)
w(11,4,0,18)
w(8,6,0,19)
w(72,3,0,19)
r(107,52,0,19)
w(110,2,0,19)
r(10,1,0,19)
w(29,2,0,19)
r(43,2,0,19)
r(92,0,0,19)
r(114,2,0,19)
w(108,1,0,19)
r(44,38,0,19)
r(117,4,0,19)
w(44,2,0,19)
r(9,55,0,19)
r(58,45,0,19)
w(99,2,0,19)
w(23,2,0,19)
w(83,4,0,19)
w(72,4,0,19)
w(41,5,0,19)
w(98,3,0,20)
w(80,1,0,20)
r(12,2,0,20)
w(94,3,0,20)
w(8,7,0,20)
w(56,2,0,20)
w(8,8,0,20)
r(49,3,0,20)
r(100,42,0,20)
w(80,2,0,20)
r(13,2,0,20)
r(4,52,0,20)
w(31,1,0,20)
r(109,2,0,20)
r(32,2,0,20)
w(93,2,0,20)
w(28,3,0,20)
r(112,2,0,20)
r(17,37,0,20)
r(92,0,0,20)
w(77,1,0,21)
w(68,4,0,21)
r(115,34,0,21)
w(111,1,0,21)
w(68,5,0,21)
w(48,2,0,21)
r(103,2,0,21)
w(21,4,0,21)
r(90,1,0,21)
r(49,3,0,21)
r(87,2,0,21)
r(56,2,0,21)
r(55,37,0,21)
w(52,2,0,21)
r(23,2,0,21)
w(59,1,0,21)
w(47,4,0,21)
w(19,3,0,21)
r(58,45,0,21)
w(39,1,0,21)
w(106,5,0,22)
r(111,1,0,22)
r(3,2,0,22)
w(86,1,0,22)
r(66,45,0,22)
w(58,2,0,22)
w(72,5,0,22)
r(86,1,0,22)
r(91,2,0,22)
r(97,43,0,22)
w(20,3,0,22)
r(87,2,0,22)
w(29,3,0,22)
r(53,50,0,22)
w(62,1,0,22)
r(40,1,0,22)
w(44,3,0,22)
r(26,33,0,22)
r(16,49,0,22)
w(10,2,0,22)
r(82,40,0,23)
r(55,37,0,23)
r(92,0,0,23)
w(81,2,0,23)
w(63,3,0,23)
r(3,2,0,23)
w(2,1,0,23)
w(76,2,0,23)
r(102,50,0,23)
r(69,0,0,23)
w(100,3,0,23)
r(60,48,0,23)
w(86,2,0,23)
r(66,45,0,23)
w(104,3,0,23)
r(29,49,0,23)
w(90,2,0,23)
w(45,4,0,23)
r(38,53,0,23)
w(40,2,0,23)
r(41,5,0,24)
r(58,2,0,24)
r(91,2,0,24)
r(109,2,0,24)
w(26,4,0,24)
w(27,1,0,24)
w(75,4,0,24)
w(79,1,0,24)
w(104,4,0,24)
r(118,46,0,24)
r(21,49,0,24)
w(69,1,0,24)
w(110,3,0,24)
r(114,2,0,24)
r(71,32,0,24)
w(88,2,0,24)
w(33,3,0,24)
w(0,3,0,24)
w(108,2,0,24)
r(9,56,0,24)
r(103,55,0,25)
w(35,3,0,25)
w(105,1,0,25)
w(94,4,0,25)
w(16,6,0,25)
w(90,3,0,25)
r(1,38,0,25)
w(73,1,0,25)
w(89,3,0,25)
w(63,4,0,25)
w(15,3,0,25)
r(40,2,0,25)
w(2,2,0,25)
r(25,2,0,25)
r(94,4,0,25)
r(77,1,0,25)
w(80,3,0,25)
w(105,2,0,25)
w(117,5,0,25)
r(89,3,0,25)
r(83,4,0,26)
w(54,3,0,26)
r(95,45,0,26)
r(97,44,0,26)
w(0,4,0,26)
r(26,4,0,26)
r(46,42,0,26)
w(85,1,0,26)
r(113,48,0,26)
r(84,36,0,26)
w(23,3,0,26)
r(29,49,0,26)
r(90,3,0,26)
w(105,3,0,26)
r(113,48,0,26)
w(100,4,0,26)
w(40,3,0,26)
r(69,42,0,26)
w(104,5,0,26)
r(37,45,0,26)
r(39,44,0,27)
r(38,54,0,27)
w(45,5,0,27)
w(16,7,0,27)
w(29,4,0,27)
w(107,2,0,27)
w(17,1,0,27)
w(112,3,0,27)
r(119,39,0,27)
w(48,3,0,27)
r(73,1,0,27)
w(50,2,0,27)
w(101,4,0,27)
w(11,5,0,27)
w(8,9,0,27)
w(102,5,0,27)
r(76,2,0,27)
r(53,50,0,27)
w(70,1,0,27)
r(52,2,0,27)
r(84,36,0,28)
w(70,2,0,28)
r(8,9,0,28)
w(77,2,0,28)
r(102,5,0,28)
w(109,3,0,28)
w(35,4,0,28)
w(10,3,0,28)
r(33,3,0,28)
r(99,2,0,28)
w(81,3,0,28)
w(47,5,0,28)
r(64,45,0,28)
w(76,3,0,28)
w(117,6,0,28)
r(107,2,0,28)
r(67,43,0,28)
r(109,3,0,28)
r(24,44,0,28)
r(42,42,0,28)
r(78,4,0,29)
r(36,2,0,29)
r(63,4,0,29)
w(93,3,0,29)
w(105,4,0,29)
r(107,2,0,29)
w(44,4,0,29)
r(105,4,0,29)
w(69,2,0,29)
w(31,2,0,29)
w(30,2,0,29)
w(40,4,0,29)
r(109,3,0,29)
w(95,2,0,29)
w(20,4,0,29)
w(95,3,0,29)
r(53,50,0,29)
r(111,1,0,29)
w(38,2,0,29)
r(90,3,0,29)
w(92,1,0,30)
r(27,1,0,30)
r(9,56,0,30)
w(88,3,0,30)
w(95,4,0,30)
w(87,3,0,30)
r(112,3,0,30)
w(6,1,0,30)
r(95,4,0,30)
w(114,3,0,30)
r(75,47,0,30)
r(14,47,0,30)
r(56,2,0,30)
w(74,4,0,30)
w(1,2,0,30)
w(105,5,0,30)
w(88,4,0,30)
w(4,3,0,30)
w(13,3,0,30)
w(100,5,0,30)
w(43,3,0,31)
w(84,2,0,31)
r(35,4,0,31)
w(87,4,0,31)
r(37,45,0,31)
w(9,2,0,31)
w(95,5,0,31)
r(108,2,0,31)
w(32,3,0,31)
r(47,5,0,31)
r(116,51,0,31)
w(107,3,0,31)
r(35,4,0,31)
w(49,4,0,31)
w(81,4,0,31)
w(37,4,0,31)
w(102,6,0,31)
w(0,5,0,31)
w(13,4,0,31)
w(28,4,0,31)
r(31,2,0,32)
r(102,6,0,32)
r(56,2,0,32)
r(65,48,0,32)
r(31,2,0,32)
r(83,4,0,32)
r(60,50,0,32)
r(97,44,0,32)
w(48,4,0,32)
r(56,2,0,32)
w(109,4,0,32)
r(102,6,0,32)
r(65,48,0,32)
r(95,5,0,32)
r(117,6,0,32)
w(116,1,0,32)
w(104,6,0,32)
w(54,4,0,32)
r(1,2,0,32)
w(45,6,0,32)
r(57,41,0,33)
r(92,1,0,33)
w(88,5,0,33)
r(32,3,0,33)
r(36,34,0,33)
r(73,1,0,33)
r(89,3,0,33)
w(112,4,0,33)
r(62,40,0,33)
r(57,41,0,33)
r(51,2,0,33)
w(42,2,0,33)
w(118,6,0,33)
w(61,1,0,33)
r(72,47,0,33)
w(15,4,0,33)
r(114,3,0,33)
w(113,1,0,33)
r(3,2,0,33)
r(96,48,0,33)
r(34,38,0,34)
r(55,37,0,34)
r(90,3,0,34)
r(113,49,0,34)
w(68,6,0,34)
w(25,3,0,34)
r(109,4,0,34)
w(16,8,0,34)
w(0,6,0,34)
w(58,3,0,34)
w(97,3,0,34)
w(110,4,0,34)
r(70,2,0,34)
r(71,33,0,34)
r(10,37,0,34)
r(117,6,0,34)
w(103,3,0,34)
r(69,2,0,34)
r(29,51,0,34)
r(28,4,0,34)
w(26,5,0,35)
w(23,4,0,35)
w(79,2,0,35)
r(86,40,0,35)
r(22,37,0,35)
r(22,37,0,35)
w(67,1,0,35)
w(96,2,0,35)
w(25,4,0,35)
w(70,3,0,35)
w(16,9,0,35)
w(28,5,0,35)
r(29,51,0,35)
w(20,5,0,35)
w(82,1,0,35)
r(44,4,0,35)
r(13,4,0,35)
w(109,5,0,35)
r(34,38,0,35)
w(27,2,0,35)
w(50,3,0,36)
r(118,6,0,36)
w(24,2,0,36)
w(17,2,0,36)
w(20,6,0,36)
w(36,3,0,36)
w(73,2,0,36)
r(118,6,0,36)
r(118,6,0,36)
w(90,4,0,36)
r(101,4,0,36)
r(62,40,0,36)
r(91,50,0,36)
r(65,48,0,36)
r(26,5,0,36)
w(76,4,0,36)
r(79,2,0,36)
r(108,2,0,36)
w(33,4,0,36)
r(29,51,0,36)
r(26,5,0,37)
w(112,5,0,37)
w(113,2,0,37)
r(75,48,0,37)
w(57,4,0,37)
r(96,2,0,37)
r(96,2,0,37)
r(37,46,0,37)
r(75,48,0,37)
r(43,3,0,37)
w(63,5,0,37)
w(69,3,0,37)
r(22,37,0,37)
r(25,4,0,37)
r(70,3,0,37)
r(87,4,0,37)
r(22,37,0,37)
r(88,5,0,37)
w(1,3,0,37)
r(111,1,0,37)
r(21,49,0,38)
r(6,1,0,38)
w(81,5,0,38)
w(13,5,0,38)
r(112,5,0,38)
w(105,6,0,38)
w(21,5,0,38)
r(5,41,0,38)
r(33,4,0,38)
r(105,6,0,38)
w(39,2,0,38)
w(52,3,0,38)
w(48,5,0,38)
w(70,4,0,38)
w(116,2,0,38)
w(95,6,0,38)
r(36,3,0,38)
w(95,7,0,38)
r(27,2,0,38)
w(103,4,0,38)
w(76,5,0,39)
w(14,1,0,39)
w(113,3,0,39)
r(72,47,0,39)
w(59,2,0,39)
r(31,2,0,39)
r(72,47,0,39)
r(6,1,0,39)
w(112,6,0,39)
w(82,2,0,39)
r(62,41,0,39)
r(72,47,0,39)
w(70,5,0,39)
w(99,3,0,39)
r(58,3,0,39)
w(81,6,0,39)
r(106,48,0,39)
w(62,2,0,39)
r(20,6,0,39)
w(28,6,0,39)
r(119,39,0,40)
r(64,47,0,40)
r(95,7,0,40)
w(40,5,0,40)
w(119,1,0,40)
r(77,56,0,40)
w(100,6,0,40)
w(63,6,0,40)
w(39,3,0,40)
w(66,3,0,40)
w(32,4,0,40)
r(52,3,0,40)
r(89,40,0,40)
w(103,5,0,40)
w(32,5,0,40)
w(3,3,0,40)
w(56,3,0,40)
w(81,7,0,40)
r(31,43,0,40)
w(77,3,0,40)
r(82,2,0,41)
r(8,53,0,41)
r(36,3,0,41)
r(89,41,0,41)
w(12,3,0,41)
r(16,53,0,41)
w(34,2,0,41)
r(28,6,0,41)
r(108,2,0,41)
w(19,4,0,41)
r(105,6,0,41)
r(105,6,0,41)
r(41,5,0,41)
r(12,3,0,41)
r(101,43,0,41)
w(37,5,0,41)
r(114,3,0,41)
w(56,4,0,41)
r(83,4,0,41)
r(46,43,0,41)
w(101,5,0,42)
w(103,6,0,42)
w(80,4,0,42)
r(86,41,0,42)
w(82,3,0,42)
r(108,2,0,42)
r(103,6,0,42)
r(71,34,0,42)
w(39,4,0,42)
w(5,1,0,42)
w(75,5,0,42)
w(27,3,0,42)
r(82,3,0,42)
r(47,52,0,42)
r(63,6,0,42)
r(22,37,0,42)
w(75,6,0,42)
r(18,45,0,42)
r(63,6,0,42)
r(1,3,0,42)
w(44,5,0,43)
r(112,6,0,43)
r(94,52,0,43)
w(62,3,0,43)
r(53,51,0,43)
w(102,7,0,43)
w(19,5,0,43)
r(19,5,0,43)
r(38,55,0,43)
w(101,6,0,43)
w(22,2,0,43)
r(73,2,0,43)
r(66,3,0,43)
w(92,2,0,43)
r(60,50,0,43)
r(64,47,0,43)
w(66,4,0,43)
w(26,6,0,43)
w(9,3,0,43)
w(51,3,0,43)
w(90,5,0,44)
w(16,10,0,44)
r(105,6,0,44)
r(23,4,0,44)
r(68,6,0,44)
r(19,5,0,44)
w(86,3,0,44)
r(44,5,0,44)
r(32,5,0,44)
w(5,2,0,44)
w(32,6,0,44)
r(67,44,0,44)
w(97,4,0,44)
r(76,5,0,44)
r(59,2,0,44)
r(104,6,0,44)
r(91,51,0,44)
w(19,6,0,44)
r(46,43,0,44)
r(1,3,0,44)
w(23,5,0,45)
w(31,3,0,45)
r(42,45,0,45)
r(108,2,0,45)
r(29,54,0,45)
w(42,3,0,45)
r(57,4,0,45)
w(6,2,0,45)
w(19,7,0,45)
w(59,3,0,45)
r(68,6,0,45)
w(55,1,0,45)
w(24,3,0,45)
r(91,51,0,45)
r(40,60,0,45)
w(72,6,0,45)
r(44,5,0,45)
r(22,2,0,45)
w(46,2,0,45)
w(85,2,0,45)
r(29,54,0,46)
w(50,4,0,46)
w(7,3,0,46)
w(65,3,0,46)
r(10,39,0,46)
w(109,6,0,46)
r(2,40,0,46)
w(88,6,0,46)
w(33,5,0,46)
r(30,37,0,46)
r(107,54,0,46)
r(118,49,0,46)
r(62,3,0,46)
w(46,3,0,46)
w(47,6,0,46)
w(10,4,0,46)
r(87,49,0,46)
r(94,53,0,46)
r(71,34,0,46)
r(38,57,0,46)
r(115,35,0,47)
r(76,5,0,47)
r(2,40,0,47)
r(54,4,0,47)
r(41,5,0,47)
r(84,39,0,47)
r(86,3,0,47)
r(14,48,0,47)
r(34,2,0,47)
w(112,7,0,47)
r(38,57,0,47)
w(17,3,0,47)
r(105,41,0,47)
r(45,6,0,47)
w(45,7,0,47)
r(93,31,0,47)
w(114,4,0,47)
w(93,4,0,47)
r(116,54,0,47)
w(106,6,0,47)
w(12,4,0,48)
r(13,45,0,48)
r(82,42,0,48)
r(51,3,0,48)
r(49,46,0,48)
w(65,4,0,48)
r(111,1,0,48)
r(68,49,0,48)
r(14,48,0,48)
r(21,50,0,48)
w(66,5,0,48)
w(81,8,0,48)
r(46,3,0,48)
w(83,5,0,48)
w(112,8,0,48)
r(36,3,0,48)
w(102,8,0,48)
w(78,5,0,48)
w(98,4,0,48)
w(72,7,0,48)
w(61,2,0,49)
w(95,8,0,49)
w(96,3,0,49)
w(13,6,0,49)
r(19,7,0,49)
w(26,7,0,49)
w(27,4,0,49)
w(94,5,0,49)
w(20,7,0,49)
w(6,3,0,49)
r(40,60,0,49)
w(17,4,0,49)
r(58,3,0,49)
r(67,44,0,49)
w(87,5,0,49)
r(35,4,0,49)
w(75,7,0,49)
r(58,3,0,49)
w(90,6,0,49)
w(7,4,0,49)
r(79,0,1,50)
w(19,55,1,50)
w(70,39,1,50)
w(21,47,1,50)
r(74,0,1,50)
r(37,0,1,50)
r(100,0,1,50)
r(67,0,1,50)
r(1,0,1,50)
w(8,50,1,50)
w(46,38,1,50)
r(42,0,1,50)
w(39,41,1,50)
w(97,39,1,50)
w(8,51,1,50)
r(80,0,1,50)
r(80,0,1,50)
r(11,0,1,50)
r(93,0,1,50)
w(19,56,1,50)
w(113,47,1,51)
r(12,1,1,51)
w(38,49,1,51)
r(114,1,1,51)
w(13,42,1,51)
r(107,0,1,51)
w(78,39,1,51)
r(5,0,1,51)
r(22,0,1,51)
w(22,34,1,51)
r(75,0,1,51)
r(9,1,1,51)
r(30,0,1,51)
w(109,45,1,51)
w(39,42,1,51)
r(119,0,1,51)
w(35,32,1,51)
w(82,38,1,51)
r(92,0,1,51)
r(99,0,1,51)
r(9,1,1,52)
r(70,39,1,52)
w(37,42,1,52)
r(100,0,1,52)
w(38,50,1,52)
r(51,1,1,52)
w(51,41,1,52)
w(0,46,1,52)
r(57,0,1,52)
r(25,0,1,52)
r(54,0,1,52)
w(12,45,1,52)
r(102,0,1,52)
r(56,0,1,52)
w(46,39,1,52)
r(73,0,1,52)
w(110,34,1,52)
r(81,0,1,52)
r(49,0,1,52)
r(19,56,1,52)
w(14,45,1,53)
r(53,0,1,53)
r(3,1,1,53)
r(116,0,1,53)
w(11,45,1,53)
r(88,0,1,53)
r(41,1,1,53)
r(96,0,1,53)
w(117,49,1,53)
r(96,0,1,53)
w(96,45,1,53)
w(106,47,1,53)
w(116,51,1,53)
r(119,0,1,53)
w(114,49,1,53)
w(75,46,1,53)
w(85,48,1,53)
w(12,46,1,53)
w(9,50,1,53)
r(115,0,1,53)
r(93,1,1,54)
r(73,0,1,54)
w(44,37,1,54)
w(7,42,1,54)
r(91,0,1,54)
w(91,47,1,54)
r(80,0,1,54)
w(9,51,1,54)
w(21,48,1,54)
w(9,52,1,54)
w(17,36,1,54)
r(47,0,1,54)
r(21,48,1,54)
r(28,1,1,54)
r(89,0,1,54)
w(101,40,1,54)
w(38,51,1,54)
r(12,46,1,54)
w(4,51,1,54)
r(41,2,1,54)
w(54,40,1,55)
r(117,49,1,55)
w(3,39,1,55)
w(18,44,1,55)
r(42,0,1,55)
w(58,44,1,55)
r(78,39,1,55)
r(104,1,1,55)
w(39,43,1,55)
w(46,40,1,55)
r(64,0,1,55)
w(43,36,1,55)
r(25,0,1,55)
r(76,0,1,55)
r(20,0,1,55)
w(7,43,1,55)
w(32,51,1,55)
r(45,0,1,55)
w(48,51,1,55)
r(109,1,1,55)
r(99,0,1,56)
w(34,37,1,56)
r(95,0,1,56)
r(78,39,1,56)
r(43,36,1,56)
w(7,44,1,56)
r(12,46,1,56)
w(56,36,1,56)
r(90,0,1,56)
r(50,1,1,56)
r(101,40,1,56)
w(101,41,1,56)
w(96,46,1,56)
r(29,0,1,56)
r(30,0,1,56)
w(119,37,1,56)
w(12,47,1,56)
w(89,36,1,56)
w(91,48,1,56)
w(1,35,1,56)
w(80,46,1,57)
r(35,32,1,57)
w(82,39,1,57)
r(48,51,1,57)
w(47,50,1,57)
w(12,48,1,57)
r(10,0,1,57)
r(16,0,1,57)
r(91,48,1,57)
r(19,1,1,57)
w(59,56,1,57)
w(74,45,1,57)
r(82,39,1,57)
r(97,1,1,57)
w(29,48,1,57)
w(56,37,1,57)
r(99,0,1,57)
w(16,46,1,57)
w(71,31,1,57)
w(98,43,1,57)
r(1,35,1,58)
w(100,40,1,58)
w(40,55,1,58)
w(99,43,1,58)
w(28,39,1,58)
w(1,36,1,58)
r(52,1,1,58)
w(60,46,1,58)
r(104,1,1,58)
w(80,47,1,58)
w(115,33,1,58)
w(110,35,1,58)
w(37,43,1,58)
r(92,0,1,58)
w(72,44,1,58)
r(31,0,1,58)
r(110,35,1,58)
r(19,1,1,58)
r(4,51,1,58)
w(17,37,1,58)
w(97,40,1,59)
w(38,52,1,59)
w(45,36,1,59)
w(32,52,1,59)
w(79,31,1,59)
w(105,39,1,59)
w(76,40,1,59)
r(23,0,1,59)
r(75,46,1,59)
r(69,0,1,59)
w(98,44,1,59)
r(46,40,1,59)
w(45,37,1,59)
r(113,47,1,59)
r(18,44,1,59)
w(50,44,1,59)
w(22,35,1,59)
r(59,56,1,59)
r(10,0,1,59)
r(95,0,1,59)
w(40,56,1,60)
w(107,50,1,60)
r(19,1,1,60)
r(17,37,1,60)
w(26,32,1,60)
w(87,48,1,60)
w(63,34,1,60)
w(40,57,1,60)
r(4,51,1,60)
r(83,2,1,60)
r(66,0,1,60)
w(30,36,1,60)
r(109,1,1,60)
r(67,0,1,60)
w(5,38,1,60)
r(115,33,1,60)
r(78,1,1,60)
w(42,37,1,60)
w(55,37,1,60)
w(22,36,1,60)
r(99,43,1,61)
r(57,0,1,61)
w(90,59,1,61)
r(8,3,1,61)
r(82,39,1,61)
w(52,41,1,61)
w(35,33,1,61)
r(65,0,1,61)
w(61,41,1,61)
r(1,36,1,61)
w(89,37,1,61)
w(56,38,1,61)
w(53,49,1,61)
r(101,3,1,61)
w(100,41,1,61)
w(38,53,1,61)
r(47,50,1,61)
r(84,0,1,61)
w(110,36,1,61)
r(95,0,1,61)
r(104,2,1,62)
w(9,53,1,62)
w(49,43,1,62)
r(93,1,1,62)
w(14,46,1,62)
w(97,41,1,62)
r(71,31,1,62)
w(90,60,1,62)
w(112,48,1,62)
r(25,0,1,62)
r(115,33,1,62)
w(86,39,1,62)
w(50,45,1,62)
r(37,43,1,62)
r(24,0,1,62)
w(115,34,1,62)
r(15,2,1,62)
w(42,38,1,62)
w(113,48,1,62)
r(2,0,1,62)
r(45,1,1,63)
w(88,43,1,63)
r(25,0,1,63)
w(79,32,1,63)
r(66,2,1,63)
r(4,2,1,63)
r(41,3,1,63)
w(94,50,1,63)
r(104,2,1,63)
r(115,34,1,63)
w(41,33,1,63)
w(119,38,1,63)
w(2,33,1,63)
w(32,53,1,63)
r(57,2,1,63)
w(14,47,1,63)
r(1,36,1,63)
w(104,47,1,63)
r(0,2,1,63)
r(119,38,1,63)
w(64,45,1,64)
w(9,54,1,64)
r(104,47,1,64)
w(1,37,1,64)
r(65,1,1,64)
w(61,42,1,64)
r(13,42,1,64)
w(118,44,1,64)
w(48,52,1,64)
w(63,35,1,64)
r(90,60,1,64)
r(80,47,1,64)
w(66,45,1,64)
w(3,40,1,64)
w(49,44,1,64)
r(4,2,1,64)
r(61,42,1,64)
w(4,52,1,64)
w(119,39,1,64)
w(71,32,1,64)
r(108,0,1,65)
w(96,47,1,65)
r(84,0,1,65)
r(22,36,1,65)
w(26,33,1,65)
r(30,1,1,65)
r(86,39,1,65)
r(88,43,1,65)
w(0,47,1,65)
w(107,51,1,65)
w(5,39,1,65)
r(112,2,1,65)
w(101,42,1,65)
w(82,40,1,65)
w(46,41,1,65)
r(34,1,1,65)
r(1,37,1,65)
w(45,38,1,65)
r(6,0,1,65)
w(13,43,1,65)
w(88,44,1,66)
r(21,3,1,66)
w(83,36,1,66)
r(28,2,1,66)
r(43,2,1,66)
r(40,1,1,66)
r(109,1,1,66)
w(27,56,1,66)
r(9,54,1,66)
w(102,49,1,66)
r(52,41,1,66)
w(53,50,1,66)
r(39,43,1,66)
w(79,33,1,66)
w(109,46,1,66)
r(48,52,1,66)
r(102,49,1,66)
w(60,47,1,66)
w(16,47,1,66)
r(93,1,1,66)
w(104,48,1,67)
r(33,2,1,67)
w(57,41,1,67)
r(11,3,1,67)
w(63,36,1,67)
w(16,48,1,67)
r(72,1,1,67)
r(38,53,1,67)
r(0,47,1,67)
r(35,33,1,67)
w(7,45,1,67)
w(2,34,1,67)
w(83,37,1,67)
w(100,42,1,67)
r(55,37,1,67)
w(67,41,1,67)
w(5,40,1,67)
r(26,33,1,67)
w(58,45,1,67)
w(54,41,1,67)
w(77,54,1,68)
w(0,48,1,68)
w(16,49,1,68)
r(68,3,1,68)
r(65,1,1,68)
r(52,41,1,68)
r(45,38,1,68)
r(84,0,1,68)
r(47,1,1,68)
w(28,40,1,68)
r(48,1,1,68)
w(9,55,1,68)
w(78,40,1,68)
w(42,39,1,68)
w(84,35,1,68)
r(2,34,1,68)
w(102,50,1,68)
r(34,1,1,68)
w(32,54,1,68)
r(98,2,1,68)
w(44,38,1,69)
w(90,61,1,69)
r(73,0,1,69)
w(2,35,1,69)
r(73,0,1,69)
w(83,38,1,69)
r(32,54,1,69)
r(109,2,1,69)
r(20,2,1,69)
r(63,2,1,69)
w(89,38,1,69)
r(9,55,1,69)
w(34,38,1,69)
w(97,42,1,69)
w(46,42,1,69)
r(68,3,1,69)
r(19,2,1,69)
w(48,53,1,69)
r(39,43,1,69)
r(61,42,1,69)
r(14,47,1,70)
r(9,55,1,70)
w(90,62,1,70)
r(8,4,1,70)
r(97,42,1,70)
w(107,52,1,70)
w(88,45,1,70)
r(3,40,1,70)
w(79,34,1,70)
r(31,0,1,70)
w(33,47,1,70)
w(89,39,1,70)
r(114,2,1,70)
r(34,38,1,70)
r(80,47,1,70)
r(19,2,1,70)
w(118,45,1,70)
r(26,33,1,70)
w(67,42,1,70)
r(85,48,1,70)
r(82,40,1,71)
r(114,2,1,71)
r(113,48,1,71)
r(8,4,1,71)
r(63,2,1,71)
w(97,43,1,71)
r(105,39,1,71)
r(46,42,1,71)
w(1,38,1,71)
r(28,40,1,71)
r(2,35,1,71)
r(78,4,1,71)
r(94,2,1,71)
w(37,44,1,71)
r(19,2,1,71)
r(51,2,1,71)
r(79,34,1,71)
w(42,40,1,71)
r(90,1,1,71)
w(5,41,1,71)
r(23,2,1,72)
r(39,1,1,72)
w(21,49,1,72)
r(27,56,1,72)
r(31,1,1,72)
w(68,47,1,72)
w(24,44,1,72)
r(107,52,1,72)
r(70,39,1,72)
r(49,3,1,72)
w(29,49,1,72)
r(93,2,1,72)
w(103,55,1,72)
r(86,1,1,72)
w(8,52,1,72)
w(32,55,1,72)
r(82,40,1,72)
r(28,3,1,72)
w(90,63,1,72)
w(60,48,1,72)
w(9,56,1,73)
w(97,44,1,73)
w(65,48,1,73)
r(54,41,1,73)
w(11,46,1,73)
w(72,45,1,73)
r(72,45,1,73)
w(42,41,1,73)
w(118,46,1,73)
w(38,54,1,73)
w(95,45,1,73)
w(67,43,1,73)
w(23,48,1,73)
w(50,46,1,73)
w(68,48,1,73)
r(106,5,1,73)
w(18,45,1,73)
w(62,40,1,73)
w(72,46,1,73)
w(86,40,1,73)
w(60,49,1,74)
r(53,50,1,74)
r(86,40,1,74)
w(107,53,1,74)
r(96,47,1,74)
r(73,0,1,74)
w(110,37,1,74)
w(84,36,1,74)
w(98,45,1,74)
w(47,51,1,74)
r(4,52,1,74)
w(61,43,1,74)
w(61,44,1,74)
w(102,51,1,74)
r(20,3,1,74)
r(99,2,1,74)
w(60,50,1,74)
w(2,36,1,74)
r(12,2,1,74)
w(58,46,1,74)
w(103,56,1,75)
w(69,42,1,75)
r(99,2,1,75)
w(13,44,1,75)
w(37,45,1,75)
r(22,36,1,75)
w(39,44,1,75)
r(16,6,1,75)
w(115,35,1,75)
w(32,56,1,75)
r(89,3,1,75)
r(56,2,1,75)
r(58,46,1,75)
r(78,4,1,75)
w(75,47,1,75)
r(3,2,1,75)
w(79,35,1,75)
r(66,45,1,75)
w(42,42,1,75)
r(77,1,1,75)
w(77,55,1,76)
w(81,46,1,76)
r(111,1,1,76)
r(75,47,1,76)
r(12,2,1,76)
w(81,47,1,76)
w(118,47,1,76)
w(117,50,1,76)
w(26,34,1,76)
r(32,56,1,76)
r(115,35,1,76)
w(72,47,1,76)
w(4,53,1,76)
w(7,46,1,76)
r(63,4,1,76)
w(40,58,1,76)
w(93,30,1,76)
w(6,43,1,76)
r(84,36,1,76)
w(43,37,1,76)
w(2,37,1,77)
w(42,43,1,77)
r(119,39,1,77)
r(107,2,1,77)
r(114,3,1,77)
w(104,49,1,77)
r(31,2,1,77)
r(45,5,1,77)
r(50,2,1,77)
w(39,45,1,77)
w(66,46,1,77)
w(52,42,1,77)
r(1,2,1,77)
w(10,37,1,77)
r(28,3,1,77)
r(15,3,1,77)
w(29,50,1,77)
r(90,3,1,77)
r(83,4,1,77)
r(20,4,1,77)
r(68,48,1,78)
r(13,4,1,78)
r(6,1,1,78)
r(84,2,1,78)
w(48,54,1,78)
w(25,45,1,78)
r(82,40,1,78)
r(88,4,1,78)
r(111,1,1,78)
r(37,4,1,78)
r(19,3,1,78)
r(104,49,1,78)
w(12,49,1,78)
r(55,37,1,78)
w(23,49,1,78)
w(98,46,1,78)
r(63,4,1,78)
r(74,4,1,78)
r(109,3,1,78)
w(2,38,1,78)
w(37,46,1,79)
r(37,46,1,79)
r(73,1,1,79)
r(82,40,1,79)
r(28,4,1,79)
w(75,48,1,79)
w(96,48,1,79)
r(10,37,1,79)
w(58,47,1,79)
w(12,50,1,79)
w(59,57,1,79)
r(73,1,1,79)
w(2,39,1,79)
w(36,34,1,79)
w(0,49,1,79)
r(87,4,1,79)
r(75,48,1,79)
r(60,50,1,79)
w(116,52,1,79)
w(23,50,1,79)
w(40,59,1,80)
r(31,2,1,80)
w(42,44,1,80)
r(33,3,1,80)
w(71,33,1,80)
w(85,49,1,80)
r(108,2,1,80)
w(94,51,1,80)
r(64,45,1,80)
w(100,43,1,80)
w(94,52,1,80)
w(29,51,1,80)
r(108,2,1,80)
r(109,4,1,80)
w(63,37,1,80)
r(25,45,1,80)
r(90,3,1,80)
r(16,7,1,80)
r(56,2,1,80)
r(89,3,1,80)
w(19,57,1,81)
r(84,2,1,81)
r(16,7,1,81)
r(26,34,1,81)
w(113,49,1,81)
r(98,46,1,81)
w(57,42,1,81)
w(64,46,1,81)
r(119,39,1,81)
r(8,9,1,81)
r(16,7,1,81)
w(85,50,1,81)
w(12,51,1,81)
r(70,2,1,81)
r(49,4,1,81)
r(13,4,1,81)
w(77,56,1,81)
r(29,51,1,81)
r(71,33,1,81)
w(91,49,1,81)
w(8,53,1,82)
w(20,46,1,82)
w(61,45,1,82)
r(38,2,1,82)
r(86,40,1,82)
w(91,50,1,82)
r(46,42,1,82)
r(65,48,1,82)
w(33,48,1,82)
w(22,37,1,82)
w(16,50,1,82)
w(103,57,1,82)
r(54,4,1,82)
w(80,48,1,82)
r(51,2,1,82)
r(7,46,1,82)
w(55,38,1,82)
r(23,50,1,82)
w(50,47,1,82)
w(19,58,1,82)
w(84,37,1,83)
r(3,2,1,83)
r(96,2,1,83)
w(66,47,1,83)
w(62,41,1,83)
r(41,5,1,83)
w(105,40,1,83)
r(95,5,1,83)
w(49,45,1,83)
w(48,55,1,83)
r(57,42,1,83)
w(29,52,1,83)
r(24,2,1,83)
w(118,48,1,83)
w(1,39,1,83)
r(97,3,1,83)
r(75,48,1,83)
w(49,46,1,83)
r(116,52,1,83)
r(114,3,1,83)
w(78,41,1,84)
r(109,5,1,84)
r(43,3,1,84)
w(17,38,1,84)
w(89,40,1,84)
r(95,5,1,84)
r(101,4,1,84)
r(99,2,1,84)
r(9,2,1,84)
r(49,46,1,84)
r(69,3,1,84)
w(101,43,1,84)
r(32,3,1,84)
r(104,6,1,84)
w(44,39,1,84)
r(95,5,1,84)
r(48,55,1,84)
r(58,3,1,84)
w(93,31,1,84)
w(85,51,1,84)
w(64,47,1,85)
w(0,50,1,85)
r(23,4,1,85)
r(115,35,1,85)
w(16,51,1,85)
r(102,6,1,85)
r(81,5,1,85)
r(62,41,1,85)
w(21,50,1,85)
w(71,34,1,85)
w(106,48,1,85)
w(69,43,1,85)
r(57,4,1,85)
r(16,51,1,85)
r(85,51,1,85)
r(72,47,1,85)
w(112,49,1,85)
r(37,46,1,85)
r(70,4,1,85)
w(92,42,1,85)
r(9,2,1,86)
w(65,49,1,86)
w(85,52,1,86)
r(107,3,1,86)
r(88,5,1,86)
w(3,41,1,86)
w(30,37,1,86)
w(43,38,1,86)
r(48,5,1,86)
r(66,47,1,86)
w(53,51,1,86)
w(81,48,1,86)
r(111,1,1,86)
r(57,4,1,86)
w(116,53,1,86)
r(55,38,1,86)
r(26,5,1,86)
r(112,49,1,86)
w(82,41,1,86)
w(4,54,1,86)
w(6,44,1,87)
w(16,52,1,87)
w(46,43,1,87)
w(116,54,1,87)
r(97,3,1,87)
r(9,2,1,87)
w(80,49,1,87)
r(89,40,1,87)
w(12,52,1,87)
w(106,49,1,87)
w(31,43,1,87)
w(0,51,1,87)
w(6,45,1,87)
r(15,4,1,87)
r(9,2,1,87)
r(62,2,1,87)
r(74,4,1,87)
w(24,45,1,87)
r(80,49,1,87)
w(43,39,1,87)
w(103,58,1,88)
w(38,55,1,88)
w(107,54,1,88)
w(110,38,1,88)
w(13,45,1,88)
w(100,44,1,88)
r(110,38,1,88)
r(96,2,1,88)
w(106,50,1,88)
r(56,2,1,88)
r(13,45,1,88)
w(87,49,1,88)
r(74,4,1,88)
w(67,44,1,88)
r(35,4,1,88)
r(103,58,1,88)
w(50,48,1,88)
r(99,3,1,88)
w(70,40,1,88)
w(9,57,1,88)
r(90,4,1,89)
r(57,4,1,89)
w(14,48,1,89)
r(80,49,1,89)
w(89,41,1,89)
r(97,3,1,89)
r(57,4,1,89)
r(24,45,1,89)
r(17,38,1,89)
r(65,49,1,89)
r(51,2,1,89)
w(27,57,1,89)
r(97,3,1,89)
w(5,42,1,89)
r(72,47,1,89)
r(53,51,1,89)
w(42,45,1,89)
w(40,60,1,89)
w(86,41,1,89)
w(16,53,1,89)
r(32,5,1,90)
r(83,4,1,90)
r(33,4,1,90)
w(84,38,1,90)
r(87,49,1,90)
w(47,52,1,90)
r(7,46,1,90)
w(74,46,1,90)
w(37,47,1,90)
w(91,51,1,90)
r(13,45,1,90)
r(33,4,1,90)
w(44,40,1,90)
w(117,51,1,90)
w(7,47,1,90)
r(28,6,1,90)
w(29,53,1,90)
w(78,42,1,90)
r(59,2,1,90)
r(80,49,1,90)
w(110,39,1,91)
r(57,4,1,91)
w(104,50,1,91)
w(114,50,1,91)
w(74,47,1,91)
r(26,6,1,91)
r(103,6,1,91)
r(81,7,1,91)
w(29,54,1,91)
w(118,49,1,91)
r(22,2,1,91)
w(50,49,1,91)
w(23,51,1,91)
w(7,48,1,91)
r(62,3,1,91)
w(10,38,1,91)
w(20,47,1,91)
r(117,51,1,91)
w(103,59,1,91)
w(99,44,1,91)
r(6,45,1,92)
w(7,49,1,92)
w(0,52,1,92)
w(59,58,1,92)
w(82,42,1,92)
r(14,48,1,92)
r(57,4,1,92)
w(56,39,1,92)
w(88,46,1,92)
r(89,41,1,92)
w(47,53,1,92)
w(97,45,1,92)
r(118,49,1,92)
r(101,6,1,92)
w(38,56,1,92)
r(56,39,1,92)
w(32,57,1,92)
r(76,5,1,92)
w(25,46,1,92)
r(40,60,1,92)
r(53,51,1,93)
r(27,3,1,93)
w(38,57,1,93)
r(13,45,1,93)
r(17,38,1,93)
r(52,3,1,93)
w(7,50,1,93)
w(97,46,1,93)
r(85,2,1,93)
w(39,46,1,93)
w(94,53,1,93)
r(35,4,1,93)
w(68,49,1,93)
r(43,39,1,93)
w(55,39,1,93)
r(81,7,1,93)
r(62,3,1,93)
w(96,49,1,93)
r(21,50,1,93)
r(66,4,1,93)
w(44,41,1,94)
r(4,54,1,94)
r(46,2,1,94)
r(6,2,1,94)
w(89,42,1,94)
w(27,58,1,94)
w(31,44,1,94)
r(97,46,1,94)
w(95,46,1,94)
w(2,40,1,94)
w(112,50,1,94)
w(72,48,1,94)
w(46,44,1,94)
r(38,57,1,94)
w(10,39,1,94)
r(77,3,1,94)
r(33,4,1,94)
w(112,51,1,94)
w(105,41,1,94)
r(100,6,1,94)
r(113,3,1,95)
w(55,40,1,95)
r(81,7,1,95)
w(87,50,1,95)
r(80,4,1,95)
w(91,52,1,95)
w(84,39,1,95)
r(69,43,1,95)
r(2,40,1,95)
r(52,3,1,95)
w(63,38,1,95)
w(18,46,1,95)
w(106,51,1,95)
w(85,53,1,95)
r(92,2,1,95)
w(27,59,1,95)
r(97,46,1,95)
r(57,4,1,95)
w(104,51,1,95)
w(16,54,1,95)
r(99,44,1,96)
w(50,50,1,96)
w(76,41,1,96)
w(95,47,1,96)
r(22,2,1,96)
r(37,5,1,96)
w(43,40,1,96)
w(101,44,1,96)
w(91,53,1,96)
w(92,43,1,96)
r(50,50,1,96)
r(43,40,1,96)
w(98,47,1,96)
r(119,1,1,96)
r(67,44,1,96)
w(70,41,1,96)
w(89,43,1,96)
w(57,43,1,96)
w(54,42,1,96)
w(70,42,1,96)
w(12,53,1,97)
w(119,40,1,97)
r(112,8,1,97)
r(1,3,1,97)
w(83,39,1,97)
w(11,47,1,97)
w(22,38,1,97)
w(66,48,1,97)
r(108,2,1,97)
w(3,42,1,97)
w(26,35,1,97)
r(74,47,1,97)
r(59,3,1,97)
w(61,46,1,97)
w(18,47,1,97)
r(44,41,1,97)
w(59,59,1,97)
r(3,42,1,97)
w(119,41,1,97)
w(86,42,1,97)
r(85,53,1,98)
w(57,44,1,98)
r(64,47,1,98)
w(118,50,1,98)
w(4,55,1,98)
w(80,50,1,98)
r(118,50,1,98)
r(16,54,1,98)
w(0,53,1,98)
w(109,47,1,98)
r(26,35,1,98)
w(112,52,1,98)
w(77,57,1,98)
r(60,50,1,98)
w(58,48,1,98)
w(41,34,1,98)
r(43,40,1,98)
r(45,7,1,98)
r(26,35,1,98)
r(34,2,1,98)
w(110,40,1,99)
w(70,43,1,99)
r(39,46,1,99)
w(100,45,1,99)
r(93,4,1,99)
w(54,43,1,99)
r(113,3,1,99)
r(43,40,1,99)
r(69,43,1,99)
r(118,50,1,99)
r(14,48,1,99)
r(75,7,1,99)
w(4,56,1,99)
r(113,3,1,99)
r(66,48,1,99)
w(101,45,1,99)
w(1,40,1,99)
r(31,44,1,99)
w(52,43,1,99)
r(118,50,1,99)
