r(110,0,0,0)
r(22,0,0,0)
r(93,0,0,0)
r(18,0,0,0)
w(56,1,0,0)
w(39,1,0,0)
w(54,1,0,0)
r(25,0,0,0)
r(75,0,0,0)
w(53,1,0,0)
w(16,1,0,0)
w(90,1,0,0)
w(62,1,0,0)
w(76,1,0,0)
w(94,1,0,0)
w(5,1,0,0)
r(71,0,0,0)
w(25,1,0,0)
r(34,0,0,0)
r(86,0,0,0)
r(69,0,0,1)
r(8,0,0,1)
r(8,0,0,1)
r(54,1,0,1)
r(15,0,0,1)
w(109,1,0,1)
r(74,0,0,1)
r(48,0,0,1)
r(90,1,0,1)
r(63,0,0,1)
w(84,1,0,1)
w(49,1,0,1)
w(102,1,0,1)
r(101,0,0,1)
r(118,0,0,1)
r(22,0,0,1)
w(63,1,0,1)
r(65,0,0,1)
r(0,0,0,1)
w(49,2,0,1)
r(83,0,0,2)
w(27,1,0,2)
w(106,1,0,2)
r(83,0,0,2)
w(76,2,0,2)
r(66,0,0,2)
w(42,1,0,2)
r(27,1,0,2)
w(16,2,0,2)
r(96,0,0,2)
r(33,0,0,2)
w(94,2,0,2)
w(74,1,0,2)
w(70,1,0,2)
r(27,1,0,2)
w(41,1,0,2)
r(44,0,0,2)
r(117,0,0,2)
w(11,1,0,2)
w(102,2,0,2)
w(17,1,0,3)
w(0,1,0,3)
w(47,1,0,3)
w(7,1,0,3)
w(4,1,0,3)
w(100,1,0,3)
r(71,0,0,3)
r(41,1,0,3)
w(86,1,0,3)
w(16,3,0,3)
r(91,0,0,3)
r(2,40,0,3)
r(19,39,0,3)
w(54,2,0,3)
r(94,2,0,3)
w(23,1,0,3)
r(65,0,0,3)
w(15,1,0,3)
r(98,0,0,3)
r(9,42,0,3)
w(39,2,0,4)
w(83,1,0,4)
r(2,40,0,4)
w(27,2,0,4)
r(44,0,0,4)
r(8,47,0,4)
r(86,1,0,4)
r(29,0,0,4)
w(109,2,0,4)
r(104,48,0,4)
r(109,2,0,4)
r(68,0,0,4)
w(12,1,0,4)
r(39,2,0,4)
r(59,41,0,4)
r(89,0,0,4)
w(5,2,0,4)
r(18,0,0,4)
r(85,0,0,4)
r(80,0,0,4)
w(105,1,0,5)
r(78,0,0,5)
w(76,3,0,5)
r(73,0,0,5)
r(26,0,0,5)
r(57,50,0,5)
w(25,2,0,5)
w(4,2,0,5)
w(94,3,0,5)
r(101,0,0,5)
r(51,41,0,5)
w(86,2,0,5)
w(17,2,0,5)
r(114,0,0,5)
w(3,1,0,5)
r(64,0,0,5)
w(103,1,0,5)
r(34,0,0,5)
r(69,0,0,5)
w(118,1,0,5)
r(44,0,0,6)
w(17,3,0,6)
w(17,4,0,6)
w(24,1,0,6)
w(85,1,0,6)
w(35,1,0,6)
w(95,1,0,6)
r(20,36,0,6)
r(77,0,0,6)
w(57,1,0,6)
w(36,1,0,6)
w(49,3,0,6)
w(63,2,0,6)
w(107,1,0,6)
w(37,1,0,6)
w(118,2,0,6)
r(66,49,0,6)
r(25,2,0,6)
w(1,1,0,6)
w(42,2,0,6)
w(87,1,0,7)
r(84,1,0,7)
r(25,2,0,7)
r(15,1,0,7)
r(40,0,0,7)
r(98,0,0,7)
r(91,29,0,7)
r(68,0,0,7)
r(74,52,0,7)
w(49,4,0,7)
w(34,1,0,7)
w(42,3,0,7)
w(21,1,0,7)
r(91,29,0,7)
w(18,1,0,7)
w(2,1,0,7)
w(65,1,0,7)
r(30,34,0,7)
w(25,3,0,7)
r(9,42,0,7)
w(8,1,0,8)
r(115,0,0,8)
r(77,0,0,8)
r(19,39,0,8)
w(48,1,0,8)
w(58,1,0,8)
w(21,2,0,8)
w(11,2,0,8)
r(93,41,0,8)
r(10,0,0,8)
r(19,39,0,8)
w(17,5,0,8)
w(16,4,0,8)
r(72,59,0,8)
r(79,46,0,8)
w(31,1,0,8)
w(70,2,0,8)
w(36,2,0,8)
r(102,37,0,8)
r(7,1,0,8)
w(12,2,0,9)
r(116,39,0,9)
w(53,2,0,9)
w(45,1,0,9)
r(100,1,0,9)
r(47,1,0,9)
w(47,2,0,9)
r(68,0,0,9)
r(32,0,0,9)
w(31,2,0,9)
w(17,6,0,9)
r(58,1,0,9)
r(39,2,0,9)
w(108,1,0,9)
r(85,47,0,9)
r(89,0,0,9)
w(101,1,0,9)
r(55,39,0,9)
w(105,2,0,9)
r(19,39,0,9)
w(0,2,0,10)
w(33,1,0,10)
r(63,53,0,10)
w(116,1,0,10)
r(111,38,0,10)
w(70,3,0,10)
r(108,1,0,10)
r(68,0,0,10)
w(58,2,0,10)
w(108,2,0,10)
r(19,39,0,10)
w(50,1,0,10)
w(56,2,0,10)
r(113,33,0,10)
w(89,1,0,10)
r(22,45,0,10)
r(83,1,0,10)
r(41,1,0,10)
r(64,0,0,10)
r(74,52,0,10)
w(17,7,0,11)
r(110,51,0,11)
r(26,0,0,11)
w(73,1,0,11)
w(98,1,0,11)
r(46,38,0,11)
w(10,1,0,11)
r(32,0,0,11)
r(8,1,0,11)
r(64,0,0,11)
r(38,38,0,11)
r(25,3,0,11)
w(37,2,0,11)
w(58,3,0,11)
r(114,0,0,11)
w(77,1,0,11)
r(102,37,0,11)
r(19,40,0,11)
r(14,41,0,11)
r(51,44,0,11)
w(43,1,0,12)
r(70,3,0,12)
r(58,3,0,12)
r(82,54,0,12)
w(1,2,0,12)
r(116,1,0,12)
r(16,4,0,12)
r(32,0,0,12)
w(82,1,0,12)
w(64,1,0,12)
w(80,1,0,12)
r(8,1,0,12)
r(104,48,0,12)
r(89,1,0,12)
w(38,1,0,12)
w(85,2,0,12)
w(3,2,0,12)
r(95,1,0,12)
w(24,2,0,12)
r(60,49,0,12)
w(10,2,0,13)
w(96,1,0,13)
r(0,40,0,13)
r(67,45,0,13)
r(30,36,0,13)
r(6,31,0,13)
w(16,5,0,13)
r(45,43,0,13)
r(84,50,0,13)
r(11,36,0,13)
w(65,2,0,13)
r(113,35,0,13)
w(111,1,0,13)
w(16,6,0,13)
r(23,34,0,13)
w(102,3,0,13)
w(0,3,0,13)
r(116,41,0,13)
r(13,42,0,13)
r(67,45,0,13)
w(11,3,0,14)
w(21,3,0,14)
r(34,43,0,14)
r(26,0,0,14)
w(18,2,0,14)
r(102,3,0,14)
r(21,3,0,14)
w(53,3,0,14)
w(117,1,0,14)
r(6,31,0,14)
w(84,2,0,14)
w(67,1,0,14)
w(58,4,0,14)
r(100,1,0,14)
r(18,2,0,14)
r(70,51,0,14)
w(33,2,0,14)
w(59,1,0,14)
r(3,51,0,14)
w(20,1,0,14)
r(102,3,0,15)
w(80,2,0,15)
r(42,3,0,15)
w(39,3,0,15)
w(32,1,0,15)
r(85,48,0,15)
r(44,51,0,15)
w(19,1,0,15)
w(78,1,0,15)
r(67,1,0,15)
r(39,3,0,15)
r(52,0,0,15)
r(74,55,0,15)
r(42,3,0,15)
r(112,26,0,15)
r(17,52,0,15)
r(80,2,0,15)
w(112,1,0,15)
w(110,1,0,15)
w(65,3,0,15)
w(6,1,0,16)
w(28,1,0,16)
r(95,1,0,16)
r(108,48,0,16)
w(22,1,0,16)
w(0,4,0,16)
w(46,1,0,16)
r(77,1,0,16)
w(34,2,0,16)
w(23,2,0,16)
w(12,3,0,16)
r(43,41,0,16)
r(53,3,0,16)
r(38,1,0,16)
w(108,3,0,16)
r(45,43,0,16)
r(56,2,0,16)
r(49,45,0,16)
w(54,3,0,16)
w(40,1,0,16)
r(21,43,0,17)
r(82,1,0,17)
w(31,3,0,17)
w(62,2,0,17)
r(33,2,0,17)
r(89,45,0,17)
r(86,32,0,17)
r(111,40,0,17)
w(115,1,0,17)
w(38,2,0,17)
w(109,3,0,17)
r(94,53,0,17)
w(32,2,0,17)
w(94,4,0,17)
r(71,0,0,17)
w(57,2,0,17)
w(39,4,0,17)
w(62,3,0,17)
w(52,1,0,17)
w(10,3,0,17)
r(118,2,0,18)
r(78,1,0,18)
r(64,37,0,18)
w(9,1,0,18)
r(75,46,0,18)
w(50,2,0,18)
r(25,49,0,18)
w(89,2,0,18)
w(50,3,0,18)
r(53,3,0,18)
w(20,2,0,18)
r(68,36,0,18)
w(73,2,0,18)
w(70,4,0,18)
r(7,1,0,18)
w(49,5,0,18)
r(104,48,0,18)
r(45,43,0,18)
w(99,1,0,18)
r(105,43,0,18)
r(105,43,0,19)
r(21,44,0,19)
r(48,1,0,19)
w(74,2,0,19)
w(62,4,0,19)
r(100,1,0,19)
r(92,0,0,19)
r(47,38,0,19)
r(116,41,0,19)
r(35,52,0,19)
r(9,1,0,19)
r(117,1,0,19)
r(112,1,0,19)
r(106,40,0,19)
r(69,39,0,19)
r(77,1,0,19)
w(49,6,0,19)
w(70,5,0,19)
r(117,1,0,19)
r(105,43,0,19)
w(89,3,0,20)
r(20,2,0,20)
w(79,1,0,20)
r(30,36,0,20)
w(53,4,0,20)
w(104,1,0,20)
w(81,1,0,20)
r(88,49,0,20)
r(53,4,0,20)
w(8,2,0,20)
w(54,4,0,20)
r(89,3,0,20)
r(119,26,0,20)
r(65,3,0,20)
r(14,41,0,20)
r(42,47,0,20)
w(56,3,0,20)
r(67,1,0,20)
r(59,1,0,20)
w(83,2,0,20)
w(33,3,0,21)
r(108,3,0,21)
r(38,2,0,21)
w(7,2,0,21)
w(4,3,0,21)
r(33,3,0,21)
w(113,1,0,21)
w(110,2,0,21)
r(70,52,0,21)
r(47,38,0,21)
w(70,6,0,21)
w(51,1,0,21)
w(14,1,0,21)
r(101,1,0,21)
r(29,0,0,21)
w(52,2,0,21)
r(105,43,0,21)
r(91,31,0,21)
r(51,1,0,21)
w(60,1,0,21)
w(25,4,0,22)
w(10,4,0,22)
r(71,32,0,22)
w(45,2,0,22)
w(114,1,0,22)
r(48,1,0,22)
w(12,4,0,22)
w(99,2,0,22)
r(28,1,0,22)
r(61,42,0,22)
r(112,1,0,22)
r(59,1,0,22)
w(22,2,0,22)
r(116,41,0,22)
r(106,40,0,22)
w(3,3,0,22)
r(40,1,0,22)
w(3,4,0,22)
w(62,5,0,22)
w(97,1,0,22)
r(43,41,0,23)
w(107,2,0,23)
r(36,2,0,23)
w(75,1,0,23)
w(53,5,0,23)
w(102,4,0,23)
w(59,2,0,23)
r(3,4,0,23)
r(97,1,0,23)
w(119,1,0,23)
r(73,38,0,23)
r(37,41,0,23)
r(44,51,0,23)
w(26,1,0,23)
w(33,4,0,23)
w(41,2,0,23)
r(7,45,0,23)
w(43,2,0,23)
r(14,42,0,23)
w(27,3,0,23)
w(4,4,0,24)
w(60,2,0,24)
w(33,5,0,24)
w(58,5,0,24)
w(23,3,0,24)
r(26,1,0,24)
w(10,5,0,24)
r(67,1,0,24)
w(90,2,0,24)
r(72,59,0,24)
r(22,46,0,24)
r(93,45,0,24)
w(32,3,0,24)
w(67,2,0,24)
r(69,39,0,24)
r(31,3,0,24)
r(21,44,0,24)
r(69,39,0,24)
w(71,1,0,24)
r(110,2,0,24)
r(103,42,0,25)
r(118,44,0,25)
w(37,3,0,25)
w(93,1,0,25)
r(56,3,0,25)
w(74,3,0,25)
r(72,59,0,25)
r(32,3,0,25)
w(36,3,0,25)
r(47,38,0,25)
w(28,2,0,25)
r(66,52,0,25)
w(76,4,0,25)
r(68,37,0,25)
w(54,5,0,25)
r(20,2,0,25)
r(94,54,0,25)
w(70,7,0,25)
r(113,1,0,25)
w(1,3,0,25)
w(44,1,0,26)
r(119,1,0,26)
r(86,32,0,26)
w(82,2,0,26)
r(25,50,0,26)
w(1,4,0,26)
r(115,1,0,26)
r(103,42,0,26)
w(82,3,0,26)
w(54,6,0,26)
r(16,45,0,26)
r(112,27,0,26)
w(18,3,0,26)
w(67,3,0,26)
w(117,2,0,26)
r(67,3,0,26)
r(54,6,0,26)
r(14,42,0,26)
r(43,2,0,26)
w(54,7,0,26)
w(18,4,0,27)
w(111,2,0,27)
r(31,3,0,27)
w(21,4,0,27)
w(111,3,0,27)
w(110,3,0,27)
r(6,33,0,27)
w(51,2,0,27)
r(78,44,0,27)
r(11,37,0,27)
r(114,37,0,27)
r(95,35,0,27)
r(71,1,0,27)
w(111,4,0,27)
r(102,4,0,27)
w(0,5,0,27)
w(114,2,0,27)
w(92,1,0,27)
r(14,42,0,27)
w(13,1,0,27)
w(15,2,0,28)
w(72,1,0,28)
r(117,2,0,28)
w(31,4,0,28)
w(84,3,0,28)
w(38,3,0,28)
r(73,40,0,28)
w(41,3,0,28)
w(109,4,0,28)
r(57,2,0,28)
w(91,1,0,28)
r(111,4,0,28)
w(60,3,0,28)
w(40,2,0,28)
r(80,2,0,28)
r(80,2,0,28)
r(41,3,0,28)
r(50,3,0,28)
r(4,4,0,28)
w(112,2,0,28)
w(97,2,0,29)
r(74,3,0,29)
w(19,2,0,29)
r(118,44,0,29)
r(63,55,0,29)
r(39,44,0,29)
r(81,1,0,29)
r(30,36,0,29)
r(51,2,0,29)
r(118,44,0,29)
r(44,52,0,29)
r(93,1,0,29)
r(72,1,0,29)
r(95,35,0,29)
r(61,42,0,29)
w(58,6,0,29)
w(27,4,0,29)
w(1,5,0,29)
r(101,40,0,29)
w(16,7,0,29)
r(101,40,0,30)
r(91,1,0,30)
r(76,50,0,30)
r(3,4,0,30)
r(1,42,0,30)
r(68,37,0,30)
r(104,1,0,30)
r(108,49,0,30)
w(69,1,0,30)
w(36,4,0,30)
w(103,2,0,30)
r(73,40,0,30)
w(57,3,0,30)
r(20,2,0,30)
w(80,3,0,30)
w(104,2,0,30)
w(31,5,0,30)
w(61,1,0,30)
r(112,2,0,30)
w(35,2,0,30)
r(23,3,0,31)
r(102,39,0,31)
w(89,4,0,31)
r(107,2,0,31)
r(33,49,0,31)
w(33,6,0,31)
w(65,4,0,31)
r(8,49,0,31)
r(89,4,0,31)
w(95,2,0,31)
r(89,4,0,31)
r(30,36,0,31)
w(9,2,0,31)
r(58,6,0,31)
w(14,2,0,31)
w(117,3,0,31)
r(89,4,0,31)
w(2,2,0,31)
r(110,3,0,31)
w(63,3,0,31)
r(108,49,0,32)
w(73,3,0,32)
r(71,33,0,32)
r(7,47,0,32)
r(15,2,0,32)
w(78,2,0,32)
r(61,1,0,32)
r(67,46,0,32)
r(9,2,0,32)
w(48,2,0,32)
r(21,45,0,32)
w(61,2,0,32)
w(112,3,0,32)
r(57,3,0,32)
w(111,5,0,32)
w(118,3,0,32)
w(75,2,0,32)
w(30,1,0,32)
w(118,4,0,32)
r(53,5,0,32)
r(91,34,0,33)
r(109,4,0,33)
r(79,1,0,33)
r(77,41,0,33)
r(99,2,0,33)
r(108,49,0,33)
r(95,2,0,33)
w(18,5,0,33)
r(13,1,0,33)
r(119,1,0,33)
w(61,3,0,33)
w(13,2,0,33)
w(15,3,0,33)
w(33,7,0,33)
r(79,1,0,33)
r(100,35,0,33)
r(67,46,0,33)
w(91,2,0,33)
w(63,4,0,33)
r(89,4,0,33)
r(93,1,0,34)
r(20,2,0,34)
r(18,5,0,34)
w(69,2,0,34)
r(93,1,0,34)
w(51,3,0,34)
w(45,3,0,34)
w(2,3,0,34)
r(20,2,0,34)
w(4,5,0,34)
w(46,2,0,34)
w(28,3,0,34)
r(49,46,0,34)
w(22,3,0,34)
r(42,48,0,34)
w(87,2,0,34)
r(29,39,0,34)
w(32,4,0,34)
w(84,4,0,34)
r(31,5,0,34)
w(18,6,0,35)
r(12,45,0,35)
w(119,2,0,35)
r(96,45,0,35)
r(108,49,0,35)
w(23,4,0,35)
w(47,3,0,35)
w(46,3,0,35)
r(33,7,0,35)
w(20,3,0,35)
r(87,2,0,35)
w(109,5,0,35)
r(31,5,0,35)
r(72,1,0,35)
w(63,5,0,35)
r(14,43,0,35)
r(16,46,0,35)
r(86,32,0,35)
w(68,1,0,35)
r(20,3,0,35)
r(26,41,0,36)
w(98,2,0,36)
r(105,48,0,36)
w(19,3,0,36)
w(91,3,0,36)
r(47,3,0,36)
r(80,41,0,36)
w(83,3,0,36)
r(77,41,0,36)
w(0,6,0,36)
r(4,5,0,36)
r(65,46,0,36)
w(58,7,0,36)
w(96,2,0,36)
r(44,52,0,36)
w(61,4,0,36)
w(117,4,0,36)
r(25,52,0,36)
r(77,41,0,36)
r(13,2,0,36)
r(50,3,0,37)
r(100,36,0,37)
w(28,4,0,37)
w(45,4,0,37)
w(71,2,0,37)
r(112,3,0,37)
w(49,7,0,37)
r(32,4,0,37)
w(113,2,0,37)
r(110,3,0,37)
w(114,3,0,37)
w(41,4,0,37)
r(28,4,0,37)
r(46,39,0,37)
w(5,3,0,37)
r(3,53,0,37)
r(105,48,0,37)
w(33,8,0,37)
w(64,2,0,37)
r(12,45,0,37)
r(10,37,0,38)
w(117,5,0,38)
r(101,42,0,38)
r(8,50,0,38)
w(19,4,0,38)
w(5,4,0,38)
w(111,6,0,38)
r(13,2,0,38)
w(115,2,0,38)
r(69,2,0,38)
w(106,2,0,38)
w(24,3,0,38)
r(7,47,0,38)
r(70,53,0,38)
r(108,50,0,38)
r(67,46,0,38)
w(75,3,0,38)
w(92,2,0,38)
r(97,41,0,38)
w(86,3,0,38)
r(31,45,0,39)
r(41,4,0,39)
r(48,2,0,39)
w(118,5,0,39)
w(61,5,0,39)
w(32,5,0,39)
r(8,50,0,39)
r(78,2,0,39)
w(10,6,0,39)
w(70,8,0,39)
w(87,3,0,39)
r(14,44,0,39)
r(47,3,0,39)
r(62,66,0,39)
w(81,2,0,39)
w(85,3,0,39)
w(16,8,0,39)
r(105,48,0,39)
r(98,33,0,39)
w(115,3,0,39)
w(26,2,0,40)
r(85,52,0,40)
w(105,3,0,40)
r(16,8,0,40)
w(74,4,0,40)
r(97,41,0,40)
w(13,3,0,40)
w(114,4,0,40)
r(1,43,0,40)
w(93,2,0,40)
w(109,6,0,40)
w(53,6,0,40)
r(53,6,0,40)
w(65,5,0,40)
w(56,4,0,40)
r(8,50,0,40)
w(66,1,0,40)
w(73,4,0,40)
w(62,6,0,40)
r(12,45,0,40)
r(40,42,0,41)
r(116,43,0,41)
w(86,4,0,41)
w(60,4,0,41)
r(3,53,0,41)
r(58,51,0,41)
w(40,3,0,41)
w(86,5,0,41)
w(82,4,0,41)
w(106,3,0,41)
r(117,5,0,41)
w(15,4,0,41)
r(58,51,0,41)
r(74,4,0,41)
w(63,6,0,41)
r(31,45,0,41)
r(15,4,0,41)
r(21,47,0,41)
r(5,4,0,41)
w(13,4,0,41)
r(53,6,0,42)
w(35,3,0,42)
r(53,6,0,42)
w(17,8,0,42)
r(47,41,0,42)
r(78,45,0,42)
r(69,2,0,42)
w(63,7,0,42)
w(31,6,0,42)
r(56,4,0,42)
r(64,2,0,42)
r(81,2,0,42)
w(49,8,0,42)
r(67,46,0,42)
r(58,51,0,42)
r(75,48,0,42)
w(40,4,0,42)
r(62,6,0,42)
w(64,3,0,42)
r(65,48,0,42)
r(11,37,0,43)
w(46,4,0,43)
w(16,9,0,43)
r(112,3,0,43)
r(94,57,0,43)
w(68,2,0,43)
w(43,3,0,43)
r(31,6,0,43)
w(34,3,0,43)
w(51,4,0,43)
r(14,44,0,43)
r(107,2,0,43)
w(69,3,0,43)
w(25,5,0,43)
w(46,5,0,43)
r(57,3,0,43)
w(118,6,0,43)
r(51,4,0,43)
r(50,34,0,43)
w(14,3,0,43)
r(37,43,0,44)
r(64,3,0,44)
w(57,4,0,44)
r(80,41,0,44)
w(77,2,0,44)
r(110,54,0,44)
r(28,4,0,44)
w(53,7,0,44)
r(96,46,0,44)
w(76,5,0,44)
w(18,7,0,44)
r(91,35,0,44)
r(42,49,0,44)
w(23,5,0,44)
w(13,5,0,44)
r(53,7,0,44)
w(26,3,0,44)
w(53,8,0,44)
r(67,46,0,44)
r(85,52,0,44)
r(77,43,0,45)
w(92,3,0,45)
r(48,45,0,45)
r(100,36,0,45)
w(60,5,0,45)
r(9,44,0,45)
r(22,3,0,45)
r(109,6,0,45)
r(44,53,0,45)
r(24,45,0,45)
r(100,36,0,45)
r(12,46,0,45)
w(0,7,0,45)
r(88,50,0,45)
w(111,7,0,45)
w(3,5,0,45)
w(85,4,0,45)
w(115,4,0,45)
r(76,5,0,45)
r(12,46,0,45)
w(34,4,0,46)
w(58,8,0,46)
r(85,4,0,46)
w(46,6,0,46)
w(26,4,0,46)
w(47,4,0,46)
r(2,43,0,46)
w(73,5,0,46)
w(41,5,0,46)
w(17,9,0,46)
w(5,5,0,46)
r(55,42,0,46)
r(30,1,0,46)
r(45,4,0,46)
w(64,4,0,46)
r(15,4,0,46)
r(1,43,0,46)
w(22,4,0,46)
r(33,8,0,46)
r(16,49,0,46)
w(45,5,0,47)
w(28,5,0,47)
r(32,38,0,47)
w(1,6,0,47)
r(57,4,0,47)
r(79,1,0,47)
r(16,49,0,47)
r(58,8,0,47)
w(13,6,0,47)
r(70,55,0,47)
r(53,49,0,47)
r(91,36,0,47)
r(103,45,0,47)
w(69,4,0,47)
r(94,57,0,47)
r(113,2,0,47)
w(27,5,0,47)
w(104,3,0,47)
r(82,4,0,47)
w(49,9,0,47)
r(5,5,0,48)
w(108,4,0,48)
r(17,60,0,48)
w(46,7,0,48)
w(90,3,0,48)
w(107,3,0,48)
w(36,5,0,48)
w(33,9,0,48)
r(83,50,0,48)
w(43,4,0,48)
r(20,3,0,48)
w(112,4,0,48)
w(45,6,0,48)
r(113,2,0,48)
w(104,4,0,48)
w(16,10,0,48)
w(85,5,0,48)
r(92,3,0,48)
r(52,48,0,48)
r(15,4,0,48)
w(29,1,0,49)
w(3,6,0,49)
w(67,4,0,49)
w(74,5,0,49)
w(63,8,0,49)
r(73,5,0,49)
r(88,50,0,49)
w(39,5,0,49)
r(66,1,0,49)
w(97,3,0,49)
w(108,5,0,49)
w(42,4,0,49)
r(118,46,0,49)
w(69,5,0,49)
r(60,5,0,49)
w(25,6,0,49)
w(105,4,0,49)
w(25,7,0,49)
w(18,8,0,49)
w(81,3,0,49)
w(16,43,1,50)
w(112,26,1,50)
w(59,41,1,50)
r(90,1,1,50)
w(36,58,1,50)
r(110,0,1,50)
w(7,44,1,50)
w(27,40,1,50)
w(57,50,1,50)
r(61,0,1,50)
w(56,38,1,50)
w(51,41,1,50)
r(47,0,1,50)
w(46,37,1,50)
w(104,48,1,50)
r(100,0,1,50)
w(90,42,1,50)
r(105,0,1,50)
w(4,51,1,50)
r(79,0,1,50)
w(72,59,1,51)
w(53,46,1,51)
w(13,42,1,51)
r(97,0,1,51)
r(75,0,1,51)
w(19,39,1,51)
r(95,0,1,51)
w(1,37,1,51)
r(49,2,1,51)
w(67,43,1,51)
r(55,0,1,51)
r(34,0,1,51)
r(41,0,1,51)
w(14,41,1,51)
r(67,43,1,51)
w(28,49,1,51)
r(89,0,1,51)
r(89,0,1,51)
w(82,54,1,51)
r(6,0,1,51)
r(97,0,1,52)
r(15,0,1,52)
w(70,48,1,52)
r(50,0,1,52)
w(48,40,1,52)
w(9,42,1,52)
w(113,33,1,52)
w(111,38,1,52)
w(20,36,1,52)
w(74,52,1,52)
w(2,40,1,52)
w(22,45,1,52)
r(61,0,1,52)
r(28,49,1,52)
r(67,43,1,52)
r(90,42,1,52)
w(102,37,1,52)
r(84,1,1,52)
w(118,42,1,52)
r(68,0,1,52)
w(87,38,1,53)
r(64,0,1,53)
w(37,37,1,53)
w(70,49,1,53)
w(38,37,1,53)
w(37,38,1,53)
r(26,0,1,53)
w(25,47,1,53)
r(93,0,1,53)
w(58,47,1,53)
w(66,49,1,53)
w(8,47,1,53)
r(51,41,1,53)
w(3,50,1,53)
w(46,38,1,53)
r(82,54,1,53)
r(38,37,1,53)
r(98,0,1,53)
w(36,59,1,53)
r(19,39,1,53)
w(67,44,1,54)
r(70,49,1,54)
r(90,42,1,54)
r(0,1,1,54)
r(83,1,1,54)
r(107,0,1,54)
r(97,0,1,54)
r(20,36,1,54)
w(78,43,1,54)
w(30,34,1,54)
w(90,43,1,54)
w(76,48,1,54)
w(51,42,1,54)
w(43,40,1,54)
w(91,29,1,54)
w(79,46,1,54)
r(96,0,1,54)
w(88,47,1,54)
r(51,42,1,54)
w(6,30,1,54)
r(61,0,1,55)
r(112,26,1,55)
r(58,47,1,55)
r(31,0,1,55)
r(33,0,1,55)
r(71,0,1,55)
r(114,0,1,55)
r(53,46,1,55)
r(62,1,1,55)
r(43,40,1,55)
w(38,38,1,55)
r(118,2,1,55)
w(51,43,1,55)
r(115,0,1,55)
w(67,45,1,55)
w(23,31,1,55)
w(116,39,1,55)
w(15,38,1,55)
w(58,48,1,55)
w(93,41,1,55)
w(30,35,1,56)
w(84,50,1,56)
w(60,48,1,56)
r(51,43,1,56)
w(101,38,1,56)
r(96,0,1,56)
w(37,39,1,56)
w(55,39,1,56)
w(5,49,1,56)
r(106,1,1,56)
w(27,41,1,56)
w(119,26,1,56)
r(72,59,1,56)
w(60,49,1,56)
w(110,50,1,56)
w(99,33,1,56)
w(93,42,1,56)
r(93,42,1,56)
r(103,1,1,56)
w(1,38,1,56)
w(23,32,1,57)
w(85,46,1,57)
r(0,1,1,57)
r(19,39,1,57)
r(36,2,1,57)
w(110,51,1,57)
r(21,2,1,57)
w(101,39,1,57)
w(56,39,1,57)
r(11,2,1,57)
w(70,50,1,57)
r(5,49,1,57)
w(61,42,1,57)
r(118,2,1,57)
w(85,47,1,57)
r(22,45,1,57)
r(48,1,1,57)
w(63,53,1,57)
r(117,0,1,57)
r(71,0,1,57)
r(71,0,1,58)
w(97,39,1,58)
w(107,34,1,58)
w(44,50,1,58)
r(1,38,1,58)
r(35,1,1,58)
w(5,50,1,58)
r(82,54,1,58)
w(116,40,1,58)
w(66,50,1,58)
w(11,35,1,58)
w(1,39,1,58)
w(23,33,1,58)
w(15,39,1,58)
w(47,35,1,58)
w(103,40,1,58)
r(48,1,1,58)
w(51,44,1,58)
w(105,43,1,58)
r(65,1,1,58)
w(17,51,1,59)
r(5,50,1,59)
r(84,50,1,59)
w(45,42,1,59)
w(80,39,1,59)
r(107,34,1,59)
r(29,0,1,59)
w(73,36,1,59)
r(71,0,1,59)
r(61,42,1,59)
r(118,2,1,59)
r(1,39,1,59)
w(19,40,1,59)
w(49,45,1,59)
w(41,55,1,59)
r(2,1,1,59)
w(23,34,1,59)
r(6,30,1,59)
w(113,34,1,59)
w(41,56,1,59)
w(69,38,1,60)
w(34,42,1,60)
r(18,1,1,60)
r(48,1,1,60)
w(62,62,1,60)
w(25,48,1,60)
w(113,35,1,60)
w(37,40,1,60)
w(73,37,1,60)
r(12,2,1,60)
r(13,42,1,60)
w(43,41,1,60)
w(40,37,1,60)
r(32,0,1,60)
r(37,40,1,60)
w(62,63,1,60)
r(70,3,1,60)
r(8,1,1,60)
r(91,29,1,60)
w(6,31,1,60)
w(111,39,1,61)
w(5,51,1,61)
r(33,1,1,61)
w(116,41,1,61)
w(4,52,1,61)
w(74,53,1,61)
r(82,1,1,61)
r(5,51,1,61)
r(103,40,1,61)
w(98,30,1,61)
r(77,1,1,61)
w(75,45,1,61)
w(93,43,1,61)
r(76,48,1,61)
w(53,47,1,61)
r(73,37,1,61)
w(35,51,1,61)
r(119,26,1,61)
r(68,0,1,61)
r(5,51,1,61)
r(47,35,1,62)
w(0,40,1,62)
r(2,1,1,62)
w(18,35,1,62)
r(12,2,1,62)
r(43,41,1,62)
w(3,51,1,62)
w(90,44,1,62)
w(8,48,1,62)
w(44,51,1,62)
w(64,36,1,62)
r(116,41,1,62)
w(35,52,1,62)
w(45,43,1,62)
w(20,37,1,62)
w(20,38,1,62)
w(33,48,1,62)
w(86,32,1,62)
r(30,35,1,62)
r(41,56,1,62)
r(59,41,1,63)
r(63,53,1,63)
w(11,36,1,63)
w(19,41,1,63)
w(76,49,1,63)
r(44,51,1,63)
w(66,51,1,63)
w(70,51,1,63)
r(40,37,1,63)
r(91,29,1,63)
w(31,43,1,63)
r(87,1,1,63)
w(15,40,1,63)
r(49,45,1,63)
w(91,30,1,63)
w(30,36,1,63)
w(19,42,1,63)
w(17,52,1,63)
r(33,48,1,63)
r(40,37,1,63)
r(91,30,1,64)
r(114,0,1,64)
r(76,49,1,64)
w(91,31,1,64)
w(74,54,1,64)
w(39,42,1,64)
r(28,49,1,64)
r(39,42,1,64)
w(103,41,1,64)
w(58,49,1,64)
r(26,0,1,64)
w(47,36,1,64)
r(36,2,1,64)
w(113,36,1,64)
w(94,53,1,64)
w(80,40,1,64)
w(23,35,1,64)
r(19,42,1,64)
w(34,43,1,64)
r(21,2,1,64)
r(15,40,1,65)
w(89,44,1,65)
r(48,1,1,65)
w(106,40,1,65)
r(38,1,1,65)
r(12,2,1,65)
r(92,0,1,65)
w(31,44,1,65)
r(30,36,1,65)
r(48,1,1,65)
w(6,32,1,65)
w(85,48,1,65)
r(21,3,1,65)
w(89,45,1,65)
w(74,55,1,65)
r(78,43,1,65)
r(38,1,1,65)
r(51,44,1,65)
r(17,52,1,65)
r(114,0,1,65)
r(35,52,1,66)
r(5,51,1,66)
w(83,48,1,66)
w(32,35,1,66)
w(64,37,1,66)
w(18,36,1,66)
w(27,42,1,66)
w(99,34,1,66)
w(108,48,1,66)
w(88,48,1,66)
r(114,0,1,66)
r(102,3,1,66)
r(30,36,1,66)
w(17,53,1,66)
w(69,39,1,66)
w(41,57,1,66)
w(87,39,1,66)
w(68,35,1,66)
w(21,42,1,66)
w(12,43,1,66)
w(40,38,1,67)
w(3,52,1,67)
r(51,44,1,67)
w(111,40,1,67)
r(106,40,1,67)
w(16,44,1,67)
r(101,1,1,67)
w(42,47,1,67)
r(78,1,1,67)
w(62,64,1,67)
w(11,37,1,67)
r(2,1,1,67)
w(17,54,1,67)
w(5,52,1,67)
w(18,37,1,67)
w(21,43,1,67)
r(93,43,1,67)
r(43,41,1,67)
w(47,37,1,67)
r(96,1,1,67)
w(6,33,1,68)
w(34,44,1,68)
w(74,56,1,68)
r(15,40,1,68)
w(20,39,1,68)
w(13,43,1,68)
r(47,37,1,68)
w(60,50,1,68)
w(13,44,1,68)
w(21,44,1,68)
r(116,41,1,68)
w(75,46,1,68)
r(27,42,1,68)
w(25,49,1,68)
r(76,49,1,68)
r(91,31,1,68)
w(68,36,1,68)
r(51,44,1,68)
r(98,30,1,68)
w(85,49,1,68)
r(71,0,1,69)
r(49,5,1,69)
w(54,64,1,69)
w(54,65,1,69)
r(80,2,1,69)
w(83,49,1,69)
w(79,47,1,69)
w(47,38,1,69)
r(45,43,1,69)
w(88,49,1,69)
w(39,43,1,69)
r(20,2,1,69)
r(70,4,1,69)
r(119,26,1,69)
w(74,57,1,69)
w(94,54,1,69)
r(106,40,1,69)
r(66,51,1,69)
r(45,43,1,69)
r(85,49,1,69)
w(74,58,1,70)
r(49,6,1,70)
r(111,40,1,70)
w(0,41,1,70)
w(78,44,1,70)
w(10,36,1,70)
r(44,51,1,70)
r(18,37,1,70)
w(66,52,1,70)
w(118,43,1,70)
w(77,40,1,70)
r(13,44,1,70)
w(41,58,1,70)
r(24,2,1,70)
w(24,41,1,70)
r(101,1,1,70)
w(68,37,1,70)
w(18,38,1,70)
w(114,36,1,70)
r(8,48,1,70)
r(78,44,1,71)
w(70,52,1,71)
w(84,51,1,71)
r(90,44,1,71)
w(12,44,1,71)
r(60,50,1,71)
w(99,35,1,71)
w(93,44,1,71)
w(37,41,1,71)
w(73,38,1,71)
r(44,51,1,71)
w(113,37,1,71)
w(85,50,1,71)
w(92,59,1,71)
r(74,58,1,71)
w(53,48,1,71)
r(79,1,1,71)
w(63,54,1,71)
w(8,49,1,71)
w(55,40,1,71)
w(100,35,1,72)
w(39,44,1,72)
w(95,35,1,72)
r(86,32,1,72)
w(32,36,1,72)
w(17,55,1,72)
w(9,43,1,72)
w(93,45,1,72)
r(79,1,1,72)
w(71,32,1,72)
r(114,36,1,72)
r(106,40,1,72)
r(28,1,1,72)
r(18,38,1,72)
w(91,32,1,72)
w(51,45,1,72)
r(46,1,1,72)
w(24,42,1,72)
r(26,0,1,72)
w(105,44,1,72)
r(70,6,1,73)
w(106,41,1,73)
w(22,46,1,73)
w(63,55,1,73)
r(25,4,1,73)
w(62,65,1,73)
w(25,50,1,73)
r(11,37,1,73)
w(119,27,1,73)
r(86,32,1,73)
w(14,42,1,73)
r(112,1,1,73)
w(55,41,1,73)
r(98,30,1,73)
w(35,53,1,73)
w(7,45,1,73)
r(114,1,1,73)
r(43,41,1,73)
w(16,45,1,73)
r(104,1,1,73)
r(57,2,1,74)
r(113,1,1,74)
w(112,27,1,74)
w(58,50,1,74)
w(29,39,1,74)
r(81,1,1,74)
w(75,47,1,74)
w(4,53,1,74)
r(37,41,1,74)
r(88,49,1,74)
w(1,40,1,74)
r(29,39,1,74)
r(42,47,1,74)
r(73,38,1,74)
w(105,45,1,74)
r(7,45,1,74)
w(2,41,1,74)
w(96,44,1,74)
w(91,33,1,74)
r(100,35,1,74)
w(106,42,1,75)
r(96,44,1,75)
r(17,55,1,75)
w(22,47,1,75)
w(103,42,1,75)
r(117,1,1,75)
r(75,47,1,75)
r(27,3,1,75)
r(36,2,1,75)
w(118,44,1,75)
r(22,47,1,75)
r(112,27,1,75)
w(1,41,1,75)
r(15,40,1,75)
r(39,44,1,75)
w(110,52,1,75)
r(88,49,1,75)
r(90,2,1,75)
r(37,41,1,75)
r(103,42,1,75)
r(96,44,1,76)
r(34,44,1,76)
w(110,53,1,76)
r(101,1,1,76)
w(24,43,1,76)
r(89,3,1,76)
r(25,50,1,76)
r(98,30,1,76)
r(74,3,1,76)
r(78,44,1,76)
r(62,65,1,76)
w(47,39,1,76)
r(15,40,1,76)
w(96,45,1,76)
r(25,50,1,76)
w(106,43,1,76)
w(87,40,1,76)
w(44,52,1,76)
r(28,2,1,76)
w(60,51,1,76)
w(0,42,1,77)
w(43,42,1,77)
w(41,59,1,77)
r(37,3,1,77)
w(25,51,1,77)
w(94,55,1,77)
r(98,30,1,77)
r(62,65,1,77)
w(26,39,1,77)
w(52,48,1,77)
w(114,37,1,77)
w(45,44,1,77)
r(36,3,1,77)
r(40,1,1,77)
w(94,56,1,77)
r(11,37,1,77)
r(12,4,1,77)
w(87,41,1,77)
w(22,48,1,77)
r(91,33,1,77)
w(32,37,1,78)
w(73,39,1,78)
w(73,40,1,78)
r(73,40,1,78)
r(63,55,1,78)
r(109,3,1,78)
w(49,46,1,78)
r(93,1,1,78)
w(101,40,1,78)
r(102,4,1,78)
w(38,39,1,78)
w(7,46,1,78)
r(111,40,1,78)
r(59,2,1,78)
r(48,1,1,78)
w(103,43,1,78)
w(42,48,1,78)
r(42,48,1,78)
w(13,45,1,78)
w(48,41,1,78)
r(72,1,1,79)
w(1,42,1,79)
r(117,2,1,79)
w(33,49,1,79)
r(112,2,1,79)
w(27,43,1,79)
r(94,56,1,79)
w(26,40,1,79)
r(114,2,1,79)
r(110,3,1,79)
w(7,47,1,79)
r(105,45,1,79)
w(98,31,1,79)
w(102,38,1,79)
w(57,51,1,79)
r(11,37,1,79)
w(76,50,1,79)
r(8,49,1,79)
r(23,3,1,79)
r(58,6,1,79)
w(67,46,1,80)
r(6,33,1,80)
w(94,57,1,80)
w(108,49,1,80)
r(88,49,1,80)
r(92,1,1,80)
w(40,39,1,80)
w(82,55,1,80)
w(89,46,1,80)
r(58,6,1,80)
r(55,41,1,80)
r(115,1,1,80)
w(92,60,1,80)
r(4,4,1,80)
r(3,4,1,80)
w(105,46,1,80)
r(26,40,1,80)
r(91,1,1,80)
r(44,52,1,80)
w(116,42,1,80)
r(22,48,1,81)
r(34,44,1,81)
w(24,44,1,81)
r(60,3,1,81)
r(48,41,1,81)
r(89,46,1,81)
r(91,1,1,81)
r(12,4,1,81)
r(34,44,1,81)
w(17,56,1,81)
r(23,3,1,81)
r(59,2,1,81)
w(102,39,1,81)
w(48,42,1,81)
r(92,60,1,81)
r(11,37,1,81)
r(80,3,1,81)
w(6,34,1,81)
r(93,1,1,81)
r(62,65,1,81)
r(108,49,1,82)
w(40,40,1,82)
w(71,33,1,82)
r(3,4,1,82)
r(119,1,1,82)
r(74,3,1,82)
r(85,50,1,82)
r(26,40,1,82)
r(102,39,1,82)
r(96,45,1,82)
w(21,45,1,82)
w(17,57,1,82)
r(91,1,1,82)
w(102,40,1,82)
r(101,40,1,82)
w(59,42,1,82)
w(77,41,1,82)
r(67,46,1,82)
w(91,34,1,82)
r(113,1,1,82)
w(14,43,1,83)
r(52,48,1,83)
r(69,1,1,83)
r(72,1,1,83)
w(21,46,1,83)
w(26,41,1,83)
w(3,53,1,83)
r(86,32,1,83)
r(72,1,1,83)
w(35,54,1,83)
r(26,41,1,83)
r(73,3,1,83)
w(33,50,1,83)
r(29,39,1,83)
r(53,5,1,83)
w(27,44,1,83)
r(27,44,1,83)
w(87,42,1,83)
r(8,49,1,83)
w(87,43,1,83)
w(60,52,1,84)
w(62,66,1,84)
r(7,47,1,84)
r(43,42,1,84)
r(94,57,1,84)
w(74,59,1,84)
w(100,36,1,84)
r(47,39,1,84)
w(81,40,1,84)
r(93,1,1,84)
w(70,53,1,84)
r(66,52,1,84)
w(8,50,1,84)
r(25,51,1,84)
r(114,2,1,84)
w(16,46,1,84)
w(97,40,1,84)
w(37,42,1,84)
w(12,45,1,84)
r(85,50,1,84)
w(105,47,1,85)
w(105,48,1,85)
w(25,52,1,85)
w(114,38,1,85)
r(2,3,1,85)
w(60,53,1,85)
r(34,44,1,85)
w(56,40,1,85)
w(23,36,1,85)
r(62,66,1,85)
r(82,55,1,85)
w(80,41,1,85)
r(71,33,1,85)
r(9,2,1,85)
r(36,4,1,85)
w(97,41,1,85)
w(98,32,1,85)
w(47,40,1,85)
r(76,50,1,85)
w(37,43,1,85)
w(5,53,1,86)
r(52,48,1,86)
w(31,45,1,86)
w(101,41,1,86)
r(41,3,1,86)
w(40,41,1,86)
r(32,4,1,86)
r(110,3,1,86)
r(67,46,1,86)
w(115,48,1,86)
r(82,55,1,86)
w(65,46,1,86)
w(104,49,1,86)
r(23,4,1,86)
r(61,3,1,86)
r(109,5,1,86)
r(107,2,1,86)
w(40,42,1,86)
r(59,42,1,86)
r(5,53,1,86)
r(31,45,1,87)
r(18,6,1,87)
r(15,3,1,87)
r(110,3,1,87)
r(119,2,1,87)
w(5,54,1,87)
w(77,42,1,87)
r(78,2,1,87)
w(104,50,1,87)
r(60,53,1,87)
w(46,39,1,87)
w(43,43,1,87)
r(114,38,1,87)
r(42,48,1,87)
r(95,2,1,87)
w(25,53,1,87)
w(10,37,1,87)
w(45,45,1,87)
r(42,48,1,87)
r(97,41,1,87)
r(61,4,1,88)
r(79,1,1,88)
r(13,2,1,88)
w(113,38,1,88)
r(97,41,1,88)
r(100,36,1,88)
r(95,2,1,88)
r(63,5,1,88)
w(119,28,1,88)
r(108,49,1,88)
w(43,44,1,88)
w(65,47,1,88)
r(18,6,1,88)
w(55,42,1,88)
r(62,66,1,88)
w(87,44,1,88)
r(9,2,1,88)
w(2,42,1,88)
r(118,4,1,88)
w(61,43,1,88)
w(85,51,1,89)
w(14,44,1,89)
r(84,4,1,89)
w(108,50,1,89)
w(60,54,1,89)
r(103,2,1,89)
r(59,42,1,89)
w(96,46,1,89)
w(101,42,1,89)
w(95,36,1,89)
w(0,43,1,89)
w(60,55,1,89)
w(58,51,1,89)
w(16,47,1,89)
w(98,33,1,89)
r(24,44,1,89)
w(104,51,1,89)
w(117,43,1,89)
w(116,43,1,89)
r(18,6,1,89)
r(105,48,1,90)
r(16,47,1,90)
w(49,47,1,90)
w(13,46,1,90)
r(23,4,1,90)
w(71,34,1,90)
r(61,43,1,90)
r(15,3,1,90)
w(82,56,1,90)
r(91,3,1,90)
r(85,51,1,90)
r(20,3,1,90)
r(106,2,1,90)
r(34,44,1,90)
r(58,51,1,90)
w(42,49,1,90)
w(60,56,1,90)
r(6,34,1,90)
r(85,51,1,90)
w(25,54,1,90)
r(41,4,1,91)
r(32,5,1,91)
r(102,40,1,91)
r(91,3,1,91)
r(44,52,1,91)
w(115,49,1,91)
r(80,41,1,91)
w(48,43,1,91)
r(22,3,1,91)
w(85,52,1,91)
w(27,45,1,91)
w(56,41,1,91)
r(14,44,1,91)
w(43,45,1,91)
r(76,50,1,91)
w(21,47,1,91)
r(28,4,1,91)
w(62,67,1,91)
r(80,41,1,91)
w(1,43,1,91)
w(108,51,1,92)
r(109,5,1,92)
r(113,2,1,92)
r(50,3,1,92)
w(47,41,1,92)
r(27,45,1,92)
r(112,3,1,92)
w(90,45,1,92)
r(72,1,1,92)
r(31,45,1,92)
w(50,33,1,92)
w(60,57,1,92)
r(92,2,1,92)
r(107,2,1,92)
r(64,2,1,92)
r(26,41,1,92)
w(104,52,1,92)
w(75,48,1,92)
r(113,2,1,92)
w(50,34,1,92)
r(21,47,1,93)
w(103,44,1,93)
r(71,34,1,93)
w(8,51,1,93)
w(88,50,1,93)
r(119,28,1,93)
w(78,45,1,93)
w(16,48,1,93)
w(118,45,1,93)
w(34,45,1,93)
r(19,4,1,93)
w(65,48,1,93)
w(97,42,1,93)
w(91,35,1,93)
w(101,43,1,93)
w(61,44,1,93)
r(65,48,1,93)
w(106,44,1,93)
r(115,49,1,93)
r(62,6,1,93)
w(106,45,1,94)
w(73,41,1,94)
w(72,60,1,94)
r(41,4,1,94)
r(90,45,1,94)
r(90,45,1,94)
w(72,61,1,94)
w(54,66,1,94)
w(17,58,1,94)
w(27,46,1,94)
w(110,54,1,94)
r(18,6,1,94)
w(12,46,1,94)
w(83,50,1,94)
w(76,51,1,94)
w(9,44,1,94)
r(11,37,1,94)
r(101,43,1,94)
w(0,44,1,94)
w(48,44,1,94)
w(48,45,1,95)
r(3,53,1,95)
w(4,54,1,95)
w(11,38,1,95)
r(88,50,1,95)
w(117,44,1,95)
w(46,40,1,95)
w(24,45,1,95)
r(52,48,1,95)
w(44,53,1,95)
r(25,5,1,95)
r(102,40,1,95)
w(2,43,1,95)
w(54,67,1,95)
w(70,54,1,95)
w(7,48,1,95)
w(103,45,1,95)
w(74,60,1,95)
w(41,60,1,95)
r(50,34,1,95)
w(108,52,1,96)
r(69,3,1,96)
w(77,43,1,96)
w(53,49,1,96)
w(35,55,1,96)
w(114,39,1,96)
r(78,45,1,96)
r(118,6,1,96)
w(102,41,1,96)
w(42,50,1,96)
r(41,60,1,96)
r(52,48,1,96)
r(105,3,1,96)
r(94,57,1,96)
w(56,42,1,96)
w(118,46,1,96)
w(26,42,1,96)
w(60,58,1,96)
w(117,45,1,96)
r(2,43,1,96)
r(41,60,1,97)
w(67,47,1,97)
w(69,40,1,97)
w(95,37,1,97)
w(71,35,1,97)
w(97,43,1,97)
r(5,4,1,97)
r(113,2,1,97)
r(4,54,1,97)
w(16,49,1,97)
w(59,43,1,97)
w(25,55,1,97)
r(40,4,1,97)
w(108,53,1,97)
w(32,38,1,97)
w(6,35,1,97)
w(101,44,1,97)
r(37,43,1,97)
r(117,45,1,97)
r(106,45,1,97)
w(43,46,1,98)
r(75,48,1,98)
w(70,55,1,98)
r(79,1,1,98)
w(106,46,1,98)
w(46,41,1,98)
r(2,43,1,98)
r(60,5,1,98)
w(91,36,1,98)
r(7,48,1,98)
w(47,42,1,98)
w(12,47,1,98)
r(4,54,1,98)
w(38,40,1,98)
w(111,41,1,98)
r(107,2,1,98)
r(4,54,1,98)
w(90,46,1,98)
r(22,4,1,98)
w(117,46,1,98)
r(93,2,1,99)
w(79,48,1,99)
w(32,39,1,99)
w(17,59,1,99)
w(56,43,1,99)
r(19,4,1,99)
r(67,47,1,99)
w(10,38,1,99)
r(0,7,1,99)
r(55,42,1,99)
w(12,48,1,99)
w(57,52,1,99)
r(47,42,1,99)
w(70,56,1,99)
r(36,4,1,99)
w(70,57,1,99)
r(45,5,1,99)
r(87,3,1,99)
w(17,60,1,99)
w(56,44,1,99)
