w(17,1,0,0)
w(83,1,0,0)
r(60,0,0,0)
r(55,0,0,0)
w(114,1,0,0)
r(10,0,0,0)
w(118,1,0,0)
r(39,0,0,0)
w(61,1,0,0)
r(50,0,0,0)
w(0,1,0,0)
r(104,0,0,0)
r(89,0,0,0)
r(46,0,0,0)
w(18,1,0,0)
r(20,0,0,0)
r(36,44,0,0)
r(45,0,0,0)
w(21,1,0,0)
r(116,0,0,0)
w(67,1,0,1)
r(48,0,0,1)
w(60,1,0,1)
w(118,2,0,1)
w(25,1,0,1)
w(2,1,0,1)
w(13,1,0,1)
r(19,0,0,1)
w(93,1,0,1)
w(42,1,0,1)
r(68,0,0,1)
r(99,0,0,1)
r(84,0,0,1)
r(102,0,0,1)
w(94,1,0,1)
w(115,1,0,1)
w(98,1,0,1)
r(19,0,0,1)
r(84,0,0,1)
w(64,1,0,1)
w(74,1,0,2)
w(66,1,0,2)
w(93,2,0,2)
r(119,0,0,2)
w(101,1,0,2)
r(56,0,0,2)
w(13,2,0,2)
w(31,1,0,2)
r(8,47,0,2)
w(19,1,0,2)
r(10,0,0,2)
w(8,1,0,2)
r(20,0,0,2)
w(21,2,0,2)
w(116,1,0,2)
w(96,1,0,2)
w(86,1,0,2)
r(100,0,0,2)
w(13,3,0,2)
r(80,0,0,2)
r(87,36,0,3)
w(32,1,0,3)
w(7,1,0,3)
w(95,1,0,3)
w(26,1,0,3)
r(96,1,0,3)
w(36,1,0,3)
w(92,1,0,3)
w(74,2,0,3)
w(85,1,0,3)
r(86,1,0,3)
w(99,1,0,3)
w(87,1,0,3)
w(89,1,0,3)
r(31,1,0,3)
r(9,0,0,3)
r(90,42,0,3)
w(68,1,0,3)
w(14,1,0,3)
r(111,52,0,3)
r(27,47,0,4)
w(28,1,0,4)
r(69,0,0,4)
w(17,2,0,4)
r(28,1,0,4)
w(97,1,0,4)
w(94,2,0,4)
w(73,1,0,4)
r(40,0,0,4)
r(11,0,0,4)
r(9,0,0,4)
w(64,2,0,4)
r(116,1,0,4)
r(67,36,0,4)
w(14,2,0,4)
r(66,1,0,4)
r(74,2,0,4)
r(16,58,0,4)
r(31,1,0,4)
r(59,0,0,4)
r(81,0,0,5)
w(62,1,0,5)
w(47,1,0,5)
w(39,1,0,5)
r(32,1,0,5)
r(6,41,0,5)
w(97,2,0,5)
w(21,3,0,5)
r(89,1,0,5)
r(71,49,0,5)
w(40,1,0,5)
w(79,1,0,5)
w(106,1,0,5)
w(21,4,0,5)
w(92,2,0,5)
w(20,1,0,5)
r(72,0,0,5)
r(92,2,0,5)
w(75,1,0,5)
r(87,1,0,5)
w(102,1,0,6)
r(1,0,0,6)
r(77,44,0,6)
r(97,2,0,6)
r(0,1,0,6)
w(49,1,0,6)
r(30,0,0,6)
w(14,3,0,6)
r(41,0,0,6)
w(92,3,0,6)
w(119,1,0,6)
r(54,41,0,6)
w(94,3,0,6)
w(85,2,0,6)
w(33,1,0,6)
r(34,0,0,6)
r(117,0,0,6)
w(74,3,0,6)
w(53,1,0,6)
w(94,4,0,6)
r(90,43,0,7)
r(62,1,0,7)
r(51,46,0,7)
w(90,1,0,7)
r(118,2,0,7)
w(1,1,0,7)
w(78,1,0,7)
r(2,1,0,7)
r(59,0,0,7)
r(44,35,0,7)
r(56,0,0,7)
r(10,39,0,7)
r(18,1,0,7)
w(40,2,0,7)
w(99,2,0,7)
w(110,1,0,7)
w(113,1,0,7)
w(24,1,0,7)
r(95,1,0,7)
r(96,1,0,7)
w(20,2,0,8)
w(63,1,0,8)
w(64,3,0,8)
r(20,2,0,8)
w(108,1,0,8)
r(106,1,0,8)
w(103,1,0,8)
w(52,1,0,8)
w(77,1,0,8)
w(37,1,0,8)
w(92,4,0,8)
w(108,2,0,8)
w(51,1,0,8)
r(71,49,0,8)
w(25,2,0,8)
r(80,0,0,8)
w(79,2,0,8)
w(44,1,0,8)
r(65,0,0,8)
w(107,1,0,8)
w(3,1,0,9)
r(26,1,0,9)
r(13,3,0,9)
w(21,5,0,9)
w(80,1,0,9)
w(22,1,0,9)
r(112,52,0,9)
w(32,2,0,9)
w(76,1,0,9)
w(51,2,0,9)
w(31,2,0,9)
w(6,1,0,9)
r(39,1,0,9)
r(109,0,0,9)
w(40,3,0,9)
w(61,2,0,9)
r(37,1,0,9)
w(39,2,0,9)
w(53,2,0,9)
r(50,47,0,9)
r(45,0,0,10)
w(15,1,0,10)
r(96,1,0,10)
w(45,1,0,10)
w(67,2,0,10)
r(0,41,0,10)
r(83,43,0,10)
w(32,3,0,10)
r(95,48,0,10)
r(84,0,0,10)
w(58,1,0,10)
r(108,2,0,10)
r(35,35,0,10)
r(101,33,0,10)
r(86,50,0,10)
r(47,48,0,10)
r(30,0,0,10)
w(56,1,0,10)
w(49,2,0,10)
w(31,3,0,10)
r(85,2,0,11)
r(97,2,0,11)
w(63,2,0,11)
w(88,1,0,11)
r(42,49,0,11)
r(62,56,0,11)
w(109,1,0,11)
r(73,1,0,11)
r(118,2,0,11)
w(11,1,0,11)
r(50,47,0,11)
w(102,2,0,11)
w(77,2,0,11)
r(93,48,0,11)
r(113,40,0,11)
w(103,2,0,11)
r(18,43,0,11)
r(63,2,0,11)
w(118,3,0,11)
w(49,3,0,11)
w(13,4,0,12)
w(104,1,0,12)
w(40,4,0,12)
w(81,1,0,12)
w(110,2,0,12)
w(76,2,0,12)
r(46,36,0,12)
r(93,48,0,12)
r(47,48,0,12)
w(1,2,0,12)
r(24,1,0,12)
r(61,2,0,12)
r(3,1,0,12)
w(98,2,0,12)
r(6,1,0,12)
w(115,2,0,12)
w(73,2,0,12)
w(39,3,0,12)
w(31,4,0,12)
r(9,0,0,12)
r(37,1,0,13)
r(14,3,0,13)
w(91,1,0,13)
r(1,38,0,13)
w(82,1,0,13)
r(15,1,0,13)
w(73,3,0,13)
r(58,1,0,13)
r(32,44,0,13)
w(103,3,0,13)
r(81,1,0,13)
w(8,2,0,13)
r(107,34,0,13)
w(11,2,0,13)
w(13,5,0,13)
w(117,1,0,13)
w(118,4,0,13)
r(76,2,0,13)
w(91,2,0,13)
r(91,2,0,13)
w(103,4,0,14)
r(75,39,0,14)
w(83,2,0,14)
r(74,48,0,14)
r(38,0,0,14)
w(3,2,0,14)
r(56,1,0,14)
w(88,2,0,14)
r(86,50,0,14)
w(94,5,0,14)
w(68,2,0,14)
w(107,2,0,14)
r(96,1,0,14)
r(64,3,0,14)
w(38,1,0,14)
w(80,2,0,14)
w(106,2,0,14)
w(27,1,0,14)
r(64,3,0,14)
w(64,4,0,14)
w(67,3,0,15)
w(27,2,0,15)
r(27,2,0,15)
r(33,44,0,15)
w(28,2,0,15)
r(0,41,0,15)
w(37,2,0,15)
w(29,1,0,15)
r(64,4,0,15)
r(48,49,0,15)
w(119,2,0,15)
w(98,3,0,15)
w(100,1,0,15)
r(53,2,0,15)
r(104,48,0,15)
w(78,2,0,15)
r(118,4,0,15)
r(80,2,0,15)
r(71,49,0,15)
w(84,1,0,15)
r(98,3,0,16)
r(36,47,0,16)
r(91,43,0,16)
w(22,2,0,16)
r(104,48,0,16)
w(47,2,0,16)
w(64,5,0,16)
r(70,35,0,16)
r(26,1,0,16)
r(42,50,0,16)
w(10,1,0,16)
w(92,5,0,16)
w(33,2,0,16)
w(57,1,0,16)
w(103,5,0,16)
w(36,2,0,16)
w(13,6,0,16)
w(55,1,0,16)
r(28,2,0,16)
r(45,1,0,16)
r(46,36,0,17)
w(43,1,0,17)
w(62,2,0,17)
w(80,3,0,17)
r(91,43,0,17)
w(66,2,0,17)
r(2,39,0,17)
w(112,1,0,17)
w(75,2,0,17)
w(98,4,0,17)
w(17,3,0,17)
w(7,2,0,17)
r(25,50,0,17)
r(16,58,0,17)
r(81,1,0,17)
r(39,3,0,17)
r(1,38,0,17)
r(26,1,0,17)
w(39,4,0,17)
r(29,1,0,17)
w(42,2,0,18)
w(71,1,0,18)
w(78,3,0,18)
r(9,45,0,18)
r(119,2,0,18)
w(89,2,0,18)
r(101,33,0,18)
w(53,3,0,18)
r(12,31,0,18)
r(62,2,0,18)
r(87,37,0,18)
r(19,49,0,18)
w(51,3,0,18)
r(111,53,0,18)
r(81,59,0,18)
w(48,1,0,18)
w(86,2,0,18)
r(119,2,0,18)
w(24,2,0,18)
r(12,31,0,18)
w(116,2,0,19)
r(59,38,0,19)
w(36,3,0,19)
w(75,3,0,19)
w(31,5,0,19)
w(17,4,0,19)
r(2,39,0,19)
r(12,32,0,19)
w(116,3,0,19)
r(3,2,0,19)
w(57,2,0,19)
w(67,4,0,19)
r(34,42,0,19)
r(0,42,0,19)
w(47,3,0,19)
r(100,1,0,19)
w(12,1,0,19)
w(97,3,0,19)
w(36,4,0,19)
r(75,3,0,19)
r(106,2,0,20)
r(93,48,0,20)
r(22,49,0,20)
w(61,3,0,20)
r(51,3,0,20)
r(10,1,0,20)
w(85,3,0,20)
r(77,45,0,20)
w(27,3,0,20)
w(14,4,0,20)
r(94,49,0,20)
w(7,3,0,20)
w(113,2,0,20)
w(86,3,0,20)
w(105,1,0,20)
r(17,4,0,20)
r(67,4,0,20)
w(12,2,0,20)
w(56,2,0,20)
r(33,45,0,20)
w(82,2,0,21)
r(66,36,0,21)
w(85,4,0,21)
r(59,38,0,21)
r(112,1,0,21)
r(2,39,0,21)
r(119,2,0,21)
w(65,1,0,21)
w(38,2,0,21)
r(118,46,0,21)
r(113,2,0,21)
w(104,2,0,21)
w(77,3,0,21)
w(21,6,0,21)
r(9,46,0,21)
r(42,2,0,21)
w(87,2,0,21)
w(102,3,0,21)
w(28,3,0,21)
r(3,46,0,21)
w(42,3,0,22)
r(77,3,0,22)
r(94,50,0,22)
r(106,41,0,22)
w(118,5,0,22)
w(75,4,0,22)
r(42,3,0,22)
w(71,2,0,22)
w(3,3,0,22)
r(110,2,0,22)
w(72,1,0,22)
r(73,42,0,22)
r(85,4,0,22)
w(94,6,0,22)
r(38,2,0,22)
w(91,3,0,22)
w(102,4,0,22)
w(93,3,0,22)
r(67,4,0,22)
r(75,4,0,22)
r(102,4,0,23)
w(53,4,0,23)
r(84,1,0,23)
w(20,3,0,23)
w(38,3,0,23)
r(90,44,0,23)
r(4,40,0,23)
r(25,50,0,23)
w(93,4,0,23)
w(5,1,0,23)
r(87,2,0,23)
w(0,2,0,23)
r(99,37,0,23)
r(97,3,0,23)
r(61,3,0,23)
r(17,4,0,23)
r(40,62,0,23)
w(92,6,0,23)
w(47,4,0,23)
r(38,3,0,23)
w(13,7,0,24)
r(22,52,0,24)
r(95,49,0,24)
w(94,7,0,24)
w(18,2,0,24)
w(103,6,0,24)
r(53,4,0,24)
r(12,34,0,24)
r(8,50,0,24)
w(114,2,0,24)
w(43,2,0,24)
w(46,1,0,24)
w(77,4,0,24)
r(8,50,0,24)
w(56,3,0,24)
r(98,4,0,24)
w(102,5,0,24)
w(36,5,0,24)
r(16,58,0,24)
r(39,4,0,24)
w(45,2,0,25)
r(53,4,0,25)
w(96,2,0,25)
w(85,5,0,25)
r(118,5,0,25)
r(36,50,0,25)
w(61,4,0,25)
w(37,3,0,25)
r(74,49,0,25)
r(108,41,0,25)
w(35,1,0,25)
r(4,40,0,25)
r(38,45,0,25)
r(58,40,0,25)
r(95,49,0,25)
w(90,2,0,25)
r(62,57,0,25)
r(69,0,0,25)
r(40,62,0,25)
r(33,46,0,25)
r(46,1,0,26)
r(33,46,0,26)
w(60,2,0,26)
r(32,44,0,26)
r(16,58,0,26)
w(83,3,0,26)
r(102,5,0,26)
r(100,45,0,26)
w(38,4,0,26)
r(17,42,0,26)
w(12,3,0,26)
w(0,3,0,26)
w(25,3,0,26)
w(59,1,0,26)
r(78,57,0,26)
r(43,2,0,26)
w(65,2,0,26)
r(43,2,0,26)
r(46,1,0,26)
w(29,2,0,26)
w(10,2,0,27)
r(33,46,0,27)
r(92,6,0,27)
w(9,1,0,27)
r(83,3,0,27)
r(6,1,0,27)
r(44,38,0,27)
r(18,2,0,27)
r(99,38,0,27)
w(14,5,0,27)
r(38,47,0,27)
r(93,49,0,27)
w(119,3,0,27)
w(62,3,0,27)
w(7,4,0,27)
r(12,3,0,27)
w(12,4,0,27)
w(25,4,0,27)
w(119,4,0,27)
w(9,2,0,27)
r(68,42,0,28)
r(105,41,0,28)
w(110,3,0,28)
r(15,31,0,28)
w(110,4,0,28)
w(58,2,0,28)
w(82,3,0,28)
r(23,54,0,28)
r(90,46,0,28)
w(25,5,0,28)
w(41,1,0,28)
w(44,2,0,28)
w(84,2,0,28)
w(100,2,0,28)
r(103,58,0,28)
r(114,2,0,28)
w(94,8,0,28)
w(74,4,0,28)
w(71,3,0,28)
w(101,2,0,28)
r(4,40,0,29)
w(1,3,0,29)
r(117,41,0,29)
r(82,3,0,29)
r(65,51,0,29)
w(44,3,0,29)
r(7,42,0,29)
w(74,5,0,29)
r(37,3,0,29)
r(24,2,0,29)
r(5,1,0,29)
w(82,4,0,29)
w(36,6,0,29)
w(34,1,0,29)
w(26,2,0,29)
w(92,7,0,29)
r(14,5,0,29)
w(97,4,0,29)
w(111,1,0,29)
r(37,3,0,29)
w(34,2,0,30)
r(43,2,0,30)
r(89,48,0,30)
r(83,3,0,30)
w(3,4,0,30)
w(13,8,0,30)
r(60,2,0,30)
w(12,5,0,30)
w(53,5,0,30)
r(85,5,0,30)
r(76,42,0,30)
w(82,5,0,30)
w(0,4,0,30)
w(93,5,0,30)
w(104,3,0,30)
r(60,2,0,30)
w(10,3,0,30)
w(54,1,0,30)
w(57,3,0,30)
r(11,37,0,30)
w(10,4,0,31)
w(82,6,0,31)
w(93,6,0,31)
r(2,40,0,31)
r(111,1,0,31)
r(42,52,0,31)
w(107,3,0,31)
r(41,39,0,31)
r(93,6,0,31)
r(93,6,0,31)
r(40,62,0,31)
r(36,6,0,31)
r(30,41,0,31)
w(42,4,0,31)
r(100,2,0,31)
r(10,4,0,31)
w(67,5,0,31)
w(118,6,0,31)
w(82,7,0,31)
w(103,7,0,31)
w(14,6,0,32)
w(3,5,0,32)
w(71,4,0,32)
r(76,42,0,32)
w(11,3,0,32)
w(62,4,0,32)
r(52,46,0,32)
w(66,3,0,32)
w(54,2,0,32)
w(14,7,0,32)
w(105,2,0,32)
w(23,1,0,32)
w(13,9,0,32)
r(59,39,0,32)
w(86,4,0,32)
r(81,59,0,32)
w(65,3,0,32)
w(11,4,0,32)
w(90,3,0,32)
w(32,4,0,32)
w(31,6,0,33)
r(102,5,0,33)
r(100,2,0,33)
w(119,5,0,33)
r(105,2,0,33)
w(55,2,0,33)
w(95,2,0,33)
w(14,8,0,33)
w(26,3,0,33)
r(3,5,0,33)
r(89,48,0,33)
w(97,5,0,33)
w(21,7,0,33)
r(26,3,0,33)
r(1,3,0,33)
w(30,1,0,33)
r(62,4,0,33)
w(60,3,0,33)
r(92,54,0,33)
r(110,4,0,33)
r(2,40,0,34)
r(115,49,0,34)
w(70,1,0,34)
r(30,1,0,34)
w(49,4,0,34)
r(103,7,0,34)
r(62,4,0,34)
r(14,8,0,34)
w(92,8,0,34)
r(52,46,0,34)
r(5,1,0,34)
w(43,3,0,34)
w(46,2,0,34)
w(9,3,0,34)
w(77,5,0,34)
r(4,41,0,34)
w(110,5,0,34)
w(16,1,0,34)
r(119,5,0,34)
r(117,41,0,34)
r(54,2,0,35)
w(113,3,0,35)
w(43,4,0,35)
r(119,5,0,35)
r(111,56,0,35)
w(62,5,0,35)
r(43,4,0,35)
w(59,2,0,35)
r(106,42,0,35)
r(49,4,0,35)
r(15,31,0,35)
r(45,2,0,35)
r(96,44,0,35)
r(30,1,0,35)
r(101,34,0,35)
r(81,59,0,35)
r(6,1,0,35)
w(63,3,0,35)
r(95,2,0,35)
r(102,5,0,35)
w(25,6,0,36)
r(36,51,0,36)
r(30,1,0,36)
w(5,2,0,36)
r(57,51,0,36)
r(33,46,0,36)
w(29,3,0,36)
r(110,5,0,36)
w(18,3,0,36)
w(95,3,0,36)
r(73,44,0,36)
w(62,6,0,36)
w(98,5,0,36)
w(31,7,0,36)
w(42,5,0,36)
w(51,4,0,36)
w(92,9,0,36)
w(5,3,0,36)
w(2,2,0,36)
w(62,7,0,36)
w(29,4,0,37)
w(86,5,0,37)
r(78,58,0,37)
w(118,7,0,37)
w(27,4,0,37)
w(114,3,0,37)
w(78,4,0,37)
w(92,10,0,37)
w(72,2,0,37)
r(44,3,0,37)
r(81,59,0,37)
w(115,3,0,37)
w(118,8,0,37)
w(119,6,0,37)
w(31,8,0,37)
w(74,6,0,37)
r(98,5,0,37)
w(113,4,0,37)
w(77,6,0,37)
w(40,5,0,37)
r(16,1,0,38)
r(12,35,0,38)
r(54,2,0,38)
w(116,4,0,38)
w(111,2,0,38)
w(52,2,0,38)
w(62,8,0,38)
w(50,1,0,38)
w(14,9,0,38)
r(40,5,0,38)
w(95,4,0,38)
w(88,3,0,38)
r(73,44,0,38)
w(71,5,0,38)
w(113,5,0,38)
w(31,9,0,38)
r(87,2,0,38)
w(45,3,0,38)
r(4,41,0,38)
r(33,46,0,38)
r(107,3,0,39)
w(10,5,0,39)
r(75,4,0,39)
w(115,4,0,39)
w(50,2,0,39)
w(97,6,0,39)
w(117,2,0,39)
w(27,5,0,39)
r(106,42,0,39)
w(83,4,0,39)
r(113,5,0,39)
r(58,2,0,39)
w(60,4,0,39)
w(75,5,0,39)
w(51,5,0,39)
r(97,6,0,39)
w(6,2,0,39)
r(42,5,0,39)
w(50,3,0,39)
w(1,4,0,39)
r(20,3,0,40)
r(104,3,0,40)
w(48,2,0,40)
r(109,45,0,40)
r(96,44,0,40)
w(93,7,0,40)
w(8,3,0,40)
w(8,4,0,40)
r(21,7,0,40)
w(102,6,0,40)
r(16,1,0,40)
w(66,4,0,40)
r(40,5,0,40)
r(111,57,0,40)
w(22,3,0,40)
w(103,8,0,40)
r(52,2,0,40)
w(45,4,0,40)
r(98,45,0,40)
w(69,1,0,40)
r(16,59,0,41)
r(64,41,0,41)
w(107,4,0,41)
r(97,6,0,41)
r(57,51,0,41)
r(106,42,0,41)
w(83,5,0,41)
w(24,3,0,41)
w(5,4,0,41)
r(79,39,0,41)
r(49,4,0,41)
r(49,4,0,41)
r(92,55,0,41)
r(32,4,0,41)
r(108,41,0,41)
w(93,8,0,41)
r(69,1,0,41)
r(76,42,0,41)
w(105,3,0,41)
r(89,48,0,41)
w(32,5,0,42)
r(75,5,0,42)
r(91,45,0,42)
r(39,49,0,42)
r(20,3,0,42)
r(69,28,0,42)
w(111,3,0,42)
r(106,42,0,42)
r(20,3,0,42)
w(27,6,0,42)
r(84,44,0,42)
w(57,4,0,42)
w(14,10,0,42)
r(47,50,0,42)
r(0,44,0,42)
w(119,7,0,42)
r(83,5,0,42)
r(50,3,0,42)
r(41,40,0,42)
r(102,6,0,42)
r(67,44,0,43)
w(27,7,0,43)
r(28,49,0,43)
r(95,50,0,43)
w(84,3,0,43)
w(88,4,0,43)
w(91,4,0,43)
r(4,41,0,43)
r(62,8,0,43)
r(87,2,0,43)
r(47,50,0,43)
w(119,8,0,43)
r(115,4,0,43)
w(65,4,0,43)
w(67,6,0,43)
r(3,5,0,43)
w(38,5,0,43)
w(33,3,0,43)
r(106,42,0,43)
w(69,2,0,43)
w(71,6,0,44)
r(11,38,0,44)
r(73,44,0,44)
r(40,5,0,44)
w(50,4,0,44)
w(17,5,0,44)
w(62,9,0,44)
r(3,5,0,44)
r(66,38,0,44)
w(62,10,0,44)
w(102,7,0,44)
w(78,5,0,44)
w(18,4,0,44)
r(86,5,0,44)
w(53,6,0,44)
w(71,7,0,44)
r(47,50,0,44)
w(52,3,0,44)
w(67,7,0,44)
w(10,6,0,44)
w(42,6,0,45)
r(114,3,0,45)
w(8,5,0,45)
w(7,5,0,45)
w(18,5,0,45)
w(86,6,0,45)
w(102,8,0,45)
r(56,47,0,45)
w(103,9,0,45)
w(97,7,0,45)
r(64,41,0,45)
w(89,3,0,45)
w(0,5,0,45)
w(112,2,0,45)
r(12,36,0,45)
w(45,5,0,45)
r(2,42,0,45)
w(111,4,0,45)
w(118,9,0,45)
w(94,9,0,45)
r(95,50,0,46)
w(28,4,0,46)
r(52,3,0,46)
w(73,4,0,46)
w(90,4,0,46)
r(65,4,0,46)
r(110,5,0,46)
w(106,3,0,46)
r(102,8,0,46)
w(0,6,0,46)
r(51,50,0,46)
r(43,4,0,46)
w(104,4,0,46)
r(43,4,0,46)
r(35,41,0,46)
w(18,6,0,46)
w(12,6,0,46)
r(76,42,0,46)
w(64,6,0,46)
w(83,6,0,46)
w(10,7,0,47)
w(58,3,0,47)
r(21,35,0,47)
r(99,41,0,47)
r(47,50,0,47)
w(71,8,0,47)
r(16,59,0,47)
w(32,6,0,47)
r(98,45,0,47)
w(38,6,0,47)
r(119,8,0,47)
w(118,10,0,47)
w(115,5,0,47)
w(43,5,0,47)
r(84,45,0,47)
r(50,4,0,47)
r(82,7,0,47)
r(16,59,0,47)
r(15,32,0,47)
r(22,55,0,47)
r(67,7,0,48)
w(81,2,0,48)
w(7,6,0,48)
r(62,10,0,48)
r(75,5,0,48)
r(91,4,0,48)
r(93,52,0,48)
r(19,50,0,48)
r(49,4,0,48)
w(36,7,0,48)
r(117,43,0,48)
r(59,41,0,48)
w(115,6,0,48)
w(100,3,0,48)
r(17,5,0,48)
w(28,5,0,48)
w(115,7,0,48)
w(48,3,0,48)
r(106,3,0,48)
r(118,10,0,48)
w(44,4,0,49)
r(87,2,0,49)
w(110,6,0,49)
r(20,3,0,49)
w(76,3,0,49)
w(20,4,0,49)
w(85,6,0,49)
r(11,38,0,49)
w(113,6,0,49)
r(10,7,0,49)
r(15,32,0,49)
r(56,47,0,49)
r(45,5,0,49)
r(64,6,0,49)
r(61,49,0,49)
w(38,7,0,49)
w(108,3,0,49)
w(112,3,0,49)
r(76,3,0,49)
r(52,49,0,49)
w(13,44,1,50)
w(22,45,1,50)
w(74,47,1,50)
r(105,0,1,50)
w(5,42,1,50)
w(36,44,1,50)
r(45,0,1,50)
r(94,0,1,50)
r(101,0,1,50)
r(32,0,1,50)
w(71,49,1,50)
r(59,0,1,50)
r(3,0,1,50)
r(48,0,1,50)
w(6,41,1,50)
r(17,0,1,50)
w(25,47,1,50)
r(48,0,1,50)
r(25,47,1,50)
w(96,41,1,50)
r(36,44,1,51)
w(8,47,1,51)
r(111,0,1,51)
r(99,0,1,51)
r(53,0,1,51)
r(34,0,1,51)
w(16,55,1,51)
w(57,48,1,51)
r(49,0,1,51)
w(98,35,1,51)
w(95,47,1,51)
w(63,39,1,51)
w(93,47,1,51)
w(97,45,1,51)
w(66,34,1,51)
w(76,41,1,51)
r(12,0,1,51)
w(83,43,1,51)
r(57,48,1,51)
w(16,56,1,51)
r(93,1,1,52)
w(96,42,1,52)
r(7,0,1,52)
w(53,40,1,52)
w(22,46,1,52)
w(111,52,1,52)
r(101,0,1,52)
r(92,0,1,52)
r(33,0,1,52)
r(93,1,1,52)
r(59,0,1,52)
w(104,47,1,52)
w(87,35,1,52)
w(43,41,1,52)
w(90,41,1,52)
r(37,0,1,52)
r(38,0,1,52)
r(105,0,1,52)
w(98,36,1,52)
w(54,41,1,52)
w(102,47,1,53)
w(27,46,1,53)
w(63,40,1,53)
w(70,35,1,53)
r(66,1,1,53)
w(98,37,1,53)
w(50,46,1,53)
w(16,57,1,53)
w(82,36,1,53)
w(90,42,1,53)
r(34,0,1,53)
r(111,52,1,53)
w(25,48,1,53)
w(77,44,1,53)
r(42,1,1,53)
w(87,36,1,53)
r(75,0,1,53)
w(27,47,1,53)
r(80,0,1,53)
w(4,37,1,53)
r(53,40,1,54)
w(119,48,1,54)
w(98,38,1,54)
w(36,45,1,54)
r(3,0,1,54)
r(81,0,1,54)
w(60,43,1,54)
w(12,30,1,54)
r(43,41,1,54)
r(13,3,1,54)
r(29,0,1,54)
r(30,0,1,54)
r(107,0,1,54)
w(85,39,1,54)
r(23,0,1,54)
w(98,39,1,54)
w(10,37,1,54)
r(33,0,1,54)
w(16,58,1,54)
w(114,52,1,54)
w(98,40,1,55)
w(86,49,1,55)
w(98,41,1,55)
r(43,41,1,55)
w(43,42,1,55)
r(93,2,1,55)
r(29,0,1,55)
w(79,36,1,55)
r(37,0,1,55)
r(69,0,1,55)
r(41,0,1,55)
w(7,39,1,55)
r(29,0,1,55)
w(10,38,1,55)
w(7,40,1,55)
w(49,29,1,55)
r(92,1,1,55)
r(42,1,1,55)
r(56,0,1,55)
w(67,36,1,55)
r(103,0,1,56)
r(84,0,1,56)
r(104,47,1,56)
w(98,42,1,56)
w(44,35,1,56)
w(102,48,1,56)
r(64,2,1,56)
r(90,42,1,56)
r(58,0,1,56)
w(81,57,1,56)
r(7,40,1,56)
r(79,1,1,56)
r(19,1,1,56)
r(55,0,1,56)
r(105,0,1,56)
r(7,40,1,56)
r(111,52,1,56)
r(94,2,1,56)
r(12,30,1,56)
w(112,52,1,56)
r(60,43,1,57)
r(15,0,1,57)
w(90,43,1,57)
r(110,0,1,57)
w(0,41,1,57)
w(105,39,1,57)
w(22,47,1,57)
r(4,37,1,57)
w(10,39,1,57)
r(99,1,1,57)
w(17,41,1,57)
r(48,0,1,57)
w(43,43,1,57)
w(41,37,1,57)
r(32,1,1,57)
r(20,1,1,57)
r(107,0,1,57)
r(48,0,1,57)
w(51,46,1,57)
w(34,39,1,57)
w(28,47,1,58)
w(95,48,1,58)
r(47,1,1,58)
w(18,43,1,58)
w(42,48,1,58)
r(47,1,1,58)
r(5,42,1,58)
w(10,40,1,58)
w(46,36,1,58)
r(38,0,1,58)
r(46,36,1,58)
r(118,2,1,58)
w(93,48,1,58)
w(55,35,1,58)
w(116,38,1,58)
r(52,0,1,58)
w(42,49,1,58)
r(22,47,1,58)
r(97,2,1,58)
r(99,2,1,58)
r(27,47,1,59)
w(59,38,1,59)
r(34,39,1,59)
w(61,42,1,59)
r(64,3,1,59)
r(105,39,1,59)
w(80,35,1,59)
r(25,2,1,59)
w(78,54,1,59)
r(44,1,1,59)
r(47,1,1,59)
w(47,48,1,59)
r(84,0,1,59)
r(86,49,1,59)
w(33,43,1,59)
w(35,35,1,59)
r(109,0,1,59)
r(7,40,1,59)
w(50,47,1,59)
w(34,40,1,59)
r(84,0,1,60)
w(101,33,1,60)
w(48,47,1,60)
r(104,47,1,60)
w(79,37,1,60)
w(61,43,1,60)
w(90,44,1,60)
r(112,52,1,60)
r(27,47,1,60)
r(101,33,1,60)
w(8,48,1,60)
r(25,2,1,60)
w(40,61,1,60)
r(91,0,1,60)
r(105,39,1,60)
w(116,39,1,60)
w(86,50,1,60)
r(101,33,1,60)
r(112,52,1,60)
w(113,40,1,60)
w(100,44,1,61)
w(49,30,1,61)
r(58,0,1,61)
r(41,37,1,61)
w(54,42,1,61)
r(53,2,1,61)
r(37,1,1,61)
w(48,48,1,61)
r(52,1,1,61)
r(32,2,1,61)
r(101,33,1,61)
r(105,39,1,61)
r(34,40,1,61)
r(89,1,1,61)
w(25,49,1,61)
w(65,48,1,61)
r(49,30,1,61)
w(91,42,1,61)
w(62,55,1,61)
w(21,34,1,61)
w(23,52,1,62)
r(110,1,1,62)
w(107,34,1,62)
w(116,40,1,62)
w(2,39,1,62)
r(82,36,1,62)
w(35,36,1,62)
r(41,37,1,62)
r(12,30,1,62)
r(100,44,1,62)
w(112,53,1,62)
r(22,1,1,62)
r(11,0,1,62)
r(40,3,1,62)
w(55,36,1,62)
w(62,56,1,62)
r(100,44,1,62)
r(72,0,1,62)
r(52,1,1,62)
r(36,1,1,62)
w(85,40,1,63)
r(5,42,1,63)
w(116,41,1,63)
r(6,1,1,63)
w(25,50,1,63)
w(44,36,1,63)
r(74,3,1,63)
w(99,37,1,63)
w(7,41,1,63)
r(65,48,1,63)
r(90,44,1,63)
r(26,1,1,63)
w(117,37,1,63)
w(95,49,1,63)
w(19,49,1,63)
w(48,49,1,63)
r(49,3,1,63)
w(84,42,1,63)
r(2,39,1,63)
r(58,1,1,63)
w(41,38,1,64)
w(85,41,1,64)
r(76,2,1,64)
r(83,43,1,64)
w(3,45,1,64)
w(4,38,1,64)
w(54,43,1,64)
r(82,36,1,64)
r(66,1,1,64)
r(94,4,1,64)
r(66,1,1,64)
r(48,49,1,64)
r(47,48,1,64)
r(116,41,1,64)
w(13,45,1,64)
w(73,40,1,64)
r(35,36,1,64)
w(28,48,1,64)
w(29,39,1,64)
r(100,44,1,64)
w(52,44,1,65)
w(9,44,1,65)
r(38,0,1,65)
w(104,48,1,65)
r(98,2,1,65)
w(8,49,1,65)
w(75,39,1,65)
r(75,39,1,65)
w(117,38,1,65)
r(83,43,1,65)
r(53,2,1,65)
r(118,3,1,65)
r(117,38,1,65)
r(99,37,1,65)
r(92,4,1,65)
r(32,3,1,65)
r(71,49,1,65)
w(72,38,1,65)
w(33,44,1,65)
w(1,38,1,65)
w(85,42,1,66)
w(67,37,1,66)
w(32,44,1,66)
r(74,3,1,66)
r(39,3,1,66)
w(34,41,1,66)
w(74,48,1,66)
w(67,38,1,66)
r(46,36,1,66)
w(18,44,1,66)
w(44,37,1,66)
w(30,38,1,66)
r(77,2,1,66)
w(89,44,1,66)
w(67,39,1,66)
w(61,44,1,66)
r(110,2,1,66)
w(49,31,1,66)
w(9,45,1,66)
r(16,58,1,66)
r(60,43,1,67)
r(51,2,1,67)
r(9,45,1,67)
r(76,2,1,67)
r(89,44,1,67)
r(73,3,1,67)
w(4,39,1,67)
w(36,46,1,67)
w(114,53,1,67)
r(59,38,1,67)
r(30,38,1,67)
w(18,45,1,67)
r(4,39,1,67)
r(86,50,1,67)
w(105,40,1,67)
w(68,41,1,67)
w(91,43,1,67)
w(43,44,1,67)
r(33,44,1,67)
w(98,43,1,67)
r(51,2,1,68)
r(86,50,1,68)
r(23,52,1,68)
w(111,53,1,68)
r(34,41,1,68)
r(35,36,1,68)
r(48,49,1,68)
w(115,46,1,68)
w(8,50,1,68)
w(56,43,1,68)
w(57,49,1,68)
r(89,44,1,68)
r(76,2,1,68)
w(77,45,1,68)
w(103,53,1,68)
w(66,35,1,68)
r(43,44,1,68)
w(75,40,1,68)
r(19,49,1,68)
w(65,49,1,68)
r(7,41,1,69)
w(50,48,1,69)
r(4,39,1,69)
r(77,45,1,69)
r(65,49,1,69)
r(49,31,1,69)
w(35,37,1,69)
w(22,48,1,69)
w(36,47,1,69)
r(117,1,1,69)
w(42,50,1,69)
w(0,42,1,69)
r(76,2,1,69)
r(80,2,1,69)
w(78,55,1,69)
w(71,50,1,69)
w(87,37,1,69)
w(73,41,1,69)
w(116,42,1,69)
w(80,36,1,69)
r(44,37,1,70)
w(82,37,1,70)
r(10,1,1,70)
r(83,2,1,70)
r(64,5,1,70)
w(14,56,1,70)
r(45,1,1,70)
r(6,1,1,70)
w(4,40,1,70)
r(3,2,1,70)
w(92,52,1,70)
w(68,42,1,70)
w(81,58,1,70)
w(65,50,1,70)
r(55,1,1,70)
r(64,5,1,70)
w(58,39,1,70)
w(37,48,1,70)
w(43,45,1,70)
w(81,59,1,70)
w(78,56,1,71)
r(20,2,1,71)
w(11,36,1,71)
w(40,62,1,71)
r(115,46,1,71)
w(30,39,1,71)
w(66,36,1,71)
w(83,44,1,71)
w(22,49,1,71)
r(11,36,1,71)
w(55,37,1,71)
w(12,31,1,71)
w(118,45,1,71)
w(103,54,1,71)
r(21,34,1,71)
r(41,38,1,71)
w(48,50,1,71)
r(21,34,1,71)
r(52,44,1,71)
r(2,39,1,71)
w(53,41,1,72)
r(17,3,1,72)
r(46,36,1,72)
w(51,47,1,72)
r(88,2,1,72)
w(94,49,1,72)
r(5,42,1,72)
w(70,36,1,72)
w(23,53,1,72)
r(105,40,1,72)
r(77,45,1,72)
r(100,1,1,72)
w(36,48,1,72)
w(117,39,1,72)
r(108,2,1,72)
w(83,45,1,72)
r(63,2,1,72)
w(50,49,1,72)
r(32,44,1,72)
w(72,39,1,72)
r(55,37,1,73)
w(89,45,1,73)
w(111,54,1,73)
r(116,42,1,73)
w(9,46,1,73)
r(1,38,1,73)
w(73,42,1,73)
w(55,38,1,73)
r(110,2,1,73)
w(12,32,1,73)
r(2,39,1,73)
w(34,42,1,73)
r(74,48,1,73)
w(61,45,1,73)
r(88,2,1,73)
r(16,58,1,73)
r(65,50,1,73)
w(48,51,1,73)
r(94,49,1,73)
w(74,49,1,73)
w(118,46,1,74)
r(59,38,1,74)
w(72,40,1,74)
r(45,1,1,74)
r(96,1,1,74)
w(53,42,1,74)
r(116,3,1,74)
r(28,2,1,74)
w(86,51,1,74)
r(20,2,1,74)
w(100,45,1,74)
r(0,42,1,74)
w(1,39,1,74)
r(111,54,1,74)
r(116,3,1,74)
w(62,57,1,74)
r(15,1,1,74)
r(79,37,1,74)
w(3,46,1,74)
w(33,45,1,74)
r(56,2,1,75)
w(115,47,1,75)
w(78,57,1,75)
w(105,41,1,75)
w(33,46,1,75)
w(103,55,1,75)
w(94,50,1,75)
w(22,50,1,75)
r(93,48,1,75)
w(77,46,1,75)
r(94,50,1,75)
w(89,46,1,75)
w(26,38,1,75)
w(79,38,1,75)
r(91,43,1,75)
w(15,31,1,75)
r(74,49,1,75)
w(58,40,1,75)
w(114,54,1,75)
r(25,50,1,75)
r(2,39,1,76)
r(98,4,1,76)
r(0,42,1,76)
w(106,41,1,76)
r(67,4,1,76)
r(100,45,1,76)
w(1,40,1,76)
r(84,1,1,76)
r(83,45,1,76)
w(83,46,1,76)
r(15,31,1,76)
w(116,43,1,76)
r(29,1,1,76)
r(62,57,1,76)
w(102,49,1,76)
r(107,2,1,76)
w(88,39,1,76)
w(119,49,1,76)
w(103,56,1,76)
w(30,40,1,76)
r(85,4,1,77)
r(63,2,1,77)
r(23,53,1,77)
w(22,51,1,77)
w(66,37,1,77)
w(111,55,1,77)
w(34,43,1,77)
w(14,57,1,77)
r(12,2,1,77)
r(33,46,1,77)
r(24,2,1,77)
r(82,2,1,77)
w(44,38,1,77)
r(33,46,1,77)
r(107,2,1,77)
w(77,47,1,77)
w(19,50,1,77)
r(26,38,1,77)
r(108,2,1,77)
w(67,40,1,77)
w(108,41,1,78)
r(108,41,1,78)
w(64,38,1,78)
r(116,43,1,78)
w(36,49,1,78)
r(10,1,1,78)
r(25,50,1,78)
r(100,45,1,78)
r(73,42,1,78)
w(54,44,1,78)
r(116,43,1,78)
w(61,46,1,78)
w(67,41,1,78)
w(12,33,1,78)
w(43,46,1,78)
r(13,6,1,78)
w(14,58,1,78)
r(42,3,1,78)
r(83,46,1,78)
r(57,2,1,78)
r(14,58,1,79)
r(83,46,1,79)
w(79,39,1,79)
w(112,54,1,79)
r(32,44,1,79)
w(93,49,1,79)
w(64,39,1,79)
w(86,52,1,79)
w(56,44,1,79)
w(102,50,1,79)
r(31,5,1,79)
w(14,59,1,79)
w(12,34,1,79)
w(29,40,1,79)
r(70,36,1,79)
w(22,52,1,79)
r(66,37,1,79)
w(50,50,1,79)
w(71,51,1,79)
w(17,42,1,79)
w(54,45,1,80)
r(25,50,1,80)
r(45,1,1,80)
r(97,3,1,80)
w(28,49,1,80)
w(102,51,1,80)
w(115,48,1,80)
w(56,45,1,80)
r(114,54,1,80)
w(38,43,1,80)
r(73,42,1,80)
r(18,45,1,80)
w(47,49,1,80)
w(38,44,1,80)
w(116,44,1,80)
w(90,45,1,80)
w(38,45,1,80)
w(55,39,1,80)
r(7,3,1,80)
r(59,38,1,80)
r(61,46,1,81)
w(45,48,1,81)
r(33,46,1,81)
r(114,2,1,81)
r(105,41,1,81)
w(83,47,1,81)
r(4,40,1,81)
w(49,32,1,81)
r(39,4,1,81)
w(54,46,1,81)
w(96,43,1,81)
r(110,2,1,81)
r(76,2,1,81)
w(54,47,1,81)
r(65,1,1,81)
w(56,46,1,81)
r(18,2,1,81)
w(36,50,1,81)
r(116,44,1,81)
r(22,52,1,81)
r(103,6,1,82)
w(63,41,1,82)
w(76,42,1,82)
w(117,40,1,82)
w(23,54,1,82)
r(102,5,1,82)
w(99,38,1,82)
r(52,44,1,82)
w(38,46,1,82)
r(45,2,1,82)
w(96,44,1,82)
r(76,42,1,82)
r(50,50,1,82)
r(82,2,1,82)
w(88,40,1,82)
w(103,57,1,82)
r(67,41,1,82)
r(69,0,1,82)
r(13,7,1,82)
w(98,44,1,82)
r(68,42,1,83)
r(117,40,1,83)
r(27,3,1,83)
r(49,32,1,83)
r(34,43,1,83)
r(34,43,1,83)
r(31,5,1,83)
r(106,41,1,83)
r(36,50,1,83)
r(12,3,1,83)
r(79,39,1,83)
w(35,38,1,83)
r(50,50,1,83)
w(54,48,1,83)
w(65,51,1,83)
r(52,44,1,83)
w(38,47,1,83)
w(42,51,1,83)
r(51,3,1,83)
w(78,58,1,83)
r(16,58,1,84)
w(74,50,1,84)
w(47,50,1,84)
r(12,4,1,84)
r(105,41,1,84)
w(109,44,1,84)
w(2,40,1,84)
w(90,46,1,84)
r(33,46,1,84)
w(10,41,1,84)
r(38,47,1,84)
r(55,39,1,84)
r(111,55,1,84)
r(13,7,1,84)
r(53,4,1,84)
r(91,3,1,84)
r(107,2,1,84)
r(32,44,1,84)
r(99,38,1,84)
r(85,5,1,84)
r(33,46,1,85)
w(51,48,1,85)
w(103,58,1,85)
w(115,49,1,85)
r(29,2,1,85)
w(117,41,1,85)
r(94,7,1,85)
r(70,36,1,85)
r(87,2,1,85)
r(20,3,1,85)
w(57,50,1,85)
w(82,38,1,85)
w(10,42,1,85)
w(89,47,1,85)
w(61,47,1,85)
r(84,1,1,85)
w(91,44,1,85)
r(117,41,1,85)
r(117,41,1,85)
r(18,2,1,85)
r(18,2,1,86)
w(109,45,1,86)
w(26,39,1,86)
w(89,48,1,86)
r(81,59,1,86)
w(63,42,1,86)
r(64,39,1,86)
w(119,50,1,86)
r(81,59,1,86)
w(52,45,1,86)
w(7,42,1,86)
r(41,1,1,86)
w(26,40,1,86)
r(5,1,1,86)
r(75,4,1,86)
w(74,51,1,86)
w(77,48,1,86)
w(0,43,1,86)
r(110,4,1,86)
r(3,3,1,86)
w(67,42,1,87)
w(52,46,1,87)
r(36,50,1,87)
w(106,42,1,87)
w(84,43,1,87)
w(64,40,1,87)
r(24,2,1,87)
r(2,40,1,87)
w(61,48,1,87)
r(97,3,1,87)
r(86,52,1,87)
r(31,5,1,87)
w(11,37,1,87)
r(104,2,1,87)
r(76,42,1,87)
r(13,7,1,87)
w(101,34,1,87)
w(30,41,1,87)
r(108,41,1,87)
w(39,49,1,87)
w(59,39,1,88)
r(42,51,1,88)
r(34,2,1,88)
w(92,53,1,88)
w(41,39,1,88)
w(23,55,1,88)
w(92,54,1,88)
r(109,45,1,88)
r(100,2,1,88)
w(72,41,1,88)
r(50,50,1,88)
w(42,52,1,88)
w(72,42,1,88)
w(73,43,1,88)
r(104,3,1,88)
w(72,43,1,88)
r(41,39,1,88)
r(103,58,1,88)
r(38,47,1,88)
r(29,2,1,88)
r(10,4,1,89)
w(51,49,1,89)
r(82,7,1,89)
r(98,44,1,89)
r(95,49,1,89)
r(17,42,1,89)
w(0,44,1,89)
r(14,7,1,89)
w(57,51,1,89)
r(46,1,1,89)
r(113,2,1,89)
r(0,44,1,89)
r(69,0,1,89)
w(17,43,1,89)
r(78,58,1,89)
w(18,46,1,89)
w(93,50,1,89)
w(4,41,1,89)
r(112,54,1,89)
w(8,51,1,89)
r(45,2,1,90)
w(35,39,1,90)
r(91,44,1,90)
r(78,58,1,90)
r(22,52,1,90)
r(60,3,1,90)
r(44,3,1,90)
w(13,46,1,90)
w(70,37,1,90)
w(111,56,1,90)
r(24,2,1,90)
w(10,43,1,90)
r(81,59,1,90)
w(17,44,1,90)
w(36,51,1,90)
r(70,37,1,90)
r(107,3,1,90)
r(26,3,1,90)
r(37,3,1,90)
r(47,50,1,90)
w(13,47,1,91)
r(82,7,1,91)
w(119,51,1,91)
w(91,45,1,91)
w(67,43,1,91)
w(80,37,1,91)
w(34,44,1,91)
w(73,44,1,91)
r(111,56,1,91)
r(75,4,1,91)
w(52,47,1,91)
w(116,45,1,91)
r(52,47,1,91)
r(92,8,1,91)
w(2,41,1,91)
w(12,35,1,91)
w(10,44,1,91)
r(95,2,1,91)
w(60,44,1,91)
r(107,3,1,91)
w(55,40,1,92)
r(108,41,1,92)
w(105,42,1,92)
w(36,52,1,92)
r(71,4,1,92)
r(29,3,1,92)
r(69,0,1,92)
w(14,60,1,92)
r(13,47,1,92)
r(16,1,1,92)
r(83,3,1,92)
r(118,6,1,92)
r(25,6,1,92)
r(61,48,1,92)
r(25,6,1,92)
w(59,40,1,92)
r(1,3,1,92)
r(57,51,1,92)
r(63,3,1,92)
w(40,63,1,92)
w(22,53,1,93)
w(10,45,1,93)
w(37,49,1,93)
w(30,42,1,93)
w(112,55,1,93)
w(99,39,1,93)
r(56,46,1,93)
w(59,41,1,93)
w(93,51,1,93)
w(98,45,1,93)
r(116,4,1,93)
r(10,45,1,93)
r(38,47,1,93)
w(111,57,1,93)
r(45,3,1,93)
r(97,6,1,93)
w(2,42,1,93)
r(31,9,1,93)
r(106,42,1,93)
w(35,40,1,93)
w(54,49,1,94)
w(117,42,1,94)
w(25,51,1,94)
w(92,55,1,94)
w(38,48,1,94)
r(47,50,1,94)
w(10,46,1,94)
w(37,50,1,94)
r(23,1,1,94)
r(55,40,1,94)
w(64,41,1,94)
w(35,41,1,94)
r(81,59,1,94)
w(81,60,1,94)
r(62,8,1,94)
w(95,50,1,94)
w(16,59,1,94)
r(75,5,1,94)
w(84,44,1,94)
r(115,4,1,94)
w(22,54,1,95)
w(66,38,1,95)
r(2,42,1,95)
r(26,3,1,95)
r(117,42,1,95)
r(22,54,1,95)
w(51,50,1,95)
w(112,56,1,95)
w(69,28,1,95)
w(67,44,1,95)
w(11,38,1,95)
w(97,46,1,95)
r(39,49,1,95)
w(99,40,1,95)
r(39,49,1,95)
w(117,43,1,95)
w(41,40,1,95)
r(86,5,1,95)
w(36,53,1,95)
r(33,46,1,95)
r(101,34,1,96)
r(109,45,1,96)
r(88,3,1,96)
w(102,52,1,96)
r(38,48,1,96)
r(106,42,1,96)
w(34,45,1,96)
r(12,35,1,96)
w(55,41,1,96)
w(61,49,1,96)
r(92,55,1,96)
r(53,5,1,96)
r(111,3,1,96)
r(12,35,1,96)
r(31,9,1,96)
w(21,35,1,96)
w(0,45,1,96)
w(56,47,1,96)
r(62,8,1,96)
r(74,6,1,96)
w(15,32,1,97)
w(93,52,1,97)
w(104,49,1,97)
w(7,43,1,97)
r(105,3,1,97)
w(29,41,1,97)
w(60,45,1,97)
w(58,41,1,97)
r(87,2,1,97)
w(111,58,1,97)
w(9,47,1,97)
r(52,2,1,97)
r(100,2,1,97)
w(60,46,1,97)
w(108,42,1,97)
w(115,50,1,97)
w(99,41,1,97)
r(118,8,1,97)
w(22,55,1,97)
w(12,36,1,97)
w(55,42,1,98)
r(47,50,1,98)
r(39,49,1,98)
r(25,51,1,98)
r(118,9,1,98)
w(52,48,1,98)
r(4,41,1,98)
r(28,4,1,98)
r(3,5,1,98)
r(16,59,1,98)
r(44,3,1,98)
r(109,45,1,98)
r(89,3,1,98)
w(55,43,1,98)
r(39,49,1,98)
w(84,45,1,98)
r(73,4,1,98)
w(108,43,1,98)
w(41,41,1,98)
r(77,6,1,98)
w(16,60,1,99)
r(56,47,1,99)
r(79,39,1,99)
r(60,46,1,99)
r(46,2,1,99)
r(37,50,1,99)
r(37,50,1,99)
r(42,6,1,99)
r(92,55,1,99)
w(14,61,1,99)
r(113,5,1,99)
r(72,2,1,99)
w(36,54,1,99)
w(55,44,1,99)
r(66,38,1,99)
w(111,59,1,99)
w(1,41,1,99)
r(100,2,1,99)
w(52,49,1,99)
w(83,48,1,99)
