r(115,39,0,0)
w(62,1,0,0)
r(48,0,0,0)
r(4,0,0,0)
r(30,0,0,0)
r(46,0,0,0)
w(117,1,0,0)
w(7,1,0,0)
r(90,43,0,0)
w(98,1,0,0)
r(95,53,0,0)
w(36,1,0,0)
w(76,1,0,0)
w(96,1,0,0)
w(36,2,0,0)
r(13,0,0,0)
r(118,0,0,0)
r(91,0,0,0)
w(2,1,0,0)
r(35,0,0,0)
w(78,1,0,1)
w(51,1,0,1)
r(99,0,0,1)
w(93,1,0,1)
r(0,0,0,1)
r(48,0,0,1)
r(86,0,0,1)
r(46,0,0,1)
w(97,1,0,1)
w(29,1,0,1)
w(0,1,0,1)
r(40,0,0,1)
r(59,41,0,1)
w(42,1,0,1)
r(31,0,0,1)
w(34,1,0,1)
w(42,2,0,1)
r(58,0,0,1)
r(55,26,0,1)
r(61,60,0,1)
r(51,1,0,2)
w(30,1,0,2)
r(35,0,0,2)
r(100,0,0,2)
w(77,1,0,2)
w(113,1,0,2)
w(103,1,0,2)
w(81,1,0,2)
r(119,0,0,2)
r(67,40,0,2)
r(12,0,0,2)
r(62,1,0,2)
w(7,2,0,2)
w(115,1,0,2)
r(105,45,0,2)
w(88,1,0,2)
w(83,1,0,2)
w(49,1,0,2)
r(13,0,0,2)
w(71,1,0,2)
r(98,1,0,3)
w(77,2,0,3)
r(54,0,0,3)
r(31,0,0,3)
w(32,1,0,3)
r(93,1,0,3)
r(29,1,0,3)
w(25,1,0,3)
r(65,50,0,3)
r(47,42,0,3)
r(62,1,0,3)
w(16,1,0,3)
r(97,1,0,3)
r(3,0,0,3)
w(7,3,0,3)
r(109,48,0,3)
r(81,1,0,3)
r(61,61,0,3)
r(86,0,0,3)
w(82,1,0,3)
w(101,1,0,4)
w(78,2,0,4)
r(18,0,0,4)
r(37,0,0,4)
w(6,1,0,4)
w(0,2,0,4)
w(49,2,0,4)
w(96,2,0,4)
w(5,1,0,4)
r(81,1,0,4)
r(13,0,0,4)
w(4,1,0,4)
r(13,0,0,4)
w(93,2,0,4)
w(40,1,0,4)
w(71,2,0,4)
r(32,1,0,4)
w(52,1,0,4)
w(119,1,0,4)
w(21,1,0,4)
r(98,1,0,5)
r(65,51,0,5)
r(71,2,0,5)
r(111,0,0,5)
w(98,2,0,5)
w(17,1,0,5)
r(28,52,0,5)
w(58,1,0,5)
r(104,33,0,5)
r(21,1,0,5)
r(83,1,0,5)
w(91,1,0,5)
w(88,2,0,5)
r(112,43,0,5)
r(28,52,0,5)
w(43,1,0,5)
w(40,2,0,5)
r(52,1,0,5)
w(104,1,0,5)
w(19,1,0,5)
w(117,2,0,6)
r(21,1,0,6)
w(80,1,0,6)
w(78,3,0,6)
r(69,0,0,6)
w(83,2,0,6)
w(78,4,0,6)
r(1,46,0,6)
w(5,2,0,6)
w(115,2,0,6)
w(63,1,0,6)
w(27,1,0,6)
r(45,39,0,6)
r(98,2,0,6)
r(111,0,0,6)
r(78,4,0,6)
w(35,1,0,6)
w(43,2,0,6)
w(84,1,0,6)
w(15,1,0,6)
w(101,2,0,7)
w(76,2,0,7)
r(5,2,0,7)
r(97,1,0,7)
w(99,1,0,7)
r(107,0,0,7)
w(111,1,0,7)
w(54,1,0,7)
w(114,1,0,7)
r(112,44,0,7)
r(97,1,0,7)
w(11,1,0,7)
r(5,2,0,7)
w(11,2,0,7)
w(95,1,0,7)
w(39,1,0,7)
w(87,1,0,7)
r(109,48,0,7)
w(1,1,0,7)
r(50,46,0,7)
r(95,1,0,8)
r(11,2,0,8)
w(88,3,0,8)
w(9,1,0,8)
w(39,2,0,8)
r(117,2,0,8)
r(37,0,0,8)
w(58,2,0,8)
r(73,40,0,8)
w(103,2,0,8)
r(72,0,0,8)
w(60,1,0,8)
r(29,32,0,8)
w(97,2,0,8)
w(38,1,0,8)
w(106,1,0,8)
w(62,2,0,8)
r(103,2,0,8)
r(25,1,0,8)
r(73,40,0,8)
w(54,2,0,9)
r(20,34,0,9)
w(100,1,0,9)
r(9,44,0,9)
r(31,0,0,9)
w(111,2,0,9)
w(2,2,0,9)
r(60,1,0,9)
w(66,1,0,9)
r(68,50,0,9)
r(7,3,0,9)
w(71,3,0,9)
w(34,2,0,9)
w(66,2,0,9)
r(35,1,0,9)
w(31,1,0,9)
r(68,50,0,9)
r(80,38,0,9)
w(71,4,0,9)
w(117,3,0,9)
r(35,1,0,10)
r(58,2,0,10)
r(1,48,0,10)
r(40,2,0,10)
w(50,1,0,10)
w(94,1,0,10)
r(80,38,0,10)
w(94,2,0,10)
w(47,1,0,10)
w(96,3,0,10)
r(112,44,0,10)
r(90,45,0,10)
r(41,0,0,10)
r(26,0,0,10)
r(67,40,0,10)
r(22,46,0,10)
w(24,1,0,10)
w(99,2,0,10)
r(24,1,0,10)
w(76,3,0,10)
r(106,1,0,11)
w(100,2,0,11)
r(15,1,0,11)
w(34,3,0,11)
r(69,69,0,11)
r(111,2,0,11)
w(116,1,0,11)
r(96,3,0,11)
w(3,1,0,11)
r(34,3,0,11)
r(45,40,0,11)
r(98,46,0,11)
w(16,2,0,11)
r(68,50,0,11)
w(6,2,0,11)
w(1,2,0,11)
w(48,1,0,11)
w(115,3,0,11)
w(43,3,0,11)
w(92,1,0,11)
w(50,2,0,12)
w(41,1,0,12)
r(44,0,0,12)
r(14,44,0,12)
w(0,3,0,12)
w(32,2,0,12)
r(91,1,0,12)
w(26,1,0,12)
w(111,3,0,12)
r(32,2,0,12)
r(83,47,0,12)
r(102,28,0,12)
w(4,2,0,12)
w(85,1,0,12)
w(51,2,0,12)
w(20,1,0,12)
r(79,0,0,12)
w(6,3,0,12)
w(3,2,0,12)
w(30,2,0,12)
w(21,2,0,13)
r(65,51,0,13)
w(45,1,0,13)
r(47,1,0,13)
r(65,51,0,13)
w(25,2,0,13)
r(33,0,0,13)
r(1,49,0,13)
w(68,1,0,13)
r(6,3,0,13)
r(77,2,0,13)
r(57,44,0,13)
w(24,2,0,13)
w(81,2,0,13)
r(67,40,0,13)
w(30,3,0,13)
w(89,1,0,13)
w(3,3,0,13)
r(60,1,0,13)
r(33,0,0,13)
r(88,3,0,14)
w(91,2,0,14)
r(110,0,0,14)
w(82,2,0,14)
r(70,0,0,14)
r(7,46,0,14)
w(30,4,0,14)
w(88,4,0,14)
r(22,46,0,14)
w(42,3,0,14)
w(14,1,0,14)
r(66,2,0,14)
r(60,38,0,14)
r(80,40,0,14)
w(54,3,0,14)
r(32,2,0,14)
w(69,1,0,14)
r(73,40,0,14)
w(55,1,0,14)
w(15,2,0,14)
r(80,40,0,15)
r(93,2,0,15)
w(70,1,0,15)
w(114,2,0,15)
r(77,2,0,15)
w(53,1,0,15)
r(45,1,0,15)
w(5,3,0,15)
w(91,3,0,15)
w(17,2,0,15)
w(75,1,0,15)
w(65,1,0,15)
w(5,4,0,15)
r(116,1,0,15)
w(55,2,0,15)
r(115,42,0,15)
w(49,3,0,15)
r(87,1,0,15)
r(33,0,0,15)
r(36,38,0,15)
r(3,49,0,16)
w(100,3,0,16)
r(86,43,0,16)
w(105,1,0,16)
w(90,1,0,16)
r(90,1,0,16)
w(75,2,0,16)
r(47,1,0,16)
r(47,1,0,16)
r(66,2,0,16)
r(27,39,0,16)
r(68,1,0,16)
r(36,38,0,16)
w(68,2,0,16)
r(73,41,0,16)
w(44,1,0,16)
w(51,3,0,16)
r(64,47,0,16)
w(12,1,0,16)
r(61,62,0,16)
r(14,1,0,17)
w(38,2,0,17)
w(17,3,0,17)
r(41,1,0,17)
r(86,43,0,17)
w(105,2,0,17)
r(96,52,0,17)
w(64,1,0,17)
w(18,1,0,17)
w(89,2,0,17)
r(111,3,0,17)
w(108,1,0,17)
r(101,56,0,17)
w(28,1,0,17)
w(23,1,0,17)
r(13,0,0,17)
r(83,47,0,17)
w(112,1,0,17)
w(20,2,0,17)
w(5,5,0,17)
w(80,2,0,18)
r(81,35,0,18)
r(42,52,0,18)
w(35,2,0,18)
w(92,2,0,18)
w(12,2,0,18)
r(53,1,0,18)
r(95,54,0,18)
w(61,1,0,18)
r(115,42,0,18)
w(21,3,0,18)
r(51,48,0,18)
r(50,2,0,18)
r(27,39,0,18)
r(49,3,0,18)
r(65,1,0,18)
r(87,1,0,18)
w(67,1,0,18)
r(89,42,0,18)
r(106,1,0,18)
w(22,1,0,19)
w(101,3,0,19)
r(43,3,0,19)
w(4,3,0,19)
r(92,54,0,19)
r(63,46,0,19)
w(95,2,0,19)
r(73,42,0,19)
w(97,3,0,19)
r(65,52,0,19)
r(57,45,0,19)
w(69,2,0,19)
r(88,38,0,19)
w(38,3,0,19)
w(63,2,0,19)
r(97,3,0,19)
w(101,4,0,19)
r(55,2,0,19)
w(57,1,0,19)
w(80,3,0,19)
w(34,4,0,20)
r(115,42,0,20)
w(114,3,0,20)
w(5,6,0,20)
r(42,53,0,20)
r(4,3,0,20)
w(96,4,0,20)
w(100,4,0,20)
r(98,46,0,20)
r(64,1,0,20)
w(52,2,0,20)
w(54,4,0,20)
r(57,1,0,20)
w(51,4,0,20)
r(97,51,0,20)
w(106,2,0,20)
w(15,3,0,20)
r(105,2,0,20)
w(10,1,0,20)
r(16,2,0,20)
w(98,3,0,21)
r(97,51,0,21)
r(99,2,0,21)
r(113,38,0,21)
w(19,2,0,21)
r(108,1,0,21)
r(45,41,0,21)
r(64,1,0,21)
w(20,3,0,21)
r(54,4,0,21)
r(10,1,0,21)
r(18,1,0,21)
r(68,2,0,21)
r(92,54,0,21)
w(28,2,0,21)
w(73,1,0,21)
w(114,4,0,21)
r(117,50,0,21)
r(31,39,0,21)
w(11,3,0,21)
r(37,42,0,22)
w(83,3,0,22)
r(95,2,0,22)
w(85,2,0,22)
w(119,2,0,22)
w(37,1,0,22)
r(41,41,0,22)
r(86,44,0,22)
w(20,4,0,22)
w(92,3,0,22)
w(115,4,0,22)
r(49,53,0,22)
r(28,54,0,22)
r(8,0,0,22)
r(86,44,0,22)
w(103,3,0,22)
r(118,0,0,22)
w(38,4,0,22)
w(91,4,0,22)
w(88,5,0,22)
r(79,43,0,23)
r(18,1,0,23)
w(14,2,0,23)
w(35,3,0,23)
w(80,4,0,23)
w(58,3,0,23)
w(58,4,0,23)
w(17,4,0,23)
w(42,4,0,23)
w(78,5,0,23)
r(95,2,0,23)
w(15,4,0,23)
w(24,3,0,23)
w(81,3,0,23)
r(1,49,0,23)
w(43,4,0,23)
w(6,4,0,23)
r(30,43,0,23)
r(33,35,0,23)
w(101,5,0,23)
w(10,2,0,24)
r(104,36,0,24)
r(24,3,0,24)
r(34,49,0,24)
r(49,53,0,24)
w(39,3,0,24)
r(18,47,0,24)
w(5,7,0,24)
r(106,2,0,24)
w(99,3,0,24)
w(52,3,0,24)
w(102,1,0,24)
w(106,3,0,24)
w(28,3,0,24)
r(26,1,0,24)
r(117,51,0,24)
w(116,2,0,24)
r(82,2,0,24)
r(87,35,0,24)
r(22,1,0,24)
w(21,4,0,25)
w(76,4,0,25)
r(79,43,0,25)
w(98,4,0,25)
r(7,47,0,25)
r(33,35,0,25)
r(90,1,0,25)
w(1,3,0,25)
r(93,44,0,25)
w(77,3,0,25)
w(49,4,0,25)
w(69,3,0,25)
w(45,2,0,25)
w(118,1,0,25)
r(23,42,0,25)
r(109,51,0,25)
r(16,2,0,25)
r(83,3,0,25)
w(9,2,0,25)
r(112,1,0,25)
r(18,47,0,26)
w(89,3,0,26)
r(93,44,0,26)
r(119,40,0,26)
w(5,8,0,26)
r(12,2,0,26)
w(49,5,0,26)
r(108,54,0,26)
w(34,5,0,26)
r(8,0,0,26)
r(35,3,0,26)
w(36,3,0,26)
w(40,3,0,26)
w(57,2,0,26)
w(42,5,0,26)
r(10,2,0,26)
r(5,8,0,26)
r(28,3,0,26)
w(87,2,0,26)
w(105,3,0,26)
w(7,4,0,27)
w(93,3,0,27)
r(67,41,0,27)
r(28,3,0,27)
r(6,4,0,27)
r(99,3,0,27)
w(75,3,0,27)
w(31,2,0,27)
r(113,38,0,27)
r(17,4,0,27)
w(91,5,0,27)
r(80,4,0,27)
w(100,5,0,27)
r(22,1,0,27)
w(88,6,0,27)
r(119,40,0,27)
w(14,3,0,27)
w(14,4,0,27)
w(99,4,0,27)
r(57,2,0,27)
r(74,47,0,28)
w(102,2,0,28)
r(76,4,0,28)
w(57,3,0,28)
r(26,45,0,28)
w(102,3,0,28)
w(1,4,0,28)
r(67,41,0,28)
w(111,4,0,28)
w(64,2,0,28)
r(41,41,0,28)
r(27,41,0,28)
w(98,5,0,28)
r(51,4,0,28)
r(33,36,0,28)
r(25,43,0,28)
w(43,5,0,28)
r(50,2,0,28)
r(22,1,0,28)
r(112,1,0,28)
r(104,36,0,29)
w(87,3,0,29)
r(1,4,0,29)
w(85,3,0,29)
w(81,4,0,29)
w(61,2,0,29)
r(73,43,0,29)
r(105,3,0,29)
w(11,4,0,29)
w(44,2,0,29)
r(98,5,0,29)
w(44,3,0,29)
w(95,3,0,29)
r(97,52,0,29)
w(5,9,0,29)
w(95,4,0,29)
w(65,2,0,29)
r(64,2,0,29)
r(2,2,0,29)
r(63,48,0,29)
w(86,1,0,30)
r(118,1,0,30)
r(18,48,0,30)
w(115,5,0,30)
r(112,46,0,30)
w(10,3,0,30)
r(26,46,0,30)
r(103,33,0,30)
r(99,4,0,30)
r(54,60,0,30)
w(32,3,0,30)
r(7,4,0,30)
r(46,0,0,30)
r(21,4,0,30)
r(28,3,0,30)
r(1,4,0,30)
w(93,4,0,30)
w(56,1,0,30)
w(46,1,0,30)
w(7,5,0,30)
r(91,56,0,31)
r(77,55,0,31)
w(46,2,0,31)
r(50,2,0,31)
w(83,4,0,31)
w(113,2,0,31)
w(7,6,0,31)
r(104,36,0,31)
r(14,4,0,31)
w(97,4,0,31)
r(101,5,0,31)
w(3,4,0,31)
r(22,1,0,31)
w(37,2,0,31)
r(61,2,0,31)
w(61,3,0,31)
w(27,2,0,31)
w(85,4,0,31)
w(74,1,0,31)
r(8,25,0,31)
w(5,10,0,32)
w(36,4,0,32)
w(84,2,0,32)
w(83,5,0,32)
w(73,2,0,32)
w(101,6,0,32)
w(13,1,0,32)
w(75,4,0,32)
w(78,6,0,32)
w(98,6,0,32)
r(108,56,0,32)
r(37,2,0,32)
r(52,3,0,32)
r(111,4,0,32)
r(84,2,0,32)
r(103,33,0,32)
w(81,5,0,32)
w(42,6,0,32)
r(30,44,0,32)
w(19,3,0,32)
w(48,2,0,33)
r(69,3,0,33)
r(86,1,0,33)
w(98,7,0,33)
r(3,4,0,33)
r(27,2,0,33)
r(78,6,0,33)
r(82,2,0,33)
w(116,3,0,33)
w(23,2,0,33)
r(38,4,0,33)
w(28,4,0,33)
r(106,3,0,33)
w(57,4,0,33)
w(85,5,0,33)
w(25,3,0,33)
r(23,2,0,33)
w(22,2,0,33)
r(56,1,0,33)
w(44,4,0,33)
w(44,5,0,34)
r(38,4,0,34)
w(40,4,0,34)
r(99,4,0,34)
r(107,44,0,34)
w(108,2,0,34)
w(82,3,0,34)
r(78,6,0,34)
r(84,2,0,34)
r(29,39,0,34)
r(92,3,0,34)
r(33,36,0,34)
w(115,6,0,34)
r(91,57,0,34)
r(32,3,0,34)
r(101,58,0,34)
r(31,40,0,34)
w(56,2,0,34)
r(74,1,0,34)
w(38,5,0,34)
r(2,40,0,35)
w(82,4,0,35)
w(65,3,0,35)
r(109,52,0,35)
w(86,2,0,35)
w(86,3,0,35)
r(98,7,0,35)
w(72,1,0,35)
w(88,7,0,35)
r(44,5,0,35)
w(84,3,0,35)
w(19,4,0,35)
w(37,3,0,35)
w(64,3,0,35)
r(70,33,0,35)
w(107,1,0,35)
r(111,4,0,35)
w(10,4,0,35)
w(26,2,0,35)
r(19,4,0,35)
r(76,4,0,36)
w(41,2,0,36)
w(30,5,0,36)
w(19,5,0,36)
r(50,2,0,36)
r(24,40,0,36)
w(7,7,0,36)
w(91,6,0,36)
w(97,5,0,36)
r(115,6,0,36)
r(23,2,0,36)
r(98,7,0,36)
r(101,59,0,36)
r(67,41,0,36)
r(57,4,0,36)
r(83,5,0,36)
w(78,7,0,36)
w(48,3,0,36)
r(47,1,0,36)
w(20,5,0,36)
w(91,7,0,37)
r(42,6,0,37)
r(116,41,0,37)
w(64,4,0,37)
r(91,7,0,37)
w(41,3,0,37)
r(24,40,0,37)
r(111,4,0,37)
w(101,7,0,37)
r(45,42,0,37)
w(89,4,0,37)
r(22,2,0,37)
r(84,3,0,37)
w(94,3,0,37)
w(110,1,0,37)
r(64,4,0,37)
r(60,41,0,37)
w(64,5,0,37)
r(113,39,0,37)
w(28,5,0,37)
w(100,6,0,38)
r(6,4,0,38)
r(117,51,0,38)
r(66,42,0,38)
r(9,48,0,38)
w(104,2,0,38)
w(71,5,0,38)
r(43,5,0,38)
r(91,7,0,38)
w(115,7,0,38)
r(76,4,0,38)
w(5,11,0,38)
r(90,47,0,38)
r(76,4,0,38)
w(25,4,0,38)
w(2,3,0,38)
w(26,3,0,38)
r(88,7,0,38)
w(26,4,0,38)
r(24,40,0,38)
w(16,3,0,39)
r(67,41,0,39)
r(81,5,0,39)
r(66,42,0,39)
r(23,2,0,39)
r(33,36,0,39)
r(76,4,0,39)
r(59,44,0,39)
w(111,5,0,39)
w(19,6,0,39)
w(52,4,0,39)
w(88,8,0,39)
r(93,4,0,39)
r(39,3,0,39)
w(56,3,0,39)
r(6,48,0,39)
r(34,50,0,39)
w(50,3,0,39)
r(102,31,0,39)
r(8,26,0,39)
r(106,3,0,40)
w(35,4,0,40)
w(6,5,0,40)
r(15,44,0,40)
r(42,6,0,40)
w(4,4,0,40)
w(96,5,0,40)
r(92,3,0,40)
w(19,7,0,40)
r(113,39,0,40)
r(15,44,0,40)
w(7,8,0,40)
r(54,60,0,40)
r(103,34,0,40)
w(41,4,0,40)
w(49,6,0,40)
w(27,3,0,40)
w(32,4,0,40)
r(21,49,0,40)
w(23,3,0,40)
w(26,5,0,41)
w(21,5,0,41)
r(111,5,0,41)
r(105,3,0,41)
w(43,6,0,41)
r(119,40,0,41)
r(55,30,0,41)
w(39,4,0,41)
w(43,7,0,41)
w(45,3,0,41)
r(24,41,0,41)
w(2,4,0,41)
r(96,5,0,41)
r(69,3,0,41)
r(108,2,0,41)
r(113,40,0,41)
r(20,5,0,41)
r(5,11,0,41)
r(72,1,0,41)
r(22,2,0,41)
w(59,1,0,42)
w(84,4,0,42)
w(0,4,0,42)
r(80,4,0,42)
r(43,7,0,42)
r(51,4,0,42)
w(88,9,0,42)
w(46,3,0,42)
w(38,6,0,42)
w(91,8,0,42)
w(101,8,0,42)
r(47,44,0,42)
r(15,44,0,42)
w(29,2,0,42)
r(7,8,0,42)
r(47,44,0,42)
r(64,49,0,42)
w(45,4,0,42)
r(98,47,0,42)
r(119,40,0,42)
r(83,51,0,43)
r(8,26,0,43)
r(51,4,0,43)
r(29,2,0,43)
r(82,4,0,43)
w(1,5,0,43)
w(117,4,0,43)
w(71,6,0,43)
w(18,2,0,43)
w(12,3,0,43)
w(50,4,0,43)
r(109,54,0,43)
r(77,55,0,43)
r(80,4,0,43)
w(56,4,0,43)
r(95,55,0,43)
w(14,5,0,43)
r(16,59,0,43)
w(45,5,0,43)
w(28,6,0,43)
r(89,4,0,44)
w(31,3,0,44)
w(93,5,0,44)
w(82,5,0,44)
r(105,3,0,44)
r(74,49,0,44)
r(91,8,0,44)
r(76,4,0,44)
r(12,3,0,44)
w(35,5,0,44)
w(98,8,0,44)
w(15,5,0,44)
w(16,4,0,44)
r(7,8,0,44)
w(4,5,0,44)
w(60,2,0,44)
r(108,2,0,44)
r(38,6,0,44)
w(21,6,0,44)
w(69,4,0,44)
w(81,6,0,45)
r(94,3,0,45)
r(8,27,0,45)
r(24,41,0,45)
r(3,52,0,45)
r(43,7,0,45)
r(98,8,0,45)
w(104,3,0,45)
r(94,3,0,45)
r(102,32,0,45)
w(7,9,0,45)
r(91,8,0,45)
r(94,3,0,45)
r(102,32,0,45)
w(100,7,0,45)
w(101,9,0,45)
w(31,4,0,45)
w(57,5,0,45)
r(73,47,0,45)
w(91,9,0,45)
w(81,7,0,46)
w(43,8,0,46)
r(44,5,0,46)
w(53,2,0,46)
r(27,3,0,46)
r(94,3,0,46)
w(83,6,0,46)
w(110,2,0,46)
w(52,5,0,46)
w(82,6,0,46)
w(115,8,0,46)
r(4,5,0,46)
w(118,2,0,46)
r(18,2,0,46)
w(62,3,0,46)
w(37,4,0,46)
w(57,6,0,46)
w(76,5,0,46)
r(31,4,0,46)
w(57,7,0,46)
r(31,4,0,47)
r(15,45,0,47)
w(21,7,0,47)
w(41,5,0,47)
w(10,5,0,47)
r(50,48,0,47)
w(37,5,0,47)
w(95,5,0,47)
r(60,2,0,47)
r(78,7,0,47)
r(57,7,0,47)
r(43,8,0,47)
w(47,2,0,47)
w(15,6,0,47)
r(46,3,0,47)
r(10,5,0,47)
r(102,32,0,47)
r(46,3,0,47)
r(40,50,0,47)
w(52,6,0,47)
w(97,6,0,48)
r(95,5,0,48)
w(60,3,0,48)
w(119,3,0,48)
r(14,5,0,48)
w(43,9,0,48)
r(60,3,0,48)
w(8,1,0,48)
w(23,4,0,48)
r(117,4,0,48)
w(10,6,0,48)
w(26,6,0,48)
w(71,7,0,48)
r(30,47,0,48)
r(43,9,0,48)
r(45,5,0,48)
w(81,8,0,48)
w(28,7,0,48)
r(40,50,0,48)
r(29,2,0,48)
w(99,5,0,49)
r(50,49,0,49)
r(51,4,0,49)
w(21,8,0,49)
r(101,9,0,49)
w(54,5,0,49)
r(64,50,0,49)
w(47,3,0,49)
w(66,3,0,49)
r(97,6,0,49)
r(68,52,0,49)
r(114,49,0,49)
w(68,3,0,49)
r(94,3,0,49)
r(84,38,0,49)
w(70,2,0,49)
r(90,48,0,49)
r(27,3,0,49)
r(46,3,0,49)
r(9,51,0,49)
r(21,0,1,50)
w(68,50,1,50)
w(109,47,1,50)
r(49,0,1,50)
w(90,42,1,50)
w(112,43,1,50)
r(49,0,1,50)
r(85,0,1,50)
w(55,26,1,50)
w(59,41,1,50)
r(25,0,1,50)
r(48,0,1,50)
r(27,0,1,50)
w(36,37,1,50)
w(67,40,1,50)
r(81,0,1,50)
w(52,38,1,50)
w(115,39,1,50)
r(47,0,1,50)
r(14,0,1,50)
w(65,49,1,51)
r(55,26,1,51)
w(65,50,1,51)
w(90,43,1,51)
r(23,0,1,51)
w(14,42,1,51)
r(6,0,1,51)
w(105,45,1,51)
r(57,0,1,51)
w(114,47,1,51)
w(45,39,1,51)
r(53,0,1,51)
w(95,53,1,51)
r(119,0,1,51)
w(1,46,1,51)
r(48,0,1,51)
r(34,0,1,51)
w(61,60,1,51)
w(49,49,1,51)
w(87,34,1,51)
w(25,42,1,52)
r(91,0,1,52)
w(9,42,1,52)
w(104,33,1,52)
r(2,0,1,52)
r(104,33,1,52)
w(64,46,1,52)
r(26,0,1,52)
w(113,36,1,52)
w(92,50,1,52)
r(93,0,1,52)
w(101,55,1,52)
r(67,40,1,52)
r(17,0,1,52)
r(111,0,1,52)
w(43,46,1,52)
w(28,51,1,52)
r(77,0,1,52)
w(27,38,1,52)
r(47,0,1,52)
r(64,46,1,53)
r(33,0,1,53)
w(22,45,1,53)
r(55,26,1,53)
w(47,42,1,53)
r(94,0,1,53)
r(106,0,1,53)
r(76,1,1,53)
w(7,45,1,53)
r(24,0,1,53)
r(34,1,1,53)
r(36,2,1,53)
r(100,0,1,53)
r(17,0,1,53)
r(65,50,1,53)
w(50,45,1,53)
r(72,0,1,53)
w(17,49,1,53)
r(28,51,1,53)
r(11,0,1,53)
w(63,44,1,54)
w(85,40,1,54)
r(113,1,1,54)
r(7,2,1,54)
w(61,61,1,54)
w(109,48,1,54)
r(58,0,1,54)
w(48,33,1,54)
w(9,43,1,54)
w(117,48,1,54)
r(57,0,1,54)
r(103,1,1,54)
w(58,57,1,54)
r(30,1,1,54)
r(93,1,1,54)
r(110,0,1,54)
r(110,0,1,54)
w(116,35,1,54)
r(38,0,1,54)
r(25,42,1,54)
r(21,0,1,55)
r(102,0,1,55)
r(112,43,1,55)
w(47,43,1,55)
w(61,62,1,55)
w(86,41,1,55)
w(108,52,1,55)
r(18,0,1,55)
w(96,50,1,55)
r(74,0,1,55)
w(28,52,1,55)
r(10,0,1,55)
r(78,1,1,55)
r(99,0,1,55)
w(65,51,1,55)
r(46,0,1,55)
r(0,1,1,55)
r(2,1,1,55)
w(10,51,1,55)
r(8,0,1,55)
r(34,1,1,56)
w(1,47,1,56)
w(20,34,1,56)
r(9,43,1,56)
r(91,1,1,56)
r(52,1,1,56)
r(33,0,1,56)
w(42,49,1,56)
w(69,69,1,56)
w(50,46,1,56)
w(73,40,1,56)
r(30,1,1,56)
w(116,36,1,56)
w(49,50,1,56)
w(29,32,1,56)
w(112,44,1,56)
r(103,1,1,56)
w(62,47,1,56)
r(79,0,1,56)
w(90,44,1,56)
r(71,2,1,57)
r(33,0,1,57)
w(115,40,1,57)
w(86,42,1,57)
w(1,48,1,57)
w(39,46,1,57)
r(50,46,1,57)
w(71,40,1,57)
r(25,1,1,57)
w(89,40,1,57)
r(39,46,1,57)
r(46,0,1,57)
r(93,2,1,57)
r(50,46,1,57)
r(59,41,1,57)
r(24,0,1,57)
r(68,50,1,57)
w(11,44,1,57)
w(9,44,1,57)
r(10,51,1,57)
w(24,38,1,58)
r(37,0,1,58)
w(90,45,1,58)
w(39,47,1,58)
r(75,0,1,58)
r(83,2,1,58)
r(53,0,1,58)
w(80,38,1,58)
w(66,41,1,58)
w(43,47,1,58)
r(14,42,1,58)
w(38,34,1,58)
w(17,50,1,58)
r(41,0,1,58)
w(45,40,1,58)
r(95,1,1,58)
w(103,31,1,58)
w(117,49,1,58)
r(90,45,1,58)
r(25,1,1,58)
r(33,0,1,59)
r(36,2,1,59)
r(114,1,1,59)
r(108,52,1,59)
r(101,2,1,59)
w(102,28,1,59)
w(14,43,1,59)
w(27,39,1,59)
r(59,41,1,59)
w(104,34,1,59)
r(48,33,1,59)
w(53,48,1,59)
w(22,46,1,59)
r(66,2,1,59)
w(14,44,1,59)
w(96,51,1,59)
w(101,56,1,59)
r(104,34,1,59)
w(29,33,1,59)
w(54,58,1,59)
r(44,0,1,60)
w(94,34,1,60)
w(24,39,1,60)
w(109,49,1,60)
r(33,0,1,60)
r(9,44,1,60)
r(39,47,1,60)
w(90,46,1,60)
r(105,45,1,60)
r(74,0,1,60)
r(92,50,1,60)
w(63,45,1,60)
w(7,46,1,60)
w(9,45,1,60)
r(84,1,1,60)
r(20,34,1,60)
r(57,0,1,60)
r(7,46,1,60)
w(98,46,1,60)
w(95,54,1,60)
w(9,46,1,61)
r(10,51,1,61)
r(85,40,1,61)
r(66,2,1,61)
r(64,46,1,61)
w(89,41,1,61)
w(6,45,1,61)
w(17,51,1,61)
w(84,35,1,61)
w(83,47,1,61)
w(55,27,1,61)
r(116,36,1,61)
w(54,59,1,61)
w(10,52,1,61)
w(57,44,1,61)
r(60,1,1,61)
r(4,1,1,61)
w(80,39,1,61)
w(64,47,1,61)
w(115,41,1,61)
r(26,0,1,62)
r(64,47,1,62)
r(4,1,1,62)
r(101,56,1,62)
w(17,52,1,62)
r(85,40,1,62)
w(49,51,1,62)
r(78,4,1,62)
r(7,46,1,62)
r(28,52,1,62)
w(55,28,1,62)
w(28,53,1,62)
r(68,50,1,62)
w(100,39,1,62)
r(18,0,1,62)
r(63,45,1,62)
r(45,40,1,62)
w(4,54,1,62)
w(97,50,1,62)
r(35,1,1,62)
r(112,44,1,63)
w(80,40,1,63)
r(62,2,1,63)
r(69,69,1,63)
r(21,1,1,63)
r(81,1,1,63)
r(82,1,1,63)
r(102,28,1,63)
w(1,49,1,63)
w(69,70,1,63)
w(18,46,1,63)
w(31,39,1,63)
r(83,47,1,63)
w(81,34,1,63)
w(100,40,1,63)
w(96,52,1,63)
w(12,44,1,63)
w(105,46,1,63)
r(34,3,1,63)
w(79,42,1,63)
w(85,41,1,64)
w(49,52,1,64)
w(86,43,1,64)
w(71,41,1,64)
w(91,52,1,64)
r(81,2,1,64)
w(36,38,1,64)
w(82,40,1,64)
r(28,53,1,64)
r(55,28,1,64)
w(60,38,1,64)
w(19,45,1,64)
r(33,0,1,64)
r(119,1,1,64)
w(113,37,1,64)
r(34,3,1,64)
w(115,42,1,64)
w(14,45,1,64)
r(104,34,1,64)
r(20,1,1,64)
w(3,49,1,65)
r(48,1,1,65)
r(25,2,1,65)
r(96,52,1,65)
r(111,3,1,65)
r(101,56,1,65)
r(77,2,1,65)
r(100,40,1,65)
r(70,0,1,65)
r(107,0,1,65)
r(16,2,1,65)
r(74,0,1,65)
w(108,53,1,65)
w(40,46,1,65)
r(12,44,1,65)
r(70,0,1,65)
r(7,46,1,65)
w(6,46,1,65)
w(88,38,1,65)
r(32,2,1,65)
r(72,0,1,66)
r(104,34,1,66)
w(6,47,1,66)
r(21,2,1,66)
r(82,2,1,66)
r(72,0,1,66)
w(42,50,1,66)
w(119,39,1,66)
w(37,40,1,66)
w(57,45,1,66)
w(109,50,1,66)
r(37,40,1,66)
w(34,48,1,66)
r(83,47,1,66)
w(91,53,1,66)
w(62,48,1,66)
r(52,1,1,66)
w(37,41,1,66)
w(73,41,1,66)
w(71,42,1,66)
r(42,50,1,67)
r(62,48,1,67)
w(85,42,1,67)
w(56,38,1,67)
r(14,1,1,67)
w(63,46,1,67)
r(4,2,1,67)
w(9,47,1,67)
w(110,44,1,67)
r(11,44,1,67)
r(80,40,1,67)
r(9,47,1,67)
w(71,43,1,67)
r(24,2,1,67)
r(74,0,1,67)
r(17,2,1,67)
r(87,1,1,67)
w(93,42,1,67)
r(98,46,1,67)
w(5,50,1,67)
w(112,45,1,68)
r(0,3,1,68)
w(94,35,1,68)
w(92,51,1,68)
w(29,34,1,68)
w(91,54,1,68)
w(103,32,1,68)
w(117,50,1,68)
r(100,3,1,68)
r(14,1,1,68)
w(73,42,1,68)
w(35,44,1,68)
w(11,45,1,68)
w(7,47,1,68)
r(34,48,1,68)
w(51,47,1,68)
w(102,29,1,68)
w(93,43,1,68)
w(81,35,1,68)
r(102,29,1,68)
w(89,42,1,69)
w(0,39,1,69)
r(25,2,1,69)
r(1,49,1,69)
r(101,56,1,69)
w(51,48,1,69)
w(96,53,1,69)
r(43,3,1,69)
w(17,53,1,69)
w(4,55,1,69)
r(78,4,1,69)
w(42,51,1,69)
w(48,34,1,69)
w(113,38,1,69)
r(14,1,1,69)
w(0,40,1,69)
r(118,0,1,69)
w(19,46,1,69)
r(84,35,1,69)
w(56,39,1,69)
r(51,48,1,70)
r(89,42,1,70)
w(42,52,1,70)
w(79,43,1,70)
r(86,43,1,70)
r(52,1,1,70)
r(61,62,1,70)
r(30,4,1,70)
w(56,40,1,70)
w(104,35,1,70)
r(37,41,1,70)
w(61,63,1,70)
r(61,63,1,70)
w(45,41,1,70)
w(41,41,1,70)
r(68,2,1,70)
w(37,42,1,70)
w(100,41,1,70)
w(101,57,1,70)
r(46,0,1,70)
r(105,2,1,71)
r(37,42,1,71)
r(73,42,1,71)
r(109,50,1,71)
w(80,41,1,71)
w(92,52,1,71)
r(49,3,1,71)
r(18,1,1,71)
w(93,44,1,71)
w(92,53,1,71)
r(117,50,1,71)
r(18,1,1,71)
r(114,2,1,71)
w(109,51,1,71)
w(74,45,1,71)
r(103,32,1,71)
w(92,54,1,71)
w(65,52,1,71)
r(43,3,1,71)
r(45,41,1,71)
r(0,40,1,72)
w(81,36,1,72)
w(77,52,1,72)
r(31,39,1,72)
w(21,48,1,72)
w(42,53,1,72)
w(66,42,1,72)
w(107,42,1,72)
w(97,51,1,72)
r(45,41,1,72)
w(35,45,1,72)
w(116,37,1,72)
r(61,1,1,72)
r(56,40,1,72)
w(78,49,1,72)
w(51,49,1,72)
w(86,44,1,72)
w(23,42,1,72)
w(106,43,1,72)
w(74,46,1,72)
r(16,2,1,73)
r(71,43,1,73)
r(41,41,1,73)
w(35,46,1,73)
w(34,49,1,73)
w(84,36,1,73)
w(83,48,1,73)
w(49,53,1,73)
r(22,1,1,73)
w(116,38,1,73)
w(43,48,1,73)
r(31,39,1,73)
w(78,50,1,73)
r(35,46,1,73)
w(19,47,1,73)
r(75,2,1,73)
w(115,43,1,73)
r(14,1,1,73)
r(80,3,1,73)
r(23,42,1,73)
w(62,49,1,74)
r(17,53,1,74)
r(6,47,1,74)
w(117,51,1,74)
r(52,2,1,74)
w(25,43,1,74)
w(28,54,1,74)
w(104,36,1,74)
r(71,43,1,74)
r(65,52,1,74)
r(8,0,1,74)
r(3,49,1,74)
r(8,0,1,74)
r(106,2,1,74)
r(105,2,1,74)
r(88,38,1,74)
w(83,49,1,74)
w(96,54,1,74)
w(29,35,1,74)
w(107,43,1,74)
r(107,43,1,75)
r(18,1,1,75)
w(27,40,1,75)
w(61,64,1,75)
w(108,54,1,75)
r(42,53,1,75)
w(33,34,1,75)
w(33,35,1,75)
w(118,43,1,75)
w(14,46,1,75)
w(29,36,1,75)
w(56,41,1,75)
w(29,37,1,75)
r(25,43,1,75)
w(80,42,1,75)
r(33,35,1,75)
r(113,38,1,75)
w(37,43,1,75)
w(60,39,1,75)
r(28,54,1,75)
r(38,4,1,76)
w(103,33,1,76)
r(75,2,1,76)
w(59,42,1,76)
r(51,4,1,76)
w(81,37,1,76)
w(87,35,1,76)
r(28,54,1,76)
r(82,2,1,76)
w(30,43,1,76)
r(84,36,1,76)
w(62,50,1,76)
w(27,41,1,76)
w(107,44,1,76)
r(6,47,1,76)
r(82,2,1,76)
w(71,44,1,76)
w(77,53,1,76)
w(119,40,1,76)
r(101,4,1,76)
r(102,29,1,77)
w(68,51,1,77)
w(67,41,1,77)
w(54,60,1,77)
r(26,1,1,77)
r(103,33,1,77)
w(72,42,1,77)
r(37,43,1,77)
r(47,1,1,77)
r(95,2,1,77)
w(42,54,1,77)
w(18,47,1,77)
r(104,36,1,77)
r(8,0,1,77)
w(74,47,1,77)
w(86,45,1,77)
r(116,38,1,77)
w(37,44,1,77)
w(13,46,1,77)
w(5,51,1,77)
r(35,3,1,78)
r(25,43,1,78)
w(63,47,1,78)
w(73,43,1,78)
r(63,47,1,78)
r(107,44,1,78)
r(25,43,1,78)
w(62,51,1,78)
w(91,55,1,78)
w(114,48,1,78)
w(32,42,1,78)
r(44,1,1,78)
w(100,42,1,78)
r(109,51,1,78)
w(56,42,1,78)
r(1,49,1,78)
w(0,41,1,78)
r(38,4,1,78)
w(116,39,1,78)
w(3,50,1,78)
w(29,38,1,79)
w(115,44,1,79)
w(79,44,1,79)
w(7,48,1,79)
r(88,5,1,79)
r(84,36,1,79)
w(29,39,1,79)
r(17,4,1,79)
r(100,42,1,79)
w(96,55,1,79)
r(106,3,1,79)
r(118,1,1,79)
r(60,39,1,79)
r(48,34,1,79)
r(45,2,1,79)
r(119,40,1,79)
r(3,50,1,79)
r(14,2,1,79)
w(108,55,1,79)
r(117,51,1,79)
r(17,4,1,80)
r(11,3,1,80)
w(83,50,1,80)
w(16,57,1,80)
r(68,51,1,80)
w(26,45,1,80)
w(63,48,1,80)
r(105,3,1,80)
w(30,44,1,80)
r(117,51,1,80)
r(70,1,1,80)
r(59,42,1,80)
r(26,45,1,80)
r(77,3,1,80)
w(109,52,1,80)
r(56,42,1,80)
w(9,48,1,80)
r(34,5,1,80)
w(45,42,1,80)
w(59,43,1,80)
w(53,49,1,81)
w(4,56,1,81)
r(81,3,1,81)
r(70,1,1,81)
w(111,44,1,81)
w(33,36,1,81)
r(59,43,1,81)
r(114,48,1,81)
r(103,33,1,81)
w(65,53,1,81)
w(116,40,1,81)
r(5,8,1,81)
r(23,42,1,81)
w(3,51,1,81)
w(97,52,1,81)
r(41,41,1,81)
w(43,49,1,81)
w(77,54,1,81)
r(113,38,1,81)
r(13,46,1,81)
r(0,41,1,82)
w(102,30,1,82)
r(59,43,1,82)
w(112,46,1,82)
w(23,43,1,82)
r(10,2,1,82)
w(26,46,1,82)
w(15,42,1,82)
w(59,44,1,82)
r(117,51,1,82)
w(77,55,1,82)
w(91,56,1,82)
r(52,3,1,82)
w(58,58,1,82)
r(30,44,1,82)
w(90,47,1,82)
w(18,48,1,82)
w(24,40,1,82)
r(29,39,1,82)
r(83,50,1,82)
r(76,4,1,83)
r(48,34,1,83)
w(102,31,1,83)
w(73,44,1,83)
w(79,45,1,83)
r(10,2,1,83)
w(108,56,1,83)
r(71,44,1,83)
r(31,2,1,83)
w(37,45,1,83)
r(16,57,1,83)
r(11,4,1,83)
w(65,54,1,83)
r(69,3,1,83)
r(46,0,1,83)
w(8,25,1,83)
r(76,4,1,83)
w(55,29,1,83)
r(85,3,1,83)
w(95,55,1,83)
r(97,4,1,84)
w(65,55,1,84)
r(73,2,1,84)
r(106,3,1,84)
w(22,47,1,84)
w(70,33,1,84)
r(68,51,1,84)
w(46,48,1,84)
r(5,10,1,84)
w(2,40,1,84)
r(59,44,1,84)
r(79,45,1,84)
r(2,40,1,84)
w(101,58,1,84)
r(109,52,1,84)
w(31,40,1,84)
w(91,57,1,84)
r(16,57,1,84)
r(87,3,1,84)
w(79,46,1,84)
r(116,3,1,85)
r(34,5,1,85)
w(101,59,1,85)
w(104,37,1,85)
w(73,45,1,85)
r(57,4,1,85)
r(107,44,1,85)
w(21,49,1,85)
r(11,4,1,85)
w(35,47,1,85)
r(35,47,1,85)
w(84,37,1,85)
r(8,25,1,85)
r(24,40,1,85)
r(98,7,1,85)
r(115,6,1,85)
r(17,4,1,85)
r(6,4,1,85)
w(4,57,1,85)
w(113,39,1,85)
r(51,4,1,86)
w(4,58,1,86)
w(20,35,1,86)
r(14,4,1,86)
w(89,43,1,86)
w(100,43,1,86)
r(64,3,1,86)
r(11,4,1,86)
r(23,2,1,86)
r(24,40,1,86)
r(31,40,1,86)
w(79,47,1,86)
r(87,3,1,86)
w(103,34,1,86)
w(118,44,1,86)
w(116,41,1,86)
w(78,51,1,86)
r(12,2,1,86)
w(73,46,1,86)
w(26,47,1,86)
r(21,49,1,87)
w(91,58,1,87)
r(24,40,1,87)
w(40,47,1,87)
w(15,43,1,87)
r(11,4,1,87)
r(23,2,1,87)
r(92,3,1,87)
w(8,26,1,87)
w(83,51,1,87)
w(49,54,1,87)
w(60,40,1,87)
w(71,45,1,87)
r(107,1,1,87)
w(18,49,1,87)
r(46,48,1,87)
w(60,41,1,87)
r(118,44,1,87)
r(0,41,1,87)
w(64,48,1,87)
r(108,2,1,88)
r(14,4,1,88)
r(21,49,1,88)
r(7,7,1,88)
w(74,48,1,88)
r(41,3,1,88)
r(113,39,1,88)
w(34,50,1,88)
r(115,6,1,88)
r(5,10,1,88)
w(7,49,1,88)
w(107,45,1,88)
r(75,4,1,88)
w(74,49,1,88)
w(30,45,1,88)
r(99,4,1,88)
r(110,1,1,88)
w(45,43,1,88)
w(2,41,1,88)
w(87,36,1,88)
w(12,45,1,89)
r(105,3,1,89)
w(15,44,1,89)
w(97,53,1,89)
w(3,52,1,89)
w(109,53,1,89)
w(12,46,1,89)
w(6,48,1,89)
r(110,1,1,89)
r(61,3,1,89)
w(118,45,1,89)
w(47,44,1,89)
r(38,5,1,89)
w(35,48,1,89)
w(63,49,1,89)
r(36,4,1,89)
r(43,5,1,89)
w(60,42,1,89)
r(35,48,1,89)
r(58,58,1,89)
w(19,48,1,90)
r(36,4,1,90)
w(58,59,1,90)
w(49,55,1,90)
w(112,47,1,90)
w(37,46,1,90)
r(75,4,1,90)
w(98,47,1,90)
w(30,46,1,90)
w(43,50,1,90)
r(28,5,1,90)
r(90,47,1,90)
r(47,44,1,90)
r(101,7,1,90)
w(64,49,1,90)
w(27,42,1,90)
w(26,48,1,90)
r(29,39,1,90)
w(55,30,1,90)
r(76,4,1,90)
w(86,46,1,91)
r(87,36,1,91)
r(5,11,1,91)
r(44,5,1,91)
w(11,46,1,91)
w(40,48,1,91)
w(79,48,1,91)
w(38,35,1,91)
w(24,41,1,91)
w(50,47,1,91)
w(115,45,1,91)
w(113,40,1,91)
r(16,3,1,91)
w(57,46,1,91)
w(112,48,1,91)
r(78,7,1,91)
r(25,4,1,91)
r(94,3,1,91)
r(48,3,1,91)
w(59,45,1,91)
r(51,4,1,92)
r(24,41,1,92)
r(108,2,1,92)
r(9,48,1,92)
r(114,48,1,92)
w(6,49,1,92)
w(72,43,1,92)
r(95,55,1,92)
r(42,6,1,92)
r(42,6,1,92)
r(0,41,1,92)
w(114,49,1,92)
w(102,32,1,92)
r(97,53,1,92)
r(113,40,1,92)
r(16,3,1,92)
r(26,5,1,92)
r(89,4,1,92)
r(108,2,1,92)
r(85,5,1,92)
w(40,49,1,93)
w(9,49,1,93)
r(110,1,1,93)
r(56,3,1,93)
w(109,54,1,93)
r(6,49,1,93)
w(71,46,1,93)
w(60,43,1,93)
r(98,47,1,93)
w(97,54,1,93)
w(45,44,1,93)
r(24,41,1,93)
w(72,44,1,93)
w(59,46,1,93)
w(111,45,1,93)
w(16,58,1,93)
w(62,52,1,93)
w(16,59,1,93)
w(37,47,1,93)
r(24,41,1,93)
r(54,60,1,94)
w(53,50,1,94)
w(4,59,1,94)
w(68,52,1,94)
r(47,44,1,94)
r(50,4,1,94)
w(33,37,1,94)
w(116,42,1,94)
w(73,47,1,94)
w(65,56,1,94)
w(84,38,1,94)
r(12,3,1,94)
r(99,4,1,94)
w(83,52,1,94)
r(67,41,1,94)
w(66,43,1,94)
w(57,47,1,94)
r(107,45,1,94)
r(7,8,1,94)
r(38,6,1,94)
r(7,8,1,95)
w(26,49,1,95)
w(8,27,1,95)
w(10,53,1,95)
w(83,53,1,95)
w(61,65,1,95)
r(111,45,1,95)
w(86,47,1,95)
w(16,60,1,95)
r(73,47,1,95)
w(101,60,1,95)
r(45,5,1,95)
r(10,53,1,95)
w(22,48,1,95)
w(115,46,1,95)
w(10,54,1,95)
w(32,43,1,95)
w(113,41,1,95)
r(63,49,1,95)
w(20,36,1,95)
r(12,3,1,96)
r(16,60,1,96)
w(9,50,1,96)
w(115,47,1,96)
r(38,6,1,96)
w(97,55,1,96)
w(15,45,1,96)
r(111,45,1,96)
w(32,44,1,96)
r(50,4,1,96)
r(68,52,1,96)
w(30,47,1,96)
r(51,4,1,96)
w(90,48,1,96)
w(53,51,1,96)
w(5,52,1,96)
r(102,32,1,96)
w(47,45,1,96)
r(17,4,1,96)
r(59,46,1,96)
r(86,47,1,97)
w(13,47,1,97)
r(62,52,1,97)
w(50,48,1,97)
w(115,48,1,97)
w(40,50,1,97)
w(19,49,1,97)
w(48,35,1,97)
r(20,36,1,97)
w(99,53,1,97)
w(58,60,1,97)
r(12,3,1,97)
r(100,7,1,97)
r(36,4,1,97)
w(13,48,1,97)
r(88,9,1,97)
w(87,37,1,97)
r(60,2,1,97)
r(54,60,1,97)
r(45,5,1,97)
r(28,6,1,98)
r(34,50,1,98)
w(64,50,1,98)
w(109,55,1,98)
w(9,51,1,98)
r(81,7,1,98)
w(26,50,1,98)
r(35,5,1,98)
r(14,5,1,98)
r(114,49,1,98)
r(103,34,1,98)
r(6,49,1,98)
r(90,48,1,98)
r(78,7,1,98)
w(112,49,1,98)
r(14,5,1,98)
r(43,8,1,98)
r(1,5,1,98)
r(15,6,1,98)
w(50,49,1,98)
r(7,9,1,99)
r(67,41,1,99)
w(74,50,1,99)
w(53,52,1,99)
w(79,49,1,99)
w(48,36,1,99)
w(58,61,1,99)
r(82,6,1,99)
w(24,42,1,99)
w(65,57,1,99)
w(103,35,1,99)
w(8,28,1,99)
w(72,45,1,99)
r(93,5,1,99)
w(80,43,1,99)
w(73,48,1,99)
w(93,45,1,99)
r(89,4,1,99)
w(86,48,1,99)
r(104,3,1,99)
