w(64,1,0,0)
r(90,0,0,0)
r(95,0,0,0)
r(109,0,0,0)
w(35,1,0,0)
r(88,0,0,0)
w(99,1,0,0)
r(45,0,0,0)
w(31,1,0,0)
w(13,1,0,0)
r(78,0,0,0)
w(49,1,0,0)
w(25,1,0,0)
w(60,1,0,0)
w(100,1,0,0)
w(26,1,0,0)
w(44,1,0,0)
w(87,1,0,0)
w(80,1,0,0)
w(70,1,0,0)
w(15,1,0,1)
w(89,1,0,1)
w(19,1,0,1)
w(70,2,0,1)
r(2,0,0,1)
w(33,1,0,1)
w(3,1,0,1)
w(105,1,0,1)
w(41,1,0,1)
w(75,1,0,1)
w(79,1,0,1)
w(33,2,0,1)
r(0,0,0,1)
w(119,1,0,1)
r(85,0,0,1)
r(12,0,0,1)
w(4,1,0,1)
w(117,1,0,1)
r(77,0,0,1)
w(16,1,0,1)
w(77,1,0,2)
r(18,0,0,2)
w(87,2,0,2)
r(115,0,0,2)
w(93,1,0,2)
w(59,1,0,2)
r(12,0,0,2)
r(81,0,0,2)
r(88,0,0,2)
r(62,0,0,2)
r(84,0,0,2)
r(56,46,0,2)
w(12,1,0,2)
r(105,1,0,2)
w(31,2,0,2)
r(29,0,0,2)
r(78,0,0,2)
r(80,29,0,2)
r(96,0,0,2)
w(4,2,0,2)
w(114,1,0,3)
w(23,1,0,3)
r(74,0,0,3)
w(102,1,0,3)
w(11,1,0,3)
r(52,0,0,3)
r(0,0,0,3)
w(1,1,0,3)
w(14,1,0,3)
w(64,2,0,3)
w(52,1,0,3)
w(72,1,0,3)
r(84,0,0,3)
w(16,2,0,3)
w(19,2,0,3)
r(104,42,0,3)
w(47,1,0,3)
w(68,1,0,3)
r(20,0,0,3)
r(19,2,0,3)
r(82,0,0,4)
w(67,1,0,4)
r(66,0,0,4)
r(33,2,0,4)
r(70,42,0,4)
r(93,1,0,4)
r(39,0,0,4)
r(53,0,0,4)
w(41,2,0,4)
r(102,1,0,4)
r(33,2,0,4)
w(115,1,0,4)
w(64,3,0,4)
w(20,1,0,4)
w(109,1,0,4)
r(61,0,0,4)
w(71,1,0,4)
w(52,2,0,4)
w(93,2,0,4)
r(34,0,0,4)
w(41,3,0,5)
r(43,59,0,5)
w(66,1,0,5)
w(117,2,0,5)
r(104,43,0,5)
w(51,1,0,5)
r(81,0,0,5)
w(118,1,0,5)
r(36,0,0,5)
r(75,1,0,5)
w(55,1,0,5)
w(3,2,0,5)
r(62,0,0,5)
r(43,59,0,5)
r(47,42,0,5)
w(76,1,0,5)
w(107,1,0,5)
w(93,3,0,5)
w(23,2,0,5)
w(82,1,0,5)
w(107,2,0,6)
r(37,49,0,6)
r(37,49,0,6)
r(72,1,0,6)
r(83,0,0,6)
r(18,0,0,6)
w(111,1,0,6)
w(102,2,0,6)
r(79,1,0,6)
w(108,1,0,6)
w(117,3,0,6)
w(100,2,0,6)
r(72,1,0,6)
w(117,4,0,6)
r(39,0,0,6)
w(85,1,0,6)
w(79,2,0,6)
w(63,1,0,6)
r(66,1,0,6)
r(41,3,0,6)
w(28,1,0,7)
w(95,1,0,7)
r(13,1,0,7)
w(13,2,0,7)
w(61,1,0,7)
r(54,0,0,7)
r(29,45,0,7)
r(59,1,0,7)
r(103,43,0,7)
w(66,2,0,7)
w(7,1,0,7)
r(69,40,0,7)
r(3,2,0,7)
w(50,1,0,7)
w(45,1,0,7)
w(1,2,0,7)
r(9,0,0,7)
w(65,1,0,7)
w(105,2,0,7)
w(2,1,0,7)
r(57,47,0,8)
w(0,1,0,8)
r(86,0,0,8)
w(94,1,0,8)
w(42,1,0,8)
r(80,30,0,8)
w(40,1,0,8)
w(57,1,0,8)
r(27,43,0,8)
r(104,43,0,8)
w(83,1,0,8)
r(1,2,0,8)
r(21,0,0,8)
w(76,2,0,8)
r(91,0,0,8)
w(116,1,0,8)
r(95,1,0,8)
r(18,0,0,8)
w(85,2,0,8)
r(37,49,0,8)
w(98,1,0,9)
r(87,2,0,9)
w(22,1,0,9)
r(96,43,0,9)
r(117,43,0,9)
r(96,43,0,9)
w(44,2,0,9)
w(20,2,0,9)
r(49,1,0,9)
r(15,1,0,9)
w(36,1,0,9)
r(20,2,0,9)
w(18,1,0,9)
r(0,1,0,9)
r(19,40,0,9)
w(25,2,0,9)
w(76,3,0,9)
r(57,1,0,9)
w(108,2,0,9)
w(35,2,0,9)
r(87,2,0,10)
r(32,44,0,10)
w(100,3,0,10)
r(119,1,0,10)
r(71,46,0,10)
w(104,1,0,10)
w(32,1,0,10)
w(4,3,0,10)
w(43,1,0,10)
w(49,2,0,10)
w(103,1,0,10)
r(28,40,0,10)
w(2,2,0,10)
r(31,2,0,10)
r(93,47,0,10)
w(80,2,0,10)
w(43,2,0,10)
r(28,40,0,10)
r(26,50,0,10)
r(48,0,0,10)
w(63,2,0,11)
r(82,44,0,11)
r(58,30,0,11)
w(6,1,0,11)
w(43,3,0,11)
w(50,2,0,11)
r(28,40,0,11)
r(9,35,0,11)
w(96,1,0,11)
r(52,45,0,11)
r(106,55,0,11)
w(82,2,0,11)
w(69,1,0,11)
r(18,1,0,11)
w(11,2,0,11)
r(20,2,0,11)
r(44,2,0,11)
r(63,2,0,11)
r(20,2,0,11)
r(113,46,0,11)
r(113,46,0,12)
w(43,4,0,12)
r(64,3,0,12)
r(25,47,0,12)
r(111,1,0,12)
w(78,1,0,12)
r(17,36,0,12)
w(80,3,0,12)
r(109,53,0,12)
w(64,4,0,12)
w(90,1,0,12)
w(114,2,0,12)
r(50,2,0,12)
w(45,2,0,12)
w(74,1,0,12)
r(80,3,0,12)
w(74,2,0,12)
w(9,1,0,12)
r(65,1,0,12)
w(45,3,0,12)
r(68,1,0,13)
r(20,2,0,13)
r(64,4,0,13)
w(72,2,0,13)
r(28,40,0,13)
r(9,1,0,13)
r(112,32,0,13)
r(40,1,0,13)
r(41,3,0,13)
r(115,45,0,13)
w(46,1,0,13)
w(43,5,0,13)
r(54,45,0,13)
w(90,2,0,13)
r(87,2,0,13)
w(90,3,0,13)
r(42,1,0,13)
r(48,0,0,13)
r(30,0,0,13)
w(76,4,0,13)
w(18,2,0,14)
w(50,3,0,14)
w(22,2,0,14)
w(99,2,0,14)
r(79,50,0,14)
r(106,55,0,14)
r(94,53,0,14)
w(37,1,0,14)
w(102,3,0,14)
w(26,2,0,14)
w(105,3,0,14)
r(71,47,0,14)
r(61,1,0,14)
r(88,44,0,14)
r(23,45,0,14)
r(86,56,0,14)
r(89,40,0,14)
r(101,0,0,14)
r(39,0,0,14)
r(32,1,0,14)
w(105,4,0,15)
r(56,46,0,15)
w(77,2,0,15)
r(52,46,0,15)
w(13,3,0,15)
r(44,2,0,15)
w(26,3,0,15)
w(53,1,0,15)
w(74,3,0,15)
r(113,47,0,15)
w(99,3,0,15)
r(106,55,0,15)
r(101,0,0,15)
w(98,2,0,15)
w(85,3,0,15)
w(108,3,0,15)
r(108,3,0,15)
r(95,42,0,15)
w(81,1,0,15)
w(11,3,0,15)
r(105,4,0,16)
w(82,3,0,16)
w(66,3,0,16)
w(90,4,0,16)
r(32,1,0,16)
r(48,0,0,16)
w(100,4,0,16)
r(10,39,0,16)
w(68,2,0,16)
r(81,1,0,16)
w(21,1,0,16)
w(88,1,0,16)
r(15,47,0,16)
w(22,3,0,16)
w(33,3,0,16)
w(20,3,0,16)
r(68,2,0,16)
r(115,45,0,16)
r(83,36,0,16)
w(74,4,0,16)
r(119,49,0,17)
w(8,1,0,17)
w(70,3,0,17)
r(7,1,0,17)
r(10,39,0,17)
r(65,50,0,17)
w(36,2,0,17)
r(71,48,0,17)
r(73,38,0,17)
w(65,2,0,17)
w(65,3,0,17)
r(50,3,0,17)
w(36,3,0,17)
r(41,34,0,17)
w(82,4,0,17)
r(68,2,0,17)
w(70,4,0,17)
w(79,3,0,17)
w(29,1,0,17)
r(118,40,0,17)
w(103,2,0,18)
r(110,39,0,18)
w(17,1,0,18)
w(37,2,0,18)
w(61,2,0,18)
r(47,42,0,18)
r(79,3,0,18)
r(40,36,0,18)
r(3,2,0,18)
r(68,2,0,18)
r(103,2,0,18)
w(1,3,0,18)
w(111,2,0,18)
r(12,45,0,18)
r(104,44,0,18)
r(106,55,0,18)
w(49,3,0,18)
r(41,34,0,18)
w(34,1,0,18)
w(93,4,0,18)
w(28,2,0,19)
r(63,44,0,19)
r(103,2,0,19)
w(36,4,0,19)
w(22,4,0,19)
r(15,48,0,19)
w(17,2,0,19)
r(79,3,0,19)
r(36,4,0,19)
r(87,43,0,19)
r(81,1,0,19)
w(1,4,0,19)
r(14,42,0,19)
w(117,5,0,19)
w(7,2,0,19)
w(82,5,0,19)
w(7,3,0,19)
w(90,5,0,19)
r(50,3,0,19)
w(100,5,0,19)
w(57,2,0,20)
r(97,32,0,20)
r(95,43,0,20)
w(18,3,0,20)
r(40,36,0,20)
r(67,67,0,20)
w(52,3,0,20)
w(115,2,0,20)
w(48,1,0,20)
r(54,46,0,20)
r(75,42,0,20)
r(63,44,0,20)
w(49,4,0,20)
w(27,1,0,20)
w(42,2,0,20)
w(44,3,0,20)
r(91,0,0,20)
r(91,0,0,20)
r(4,35,0,20)
r(99,3,0,20)
r(105,4,0,21)
r(85,50,0,21)
r(4,35,0,21)
w(44,4,0,21)
r(84,51,0,21)
w(53,2,0,21)
w(31,3,0,21)
r(97,32,0,21)
r(95,43,0,21)
r(4,35,0,21)
w(117,6,0,21)
r(37,2,0,21)
r(51,39,0,21)
r(1,4,0,21)
r(100,5,0,21)
w(78,2,0,21)
r(25,48,0,21)
w(30,1,0,21)
w(86,1,0,21)
r(100,5,0,21)
r(34,1,0,22)
w(58,1,0,22)
r(42,2,0,22)
r(60,39,0,22)
r(107,54,0,22)
r(104,46,0,22)
w(4,4,0,22)
r(53,2,0,22)
w(67,2,0,22)
w(100,6,0,22)
r(85,50,0,22)
r(55,40,0,22)
w(109,2,0,22)
w(116,2,0,22)
w(111,3,0,22)
w(48,2,0,22)
w(48,3,0,22)
w(29,2,0,22)
r(69,41,0,22)
w(46,2,0,22)
r(74,44,0,23)
w(81,2,0,23)
r(55,40,0,23)
w(103,3,0,23)
w(3,3,0,23)
w(76,5,0,23)
w(90,6,0,23)
r(76,5,0,23)
w(22,5,0,23)
r(0,1,0,23)
w(107,3,0,23)
w(36,5,0,23)
r(109,2,0,23)
w(24,1,0,23)
r(62,41,0,23)
r(6,42,0,23)
w(56,1,0,23)
r(63,44,0,23)
r(37,2,0,23)
w(15,2,0,23)
w(110,1,0,24)
r(58,1,0,24)
r(92,48,0,24)
w(113,1,0,24)
r(15,2,0,24)
r(101,0,0,24)
w(94,2,0,24)
w(77,3,0,24)
w(62,1,0,24)
w(113,2,0,24)
w(7,4,0,24)
w(73,1,0,24)
r(7,4,0,24)
r(20,45,0,24)
w(25,3,0,24)
w(57,3,0,24)
w(71,2,0,24)
r(31,3,0,24)
w(74,5,0,24)
r(107,55,0,24)
w(76,6,0,25)
w(49,5,0,25)
r(63,44,0,25)
r(35,46,0,25)
w(37,3,0,25)
r(64,4,0,25)
r(36,5,0,25)
w(115,3,0,25)
r(33,42,0,25)
w(49,6,0,25)
r(82,5,0,25)
w(37,4,0,25)
w(106,1,0,25)
r(63,44,0,25)
r(9,37,0,25)
w(29,3,0,25)
r(54,46,0,25)
r(71,2,0,25)
w(58,2,0,25)
w(116,3,0,25)
w(12,2,0,26)
r(16,46,0,26)
r(31,33,0,26)
r(61,35,0,26)
r(83,37,0,26)
r(44,4,0,26)
w(5,1,0,26)
w(55,2,0,26)
w(29,4,0,26)
r(95,43,0,26)
r(26,53,0,26)
r(115,3,0,26)
r(3,3,0,26)
r(118,40,0,26)
r(17,2,0,26)
r(24,1,0,26)
w(67,3,0,26)
r(17,2,0,26)
r(85,51,0,26)
w(75,2,0,26)
r(15,2,0,27)
w(95,2,0,27)
r(117,45,0,27)
w(62,2,0,27)
w(76,7,0,27)
w(86,2,0,27)
w(55,3,0,27)
w(68,3,0,27)
w(36,6,0,27)
r(74,5,0,27)
r(101,0,0,27)
w(46,3,0,27)
r(96,47,0,27)
r(46,3,0,27)
w(7,5,0,27)
w(104,2,0,27)
w(65,4,0,27)
r(4,4,0,27)
w(83,2,0,27)
w(29,5,0,27)
w(93,5,0,28)
w(94,3,0,28)
r(90,6,0,28)
r(99,3,0,28)
r(60,40,0,28)
r(88,1,0,28)
w(21,2,0,28)
r(20,45,0,28)
w(71,3,0,28)
r(110,1,0,28)
r(21,2,0,28)
r(89,41,0,28)
w(93,6,0,28)
w(72,3,0,28)
r(85,51,0,28)
r(30,1,0,28)
w(0,2,0,28)
w(73,2,0,28)
r(45,54,0,28)
w(51,2,0,28)
w(24,2,0,29)
r(80,31,0,29)
r(47,43,0,29)
w(82,6,0,29)
r(36,6,0,29)
w(107,4,0,29)
w(67,4,0,29)
r(49,6,0,29)
w(39,1,0,29)
r(80,31,0,29)
r(13,3,0,29)
r(7,5,0,29)
w(83,3,0,29)
w(59,2,0,29)
r(114,29,0,29)
r(21,2,0,29)
w(36,7,0,29)
r(79,3,0,29)
r(101,0,0,29)
w(118,2,0,29)
w(73,3,0,30)
r(97,32,0,30)
w(91,1,0,30)
r(12,2,0,30)
w(71,4,0,30)
r(33,42,0,30)
w(39,2,0,30)
w(92,1,0,30)
w(26,4,0,30)
w(75,3,0,30)
w(112,1,0,30)
r(112,1,0,30)
r(74,5,0,30)
w(76,8,0,30)
w(105,5,0,30)
r(61,35,0,30)
w(106,2,0,30)
r(53,2,0,30)
w(94,4,0,30)
r(97,32,0,30)
r(15,49,0,31)
w(49,7,0,31)
r(92,1,0,31)
w(109,3,0,31)
r(4,36,0,31)
w(0,3,0,31)
w(23,3,0,31)
r(42,47,0,31)
r(56,48,0,31)
r(4,36,0,31)
r(18,3,0,31)
w(82,7,0,31)
w(53,3,0,31)
w(38,1,0,31)
w(49,8,0,31)
r(65,4,0,31)
r(41,35,0,31)
w(69,2,0,31)
r(58,33,0,31)
r(92,1,0,31)
r(93,49,0,32)
r(20,45,0,32)
w(64,5,0,32)
r(69,2,0,32)
w(55,4,0,32)
r(67,68,0,32)
r(2,34,0,32)
r(24,2,0,32)
r(111,3,0,32)
r(29,5,0,32)
r(31,33,0,32)
r(51,2,0,32)
r(65,4,0,32)
w(86,3,0,32)
w(44,5,0,32)
r(66,53,0,32)
r(5,1,0,32)
w(30,2,0,32)
w(51,3,0,32)
w(12,3,0,32)
r(101,44,0,33)
w(83,4,0,33)
r(103,46,0,33)
w(72,4,0,33)
r(97,32,0,33)
r(56,48,0,33)
w(71,5,0,33)
w(81,3,0,33)
r(84,53,0,33)
r(7,5,0,33)
w(29,6,0,33)
r(101,44,0,33)
w(89,2,0,33)
r(105,5,0,33)
r(105,5,0,33)
r(77,3,0,33)
r(81,3,0,33)
r(68,43,0,33)
w(19,3,0,33)
r(79,3,0,33)
r(23,3,0,34)
w(46,4,0,34)
w(39,3,0,34)
w(97,1,0,34)
r(53,3,0,34)
r(114,29,0,34)
w(93,7,0,34)
r(39,3,0,34)
r(82,7,0,34)
w(112,2,0,34)
r(116,50,0,34)
r(105,5,0,34)
w(119,2,0,34)
w(15,3,0,34)
r(9,37,0,34)
w(17,3,0,34)
r(105,5,0,34)
w(101,1,0,34)
r(88,1,0,34)
w(74,6,0,34)
w(11,4,0,35)
r(78,48,0,35)
r(119,2,0,35)
w(0,4,0,35)
r(113,2,0,35)
r(79,3,0,35)
r(30,2,0,35)
w(84,1,0,35)
r(67,68,0,35)
w(46,5,0,35)
w(51,4,0,35)
w(96,2,0,35)
r(27,45,0,35)
r(24,41,0,35)
w(111,4,0,35)
w(117,7,0,35)
r(61,35,0,35)
r(11,4,0,35)
w(100,7,0,35)
w(40,2,0,35)
r(108,45,0,36)
w(48,4,0,36)
w(84,2,0,36)
w(90,7,0,36)
w(60,2,0,36)
r(67,68,0,36)
r(36,7,0,36)
r(39,39,0,36)
r(111,4,0,36)
w(69,3,0,36)
r(68,43,0,36)
r(64,5,0,36)
r(71,50,0,36)
r(54,47,0,36)
r(116,52,0,36)
r(51,4,0,36)
r(60,2,0,36)
w(94,5,0,36)
r(8,1,0,36)
w(116,4,0,36)
r(109,3,0,37)
w(5,2,0,37)
w(110,2,0,37)
r(110,2,0,37)
r(105,5,0,37)
r(8,1,0,37)
r(8,1,0,37)
w(93,8,0,37)
r(9,37,0,37)
w(107,5,0,37)
w(4,5,0,37)
w(15,4,0,37)
w(18,4,0,37)
r(110,2,0,37)
w(60,3,0,37)
r(67,68,0,37)
r(8,1,0,37)
r(99,35,0,37)
w(69,4,0,37)
w(45,4,0,37)
r(74,6,0,38)
w(107,6,0,38)
w(40,3,0,38)
r(72,4,0,38)
r(21,44,0,38)
r(64,5,0,38)
w(1,5,0,38)
r(83,39,0,38)
r(112,2,0,38)
r(37,51,0,38)
r(11,48,0,38)
r(4,5,0,38)
w(0,5,0,38)
r(113,2,0,38)
w(76,9,0,38)
r(86,59,0,38)
r(78,49,0,38)
w(41,4,0,38)
w(78,3,0,38)
r(16,47,0,38)
w(28,3,0,39)
r(88,1,0,39)
r(62,43,0,39)
w(9,2,0,39)
r(60,3,0,39)
w(1,6,0,39)
w(73,4,0,39)
r(38,1,0,39)
w(74,7,0,39)
w(88,2,0,39)
w(1,7,0,39)
w(18,5,0,39)
w(17,4,0,39)
r(28,3,0,39)
w(114,3,0,39)
r(73,4,0,39)
r(97,1,0,39)
w(80,4,0,39)
w(6,2,0,39)
r(52,48,0,39)
r(18,5,0,40)
w(36,8,0,40)
w(75,4,0,40)
r(60,3,0,40)
r(67,69,0,40)
w(87,3,0,40)
w(43,6,0,40)
r(3,52,0,40)
w(15,5,0,40)
r(19,3,0,40)
w(39,4,0,40)
r(13,38,0,40)
r(49,45,0,40)
w(112,3,0,40)
r(84,2,0,40)
w(92,2,0,40)
r(57,49,0,40)
w(93,9,0,40)
w(20,4,0,40)
r(40,3,0,40)
w(1,8,0,41)
r(61,35,0,41)
w(34,2,0,41)
r(105,5,0,41)
r(74,7,0,41)
w(84,3,0,41)
w(15,6,0,41)
r(107,56,0,41)
r(95,44,0,41)
r(26,4,0,41)
w(68,4,0,41)
w(55,5,0,41)
w(16,3,0,41)
w(108,4,0,41)
r(33,42,0,41)
w(57,4,0,41)
r(94,57,0,41)
r(57,4,0,41)
r(88,45,0,41)
r(98,44,0,41)
w(98,3,0,42)
r(46,43,0,42)
w(68,5,0,42)
w(46,6,0,42)
w(28,4,0,42)
r(115,48,0,42)
w(105,6,0,42)
r(36,8,0,42)
r(0,5,0,42)
w(63,3,0,42)
r(85,51,0,42)
r(28,4,0,42)
r(62,43,0,42)
r(37,53,0,42)
w(30,3,0,42)
w(68,6,0,42)
w(104,3,0,42)
r(80,4,0,42)
w(30,4,0,42)
w(108,5,0,42)
r(84,3,0,43)
w(65,5,0,43)
w(31,4,0,43)
r(17,40,0,43)
w(34,3,0,43)
w(19,4,0,43)
r(8,38,0,43)
w(30,5,0,43)
r(43,6,0,43)
r(27,47,0,43)
w(87,4,0,43)
r(93,9,0,43)
w(100,8,0,43)
r(9,2,0,43)
w(94,6,0,43)
r(54,48,0,43)
w(34,4,0,43)
w(25,4,0,43)
w(105,7,0,43)
r(114,3,0,43)
w(25,5,0,44)
r(78,3,0,44)
w(19,5,0,44)
r(39,4,0,44)
r(117,7,0,44)
r(35,49,0,44)
w(41,5,0,44)
r(63,45,0,44)
w(14,2,0,44)
w(96,3,0,44)
r(60,3,0,44)
w(34,5,0,44)
r(86,60,0,44)
r(72,41,0,44)
r(46,6,0,44)
w(66,4,0,44)
w(13,4,0,44)
w(115,4,0,44)
w(81,4,0,44)
r(2,35,0,44)
w(99,4,0,45)
r(100,8,0,45)
r(30,5,0,45)
r(106,57,0,45)
w(106,3,0,45)
r(26,55,0,45)
w(38,2,0,45)
w(28,5,0,45)
r(99,4,0,45)
w(74,8,0,45)
w(106,4,0,45)
r(103,49,0,45)
w(41,6,0,45)
r(116,4,0,45)
w(110,3,0,45)
r(75,4,0,45)
r(37,53,0,45)
w(76,10,0,45)
r(112,3,0,45)
w(40,4,0,45)
r(4,5,0,46)
r(51,42,0,46)
w(96,4,0,46)
w(44,6,0,46)
w(81,5,0,46)
r(78,3,0,46)
w(9,3,0,46)
r(22,45,0,46)
w(30,6,0,46)
r(32,1,0,46)
w(31,5,0,46)
w(77,4,0,46)
r(99,4,0,46)
w(87,5,0,46)
w(93,10,0,46)
r(72,41,0,46)
w(33,4,0,46)
r(27,47,0,46)
r(21,45,0,46)
r(25,5,0,46)
w(102,4,0,47)
w(11,5,0,47)
r(97,1,0,47)
w(86,4,0,47)
r(80,4,0,47)
r(111,46,0,47)
w(96,5,0,47)
r(30,6,0,47)
w(11,6,0,47)
r(48,4,0,47)
r(55,5,0,47)
w(57,5,0,47)
w(119,3,0,47)
w(89,3,0,47)
r(37,54,0,47)
w(29,7,0,47)
w(49,9,0,47)
r(44,6,0,47)
r(19,5,0,47)
w(40,5,0,47)
r(50,43,0,48)
w(1,9,0,48)
w(17,5,0,48)
w(64,6,0,48)
w(35,3,0,48)
w(107,7,0,48)
r(7,39,0,48)
w(13,5,0,48)
w(70,5,0,48)
w(63,4,0,48)
r(76,10,0,48)
w(100,9,0,48)
w(84,4,0,48)
w(58,3,0,48)
w(76,11,0,48)
w(95,3,0,48)
w(9,4,0,48)
r(88,45,0,48)
w(63,5,0,48)
r(38,2,0,48)
r(32,46,0,49)
w(20,5,0,49)
r(88,45,0,49)
r(31,5,0,49)
r(105,7,0,49)
r(74,45,0,49)
w(81,6,0,49)
w(9,5,0,49)
w(66,5,0,49)
r(65,5,0,49)
w(104,4,0,49)
w(88,3,0,49)
r(49,9,0,49)
w(78,4,0,49)
w(38,3,0,49)
w(107,8,0,49)
w(58,4,0,49)
r(52,48,0,49)
w(67,5,0,49)
r(11,49,0,49)
r(50,0,1,50)
w(112,31,1,50)
r(44,1,1,50)
r(18,0,1,50)
r(74,0,1,50)
w(56,46,1,50)
r(81,0,1,50)
w(69,40,1,50)
w(23,43,1,50)
r(84,0,1,50)
r(30,0,1,50)
w(37,49,1,50)
r(35,1,1,50)
r(67,0,1,50)
r(89,1,1,50)
r(116,0,1,50)
w(70,41,1,50)
w(80,29,1,50)
r(82,0,1,50)
r(97,0,1,50)
r(67,0,1,51)
w(50,42,1,51)
r(55,0,1,51)
w(88,43,1,51)
r(100,1,1,51)
r(81,0,1,51)
r(32,0,1,51)
r(97,0,1,51)
r(51,0,1,51)
r(103,0,1,51)
w(70,42,1,51)
r(0,0,1,51)
w(78,45,1,51)
w(104,42,1,51)
r(31,2,1,51)
w(43,59,1,51)
w(76,48,1,51)
w(16,45,1,51)
r(44,1,1,51)
w(2,33,1,51)
r(94,0,1,52)
w(71,46,1,52)
r(15,1,1,52)
w(55,38,1,52)
w(82,42,1,52)
w(55,39,1,52)
w(28,39,1,52)
r(87,2,1,52)
w(58,30,1,52)
w(82,43,1,52)
w(47,42,1,52)
w(104,43,1,52)
w(85,48,1,52)
r(93,2,1,52)
w(32,42,1,52)
r(115,1,1,52)
r(109,1,1,52)
w(19,40,1,52)
r(32,42,1,52)
r(116,0,1,52)
r(65,0,1,53)
w(5,34,1,53)
w(115,43,1,53)
w(40,35,1,53)
r(17,0,1,53)
r(69,40,1,53)
r(35,1,1,53)
w(100,46,1,53)
w(88,44,1,53)
w(27,43,1,53)
r(39,0,1,53)
w(89,40,1,53)
r(91,0,1,53)
r(56,46,1,53)
w(29,45,1,53)
w(106,54,1,53)
r(104,43,1,53)
r(35,1,1,53)
w(67,66,1,53)
w(105,50,1,53)
r(32,42,1,54)
w(81,44,1,54)
w(82,44,1,54)
w(110,38,1,54)
w(84,51,1,54)
w(51,37,1,54)
w(98,42,1,54)
w(99,32,1,54)
w(65,49,1,54)
w(12,42,1,54)
r(95,0,1,54)
r(77,1,1,54)
r(55,1,1,54)
r(11,1,1,54)
w(22,42,1,54)
r(34,0,1,54)
w(112,32,1,54)
w(98,43,1,54)
w(100,47,1,54)
r(20,1,1,54)
w(43,60,1,55)
w(45,53,1,55)
w(32,43,1,55)
r(101,0,1,55)
w(92,47,1,55)
r(49,1,1,55)
w(103,43,1,55)
r(1,1,1,55)
r(57,0,1,55)
r(94,0,1,55)
w(8,37,1,55)
r(102,2,1,55)
r(20,1,1,55)
w(109,53,1,55)
r(73,0,1,55)
w(81,45,1,55)
r(113,0,1,55)
r(76,1,1,55)
r(104,43,1,55)
r(52,2,1,55)
w(78,46,1,56)
w(10,37,1,56)
w(79,47,1,56)
r(30,0,1,56)
w(12,43,1,56)
r(7,0,1,56)
w(99,33,1,56)
r(40,35,1,56)
r(108,1,1,56)
w(116,45,1,56)
w(97,31,1,56)
w(97,32,1,56)
r(109,53,1,56)
w(51,38,1,56)
r(30,0,1,56)
w(32,44,1,56)
w(57,47,1,56)
r(25,1,1,56)
w(55,40,1,56)
r(85,1,1,56)
r(101,0,1,57)
r(100,47,1,57)
r(93,3,1,57)
w(42,46,1,57)
r(113,0,1,57)
w(77,33,1,57)
w(44,45,1,57)
w(80,30,1,57)
w(52,45,1,57)
r(68,1,1,57)
w(36,56,1,57)
w(54,45,1,57)
w(22,43,1,57)
r(63,1,1,57)
r(84,51,1,57)
w(23,44,1,57)
w(75,42,1,57)
r(6,0,1,57)
w(96,43,1,57)
w(117,42,1,57)
r(41,3,1,58)
w(26,50,1,58)
w(106,55,1,58)
r(112,32,1,58)
w(44,46,1,58)
w(93,47,1,58)
r(74,0,1,58)
w(6,40,1,58)
r(19,40,1,58)
w(100,48,1,58)
w(66,49,1,58)
r(91,0,1,58)
r(91,0,1,58)
w(117,43,1,58)
w(102,44,1,58)
r(99,33,1,58)
r(67,66,1,58)
r(6,40,1,58)
r(42,1,1,58)
r(19,40,1,58)
r(79,47,1,59)
w(17,36,1,59)
r(95,1,1,59)
r(31,2,1,59)
w(6,41,1,59)
w(23,45,1,59)
w(53,42,1,59)
w(116,46,1,59)
w(28,40,1,59)
r(75,42,1,59)
r(1,2,1,59)
w(53,43,1,59)
w(4,33,1,59)
r(13,2,1,59)
r(90,0,1,59)
w(94,53,1,59)
w(95,40,1,59)
w(38,48,1,59)
r(64,3,1,59)
w(15,47,1,59)
w(115,44,1,60)
w(73,38,1,60)
w(107,54,1,60)
w(5,35,1,60)
w(99,34,1,60)
w(95,41,1,60)
r(3,2,1,60)
w(72,37,1,60)
w(115,45,1,60)
w(71,47,1,60)
r(114,1,1,60)
r(92,47,1,60)
r(41,3,1,60)
w(10,38,1,60)
w(108,43,1,60)
r(105,2,1,60)
r(26,50,1,60)
w(9,35,1,60)
r(17,36,1,60)
w(113,46,1,60)
w(62,40,1,61)
w(2,34,1,61)
r(31,2,1,61)
r(86,0,1,61)
r(71,47,1,61)
r(23,45,1,61)
w(36,57,1,61)
r(41,3,1,61)
r(74,0,1,61)
r(57,1,1,61)
r(49,2,1,61)
r(73,38,1,61)
w(62,41,1,61)
r(119,1,1,61)
w(79,48,1,61)
r(90,0,1,61)
r(52,45,1,61)
r(102,44,1,61)
r(18,1,1,61)
w(25,47,1,61)
r(108,43,1,62)
w(4,34,1,62)
w(96,44,1,62)
r(73,38,1,62)
r(3,2,1,62)
w(85,49,1,62)
w(95,42,1,62)
w(79,49,1,62)
w(4,35,1,62)
w(90,49,1,62)
w(60,39,1,62)
r(41,3,1,62)
r(40,1,1,62)
r(3,2,1,62)
w(108,44,1,62)
r(12,43,1,62)
r(106,55,1,62)
r(12,43,1,62)
r(21,0,1,62)
w(118,40,1,62)
w(30,56,1,63)
w(87,41,1,63)
w(110,39,1,63)
w(119,49,1,63)
w(65,50,1,63)
w(86,56,1,63)
w(79,50,1,63)
r(102,44,1,63)
r(85,49,1,63)
w(19,41,1,63)
r(100,3,1,63)
w(12,44,1,63)
r(64,4,1,63)
w(83,36,1,63)
r(116,46,1,63)
r(94,53,1,63)
w(28,41,1,63)
w(54,46,1,63)
r(97,32,1,63)
r(38,48,1,63)
w(10,39,1,64)
r(11,2,1,64)
r(79,50,1,64)
w(24,40,1,64)
w(41,34,1,64)
r(112,32,1,64)
w(39,35,1,64)
w(104,44,1,64)
r(110,39,1,64)
w(89,41,1,64)
r(70,42,1,64)
w(113,47,1,64)
r(55,40,1,64)
r(54,46,1,64)
r(63,2,1,64)
w(52,46,1,64)
r(35,2,1,64)
r(112,32,1,64)
r(73,38,1,64)
r(35,2,1,64)
r(97,32,1,65)
r(115,45,1,65)
r(18,2,1,65)
w(51,39,1,65)
r(106,55,1,65)
r(106,55,1,65)
r(50,3,1,65)
w(116,47,1,65)
w(43,61,1,65)
w(87,42,1,65)
w(69,41,1,65)
r(89,41,1,65)
w(6,42,1,65)
w(74,43,1,65)
r(109,53,1,65)
r(78,1,1,65)
w(98,44,1,65)
w(16,46,1,65)
r(88,44,1,65)
w(40,36,1,65)
w(14,41,1,66)
r(18,2,1,66)
r(15,47,1,66)
w(114,29,1,66)
r(44,2,1,66)
r(63,2,1,66)
r(104,44,1,66)
w(59,35,1,66)
w(12,45,1,66)
w(26,51,1,66)
w(39,36,1,66)
w(71,48,1,66)
w(94,54,1,66)
w(27,44,1,66)
w(103,44,1,66)
w(31,31,1,66)
w(46,42,1,66)
w(11,47,1,66)
r(59,35,1,66)
w(26,52,1,66)
w(45,54,1,67)
r(11,47,1,67)
r(26,52,1,67)
r(48,0,1,67)
w(116,48,1,67)
r(2,34,1,67)
w(96,45,1,67)
w(66,50,1,67)
w(117,44,1,67)
w(52,47,1,67)
r(9,1,1,67)
r(26,52,1,67)
r(58,30,1,67)
r(11,47,1,67)
w(100,49,1,67)
w(26,53,1,67)
r(96,45,1,67)
w(38,49,1,67)
r(69,41,1,67)
r(41,34,1,67)
r(10,39,1,68)
w(92,48,1,68)
w(77,34,1,68)
w(63,44,1,68)
w(87,43,1,68)
r(117,44,1,68)
w(25,48,1,68)
w(28,42,1,68)
w(21,39,1,68)
r(73,38,1,68)
w(15,48,1,68)
w(73,39,1,68)
w(48,42,1,68)
w(67,67,1,68)
r(20,3,1,68)
r(2,34,1,68)
w(9,36,1,68)
r(95,42,1,68)
w(95,43,1,68)
r(49,3,1,68)
r(81,1,1,69)
r(5,35,1,69)
w(104,45,1,69)
r(78,1,1,69)
w(82,45,1,69)
w(85,50,1,69)
w(77,35,1,69)
w(57,48,1,69)
r(88,1,1,69)
r(106,55,1,69)
w(38,50,1,69)
r(7,1,1,69)
w(109,54,1,69)
r(117,44,1,69)
r(105,4,1,69)
w(20,45,1,69)
w(65,51,1,69)
r(15,48,1,69)
w(14,42,1,69)
w(47,43,1,69)
w(49,44,1,70)
r(1,4,1,70)
w(104,46,1,70)
r(114,29,1,70)
r(102,3,1,70)
w(39,37,1,70)
r(82,5,1,70)
r(42,1,1,70)
w(35,46,1,70)
r(104,46,1,70)
r(100,5,1,70)
r(11,47,1,70)
w(28,43,1,70)
w(66,51,1,70)
r(93,4,1,70)
r(4,35,1,70)
r(74,4,1,70)
w(53,44,1,70)
r(98,44,1,70)
r(90,5,1,70)
w(38,51,1,71)
w(9,37,1,71)
r(52,3,1,71)
r(47,43,1,71)
w(83,37,1,71)
r(2,34,1,71)
w(19,42,1,71)
r(105,4,1,71)
r(68,2,1,71)
w(19,43,1,71)
r(31,3,1,71)
w(84,52,1,71)
r(40,36,1,71)
r(98,44,1,71)
r(45,54,1,71)
r(35,46,1,71)
w(56,47,1,71)
w(74,44,1,71)
r(41,34,1,71)
w(12,46,1,71)
w(42,47,1,72)
r(119,49,1,72)
r(57,2,1,72)
r(4,4,1,72)
r(76,4,1,72)
w(94,55,1,72)
r(53,2,1,72)
w(28,44,1,72)
w(115,46,1,72)
r(74,44,1,72)
r(11,47,1,72)
w(21,40,1,72)
r(40,36,1,72)
r(52,3,1,72)
w(33,42,1,72)
r(111,3,1,72)
r(111,3,1,72)
r(57,2,1,72)
w(51,40,1,72)
r(31,3,1,72)
r(77,35,1,73)
w(22,44,1,73)
r(0,1,1,73)
r(118,40,1,73)
r(59,35,1,73)
w(104,47,1,73)
w(6,43,1,73)
r(78,2,1,73)
r(3,3,1,73)
w(107,55,1,73)
w(27,45,1,73)
w(25,49,1,73)
w(65,52,1,73)
w(93,48,1,73)
w(112,33,1,73)
w(109,55,1,73)
r(59,35,1,73)
w(117,45,1,73)
r(106,55,1,73)
w(72,38,1,73)
r(76,5,1,74)
w(116,49,1,74)
w(85,51,1,74)
w(66,52,1,74)
r(110,1,1,74)
w(5,36,1,74)
r(86,1,1,74)
r(96,45,1,74)
r(100,6,1,74)
w(41,35,1,74)
r(78,2,1,74)
r(76,5,1,74)
r(36,5,1,74)
w(21,41,1,74)
w(58,31,1,74)
r(42,47,1,74)
w(48,43,1,74)
w(72,39,1,74)
w(1,50,1,74)
r(8,1,1,74)
w(51,41,1,75)
r(52,3,1,75)
w(80,31,1,75)
w(61,35,1,75)
w(102,45,1,75)
w(75,43,1,75)
w(104,48,1,75)
w(96,46,1,75)
w(92,49,1,75)
w(31,32,1,75)
w(116,50,1,75)
r(105,4,1,75)
w(78,47,1,75)
w(91,43,1,75)
w(31,33,1,75)
w(96,47,1,75)
w(105,51,1,75)
r(16,46,1,75)
w(60,40,1,75)
r(47,43,1,75)
w(28,45,1,76)
w(13,35,1,76)
w(35,47,1,76)
r(94,3,1,76)
w(101,44,1,76)
r(109,55,1,76)
r(5,1,1,76)
w(69,42,1,76)
r(62,2,1,76)
w(26,54,1,76)
r(70,4,1,76)
w(15,49,1,76)
r(41,35,1,76)
w(66,53,1,76)
r(97,32,1,76)
r(70,4,1,76)
r(108,3,1,76)
w(21,42,1,76)
r(100,6,1,76)
w(87,44,1,76)
r(45,54,1,77)
r(60,40,1,77)
r(67,4,1,77)
r(98,44,1,77)
w(103,45,1,77)
r(69,42,1,77)
r(98,44,1,77)
w(93,49,1,77)
r(69,42,1,77)
r(2,34,1,77)
r(119,49,1,77)
r(71,4,1,77)
w(110,40,1,77)
w(56,48,1,77)
w(16,47,1,77)
r(79,3,1,77)
r(108,3,1,77)
r(57,3,1,77)
w(118,41,1,77)
w(4,36,1,77)
r(76,8,1,78)
w(108,45,1,78)
w(58,32,1,78)
r(104,2,1,78)
r(72,3,1,78)
w(99,35,1,78)
r(46,3,1,78)
r(79,3,1,78)
w(39,38,1,78)
r(63,44,1,78)
w(84,53,1,78)
r(31,33,1,78)
r(33,42,1,78)
w(89,42,1,78)
w(67,68,1,78)
w(82,46,1,78)
w(58,33,1,78)
r(32,1,1,78)
r(87,44,1,78)
r(22,44,1,78)
r(44,4,1,79)
r(76,8,1,79)
r(56,48,1,79)
r(74,5,1,79)
w(49,45,1,79)
w(13,36,1,79)
w(44,47,1,79)
r(55,3,1,79)
w(0,31,1,79)
w(100,50,1,79)
r(21,42,1,79)
r(88,1,1,79)
r(35,47,1,79)
r(2,34,1,79)
w(83,38,1,79)
r(17,2,1,79)
r(45,54,1,79)
r(65,4,1,79)
w(43,62,1,79)
w(60,41,1,79)
r(70,4,1,80)
w(42,48,1,80)
w(90,50,1,80)
w(78,48,1,80)
w(14,43,1,80)
w(21,43,1,80)
w(112,34,1,80)
w(37,50,1,80)
r(73,3,1,80)
w(103,46,1,80)
w(47,44,1,80)
w(69,43,1,80)
w(68,43,1,80)
w(72,40,1,80)
w(112,35,1,80)
r(0,31,1,80)
w(4,37,1,80)
w(71,49,1,80)
r(97,32,1,80)
r(75,3,1,80)
r(7,5,1,81)
w(24,41,1,81)
r(13,36,1,81)
w(70,43,1,81)
w(54,47,1,81)
w(86,57,1,81)
r(35,47,1,81)
r(64,5,1,81)
w(118,42,1,81)
r(72,4,1,81)
r(9,37,1,81)
r(99,35,1,81)
w(21,44,1,81)
w(34,55,1,81)
w(28,46,1,81)
w(84,54,1,81)
r(108,45,1,81)
w(92,50,1,81)
r(65,4,1,81)
w(86,58,1,81)
r(107,4,1,82)
r(102,45,1,82)
r(29,6,1,82)
r(68,43,1,82)
r(61,35,1,82)
w(2,35,1,82)
w(87,45,1,82)
w(118,43,1,82)
r(117,45,1,82)
w(102,46,1,82)
w(73,40,1,82)
r(36,7,1,82)
r(83,4,1,82)
r(86,58,1,82)
r(67,68,1,82)
w(116,51,1,82)
r(14,43,1,82)
r(66,53,1,82)
r(70,43,1,82)
w(94,56,1,82)
w(65,53,1,83)
w(71,50,1,83)
r(62,2,1,83)
w(60,42,1,83)
r(39,3,1,83)
w(100,51,1,83)
w(45,55,1,83)
w(39,39,1,83)
r(59,2,1,83)
r(28,46,1,83)
r(94,56,1,83)
w(86,59,1,83)
r(65,53,1,83)
r(98,44,1,83)
w(1,51,1,83)
w(82,47,1,83)
r(116,51,1,83)
w(17,37,1,83)
w(35,48,1,83)
r(36,7,1,83)
r(118,43,1,84)
r(84,1,1,84)
r(27,45,1,84)
w(81,46,1,84)
w(17,38,1,84)
r(15,3,1,84)
w(5,37,1,84)
r(82,47,1,84)
r(96,2,1,84)
w(7,37,1,84)
r(27,45,1,84)
w(92,51,1,84)
w(116,52,1,84)
w(29,46,1,84)
r(26,4,1,84)
r(20,45,1,84)
r(0,4,1,84)
w(23,46,1,84)
w(37,51,1,84)
r(103,46,1,84)
r(99,35,1,85)
w(96,48,1,85)
r(90,7,1,85)
w(5,38,1,85)
r(53,3,1,85)
w(68,44,1,85)
r(31,33,1,85)
r(42,48,1,85)
r(101,1,1,85)
r(49,45,1,85)
w(51,42,1,85)
w(22,45,1,85)
w(6,44,1,85)
w(52,48,1,85)
w(13,37,1,85)
r(11,4,1,85)
r(93,7,1,85)
w(69,44,1,85)
r(64,5,1,85)
w(81,47,1,85)
r(52,48,1,86)
w(8,38,1,86)
r(113,2,1,86)
r(108,45,1,86)
r(36,7,1,86)
r(63,44,1,86)
w(30,57,1,86)
r(0,4,1,86)
w(82,48,1,86)
w(3,51,1,86)
w(44,48,1,86)
w(11,48,1,86)
r(81,47,1,86)
w(43,63,1,86)
r(34,55,1,86)
r(111,4,1,86)
r(28,46,1,86)
w(46,43,1,86)
r(23,46,1,86)
r(90,7,1,86)
w(13,38,1,87)
r(66,53,1,87)
r(115,3,1,87)
w(83,39,1,87)
r(28,46,1,87)
r(105,5,1,87)
r(41,35,1,87)
w(47,45,1,87)
w(50,43,1,87)
w(87,46,1,87)
r(13,38,1,87)
w(12,47,1,87)
w(102,47,1,87)
w(89,43,1,87)
w(103,47,1,87)
w(79,51,1,87)
w(78,49,1,87)
w(3,52,1,87)
w(53,45,1,87)
w(82,49,1,87)
r(29,46,1,88)
r(100,7,1,88)
w(95,44,1,88)
r(16,47,1,88)
w(62,42,1,88)
r(103,47,1,88)
r(45,4,1,88)
r(96,48,1,88)
r(17,38,1,88)
r(101,1,1,88)
w(103,48,1,88)
w(62,43,1,88)
w(54,48,1,88)
w(96,49,1,88)
r(72,4,1,88)
w(87,47,1,88)
w(101,45,1,88)
w(115,47,1,88)
r(37,51,1,88)
w(37,52,1,88)
w(23,47,1,89)
r(92,51,1,89)
w(14,44,1,89)
w(57,49,1,89)
r(116,4,1,89)
w(17,39,1,89)
w(18,43,1,89)
w(27,46,1,89)
r(85,51,1,89)
w(39,40,1,89)
r(72,4,1,89)
w(36,58,1,89)
w(42,49,1,89)
w(27,47,1,89)
w(70,44,1,89)
r(31,33,1,89)
r(43,63,1,89)
r(119,2,1,89)
w(108,46,1,89)
r(32,1,1,89)
w(30,58,1,90)
r(112,2,1,90)
w(47,46,1,90)
w(106,56,1,90)
w(96,50,1,90)
r(47,46,1,90)
w(23,48,1,90)
r(29,46,1,90)
w(5,39,1,90)
r(105,5,1,90)
w(58,34,1,90)
w(67,69,1,90)
w(88,45,1,90)
r(17,4,1,90)
r(38,1,1,90)
r(21,44,1,90)
r(62,43,1,90)
w(111,46,1,90)
r(75,3,1,90)
r(115,47,1,90)
w(37,53,1,91)
r(21,44,1,91)
r(53,45,1,91)
r(57,49,1,91)
w(72,41,1,91)
r(51,42,1,91)
r(117,7,1,91)
r(0,5,1,91)
w(69,45,1,91)
r(74,7,1,91)
w(15,50,1,91)
w(35,49,1,91)
w(107,56,1,91)
w(89,44,1,91)
r(27,47,1,91)
r(116,4,1,91)
w(70,45,1,91)
w(94,57,1,91)
w(103,49,1,91)
r(61,35,1,91)
r(91,1,1,92)
w(6,45,1,92)
w(21,45,1,92)
r(85,51,1,92)
r(103,49,1,92)
r(13,38,1,92)
w(45,56,1,92)
r(43,6,1,92)
w(17,40,1,92)
w(115,48,1,92)
r(68,4,1,92)
w(31,34,1,92)
w(53,46,1,92)
r(49,45,1,92)
w(68,45,1,92)
r(59,2,1,92)
w(31,35,1,92)
r(20,4,1,92)
w(20,46,1,92)
r(68,45,1,92)
w(66,54,1,93)
r(117,7,1,93)
r(83,39,1,93)
r(79,51,1,93)
w(96,51,1,93)
r(44,48,1,93)
r(71,50,1,93)
r(36,8,1,93)
r(94,57,1,93)
w(86,60,1,93)
r(8,38,1,93)
r(1,8,1,93)
w(79,52,1,93)
w(56,49,1,93)
r(1,8,1,93)
w(19,44,1,93)
w(63,45,1,93)
w(106,57,1,93)
r(29,46,1,93)
r(41,4,1,93)
w(64,43,1,94)
w(7,38,1,94)
r(31,4,1,94)
r(16,3,1,94)
w(26,55,1,94)
w(17,41,1,94)
r(27,47,1,94)
w(68,46,1,94)
r(66,4,1,94)
r(13,4,1,94)
w(42,50,1,94)
r(72,41,1,94)
w(42,51,1,94)
w(46,44,1,94)
r(79,52,1,94)
w(35,50,1,94)
r(25,5,1,94)
w(95,45,1,94)
r(23,48,1,94)
w(81,48,1,94)
r(102,47,1,95)
w(119,50,1,95)
r(13,4,1,95)
r(50,43,1,95)
r(106,4,1,95)
w(110,41,1,95)
w(8,39,1,95)
w(102,48,1,95)
w(54,49,1,95)
r(18,5,1,95)
r(14,2,1,95)
r(12,47,1,95)
r(1,8,1,95)
r(75,4,1,95)
w(92,52,1,95)
w(78,50,1,95)
r(103,49,1,95)
r(11,48,1,95)
w(18,44,1,95)
r(94,6,1,95)
r(5,39,1,96)
r(116,4,1,96)
w(73,41,1,96)
w(14,45,1,96)
r(102,48,1,96)
r(115,4,1,96)
r(75,4,1,96)
w(7,39,1,96)
r(0,5,1,96)
r(90,7,1,96)
w(37,54,1,96)
w(100,52,1,96)
r(19,5,1,96)
r(89,44,1,96)
r(35,50,1,96)
r(87,5,1,96)
r(74,8,1,96)
r(50,43,1,96)
r(4,5,1,96)
w(4,38,1,96)
w(43,64,1,97)
r(113,2,1,97)
w(32,45,1,97)
w(30,59,1,97)
r(1,8,1,97)
w(102,49,1,97)
w(32,46,1,97)
r(81,5,1,97)
w(59,36,1,97)
w(77,36,1,97)
r(19,5,1,97)
r(25,5,1,97)
w(18,45,1,97)
w(11,49,1,97)
w(111,47,1,97)
r(49,9,1,97)
r(109,3,1,97)
w(74,45,1,97)
w(77,37,1,97)
r(105,7,1,97)
w(14,46,1,98)
r(93,10,1,98)
w(33,43,1,98)
w(72,42,1,98)
r(65,5,1,98)
r(86,4,1,98)
w(70,46,1,98)
r(76,11,1,98)
w(112,36,1,98)
r(32,46,1,98)
r(65,5,1,98)
w(56,50,1,98)
r(82,49,1,98)
r(38,3,1,98)
w(42,52,1,98)
r(82,49,1,98)
w(92,53,1,98)
w(27,48,1,98)
w(20,47,1,98)
r(116,4,1,98)
w(66,55,1,99)
w(100,53,1,99)
r(57,5,1,99)
r(11,49,1,99)
r(69,45,1,99)
r(23,48,1,99)
r(7,39,1,99)
w(57,50,1,99)
r(86,4,1,99)
r(57,50,1,99)
w(112,37,1,99)
r(99,4,1,99)
w(24,42,1,99)
r(101,45,1,99)
w(29,47,1,99)
w(72,43,1,99)
r(5,39,1,99)
w(93,50,1,99)
r(84,4,1,99)
r(92,53,1,99)
