r(106,0,0,0)
r(58,0,0,0)
w(110,1,0,0)
r(66,47,0,0)
r(66,47,0,0)
r(1,0,0,0)
w(80,1,0,0)
r(0,0,0,0)
w(77,1,0,0)
w(20,1,0,0)
r(115,0,0,0)
r(0,0,0,0)
w(52,1,0,0)
r(70,0,0,0)
w(107,1,0,0)
w(66,1,0,0)
r(3,0,0,0)
r(60,0,0,0)
w(14,1,0,0)
r(59,0,0,0)
r(29,0,0,1)
w(101,1,0,1)
w(92,1,0,1)
w(9,1,0,1)
w(91,1,0,1)
r(61,39,0,1)
w(20,2,0,1)
r(22,52,0,1)
w(51,1,0,1)
r(109,47,0,1)
w(35,1,0,1)
r(19,0,0,1)
w(73,1,0,1)
r(25,50,0,1)
w(23,1,0,1)
r(58,0,0,1)
w(15,1,0,1)
r(24,45,0,1)
r(33,0,0,1)
w(115,1,0,1)
r(102,43,0,2)
w(42,1,0,2)
r(47,0,0,2)
r(109,47,0,2)
r(8,0,0,2)
r(49,0,0,2)
r(67,0,0,2)
r(57,42,0,2)
w(21,1,0,2)
r(115,1,0,2)
w(34,1,0,2)
r(76,0,0,2)
w(105,1,0,2)
w(78,1,0,2)
r(25,50,0,2)
w(102,1,0,2)
w(97,1,0,2)
w(60,1,0,2)
r(55,0,0,2)
w(5,1,0,2)
r(25,50,0,3)
w(4,1,0,3)
r(105,1,0,3)
r(38,0,0,3)
w(54,1,0,3)
r(89,0,0,3)
w(76,1,0,3)
w(115,2,0,3)
r(111,0,0,3)
r(61,39,0,3)
r(46,41,0,3)
r(33,0,0,3)
r(0,0,0,3)
r(52,1,0,3)
w(30,1,0,3)
w(99,1,0,3)
w(19,1,0,3)
r(40,0,0,3)
r(114,0,0,3)
r(10,0,0,3)
r(54,1,0,4)
w(18,1,0,4)
w(1,1,0,4)
w(113,1,0,4)
r(87,0,0,4)
w(109,1,0,4)
w(55,1,0,4)
w(45,1,0,4)
w(106,1,0,4)
w(26,1,0,4)
r(13,0,0,4)
w(38,1,0,4)
r(24,45,0,4)
r(31,0,0,4)
r(18,1,0,4)
r(6,0,0,4)
w(19,2,0,4)
w(33,1,0,4)
w(44,1,0,4)
w(45,2,0,4)
r(52,1,0,5)
w(70,1,0,5)
w(35,2,0,5)
w(57,1,0,5)
r(59,0,0,5)
w(70,2,0,5)
w(64,1,0,5)
r(26,1,0,5)
w(100,1,0,5)
w(99,2,0,5)
r(77,31,0,5)
r(41,0,0,5)
r(25,51,0,5)
w(100,2,0,5)
r(60,1,0,5)
w(78,2,0,5)
w(82,1,0,5)
w(48,1,0,5)
w(84,1,0,5)
r(13,49,0,5)
r(31,0,0,6)
w(1,2,0,6)
r(84,1,0,6)
r(97,52,0,6)
r(68,49,0,6)
w(8,1,0,6)
r(72,39,0,6)
r(77,31,0,6)
r(18,1,0,6)
r(90,0,0,6)
w(44,2,0,6)
w(59,1,0,6)
r(1,2,0,6)
r(39,0,0,6)
r(2,40,0,6)
r(89,0,0,6)
w(64,2,0,6)
r(74,0,0,6)
w(9,2,0,6)
r(15,1,0,6)
r(70,2,0,7)
w(76,2,0,7)
r(118,0,0,7)
r(48,1,0,7)
w(3,1,0,7)
w(43,1,0,7)
r(23,32,0,7)
w(81,1,0,7)
w(49,1,0,7)
r(83,34,0,7)
w(116,1,0,7)
w(1,3,0,7)
r(18,1,0,7)
r(61,39,0,7)
r(64,2,0,7)
r(34,51,0,7)
r(16,0,0,7)
w(94,1,0,7)
w(118,1,0,7)
r(37,0,0,7)
w(19,3,0,8)
r(82,1,0,8)
r(85,36,0,8)
r(80,1,0,8)
w(94,2,0,8)
w(32,1,0,8)
w(10,1,0,8)
r(54,1,0,8)
r(9,2,0,8)
r(24,45,0,8)
w(32,2,0,8)
r(64,2,0,8)
r(71,0,0,8)
r(111,0,0,8)
w(117,1,0,8)
w(91,2,0,8)
r(87,0,0,8)
r(29,0,0,8)
w(36,1,0,8)
w(89,1,0,8)
w(87,1,0,9)
r(103,0,0,9)
r(111,0,0,9)
w(80,2,0,9)
r(14,46,0,9)
r(18,1,0,9)
r(31,0,0,9)
w(21,2,0,9)
r(4,44,0,9)
r(40,37,0,9)
w(4,2,0,9)
r(26,1,0,9)
r(77,31,0,9)
w(62,1,0,9)
w(85,1,0,9)
r(43,1,0,9)
w(8,2,0,9)
w(98,1,0,9)
r(30,40,0,9)
w(31,1,0,9)
w(118,2,0,10)
w(26,2,0,10)
w(93,1,0,10)
r(2,42,0,10)
r(97,52,0,10)
r(49,1,0,10)
r(0,0,0,10)
w(7,1,0,10)
w(77,2,0,10)
w(51,2,0,10)
w(104,1,0,10)
w(8,3,0,10)
r(47,0,0,10)
r(52,1,0,10)
r(96,0,0,10)
r(91,2,0,10)
r(64,2,0,10)
w(113,2,0,10)
r(118,2,0,10)
w(22,1,0,10)
r(86,50,0,11)
w(71,1,0,11)
w(47,1,0,11)
w(76,3,0,11)
w(36,2,0,11)
w(107,2,0,11)
w(36,3,0,11)
w(19,4,0,11)
w(50,1,0,11)
w(34,2,0,11)
w(73,2,0,11)
w(65,1,0,11)
r(28,0,0,11)
r(26,2,0,11)
w(71,2,0,11)
r(8,3,0,11)
r(55,1,0,11)
w(25,1,0,11)
r(70,2,0,11)
w(22,2,0,11)
w(64,3,0,12)
w(111,1,0,12)
r(57,1,0,12)
w(67,1,0,12)
w(58,1,0,12)
r(110,1,0,12)
w(36,4,0,12)
r(32,2,0,12)
r(12,45,0,12)
w(51,3,0,12)
w(96,1,0,12)
r(35,2,0,12)
w(85,2,0,12)
w(90,1,0,12)
w(108,1,0,12)
r(113,2,0,12)
w(68,1,0,12)
r(41,0,0,12)
r(7,1,0,12)
r(93,1,0,12)
r(16,0,0,13)
w(25,2,0,13)
r(69,38,0,13)
r(31,1,0,13)
w(58,2,0,13)
w(32,3,0,13)
w(63,1,0,13)
w(87,2,0,13)
r(91,2,0,13)
w(2,1,0,13)
r(2,1,0,13)
r(6,0,0,13)
r(50,1,0,13)
w(84,2,0,13)
r(97,52,0,13)
r(29,41,0,13)
r(38,1,0,13)
r(72,41,0,13)
r(35,2,0,13)
w(24,1,0,13)
r(21,2,0,14)
w(51,4,0,14)
w(71,3,0,14)
w(91,3,0,14)
w(67,2,0,14)
r(112,0,0,14)
r(46,42,0,14)
r(64,45,0,14)
w(97,2,0,14)
w(78,3,0,14)
w(13,1,0,14)
w(80,3,0,14)
w(64,4,0,14)
w(42,2,0,14)
r(54,39,0,14)
w(89,2,0,14)
w(34,3,0,14)
r(32,3,0,14)
w(110,2,0,14)
w(14,2,0,14)
r(58,2,0,15)
w(85,3,0,15)
w(35,3,0,15)
r(20,2,0,15)
w(50,2,0,15)
w(61,1,0,15)
w(101,2,0,15)
r(79,38,0,15)
w(95,1,0,15)
w(41,1,0,15)
r(43,41,0,15)
r(78,3,0,15)
r(97,2,0,15)
w(73,3,0,15)
w(47,2,0,15)
w(39,1,0,15)
w(40,1,0,15)
r(68,50,0,15)
r(47,2,0,15)
r(69,39,0,15)
w(117,2,0,16)
r(61,1,0,16)
r(9,2,0,16)
w(92,2,0,16)
r(27,50,0,16)
r(44,57,0,16)
r(114,0,0,16)
w(112,1,0,16)
r(42,2,0,16)
w(78,4,0,16)
w(36,5,0,16)
w(115,3,0,16)
w(26,3,0,16)
w(52,2,0,16)
r(99,38,0,16)
r(72,41,0,16)
w(117,3,0,16)
r(63,1,0,16)
r(94,38,0,16)
r(113,2,0,16)
w(103,1,0,17)
r(36,5,0,17)
r(45,2,0,17)
r(111,1,0,17)
w(16,1,0,17)
r(75,39,0,17)
w(31,2,0,17)
w(95,2,0,17)
w(53,1,0,17)
w(37,1,0,17)
w(92,3,0,17)
r(60,37,0,17)
r(108,1,0,17)
r(100,2,0,17)
w(91,4,0,17)
w(104,2,0,17)
w(40,2,0,17)
r(43,41,0,17)
r(55,1,0,17)
w(52,3,0,17)
w(94,3,0,18)
w(78,5,0,18)
r(70,2,0,18)
w(100,3,0,18)
r(30,40,0,18)
w(112,2,0,18)
r(38,1,0,18)
w(21,3,0,18)
w(71,4,0,18)
w(111,2,0,18)
w(79,1,0,18)
r(87,2,0,18)
w(50,3,0,18)
r(18,1,0,18)
r(63,1,0,18)
r(113,2,0,18)
w(71,5,0,18)
r(59,43,0,18)
w(114,1,0,18)
w(75,1,0,18)
r(80,3,0,19)
w(73,4,0,19)
w(0,1,0,19)
w(14,3,0,19)
r(111,2,0,19)
w(37,2,0,19)
r(116,63,0,19)
w(23,2,0,19)
w(108,2,0,19)
r(0,1,0,19)
w(26,4,0,19)
r(23,2,0,19)
r(91,4,0,19)
w(109,2,0,19)
r(38,1,0,19)
r(23,2,0,19)
r(24,46,0,19)
r(53,43,0,19)
w(119,1,0,19)
r(14,3,0,19)
r(39,1,0,20)
w(95,3,0,20)
r(90,1,0,20)
r(119,1,0,20)
w(90,2,0,20)
r(119,1,0,20)
r(19,46,0,20)
r(22,53,0,20)
w(20,3,0,20)
r(87,2,0,20)
r(114,1,0,20)
r(4,2,0,20)
w(75,2,0,20)
w(117,4,0,20)
w(58,3,0,20)
w(28,1,0,20)
w(55,2,0,20)
r(99,39,0,20)
w(39,2,0,20)
r(20,3,0,20)
r(29,41,0,21)
r(0,27,0,21)
r(15,40,0,21)
r(97,53,0,21)
w(68,2,0,21)
r(8,3,0,21)
w(66,2,0,21)
r(64,4,0,21)
r(115,44,0,21)
r(31,2,0,21)
r(65,50,0,21)
r(49,47,0,21)
w(111,3,0,21)
r(75,2,0,21)
r(115,44,0,21)
w(15,2,0,21)
w(1,4,0,21)
w(116,2,0,21)
w(22,3,0,21)
r(62,48,0,21)
w(96,2,0,22)
r(4,2,0,22)
w(89,3,0,22)
w(96,3,0,22)
r(48,59,0,22)
w(68,3,0,22)
w(69,1,0,22)
r(22,3,0,22)
w(66,3,0,22)
w(28,2,0,22)
w(104,3,0,22)
r(107,2,0,22)
w(33,2,0,22)
r(96,3,0,22)
w(57,2,0,22)
w(52,4,0,22)
r(119,1,0,22)
r(109,2,0,22)
r(110,47,0,22)
w(14,4,0,22)
w(10,2,0,23)
w(53,2,0,23)
r(116,2,0,23)
w(91,5,0,23)
r(88,41,0,23)
w(24,2,0,23)
w(21,4,0,23)
r(42,2,0,23)
r(39,2,0,23)
w(8,4,0,23)
r(37,54,0,23)
w(63,2,0,23)
w(57,3,0,23)
w(0,2,0,23)
w(69,2,0,23)
r(116,2,0,23)
r(119,1,0,23)
r(93,43,0,23)
w(115,4,0,23)
w(7,2,0,23)
r(114,43,0,24)
w(63,3,0,24)
w(2,2,0,24)
r(89,3,0,24)
w(61,2,0,24)
r(71,5,0,24)
r(18,1,0,24)
r(68,3,0,24)
r(93,44,0,24)
w(79,2,0,24)
r(33,2,0,24)
w(91,6,0,24)
r(111,3,0,24)
r(114,43,0,24)
w(10,3,0,24)
r(59,44,0,24)
r(85,3,0,24)
w(18,2,0,24)
r(19,46,0,24)
r(37,54,0,24)
r(20,27,0,25)
r(107,2,0,25)
w(107,3,0,25)
r(29,41,0,25)
w(44,3,0,25)
r(44,3,0,25)
r(68,3,0,25)
r(117,4,0,25)
w(30,2,0,25)
r(25,2,0,25)
r(13,53,0,25)
w(110,3,0,25)
r(57,3,0,25)
w(90,3,0,25)
r(71,5,0,25)
w(28,3,0,25)
w(53,3,0,25)
r(108,37,0,25)
r(118,40,0,25)
w(57,4,0,25)
w(40,3,0,26)
r(106,1,0,26)
w(52,5,0,26)
r(3,42,0,26)
w(39,3,0,26)
w(11,1,0,26)
w(99,3,0,26)
w(76,4,0,26)
r(9,42,0,26)
r(63,47,0,26)
r(4,45,0,26)
w(114,2,0,26)
r(84,47,0,26)
r(40,3,0,26)
w(32,4,0,26)
r(46,43,0,26)
w(103,2,0,26)
w(99,4,0,26)
r(33,2,0,26)
r(102,48,0,26)
r(45,46,0,27)
w(58,4,0,27)
w(3,2,0,27)
r(10,3,0,27)
r(25,2,0,27)
w(90,4,0,27)
w(45,3,0,27)
r(38,47,0,27)
w(32,5,0,27)
r(16,38,0,27)
r(86,52,0,27)
w(9,3,0,27)
w(118,3,0,27)
w(48,2,0,27)
w(58,5,0,27)
w(115,5,0,27)
r(57,4,0,27)
r(62,48,0,27)
w(117,5,0,27)
r(43,41,0,27)
w(25,3,0,28)
w(118,4,0,28)
w(67,3,0,28)
w(82,2,0,28)
r(44,3,0,28)
w(7,3,0,28)
r(107,43,0,28)
w(33,3,0,28)
w(102,2,0,28)
w(73,5,0,28)
r(35,3,0,28)
w(48,3,0,28)
r(16,38,0,28)
w(79,3,0,28)
r(23,2,0,28)
r(92,54,0,28)
r(59,44,0,28)
r(109,2,0,28)
w(7,4,0,28)
r(0,29,0,28)
w(81,2,0,29)
w(68,4,0,29)
w(83,1,0,29)
w(20,4,0,29)
r(42,2,0,29)
w(29,1,0,29)
r(46,43,0,29)
r(102,2,0,29)
r(112,39,0,29)
r(39,3,0,29)
w(65,2,0,29)
r(82,2,0,29)
r(86,52,0,29)
r(107,43,0,29)
r(7,4,0,29)
r(70,2,0,29)
r(17,49,0,29)
r(7,4,0,29)
w(91,7,0,29)
w(17,1,0,29)
w(10,4,0,30)
r(82,2,0,30)
r(81,2,0,30)
r(40,3,0,30)
w(112,3,0,30)
w(92,4,0,30)
r(55,2,0,30)
w(4,3,0,30)
r(49,49,0,30)
r(74,32,0,30)
r(63,48,0,30)
r(31,39,0,30)
w(17,2,0,30)
r(108,37,0,30)
w(119,2,0,30)
r(21,52,0,30)
r(14,4,0,30)
w(65,3,0,30)
r(104,48,0,30)
r(12,45,0,30)
w(112,4,0,31)
r(110,3,0,31)
w(37,3,0,31)
w(46,1,0,31)
w(118,5,0,31)
r(32,5,0,31)
r(20,4,0,31)
r(23,2,0,31)
r(18,49,0,31)
r(112,4,0,31)
r(14,4,0,31)
r(49,49,0,31)
w(108,3,0,31)
r(35,3,0,31)
r(35,3,0,31)
w(96,4,0,31)
w(38,2,0,31)
r(7,4,0,31)
r(56,46,0,31)
w(11,2,0,31)
r(36,5,0,32)
r(16,38,0,32)
w(99,5,0,32)
w(92,5,0,32)
r(83,1,0,32)
r(8,4,0,32)
w(1,5,0,32)
w(58,6,0,32)
w(98,2,0,32)
w(33,4,0,32)
w(94,4,0,32)
r(66,3,0,32)
w(31,3,0,32)
w(108,4,0,32)
w(105,2,0,32)
r(109,2,0,32)
r(80,3,0,32)
r(77,33,0,32)
r(12,45,0,32)
w(17,3,0,32)
r(89,3,0,33)
r(93,45,0,33)
r(91,7,0,33)
r(14,4,0,33)
r(32,5,0,33)
w(87,3,0,33)
r(109,2,0,33)
r(73,37,0,33)
w(61,3,0,33)
w(98,3,0,33)
r(69,2,0,33)
w(43,2,0,33)
w(56,1,0,33)
w(100,4,0,33)
w(48,4,0,33)
w(72,1,0,33)
w(114,3,0,33)
r(97,53,0,33)
w(104,4,0,33)
r(72,1,0,33)
w(110,4,0,34)
w(90,5,0,34)
r(7,4,0,34)
w(118,6,0,34)
r(97,54,0,34)
w(50,4,0,34)
r(49,49,0,34)
w(11,3,0,34)
w(106,2,0,34)
w(67,4,0,34)
w(6,1,0,34)
r(111,3,0,34)
r(108,4,0,34)
r(102,2,0,34)
w(46,2,0,34)
w(90,6,0,34)
r(102,2,0,34)
r(22,55,0,34)
w(49,2,0,34)
w(46,3,0,34)
w(100,5,0,35)
w(32,6,0,35)
w(65,4,0,35)
w(98,4,0,35)
r(23,2,0,35)
w(117,6,0,35)
w(87,4,0,35)
w(113,3,0,35)
w(8,5,0,35)
w(9,4,0,35)
w(105,3,0,35)
w(58,7,0,35)
w(34,4,0,35)
w(82,3,0,35)
w(56,2,0,35)
r(95,55,0,35)
r(105,3,0,35)
r(69,2,0,35)
r(63,48,0,35)
r(14,4,0,35)
r(59,45,0,36)
w(106,3,0,36)
r(29,1,0,36)
r(38,48,0,36)
r(111,3,0,36)
w(57,5,0,36)
r(118,6,0,36)
r(90,6,0,36)
w(62,2,0,36)
r(24,2,0,36)
r(89,3,0,36)
w(82,4,0,36)
r(119,39,0,36)
r(84,47,0,36)
w(64,5,0,36)
w(61,4,0,36)
r(12,46,0,36)
w(88,1,0,36)
w(87,5,0,36)
r(4,46,0,36)
w(61,5,0,37)
w(47,3,0,37)
w(4,4,0,37)
r(65,4,0,37)
w(59,2,0,37)
r(94,4,0,37)
w(85,4,0,37)
r(30,42,0,37)
w(114,4,0,37)
w(82,5,0,37)
r(115,46,0,37)
r(96,48,0,37)
w(82,6,0,37)
r(16,38,0,37)
r(6,1,0,37)
r(117,6,0,37)
w(22,4,0,37)
r(45,47,0,37)
r(6,1,0,37)
w(14,5,0,37)
r(105,3,0,38)
r(1,5,0,38)
w(52,6,0,38)
w(58,8,0,38)
w(41,2,0,38)
r(64,5,0,38)
r(76,4,0,38)
r(118,6,0,38)
w(4,5,0,38)
w(45,4,0,38)
w(76,5,0,38)
r(98,4,0,38)
w(58,9,0,38)
w(47,4,0,38)
w(53,4,0,38)
w(59,3,0,38)
w(6,2,0,38)
r(0,31,0,38)
r(77,35,0,38)
w(21,5,0,38)
w(95,4,0,39)
r(67,4,0,39)
w(98,5,0,39)
r(71,5,0,39)
w(40,4,0,39)
w(92,6,0,39)
w(105,4,0,39)
r(48,63,0,39)
w(78,6,0,39)
r(60,39,0,39)
w(64,6,0,39)
r(87,5,0,39)
w(45,5,0,39)
r(16,38,0,39)
r(90,53,0,39)
r(74,32,0,39)
r(58,9,0,39)
w(44,4,0,39)
r(6,2,0,39)
r(52,6,0,39)
r(43,43,0,40)
w(76,6,0,40)
r(30,44,0,40)
r(83,37,0,40)
r(92,6,0,40)
r(85,40,0,40)
r(116,66,0,40)
w(79,4,0,40)
r(63,48,0,40)
r(34,4,0,40)
r(9,46,0,40)
w(18,3,0,40)
r(99,42,0,40)
r(63,48,0,40)
r(107,45,0,40)
r(77,35,0,40)
w(71,6,0,40)
w(39,4,0,40)
w(63,4,0,40)
w(6,3,0,40)
r(43,43,0,41)
w(116,3,0,41)
r(80,33,0,41)
r(118,41,0,41)
r(60,39,0,41)
r(1,48,0,41)
w(65,5,0,41)
r(65,5,0,41)
w(50,5,0,41)
w(86,1,0,41)
w(114,5,0,41)
w(46,4,0,41)
r(25,54,0,41)
r(63,4,0,41)
w(44,5,0,41)
w(106,4,0,41)
r(33,46,0,41)
w(36,6,0,41)
w(48,5,0,41)
w(10,5,0,41)
w(33,5,0,42)
r(112,41,0,42)
r(73,37,0,42)
r(35,52,0,42)
r(28,41,0,42)
r(62,2,0,42)
r(93,46,0,42)
r(119,39,0,42)
r(51,4,0,42)
r(56,2,0,42)
r(116,3,0,42)
w(103,3,0,42)
w(24,3,0,42)
r(15,41,0,42)
r(59,3,0,42)
r(29,42,0,42)
w(52,7,0,42)
w(91,8,0,42)
r(44,5,0,42)
w(24,4,0,42)
w(89,4,0,43)
r(9,47,0,43)
r(60,39,0,43)
w(116,4,0,43)
r(35,52,0,43)
w(23,3,0,43)
w(101,3,0,43)
r(20,29,0,43)
r(49,2,0,43)
w(103,4,0,43)
r(82,48,0,43)
r(22,56,0,43)
w(18,4,0,43)
w(97,3,0,43)
w(18,5,0,43)
r(32,6,0,43)
w(35,4,0,43)
r(1,48,0,43)
r(10,5,0,43)
w(102,3,0,43)
w(97,4,0,44)
w(38,3,0,44)
w(26,5,0,44)
w(79,5,0,44)
w(72,2,0,44)
r(111,38,0,44)
r(52,7,0,44)
r(52,7,0,44)
r(88,43,0,44)
r(93,46,0,44)
r(0,31,0,44)
r(96,49,0,44)
w(22,5,0,44)
w(51,5,0,44)
r(118,41,0,44)
w(8,6,0,44)
w(107,4,0,44)
w(48,6,0,44)
r(87,5,0,44)
r(19,46,0,44)
r(22,5,0,45)
r(64,49,0,45)
w(61,6,0,45)
w(40,5,0,45)
w(96,5,0,45)
w(116,5,0,45)
r(91,8,0,45)
w(76,7,0,45)
r(67,4,0,45)
w(85,5,0,45)
w(95,5,0,45)
r(42,2,0,45)
w(55,3,0,45)
w(10,6,0,45)
r(56,2,0,45)
r(35,4,0,45)
w(117,7,0,45)
r(68,55,0,45)
r(54,43,0,45)
r(109,49,0,45)
r(101,3,0,46)
r(62,2,0,46)
w(7,5,0,46)
r(76,7,0,46)
r(42,2,0,46)
w(71,7,0,46)
w(97,5,0,46)
r(47,4,0,46)
r(83,38,0,46)
r(61,6,0,46)
r(55,3,0,46)
w(46,5,0,46)
w(76,8,0,46)
r(108,4,0,46)
r(70,36,0,46)
w(116,6,0,46)
w(83,2,0,46)
w(61,7,0,46)
w(36,7,0,46)
w(46,6,0,46)
w(14,6,0,47)
w(28,4,0,47)
r(62,2,0,47)
r(106,47,0,47)
r(25,54,0,47)
r(44,5,0,47)
w(33,6,0,47)
w(116,7,0,47)
w(30,3,0,47)
w(37,4,0,47)
r(74,34,0,47)
w(84,3,0,47)
w(106,5,0,47)
r(77,36,0,47)
r(43,43,0,47)
w(9,5,0,47)
r(26,5,0,47)
r(37,4,0,47)
r(98,43,0,47)
r(53,46,0,47)
r(110,4,0,48)
w(100,6,0,48)
r(54,43,0,48)
w(87,6,0,48)
w(44,6,0,48)
w(106,6,0,48)
w(33,7,0,48)
r(37,4,0,48)
r(25,54,0,48)
r(18,5,0,48)
w(2,3,0,48)
w(107,5,0,48)
w(96,6,0,48)
r(104,49,0,48)
r(40,5,0,48)
r(3,43,0,48)
w(48,7,0,48)
r(58,60,0,48)
r(44,6,0,48)
r(118,41,0,48)
r(98,43,0,49)
r(46,6,0,49)
r(32,6,0,49)
r(48,7,0,49)
r(83,2,0,49)
w(71,8,0,49)
w(52,8,0,49)
r(52,8,0,49)
w(5,2,0,49)
w(116,8,0,49)
r(89,4,0,49)
w(39,5,0,49)
r(101,3,0,49)
w(62,3,0,49)
w(62,4,0,49)
r(72,2,0,49)
r(0,31,0,49)
r(32,6,0,49)
w(75,3,0,49)
w(118,7,0,49)
w(42,40,1,50)
w(97,51,1,50)
w(61,39,1,50)
w(113,45,1,50)
r(92,0,1,50)
w(35,50,1,50)
w(100,43,1,50)
r(23,0,1,50)
w(66,47,1,50)
w(25,50,1,50)
r(115,0,1,50)
r(70,0,1,50)
r(50,0,1,50)
r(95,0,1,50)
r(90,0,1,50)
w(5,41,1,50)
w(119,38,1,50)
r(70,0,1,50)
r(2,0,1,50)
r(118,0,1,50)
w(36,47,1,51)
w(22,52,1,51)
w(117,41,1,51)
r(1,0,1,51)
r(0,0,1,51)
w(68,48,1,51)
w(12,45,1,51)
w(23,31,1,51)
r(76,0,1,51)
w(84,45,1,51)
r(111,0,1,51)
r(53,0,1,51)
r(104,0,1,51)
w(2,37,1,51)
w(57,42,1,51)
w(62,46,1,51)
w(46,41,1,51)
r(59,0,1,51)
r(27,0,1,51)
r(26,0,1,51)
r(16,0,1,52)
r(62,46,1,52)
w(24,45,1,52)
w(107,40,1,52)
r(58,0,1,52)
w(94,36,1,52)
w(95,49,1,52)
w(34,49,1,52)
w(32,42,1,52)
w(34,50,1,52)
r(99,0,1,52)
w(109,47,1,52)
r(116,0,1,52)
w(62,47,1,52)
w(44,55,1,52)
r(76,0,1,52)
w(11,36,1,52)
w(26,41,1,52)
r(109,47,1,52)
r(68,48,1,52)
r(112,0,1,53)
r(13,0,1,53)
r(100,43,1,53)
r(116,0,1,53)
w(95,50,1,53)
w(26,42,1,53)
r(40,0,1,53)
w(72,38,1,53)
w(102,43,1,53)
r(18,0,1,53)
r(49,0,1,53)
r(21,0,1,53)
r(63,0,1,53)
r(104,0,1,53)
r(98,0,1,53)
w(4,43,1,53)
r(1,0,1,53)
w(101,37,1,53)
w(45,45,1,53)
r(18,0,1,53)
r(114,0,1,54)
w(30,39,1,54)
w(54,38,1,54)
r(0,0,1,54)
r(51,1,1,54)
w(57,43,1,54)
r(71,0,1,54)
r(8,0,1,54)
w(65,49,1,54)
r(13,0,1,54)
r(90,0,1,54)
r(27,0,1,54)
r(0,0,1,54)
w(94,37,1,54)
w(113,46,1,54)
w(85,35,1,54)
r(100,43,1,54)
r(16,0,1,54)
r(15,1,1,54)
r(94,37,1,54)
w(66,48,1,55)
r(66,48,1,55)
w(32,43,1,55)
w(97,52,1,55)
w(107,41,1,55)
r(117,41,1,55)
w(17,42,1,55)
r(102,1,1,55)
w(68,49,1,55)
w(92,50,1,55)
r(59,0,1,55)
w(27,49,1,55)
r(68,49,1,55)
r(68,49,1,55)
w(91,36,1,55)
w(105,36,1,55)
r(96,0,1,55)
r(8,0,1,55)
r(0,0,1,55)
w(75,36,1,55)
r(48,0,1,56)
r(7,0,1,56)
r(24,45,1,56)
r(95,50,1,56)
r(51,1,1,56)
r(30,1,1,56)
w(72,39,1,56)
w(88,41,1,56)
r(34,1,1,56)
r(33,1,1,56)
w(1,45,1,56)
r(77,1,1,56)
r(67,0,1,56)
w(102,44,1,56)
r(66,48,1,56)
w(77,31,1,56)
r(31,0,1,56)
w(83,33,1,56)
r(99,1,1,56)
r(61,39,1,56)
r(57,43,1,57)
w(95,51,1,57)
r(4,1,1,57)
w(25,51,1,57)
r(83,33,1,57)
r(58,0,1,57)
w(53,41,1,57)
r(7,0,1,57)
w(34,51,1,57)
w(17,43,1,57)
r(15,1,1,57)
w(2,38,1,57)
w(3,40,1,57)
w(50,57,1,57)
w(105,37,1,57)
r(39,0,1,57)
w(53,42,1,57)
w(67,50,1,57)
r(97,52,1,57)
w(2,39,1,57)
w(85,36,1,58)
r(68,49,1,58)
r(105,37,1,58)
r(56,0,1,58)
w(13,47,1,58)
w(105,38,1,58)
r(36,47,1,58)
r(48,0,1,58)
w(2,40,1,58)
r(21,1,1,58)
w(40,37,1,58)
r(26,1,1,58)
w(66,49,1,58)
r(100,43,1,58)
w(13,48,1,58)
r(23,1,1,58)
w(13,49,1,58)
w(86,50,1,58)
w(104,43,1,58)
w(23,32,1,58)
w(109,48,1,59)
r(81,0,1,59)
r(11,36,1,59)
r(14,1,1,59)
r(106,1,1,59)
r(6,0,1,59)
r(71,0,1,59)
w(117,42,1,59)
w(3,41,1,59)
w(13,50,1,59)
r(80,1,1,59)
w(113,47,1,59)
r(21,1,1,59)
r(82,1,1,59)
w(8,38,1,59)
r(51,1,1,59)
r(86,50,1,59)
r(13,50,1,59)
w(46,42,1,59)
r(8,38,1,59)
w(30,40,1,60)
w(11,37,1,60)
w(72,40,1,60)
w(1,46,1,60)
w(13,51,1,60)
w(83,34,1,60)
w(2,41,1,60)
r(19,2,1,60)
w(66,50,1,60)
r(75,36,1,60)
r(89,0,1,60)
r(117,42,1,60)
r(13,51,1,60)
w(67,51,1,60)
w(76,51,1,60)
r(16,0,1,60)
r(90,0,1,60)
w(95,52,1,60)
r(89,0,1,60)
r(41,0,1,60)
r(75,36,1,61)
r(103,0,1,61)
w(29,40,1,61)
r(49,1,1,61)
w(4,44,1,61)
w(14,46,1,61)
r(92,50,1,61)
w(74,30,1,61)
w(81,47,1,61)
w(37,53,1,61)
r(112,0,1,61)
w(17,44,1,61)
w(2,42,1,61)
r(5,1,1,61)
r(93,0,1,61)
r(103,0,1,61)
w(93,42,1,61)
r(47,0,1,61)
r(97,52,1,61)
r(25,51,1,61)
w(25,52,1,62)
r(63,0,1,62)
r(35,2,1,62)
r(3,1,1,62)
w(83,35,1,62)
r(49,1,1,62)
w(102,45,1,62)
w(115,41,1,62)
w(15,40,1,62)
w(79,38,1,62)
r(40,37,1,62)
w(92,51,1,62)
w(105,39,1,62)
w(104,44,1,62)
w(7,42,1,62)
w(111,36,1,62)
w(72,41,1,62)
r(43,1,1,62)
w(115,42,1,62)
w(82,45,1,62)
r(65,49,1,63)
r(80,2,1,63)
r(64,2,1,63)
r(44,2,1,63)
w(13,52,1,63)
r(30,40,1,63)
w(83,36,1,63)
r(97,52,1,63)
r(76,2,1,63)
w(61,40,1,63)
r(87,1,1,63)
w(56,44,1,63)
r(6,0,1,63)
w(48,54,1,63)
w(104,45,1,63)
r(14,46,1,63)
r(89,1,1,63)
w(82,46,1,63)
r(93,1,1,63)
w(60,36,1,63)
w(27,50,1,64)
w(118,39,1,64)
r(7,1,1,64)
w(54,39,1,64)
r(119,38,1,64)
r(41,0,1,64)
w(76,52,1,64)
w(104,46,1,64)
w(43,41,1,64)
r(41,0,1,64)
w(92,52,1,64)
r(13,52,1,64)
r(8,3,1,64)
w(19,46,1,64)
r(6,0,1,64)
r(27,50,1,64)
r(67,51,1,64)
w(118,40,1,64)
w(44,56,1,64)
r(10,1,1,64)
w(33,43,1,65)
w(69,38,1,65)
w(60,37,1,65)
r(86,50,1,65)
r(98,1,1,65)
w(93,43,1,65)
w(29,41,1,65)
w(85,37,1,65)
w(10,56,1,65)
w(57,44,1,65)
w(48,55,1,65)
w(32,44,1,65)
w(92,53,1,65)
r(56,44,1,65)
r(20,2,1,65)
r(85,37,1,65)
w(64,44,1,65)
r(54,39,1,65)
w(68,50,1,65)
w(22,53,1,65)
w(80,31,1,66)
r(53,42,1,66)
r(6,0,1,66)
r(100,2,1,66)
w(2,43,1,66)
w(96,46,1,66)
r(33,43,1,66)
w(14,47,1,66)
r(47,1,1,66)
w(73,36,1,66)
w(116,63,1,66)
r(119,38,1,66)
w(65,50,1,66)
r(20,2,1,66)
w(95,53,1,66)
r(105,39,1,66)
w(64,45,1,66)
r(49,1,1,66)
w(36,48,1,66)
r(107,2,1,66)
r(61,40,1,67)
w(115,43,1,67)
r(0,0,1,67)
r(116,63,1,67)
w(17,45,1,67)
w(99,38,1,67)
w(50,58,1,67)
r(15,40,1,67)
w(57,45,1,67)
r(57,45,1,67)
r(74,30,1,67)
w(48,56,1,67)
r(10,56,1,67)
w(47,47,1,67)
r(24,1,1,67)
r(91,2,1,67)
w(75,37,1,67)
w(75,38,1,67)
w(33,44,1,67)
r(117,1,1,67)
w(36,49,1,68)
w(74,31,1,68)
r(27,50,1,68)
w(40,38,1,68)
w(48,57,1,68)
w(94,38,1,68)
w(98,39,1,68)
r(95,53,1,68)
w(110,46,1,68)
w(59,43,1,68)
w(36,50,1,68)
r(96,46,1,68)
r(91,3,1,68)
r(72,41,1,68)
r(80,3,1,68)
r(20,2,1,68)
w(69,39,1,68)
w(26,43,1,68)
r(52,1,1,68)
w(44,57,1,68)
w(2,44,1,69)
w(68,51,1,69)
r(5,1,1,69)
w(6,40,1,69)
w(75,39,1,69)
w(7,43,1,69)
r(46,42,1,69)
w(6,41,1,69)
r(1,3,1,69)
r(112,1,1,69)
w(40,39,1,69)
r(54,39,1,69)
w(94,39,1,69)
r(107,2,1,69)
w(6,42,1,69)
r(116,63,1,69)
w(17,46,1,69)
r(87,2,1,69)
r(106,1,1,69)
w(9,41,1,69)
w(98,40,1,70)
w(53,43,1,70)
w(102,46,1,70)
r(32,3,1,70)
w(115,44,1,70)
r(16,1,1,70)
w(102,47,1,70)
r(89,2,1,70)
w(28,40,1,70)
w(24,46,1,70)
r(62,1,1,70)
w(86,51,1,70)
w(108,36,1,70)
r(31,2,1,70)
r(105,39,1,70)
r(63,1,1,70)
r(119,38,1,70)
w(102,48,1,70)
w(98,41,1,70)
r(48,57,1,70)
w(23,33,1,71)
r(97,2,1,71)
r(19,46,1,71)
r(79,1,1,71)
r(96,46,1,71)
w(58,52,1,71)
r(96,46,1,71)
r(86,51,1,71)
r(17,46,1,71)
r(6,42,1,71)
r(16,1,1,71)
r(43,41,1,71)
r(4,2,1,71)
r(94,3,1,71)
w(72,42,1,71)
r(105,39,1,71)
r(96,46,1,71)
r(90,1,1,71)
r(117,3,1,71)
r(60,37,1,71)
w(6,43,1,72)
r(10,56,1,72)
w(110,47,1,72)
w(21,50,1,72)
w(50,59,1,72)
w(99,39,1,72)
w(62,48,1,72)
w(92,54,1,72)
r(103,1,1,72)
r(63,1,1,72)
w(37,54,1,72)
w(105,40,1,72)
r(61,1,1,72)
w(100,44,1,72)
r(62,48,1,72)
r(47,2,1,72)
w(72,43,1,72)
w(69,40,1,72)
r(103,1,1,72)
w(84,46,1,72)
w(21,51,1,73)
r(54,39,1,73)
r(21,51,1,73)
r(47,2,1,73)
w(68,52,1,73)
w(113,48,1,73)
w(72,44,1,73)
w(1,47,1,73)
w(108,37,1,73)
w(3,42,1,73)
r(74,31,1,73)
r(111,2,1,73)
w(49,47,1,73)
w(0,27,1,73)
r(59,43,1,73)
r(94,3,1,73)
w(103,49,1,73)
w(9,42,1,73)
r(81,47,1,73)
w(17,47,1,73)
r(40,2,1,74)
w(77,32,1,74)
r(54,39,1,74)
w(68,53,1,74)
r(62,48,1,74)
w(97,53,1,74)
w(57,46,1,74)
w(41,41,1,74)
r(79,1,1,74)
r(105,40,1,74)
w(78,46,1,74)
r(93,43,1,74)
r(106,1,1,74)
w(17,48,1,74)
w(16,37,1,74)
w(48,58,1,74)
r(62,48,1,74)
w(46,43,1,74)
w(114,42,1,74)
r(27,50,1,74)
r(96,46,1,75)
r(102,48,1,75)
w(48,59,1,75)
r(74,31,1,75)
r(86,51,1,75)
r(33,44,1,75)
w(38,47,1,75)
r(92,54,1,75)
r(77,32,1,75)
r(70,2,1,75)
r(106,1,1,75)
w(5,42,1,75)
r(118,40,1,75)
r(46,43,1,75)
w(24,47,1,75)
r(71,5,1,75)
r(38,47,1,75)
w(112,38,1,75)
r(96,46,1,75)
r(35,3,1,75)
w(59,44,1,76)
r(39,2,1,76)
r(18,1,1,76)
r(85,3,1,76)
r(83,36,1,76)
w(0,28,1,76)
w(5,43,1,76)
r(105,40,1,76)
r(69,1,1,76)
w(114,43,1,76)
r(93,43,1,76)
w(17,49,1,76)
r(80,3,1,76)
r(90,2,1,76)
w(49,48,1,76)
w(31,38,1,76)
w(34,52,1,76)
r(31,38,1,76)
r(98,41,1,76)
r(32,3,1,76)
r(41,41,1,77)
w(45,46,1,77)
w(87,44,1,77)
r(97,53,1,77)
r(53,2,1,77)
r(5,43,1,77)
r(89,3,1,77)
r(72,44,1,77)
r(14,4,1,77)
r(49,48,1,77)
r(39,2,1,77)
w(93,44,1,77)
w(104,47,1,77)
r(38,47,1,77)
w(99,40,1,77)
w(53,44,1,77)
r(26,4,1,77)
w(101,38,1,77)
w(48,60,1,77)
r(58,3,1,77)
r(116,2,1,78)
w(4,45,1,78)
r(96,3,1,78)
w(58,53,1,78)
w(91,37,1,78)
w(13,53,1,78)
r(21,4,1,78)
r(96,3,1,78)
w(86,52,1,78)
w(84,47,1,78)
r(25,2,1,78)
r(67,2,1,78)
w(16,38,1,78)
w(26,44,1,78)
r(74,31,1,78)
w(41,42,1,78)
r(14,4,1,78)
w(95,54,1,78)
w(105,41,1,78)
w(20,27,1,78)
r(113,48,1,79)
w(18,49,1,79)
r(85,3,1,79)
r(82,46,1,79)
w(58,54,1,79)
w(107,42,1,79)
w(53,45,1,79)
w(99,41,1,79)
r(77,32,1,79)
w(116,64,1,79)
r(39,2,1,79)
w(113,49,1,79)
w(85,38,1,79)
r(35,3,1,79)
r(32,3,1,79)
w(56,45,1,79)
w(54,40,1,79)
w(75,40,1,79)
r(24,2,1,79)
w(2,45,1,79)
r(115,4,1,80)
r(32,3,1,80)
w(87,45,1,80)
w(34,53,1,80)
w(115,45,1,80)
w(63,47,1,80)
w(107,43,1,80)
r(2,45,1,80)
w(112,39,1,80)
w(64,46,1,80)
r(83,36,1,80)
r(6,43,1,80)
w(67,52,1,80)
r(84,47,1,80)
w(26,45,1,80)
r(66,3,1,80)
r(30,2,1,80)
r(64,46,1,80)
r(78,46,1,80)
w(47,48,1,80)
r(52,5,1,81)
r(104,47,1,81)
w(7,44,1,81)
r(69,2,1,81)
w(22,54,1,81)
w(74,32,1,81)
w(21,52,1,81)
r(90,3,1,81)
w(77,33,1,81)
w(104,48,1,81)
w(6,44,1,81)
w(0,29,1,81)
r(107,43,1,81)
r(72,44,1,81)
r(115,45,1,81)
r(4,45,1,81)
r(111,3,1,81)
r(70,2,1,81)
r(35,3,1,81)
r(4,45,1,81)
r(109,2,1,82)
r(8,4,1,82)
w(9,43,1,82)
w(100,45,1,82)
r(117,5,1,82)
w(75,41,1,82)
r(118,4,1,82)
r(51,4,1,82)
r(58,5,1,82)
r(48,3,1,82)
r(63,47,1,82)
w(9,44,1,82)
w(31,39,1,82)
w(56,46,1,82)
r(80,3,1,82)
r(45,3,1,82)
w(2,46,1,82)
w(112,40,1,82)
w(73,37,1,82)
w(93,45,1,82)
w(54,41,1,83)
r(106,1,1,83)
r(116,64,1,83)
r(119,1,1,83)
r(102,2,1,83)
w(61,41,1,83)
r(48,3,1,83)
w(49,49,1,83)
r(19,46,1,83)
r(14,4,1,83)
w(98,42,1,83)
w(113,50,1,83)
r(79,3,1,83)
r(20,4,1,83)
w(63,48,1,83)
r(40,3,1,83)
r(99,4,1,83)
r(73,37,1,83)
r(57,4,1,83)
r(56,46,1,83)
r(69,2,1,84)
r(1,4,1,84)
r(14,4,1,84)
w(55,56,1,84)
r(98,42,1,84)
r(112,4,1,84)
r(109,2,1,84)
r(116,64,1,84)
r(52,5,1,84)
r(30,2,1,84)
w(30,41,1,84)
r(61,41,1,84)
r(86,52,1,84)
w(10,57,1,84)
r(59,44,1,84)
r(43,41,1,84)
w(39,42,1,84)
r(57,4,1,84)
r(74,32,1,84)
w(20,28,1,84)
w(99,42,1,85)
r(6,44,1,85)
w(92,55,1,85)
w(58,55,1,85)
w(22,55,1,85)
r(56,46,1,85)
w(36,51,1,85)
w(59,45,1,85)
w(41,43,1,85)
r(57,4,1,85)
w(70,35,1,85)
r(84,47,1,85)
w(25,53,1,85)
w(67,53,1,85)
r(89,3,1,85)
w(77,34,1,85)
r(116,64,1,85)
r(83,1,1,85)
w(50,60,1,85)
r(58,55,1,85)
r(68,4,1,86)
r(96,4,1,86)
w(26,46,1,86)
w(97,54,1,86)
r(116,64,1,86)
w(80,32,1,86)
w(2,47,1,86)
w(34,54,1,86)
r(71,5,1,86)
w(106,45,1,86)
w(88,42,1,86)
w(68,54,1,86)
w(30,42,1,86)
w(4,46,1,86)
r(111,3,1,86)
w(96,47,1,86)
r(37,3,1,86)
w(83,37,1,86)
w(34,55,1,86)
w(50,61,1,86)
w(12,46,1,87)
w(28,41,1,87)
r(55,56,1,87)
r(106,2,1,87)
w(58,56,1,87)
r(1,5,1,87)
w(116,65,1,87)
w(54,42,1,87)
r(45,3,1,87)
r(47,48,1,87)
w(62,49,1,87)
w(64,47,1,87)
w(57,47,1,87)
w(38,48,1,87)
w(119,39,1,87)
w(48,61,1,87)
r(107,43,1,87)
w(70,36,1,87)
w(101,39,1,87)
r(37,3,1,87)
r(82,2,1,88)
w(96,48,1,88)
r(71,5,1,88)
w(115,46,1,88)
w(95,55,1,88)
w(57,48,1,88)
w(58,57,1,88)
w(117,43,1,88)
w(57,49,1,88)
w(57,50,1,88)
r(81,2,1,88)
r(71,5,1,88)
r(61,3,1,88)
r(12,46,1,88)
r(40,3,1,88)
r(4,46,1,88)
r(4,46,1,88)
r(7,4,1,88)
r(100,4,1,88)
w(31,40,1,88)
r(37,3,1,89)
w(46,44,1,89)
w(95,56,1,89)
r(113,3,1,89)
r(70,36,1,89)
w(50,62,1,89)
r(94,4,1,89)
w(100,46,1,89)
w(14,48,1,89)
r(69,2,1,89)
r(33,4,1,89)
w(31,41,1,89)
r(41,43,1,89)
w(33,45,1,89)
w(9,45,1,89)
r(6,1,1,89)
w(50,63,1,89)
w(80,33,1,89)
r(87,4,1,89)
r(65,4,1,89)
r(84,47,1,90)
w(44,58,1,90)
r(82,4,1,90)
w(69,41,1,90)
r(41,43,1,90)
r(44,58,1,90)
w(60,38,1,90)
w(82,47,1,90)
r(80,33,1,90)
w(58,58,1,90)
r(116,65,1,90)
r(37,3,1,90)
r(14,48,1,90)
r(36,51,1,90)
r(44,58,1,90)
w(38,49,1,90)
w(111,37,1,90)
r(61,4,1,90)
r(1,5,1,90)
w(45,47,1,90)
r(3,2,1,91)
r(32,6,1,91)
w(111,38,1,91)
w(54,43,1,91)
w(93,46,1,91)
r(63,48,1,91)
w(86,53,1,91)
r(34,4,1,91)
r(10,57,1,91)
r(36,51,1,91)
r(0,29,1,91)
w(0,30,1,91)
r(7,4,1,91)
w(58,59,1,91)
r(83,37,1,91)
r(46,44,1,91)
r(92,55,1,91)
r(22,4,1,91)
w(77,35,1,91)
r(75,41,1,91)
w(17,50,1,92)
r(5,43,1,92)
r(105,3,1,92)
w(106,46,1,92)
w(48,62,1,92)
r(85,4,1,92)
r(65,4,1,92)
r(2,47,1,92)
r(48,62,1,92)
r(59,2,1,92)
w(0,31,1,92)
w(29,42,1,92)
r(52,5,1,92)
r(55,56,1,92)
w(103,50,1,92)
w(30,43,1,92)
r(95,56,1,92)
w(26,47,1,92)
w(90,52,1,92)
w(40,40,1,92)
w(107,44,1,93)
w(12,47,1,93)
w(60,39,1,93)
w(107,45,1,93)
w(90,53,1,93)
r(96,48,1,93)
r(49,2,1,93)
w(48,63,1,93)
r(104,4,1,93)
r(46,44,1,93)
r(66,3,1,93)
r(88,1,1,93)
r(71,5,1,93)
w(26,48,1,93)
w(21,53,1,93)
w(21,54,1,93)
w(82,48,1,93)
w(11,38,1,93)
r(109,2,1,93)
r(82,48,1,93)
w(69,42,1,94)
r(6,2,1,94)
r(74,32,1,94)
w(115,47,1,94)
w(45,48,1,94)
w(74,33,1,94)
w(30,44,1,94)
w(85,39,1,94)
r(3,2,1,94)
w(7,45,1,94)
w(43,42,1,94)
w(46,45,1,94)
w(71,40,1,94)
w(2,48,1,94)
w(103,51,1,94)
r(27,50,1,94)
r(64,6,1,94)
r(102,2,1,94)
w(109,49,1,94)
r(45,48,1,94)
w(65,51,1,95)
w(43,43,1,95)
w(41,44,1,95)
r(26,48,1,95)
r(20,28,1,95)
w(118,41,1,95)
r(69,42,1,95)
w(58,60,1,95)
r(26,48,1,95)
w(96,49,1,95)
r(69,42,1,95)
w(35,51,1,95)
w(116,66,1,95)
r(110,4,1,95)
r(7,45,1,95)
w(45,49,1,95)
r(82,48,1,95)
r(74,33,1,95)
r(95,4,1,95)
w(53,46,1,95)
w(89,48,1,96)
w(25,54,1,96)
w(9,46,1,96)
r(5,43,1,96)
w(68,55,1,96)
r(40,4,1,96)
r(56,2,1,96)
w(95,57,1,96)
r(89,48,1,96)
w(35,52,1,96)
w(64,48,1,96)
w(112,41,1,96)
r(90,53,1,96)
w(103,52,1,96)
r(98,5,1,96)
w(1,48,1,96)
r(111,38,1,96)
r(6,2,1,96)
w(85,40,1,96)
w(39,43,1,96)
w(89,49,1,97)
w(44,59,1,97)
r(116,66,1,97)
r(65,51,1,97)
w(48,64,1,97)
r(55,56,1,97)
w(83,38,1,97)
r(46,45,1,97)
r(44,59,1,97)
w(15,41,1,97)
w(98,43,1,97)
w(9,47,1,97)
r(11,38,1,97)
w(41,45,1,97)
r(29,42,1,97)
w(52,41,1,97)
w(77,36,1,97)
w(101,40,1,97)
w(88,43,1,97)
w(104,49,1,97)
r(46,45,1,98)
r(75,41,1,98)
r(24,2,1,98)
w(24,48,1,98)
r(63,4,1,98)
w(33,46,1,98)
r(41,45,1,98)
r(109,49,1,98)
r(109,49,1,98)
w(22,56,1,98)
r(63,4,1,98)
w(20,29,1,98)
r(51,4,1,98)
w(97,55,1,98)
r(84,47,1,98)
w(64,49,1,98)
w(113,51,1,98)
w(113,52,1,98)
r(68,55,1,98)
w(74,34,1,98)
w(103,53,1,99)
r(46,4,1,99)
r(117,6,1,99)
w(101,41,1,99)
w(69,43,1,99)
r(69,43,1,99)
r(75,41,1,99)
w(81,48,1,99)
r(0,31,1,99)
r(106,4,1,99)
r(29,42,1,99)
r(20,29,1,99)
r(73,37,1,99)
w(106,47,1,99)
r(68,55,1,99)
w(52,42,1,99)
r(27,50,1,99)
w(63,49,1,99)
r(92,6,1,99)
w(3,43,1,99)
