w(8,1,0,0)
w(17,1,0,0)
w(0,1,0,0)
w(10,1,0,0)
r(9,0,0,0)
w(1,1,0,0)
r(11,0,0,0)
w(18,1,0,0)
r(16,0,0,0)
r(4,0,0,0)
r(14,0,0,0)
w(3,1,0,0)
w(6,1,0,0)
w(13,1,0,0)
r(15,0,0,0)
r(12,0,0,0)
r(5,0,0,0)
w(2,1,0,0)
w(19,1,0,0)
w(7,1,0,0)
w(12,1,0,1)
r(8,1,0,1)
r(0,1,0,1)
r(5,0,0,1)
r(4,0,0,1)
w(6,2,0,1)
r(17,1,0,1)
w(10,2,0,1)
w(16,1,0,1)
r(3,1,0,1)
r(2,1,0,1)
w(15,1,0,1)
r(11,0,0,1)
r(18,1,0,1)
w(1,2,0,1)
w(19,2,0,1)
r(7,1,0,1)
r(14,0,0,1)
r(9,0,0,1)
r(13,1,0,1)
w(15,2,0,2)
w(5,1,0,2)
r(6,2,0,2)
w(2,2,0,2)
w(9,1,0,2)
r(18,1,0,2)
w(11,1,0,2)
r(10,2,0,2)
w(17,2,0,2)
w(14,1,0,2)
w(0,2,0,2)
r(3,1,0,2)
w(19,3,0,2)
r(8,1,0,2)
w(1,3,0,2)
w(13,2,0,2)
r(12,1,0,2)
r(7,1,0,2)
r(4,0,0,2)
r(16,1,0,2)
r(3,1,0,3)
w(7,2,0,3)
r(10,2,0,3)
r(4,0,0,3)
w(17,3,0,3)
r(9,1,0,3)
w(0,3,0,3)
w(6,3,0,3)
w(12,2,0,3)
w(11,2,0,3)
r(14,1,0,3)
r(5,1,0,3)
r(8,1,0,3)
r(16,1,0,3)
r(13,2,0,3)
r(19,3,0,3)
w(2,3,0,3)
w(18,2,0,3)
r(15,2,0,3)
r(1,3,0,3)
w(8,2,0,4)
w(4,1,0,4)
r(16,1,0,4)
w(6,4,0,4)
w(7,3,0,4)
w(2,4,0,4)
r(0,3,0,4)
r(14,1,0,4)
r(5,1,0,4)
w(15,3,0,4)
w(10,3,0,4)
r(11,2,0,4)
r(13,2,0,4)
w(12,3,0,4)
r(19,3,0,4)
w(3,2,0,4)
r(18,2,0,4)
w(1,4,0,4)
w(17,4,0,4)
r(9,1,0,4)
r(3,2,0,5)
w(5,2,0,5)
r(12,3,0,5)
w(15,4,0,5)
r(17,4,0,5)
r(10,3,0,5)
w(7,4,0,5)
r(8,2,0,5)
w(6,5,0,5)
r(9,1,0,5)
r(16,1,0,5)
w(0,4,0,5)
r(2,4,0,5)
r(4,1,0,5)
w(13,3,0,5)
w(14,2,0,5)
w(19,4,0,5)
w(1,5,0,5)
w(11,3,0,5)
r(18,2,0,5)
w(10,4,0,6)
r(14,312,0,6)
r(2,401,0,6)
r(6,501,0,6)
r(0,479,0,6)
w(4,2,0,6)
w(9,2,0,6)
w(8,3,0,6)
r(17,4,0,6)
w(1,6,0,6)
r(11,330,0,6)
w(19,5,0,6)
w(16,2,0,6)
r(7,3,0,6)
w(18,3,0,6)
w(13,4,0,6)
w(12,4,0,6)
w(3,3,0,6)
r(15,300,0,6)
r(5,416,0,6)
r(3,510,0,7)
w(12,5,0,7)
r(1,4,0,7)
r(18,496,0,7)
r(2,401,0,7)
r(7,3,0,7)
r(15,300,0,7)
w(16,3,0,7)
w(5,3,0,7)
w(4,3,0,7)
w(14,3,0,7)
w(8,4,0,7)
w(13,5,0,7)
r(17,4,0,7)
w(6,6,0,7)
r(10,304,0,7)
w(9,3,0,7)
w(19,6,0,7)
r(0,479,0,7)
r(11,330,0,7)
r(16,3,0,8)
w(15,5,0,8)
w(10,5,0,8)
r(3,510,0,8)
r(8,4,0,8)
r(0,479,0,8)
w(7,5,0,8)
r(6,6,0,8)
r(4,3,0,8)
r(11,330,0,8)
w(2,5,0,8)
r(19,6,0,8)
r(9,3,0,8)
w(13,6,0,8)
w(1,7,0,8)
r(12,5,0,8)
r(14,3,0,8)
w(18,4,0,8)
w(17,5,0,8)
w(5,4,0,8)
r(17,467,0,9)
r(7,510,0,9)
w(12,6,0,9)
r(6,503,0,9)
r(15,842,0,9)
w(3,4,0,9)
w(4,4,0,9)
w(14,4,0,9)
r(16,514,0,9)
w(2,6,0,9)
r(1,492,0,9)
r(18,498,0,9)
w(9,4,0,9)
r(10,498,0,9)
w(5,5,0,9)
w(11,4,0,9)
w(8,5,0,9)
r(0,481,0,9)
r(19,498,0,9)
w(13,7,0,9)
w(17,6,0,10)
r(13,509,0,10)
w(10,6,0,10)
w(9,5,0,10)
r(6,503,0,10)
r(18,498,0,10)
w(4,5,0,10)
r(15,842,0,10)
w(11,5,0,10)
r(0,481,0,10)
r(1,492,0,10)
w(5,6,0,10)
w(2,7,0,10)
r(8,520,0,10)
w(19,7,0,10)
r(14,522,0,10)
w(16,4,0,10)
w(3,5,0,10)
w(7,6,0,10)
w(12,7,0,10)
w(5,7,0,11)
w(12,8,0,11)
r(10,817,0,11)
w(14,5,0,11)
r(2,822,0,11)
r(1,492,0,11)
w(0,5,0,11)
w(9,6,0,11)
r(11,835,0,11)
w(3,6,0,11)
w(15,6,0,11)
r(19,498,0,11)
r(17,766,0,11)
w(7,7,0,11)
r(18,498,0,11)
r(6,503,0,11)
w(4,6,0,11)
w(16,5,0,11)
w(8,6,0,11)
w(13,8,0,11)
w(18,5,0,12)
r(17,766,0,12)
w(11,6,0,12)
w(7,8,0,12)
r(9,229,0,12)
w(5,8,0,12)
r(12,587,0,12)
r(3,630,0,12)
r(13,509,0,12)
w(6,7,0,12)
r(2,202,0,12)
r(16,628,0,12)
w(0,6,0,12)
w(19,8,0,12)
r(14,802,0,12)
w(1,8,0,12)
w(8,7,0,12)
r(4,208,0,12)
w(15,7,0,12)
w(10,7,0,12)
r(13,883,0,13)
r(18,715,0,13)
r(4,723,0,13)
w(16,6,0,13)
w(10,8,0,13)
r(19,604,0,13)
w(11,7,0,13)
w(9,7,0,13)
r(7,510,0,13)
w(3,7,0,13)
w(8,8,0,13)
w(2,8,0,13)
r(14,802,0,13)
w(12,9,0,13)
r(6,930,0,13)
r(1,698,0,13)
w(15,8,0,13)
r(5,617,0,13)
w(17,7,0,13)
w(0,7,0,13)
w(15,9,0,14)
w(1,9,0,14)
r(16,951,0,14)
r(10,909,0,14)
w(18,6,0,14)
w(11,8,0,14)
w(19,9,0,14)
w(5,9,0,14)
w(14,6,0,14)
r(7,510,0,14)
r(9,229,0,14)
w(8,9,0,14)
r(6,930,0,14)
r(17,766,0,14)
w(0,8,0,14)
r(3,725,0,14)
r(13,883,0,14)
w(4,7,0,14)
w(2,9,0,14)
w(12,10,0,14)
r(6,930,0,15)
r(2,105,0,15)
w(9,8,0,15)
w(7,9,0,15)
w(15,10,0,15)
r(13,120,0,15)
w(11,9,0,15)
r(3,108,0,15)
w(4,8,0,15)
r(12,405,0,15)
r(0,384,0,15)
w(5,10,0,15)
r(19,104,0,15)
r(8,109,0,15)
r(17,99,0,15)
w(10,9,0,15)
w(14,7,0,15)
w(16,7,0,15)
r(1,109,0,15)
w(18,7,0,15)
w(0,9,0,16)
r(15,417,0,16)
w(10,10,0,16)
r(2,105,0,16)
w(13,9,0,16)
w(4,9,0,16)
r(8,109,0,16)
w(16,8,0,16)
w(14,8,0,16)
w(9,9,0,16)
w(18,8,0,16)
r(5,115,0,16)
r(7,113,0,16)
w(17,8,0,16)
w(19,10,0,16)
r(11,433,0,16)
w(1,10,0,16)
r(6,930,0,16)
w(3,8,0,16)
w(12,11,0,16)
r(5,218,0,17)
r(7,113,0,17)
r(4,213,0,17)
w(2,10,0,17)
w(1,11,0,17)
w(9,10,0,17)
w(18,9,0,17)
w(6,8,0,17)
r(16,200,0,17)
r(13,213,0,17)
w(17,9,0,17)
r(10,407,0,17)
w(11,10,0,17)
r(0,384,0,17)
w(15,11,0,17)
r(19,201,0,17)
r(3,108,0,17)
w(8,10,0,17)
w(12,12,0,17)
w(14,9,0,17)
w(0,10,0,18)
r(18,209,0,18)
w(7,10,0,18)
w(4,10,0,18)
r(14,213,0,18)
w(17,10,0,18)
w(11,11,0,18)
r(16,200,0,18)
w(3,9,0,18)
r(5,218,0,18)
r(19,201,0,18)
w(2,11,0,18)
w(6,9,0,18)
r(15,201,0,18)
w(12,13,0,18)
r(10,407,0,18)
w(8,11,0,18)
w(9,11,0,18)
r(13,213,0,18)
r(1,109,0,18)
r(19,608,0,19)
r(12,591,0,19)
w(16,9,0,19)
r(11,435,0,19)
w(14,10,0,19)
w(6,10,0,19)
r(7,610,0,19)
w(4,11,0,19)
r(17,184,0,19)
r(8,417,0,19)
w(15,12,0,19)
r(0,591,0,19)
w(1,12,0,19)
w(10,11,0,19)
r(9,125,0,19)
w(5,11,0,19)
w(2,12,0,19)
w(3,10,0,19)
r(18,105,0,19)
w(13,10,0,19)
r(10,401,1,20)
w(1,103,1,20)
r(7,3,1,20)
r(18,496,1,20)
r(17,4,1,20)
w(12,108,1,20)
r(2,401,1,20)
r(9,1,1,20)
w(14,100,1,20)
r(6,501,1,20)
r(19,402,1,20)
r(0,479,1,20)
w(15,99,1,20)
r(4,430,1,20)
w(16,100,1,20)
w(5,106,1,20)
r(13,402,1,20)
r(11,2,1,20)
r(8,2,1,20)
w(3,101,1,20)
r(10,304,1,21)
r(1,4,1,21)
w(19,94,1,21)
r(12,400,1,21)
w(8,104,1,21)
w(9,117,1,21)
w(15,100,1,21)
r(3,510,1,21)
w(11,109,1,21)
w(5,107,1,21)
r(17,4,1,21)
r(0,479,1,21)
w(13,113,1,21)
w(14,101,1,21)
r(16,304,1,21)
w(4,97,1,21)
w(18,98,1,21)
w(2,99,1,21)
w(7,108,1,21)
r(6,501,1,21)
r(0,479,1,22)
w(5,108,1,22)
w(3,102,1,22)
w(4,98,1,22)
w(18,99,1,22)
r(10,304,1,22)
r(16,3,1,22)
w(9,118,1,22)
r(17,4,1,22)
r(2,401,1,22)
w(1,104,1,22)
w(15,101,1,22)
w(8,105,1,22)
w(6,100,1,22)
w(12,109,1,22)
r(7,3,1,22)
w(19,95,1,22)
w(11,110,1,22)
w(14,102,1,22)
r(13,5,1,22)
w(0,97,1,23)
w(4,99,1,23)
w(14,103,1,23)
w(9,119,1,23)
w(12,110,1,23)
r(1,7,1,23)
w(5,109,1,23)
w(6,101,1,23)
w(10,100,1,23)
w(19,96,1,23)
r(8,4,1,23)
w(18,100,1,23)
r(11,330,1,23)
w(13,114,1,23)
w(17,93,1,23)
r(15,5,1,23)
w(16,101,1,23)
w(3,103,1,23)
w(2,100,1,23)
w(7,109,1,23)
r(13,114,1,24)
w(5,110,1,24)
w(14,104,1,24)
w(2,101,1,24)
r(11,330,1,24)
w(12,111,1,24)
w(16,102,1,24)
w(17,94,1,24)
w(0,98,1,24)
w(1,105,1,24)
r(8,4,1,24)
w(15,102,1,24)
r(9,119,1,24)
r(18,100,1,24)
w(4,100,1,24)
w(3,104,1,24)
r(7,109,1,24)
r(10,100,1,24)
r(19,96,1,24)
w(6,102,1,24)
r(12,910,1,25)
r(10,904,1,25)
r(1,890,1,25)
w(18,101,1,25)
r(9,945,1,25)
w(7,110,1,25)
w(5,111,1,25)
r(16,101,1,25)
w(2,102,1,25)
w(13,115,1,25)
w(14,105,1,25)
r(8,929,1,25)
w(19,97,1,25)
w(4,101,1,25)
r(15,949,1,25)
r(6,924,1,25)
w(0,99,1,25)
w(17,95,1,25)
r(11,935,1,25)
r(3,936,1,25)
w(1,106,1,26)
r(7,301,1,26)
r(8,929,1,26)
r(18,304,1,26)
w(2,103,1,26)
r(16,101,1,26)
r(0,902,1,26)
w(6,103,1,26)
r(19,96,1,26)
w(13,116,1,26)
w(14,106,1,26)
r(12,292,1,26)
r(4,316,1,26)
r(15,302,1,26)
r(10,904,1,26)
r(5,314,1,26)
r(9,945,1,26)
w(17,96,1,26)
r(3,313,1,26)
w(11,111,1,26)
w(19,98,1,27)
r(18,304,1,27)
r(1,299,1,27)
w(10,101,1,27)
w(8,106,1,27)
r(7,301,1,27)
w(17,97,1,27)
r(12,292,1,27)
w(16,103,1,27)
w(0,100,1,27)
r(15,302,1,27)
w(11,112,1,27)
w(4,102,1,27)
w(3,105,1,27)
w(14,107,1,27)
r(2,308,1,27)
w(5,112,1,27)
r(6,300,1,27)
w(13,117,1,27)
r(9,945,1,27)
w(9,120,1,28)
r(12,816,1,28)
r(15,842,1,28)
r(13,509,1,28)
w(19,99,1,28)
r(2,822,1,28)
w(0,101,1,28)
w(14,108,1,28)
r(18,498,1,28)
w(16,104,1,28)
w(3,106,1,28)
r(10,817,1,28)
r(8,838,1,28)
w(5,113,1,28)
w(1,107,1,28)
r(17,766,1,28)
w(4,103,1,28)
r(11,835,1,28)
r(6,503,1,28)
r(7,510,1,28)
w(16,105,1,29)
r(14,802,1,29)
r(4,723,1,29)
r(3,725,1,29)
r(11,730,1,29)
r(2,713,1,29)
w(18,102,1,29)
r(7,510,1,29)
w(17,98,1,29)
r(5,617,1,29)
w(8,107,1,29)
r(13,694,1,29)
r(6,613,1,29)
r(1,698,1,29)
r(9,229,1,29)
r(10,606,1,29)
w(19,100,1,29)
w(0,102,1,29)
r(15,740,1,29)
w(12,112,1,29)
w(7,111,1,30)
r(4,723,1,30)
r(14,802,1,30)
r(0,903,1,30)
r(5,617,1,30)
r(3,725,1,30)
r(17,766,1,30)
r(8,730,1,30)
r(18,715,1,30)
w(19,101,1,30)
w(15,103,1,30)
r(1,698,1,30)
r(9,229,1,30)
w(12,113,1,30)
r(2,916,1,30)
r(11,730,1,30)
r(10,909,1,30)
r(6,930,1,30)
r(13,883,1,30)
w(16,106,1,30)
r(0,903,1,31)
w(8,108,1,31)
w(12,114,1,31)
r(16,951,1,31)
w(2,104,1,31)
w(13,118,1,31)
w(14,109,1,31)
r(18,715,1,31)
w(1,108,1,31)
w(19,102,1,31)
r(10,909,1,31)
r(7,510,1,31)
w(11,113,1,31)
w(3,107,1,31)
w(5,114,1,31)
r(17,766,1,31)
w(9,121,1,31)
r(15,740,1,31)
r(4,723,1,31)
w(6,104,1,31)
r(2,916,1,32)
w(7,112,1,32)
w(13,119,1,32)
w(9,122,1,32)
r(18,715,1,32)
w(0,103,1,32)
w(11,114,1,32)
w(19,103,1,32)
r(12,405,1,32)
r(16,422,1,32)
r(8,730,1,32)
r(10,407,1,32)
w(14,110,1,32)
w(6,105,1,32)
r(3,411,1,32)
r(1,394,1,32)
r(5,617,1,32)
r(17,368,1,32)
r(4,723,1,32)
w(15,104,1,32)
w(7,113,1,33)
r(12,405,1,33)
r(6,930,1,33)
w(3,108,1,33)
w(14,111,1,33)
w(18,103,1,33)
w(16,107,1,33)
r(10,407,1,33)
w(1,109,1,33)
r(11,433,1,33)
r(0,384,1,33)
w(17,99,1,33)
w(9,123,1,33)
r(15,417,1,33)
w(8,109,1,33)
w(13,120,1,33)
w(5,115,1,33)
w(4,104,1,33)
w(2,105,1,33)
w(19,104,1,33)
r(5,115,1,34)
w(1,110,1,34)
r(12,405,1,34)
r(7,113,1,34)
w(16,108,1,34)
w(2,106,1,34)
r(18,103,1,34)
w(11,115,1,34)
r(9,123,1,34)
r(10,407,1,34)
w(19,105,1,34)
w(13,121,1,34)
r(4,104,1,34)
r(14,111,1,34)
r(17,99,1,34)
r(15,417,1,34)
r(3,108,1,34)
r(6,930,1,34)
r(0,384,1,34)
w(8,110,1,34)
r(10,407,1,35)
r(8,218,1,35)
r(15,201,1,35)
r(12,405,1,35)
w(0,104,1,35)
w(18,104,1,35)
r(2,206,1,35)
r(19,201,1,35)
w(14,112,1,35)
r(5,218,1,35)
r(17,184,1,35)
w(1,111,1,35)
w(9,124,1,35)
r(16,200,1,35)
w(6,106,1,35)
r(7,113,1,35)
r(3,108,1,35)
r(13,213,1,35)
w(11,116,1,35)
w(4,105,1,35)
w(5,116,1,36)
w(1,112,1,36)
w(19,106,1,36)
r(2,406,1,36)
r(17,184,1,36)
w(7,114,1,36)
w(18,105,1,36)
w(9,125,1,36)
r(11,435,1,36)
r(16,425,1,36)
w(12,115,1,36)
r(8,417,1,36)
w(14,113,1,36)
w(13,122,1,36)
r(3,108,1,36)
r(4,434,1,36)
r(0,386,1,36)
r(10,408,1,36)
r(15,201,1,36)
r(6,210,1,36)
w(7,115,1,37)
w(15,105,1,37)
r(5,527,1,37)
r(19,504,1,37)
r(3,108,1,37)
r(4,635,1,37)
r(14,527,1,37)
r(2,516,1,37)
w(6,107,1,37)
r(11,532,1,37)
r(8,417,1,37)
w(0,105,1,37)
r(17,184,1,37)
r(12,491,1,37)
r(13,615,1,37)
w(1,113,1,37)
r(16,520,1,37)
r(10,408,1,37)
r(9,125,1,37)
w(18,106,1,37)
r(11,532,1,38)
w(7,116,1,38)
r(16,520,1,38)
r(1,112,1,38)
r(5,527,1,38)
w(2,107,1,38)
w(14,114,1,38)
r(19,504,1,38)
w(17,100,1,38)
r(8,634,1,38)
r(9,637,1,38)
w(6,108,1,38)
w(4,106,1,38)
r(15,643,1,38)
r(3,634,1,38)
r(12,491,1,38)
r(10,612,1,38)
r(13,615,1,38)
w(18,107,1,38)
w(0,106,1,38)
w(2,108,1,39)
r(16,520,1,39)
w(5,117,1,39)
r(13,317,1,39)
w(3,109,1,39)
r(8,634,1,39)
r(0,299,1,39)
r(9,338,1,39)
w(7,117,1,39)
w(15,106,1,39)
w(1,114,1,39)
w(19,107,1,39)
w(18,108,1,39)
w(17,101,1,39)
r(6,303,1,39)
r(10,612,1,39)
w(14,115,1,39)
r(12,491,1,39)
r(4,324,1,39)
w(11,117,1,39)
w(13,207,2,40)
r(19,96,2,40)
r(15,948,2,40)
r(5,109,2,40)
w(11,221,2,40)
r(1,890,2,40)
w(7,210,2,40)
r(12,110,2,40)
r(3,936,2,40)
w(14,206,2,40)
w(10,202,2,40)
r(17,93,2,40)
r(0,900,2,40)
w(6,203,2,40)
w(2,200,2,40)
w(16,196,2,40)
r(18,100,2,40)
w(8,209,2,40)
r(4,932,2,40)
w(9,227,2,40)
w(12,193,2,41)
w(7,211,2,41)
r(3,313,2,41)
r(0,902,2,41)
r(13,310,2,41)
r(19,96,2,41)
w(10,203,2,41)
w(6,204,2,41)
r(1,299,2,41)
r(11,331,2,41)
r(16,101,2,41)
w(14,207,2,41)
w(5,211,2,41)
w(17,180,2,41)
r(8,929,2,41)
r(15,302,2,41)
w(2,201,2,41)
w(18,203,2,41)
r(4,316,2,41)
w(9,228,2,41)
w(8,210,2,42)
r(1,299,2,42)
r(7,301,2,42)
w(12,194,2,42)
w(3,204,2,42)
w(19,197,2,42)
r(15,302,2,42)
w(18,204,2,42)
w(16,197,2,42)
w(11,222,2,42)
r(9,945,2,42)
r(5,314,2,42)
w(17,181,2,42)
w(10,204,2,42)
r(0,902,2,42)
w(14,208,2,42)
w(4,207,2,42)
r(13,310,2,42)
r(6,300,2,42)
r(2,308,2,42)
r(7,510,2,43)
w(4,208,2,43)
r(15,842,2,43)
r(13,509,2,43)
w(8,211,2,43)
r(5,815,2,43)
w(10,205,2,43)
w(0,203,2,43)
w(2,202,2,43)
r(14,802,2,43)
w(9,229,2,43)
w(16,198,2,43)
r(11,835,2,43)
r(6,503,2,43)
w(12,195,2,43)
r(19,498,2,43)
r(18,498,2,43)
w(1,208,2,43)
r(17,766,2,43)
w(3,205,2,43)
r(6,613,2,44)
r(10,606,2,44)
r(4,723,2,44)
w(2,203,2,44)
r(18,715,2,44)
r(16,732,2,44)
w(19,198,2,44)
w(3,206,2,44)
r(11,730,2,44)
r(15,740,2,44)
r(17,766,2,44)
w(12,196,2,44)
w(8,212,2,44)
r(13,694,2,44)
r(1,698,2,44)
w(7,212,2,44)
w(14,209,2,44)
w(5,212,2,44)
w(9,230,2,44)
w(0,204,2,44)
w(6,205,2,45)
r(11,730,2,45)
w(13,208,2,45)
r(19,604,2,45)
r(15,740,2,45)
r(8,730,2,45)
w(10,206,2,45)
r(2,713,2,45)
r(9,229,2,45)
r(0,703,2,45)
w(17,182,2,45)
w(18,205,2,45)
w(4,209,2,45)
w(3,207,2,45)
w(14,210,2,45)
w(5,213,2,45)
w(7,213,2,45)
r(1,698,2,45)
r(12,690,2,45)
r(16,732,2,45)
r(3,725,2,46)
w(7,214,2,46)
r(15,740,2,46)
w(9,231,2,46)
r(2,713,2,46)
w(0,205,2,46)
w(6,206,2,46)
r(10,606,2,46)
w(8,213,2,46)
r(12,690,2,46)
r(11,730,2,46)
r(14,802,2,46)
w(4,210,2,46)
r(16,732,2,46)
w(19,199,2,46)
r(1,698,2,46)
w(13,209,2,46)
w(18,206,2,46)
w(5,214,2,46)
r(17,766,2,46)
w(9,232,2,47)
r(12,690,2,47)
w(18,207,2,47)
r(3,725,2,47)
r(17,766,2,47)
w(16,199,2,47)
r(0,703,2,47)
r(10,606,2,47)
w(6,207,2,47)
w(2,204,2,47)
w(5,215,2,47)
r(19,604,2,47)
w(1,209,2,47)
r(7,510,2,47)
r(11,730,2,47)
w(8,214,2,47)
r(13,694,2,47)
w(15,200,2,47)
r(14,802,2,47)
r(4,723,2,47)
w(3,208,2,48)
w(17,183,2,48)
w(13,210,2,48)
r(16,732,2,48)
w(18,208,2,48)
r(1,698,2,48)
r(14,802,2,48)
w(0,206,2,48)
r(5,617,2,48)
w(9,233,2,48)
r(8,730,2,48)
r(4,723,2,48)
w(2,205,2,48)
r(19,604,2,48)
r(15,740,2,48)
w(6,208,2,48)
r(11,730,2,48)
w(10,207,2,48)
w(7,215,2,48)
r(12,690,2,48)
r(0,903,2,49)
r(16,951,2,49)
w(9,234,2,49)
r(12,690,2,49)
w(14,211,2,49)
r(15,740,2,49)
r(18,715,2,49)
r(11,730,2,49)
r(1,698,2,49)
r(4,723,2,49)
w(3,209,2,49)
w(19,200,2,49)
r(2,916,2,49)
r(17,766,2,49)
w(8,215,2,49)
w(7,216,2,49)
w(5,216,2,49)
r(13,883,2,49)
w(10,208,2,49)
w(6,209,2,49)
r(16,107,2,50)
r(19,104,2,50)
w(0,207,2,50)
w(8,216,2,50)
w(13,211,2,50)
w(3,210,2,50)
w(5,217,2,50)
r(6,930,2,50)
r(15,417,2,50)
r(1,109,2,50)
w(12,197,2,50)
w(4,211,2,50)
r(10,407,2,50)
r(14,111,2,50)
w(7,217,2,50)
w(9,235,2,50)
r(18,103,2,50)
r(2,105,2,50)
r(11,433,2,50)
r(17,99,2,50)
w(4,212,2,51)
w(8,217,2,51)
r(18,103,2,51)
w(17,184,2,51)
w(14,212,2,51)
r(0,384,2,51)
r(15,417,2,51)
r(2,105,2,51)
w(6,210,2,51)
r(7,113,2,51)
r(16,107,2,51)
w(13,212,2,51)
r(19,104,2,51)
r(5,115,2,51)
r(9,123,2,51)
r(11,433,2,51)
r(1,109,2,51)
r(10,407,2,51)
r(3,108,2,51)
r(12,405,2,51)
r(1,109,2,52)
r(12,405,2,52)
w(8,218,2,52)
w(4,213,2,52)
r(9,123,2,52)
w(19,201,2,52)
r(3,108,2,52)
w(2,206,2,52)
w(16,200,2,52)
r(7,113,2,52)
r(11,433,2,52)
w(18,209,2,52)
r(17,184,2,52)
w(5,218,2,52)
w(15,201,2,52)
w(14,213,2,52)
r(0,384,2,52)
r(10,407,2,52)
w(13,213,2,52)
r(6,210,2,52)
r(13,317,2,53)
r(10,612,2,53)
w(7,218,2,53)
w(6,211,2,53)
r(4,324,2,53)
w(9,236,2,53)
w(1,210,2,53)
w(12,198,2,53)
r(5,320,2,53)
w(8,219,2,53)
w(11,223,2,53)
w(2,207,2,53)
w(18,210,2,53)
w(3,211,2,53)
w(16,201,2,53)
w(19,202,2,53)
w(0,208,2,53)
r(14,527,2,53)
r(15,310,2,53)
r(17,274,2,53)
w(18,211,2,54)
w(14,214,2,54)
r(19,307,2,54)
r(9,338,2,54)
r(1,112,2,54)
r(11,532,2,54)
w(12,199,2,54)
r(15,310,2,54)
r(3,634,2,54)
r(8,634,2,54)
w(13,214,2,54)
w(10,209,2,54)
r(7,612,2,54)
r(5,320,2,54)
r(6,303,2,54)
w(16,202,2,54)
w(2,208,2,54)
w(0,209,2,54)
w(17,185,2,54)
r(4,324,2,54)
w(18,212,2,55)
r(12,701,2,55)
r(4,734,2,55)
r(7,614,2,55)
r(9,738,2,55)
r(13,700,2,55)
w(15,202,2,55)
r(0,712,2,55)
r(8,736,2,55)
r(16,523,2,55)
r(14,710,2,55)
w(1,211,2,55)
r(19,711,2,55)
r(10,719,2,55)
r(17,673,2,55)
r(5,708,2,55)
r(3,520,2,55)
w(11,224,2,55)
w(2,209,2,55)
w(6,212,2,55)
w(2,210,2,56)
r(10,719,2,56)
w(16,203,2,56)
w(13,215,2,56)
w(9,237,2,56)
w(18,213,2,56)
r(1,503,2,56)
w(11,225,2,56)
r(8,420,2,56)
w(4,214,2,56)
r(6,407,2,56)
w(7,219,2,56)
r(17,673,2,56)
w(15,203,2,56)
r(0,491,2,56)
r(3,521,2,56)
r(12,495,2,56)
w(5,219,2,56)
w(19,203,2,56)
w(14,215,2,56)
r(6,407,2,57)
w(15,204,2,57)
r(4,214,2,57)
r(11,536,2,57)
w(18,214,2,57)
r(8,525,2,57)
r(10,505,2,57)
r(9,537,2,57)
w(5,220,2,57)
w(13,216,2,57)
w(3,212,2,57)
w(2,211,2,57)
w(7,220,2,57)
r(16,524,2,57)
r(17,475,2,57)
r(19,203,2,57)
r(0,491,2,57)
r(14,215,2,57)
r(12,497,2,57)
r(1,504,2,57)
r(8,525,2,58)
r(12,497,2,58)
w(17,186,2,58)
w(4,215,2,58)
w(16,204,2,58)
r(10,505,2,58)
w(11,226,2,58)
r(13,216,2,58)
r(18,399,2,58)
r(7,409,2,58)
w(2,212,2,58)
r(1,401,2,58)
r(19,408,2,58)
r(5,220,2,58)
r(0,491,2,58)
w(15,205,2,58)
r(14,423,2,58)
r(9,441,2,58)
r(6,407,2,58)
w(3,213,2,58)
w(8,220,2,59)
r(9,441,2,59)
w(15,206,2,59)
w(5,221,2,59)
r(17,372,2,59)
w(7,221,2,59)
r(19,409,2,59)
w(14,216,2,59)
w(16,205,2,59)
r(6,407,2,59)
w(11,227,2,59)
w(13,217,2,59)
w(0,210,2,59)
r(2,211,2,59)
r(12,410,2,59)
w(3,214,2,59)
w(1,212,2,59)
r(18,400,2,59)
w(10,210,2,59)
w(4,216,2,59)
r(1,4,3,60)
r(2,401,3,60)
w(13,308,3,60)
w(10,304,3,60)
w(16,304,3,60)
w(8,316,3,60)
w(9,328,3,60)
w(14,312,3,60)
r(0,479,3,60)
w(4,314,3,60)
r(7,3,3,60)
r(3,510,3,60)
r(18,496,3,60)
w(15,300,3,60)
w(11,330,3,60)
r(17,4,3,60)
r(5,416,3,60)
r(19,402,3,60)
r(12,400,3,60)
r(6,501,3,60)
w(13,309,3,61)
r(14,896,3,61)
w(0,293,3,61)
r(2,910,3,61)
r(3,936,3,61)
r(5,109,3,61)
r(12,110,3,61)
w(1,298,3,61)
w(6,299,3,61)
w(17,265,3,61)
w(19,298,3,61)
r(11,934,3,61)
w(10,305,3,61)
r(8,4,3,61)
w(9,329,3,61)
r(18,100,3,61)
w(15,301,3,61)
r(7,109,3,61)
w(16,305,3,61)
w(4,315,3,61)
w(13,310,3,62)
r(14,896,3,62)
w(7,301,3,62)
w(5,314,3,62)
w(1,299,3,62)
w(18,304,3,62)
w(17,266,3,62)
w(4,316,3,62)
r(16,101,3,62)
r(10,904,3,62)
w(15,302,3,62)
w(3,313,3,62)
w(12,292,3,62)
r(0,902,3,62)
w(6,300,3,62)
r(9,945,3,62)
r(19,96,3,62)
r(8,929,3,62)
w(2,308,3,62)
w(11,331,3,62)
r(7,301,3,63)
w(3,314,3,63)
w(12,293,3,63)
r(9,945,3,63)
w(8,317,3,63)
r(16,101,3,63)
r(1,299,3,63)
w(11,332,3,63)
r(4,316,3,63)
w(5,315,3,63)
r(13,310,3,63)
r(18,304,3,63)
r(6,300,3,63)
w(10,306,3,63)
w(17,267,3,63)
w(14,313,3,63)
r(2,308,3,63)
r(15,302,3,63)
r(19,96,3,63)
w(0,294,3,63)
w(7,302,3,64)
w(10,307,3,64)
r(14,896,3,64)
r(17,266,3,64)
r(11,331,3,64)
r(4,316,3,64)
w(9,330,3,64)
r(1,299,3,64)
w(5,316,3,64)
r(6,300,3,64)
r(15,302,3,64)
r(18,304,3,64)
r(12,292,3,64)
r(13,310,3,64)
r(16,101,3,64)
r(3,313,3,64)
r(2,308,3,64)
r(0,902,3,64)
w(8,318,3,64)
w(19,299,3,64)
r(17,467,3,65)
r(10,498,3,65)
r(8,520,3,65)
r(18,498,3,65)
r(11,527,3,65)
w(13,311,3,65)
r(2,511,3,65)
r(16,514,3,65)
w(15,303,3,65)
r(14,522,3,65)
r(6,503,3,65)
w(3,315,3,65)
w(4,317,3,65)
w(0,295,3,65)
r(9,528,3,65)
r(1,492,3,65)
w(19,300,3,65)
w(5,317,3,65)
w(7,303,3,65)
r(12,816,3,65)
r(14,802,3,66)
r(6,503,3,66)
w(16,306,3,66)
w(4,318,3,66)
r(17,766,3,66)
w(9,331,3,66)
w(12,294,3,66)
r(13,509,3,66)
w(8,319,3,66)
r(2,822,3,66)
r(3,834,3,66)
r(5,815,3,66)
w(18,305,3,66)
w(7,304,3,66)
r(11,835,3,66)
r(0,813,3,66)
w(1,300,3,66)
w(15,304,3,66)
w(19,301,3,66)
r(10,817,3,66)
w(14,314,3,67)
w(19,302,3,67)
r(12,816,3,67)
r(17,766,3,67)
w(1,301,3,67)
r(3,834,3,67)
w(10,308,3,67)
r(7,510,3,67)
w(11,333,3,67)
w(4,319,3,67)
r(0,813,3,67)
r(6,503,3,67)
w(16,307,3,67)
w(13,312,3,67)
r(15,842,3,67)
w(8,320,3,67)
w(9,332,3,67)
w(2,309,3,67)
r(5,815,3,67)
r(18,498,3,67)
r(17,766,3,68)
r(8,730,3,68)
r(16,732,3,68)
w(10,309,3,68)
r(4,723,3,68)
r(5,617,3,68)
w(19,303,3,68)
w(1,302,3,68)
w(15,305,3,68)
r(0,703,3,68)
r(12,690,3,68)
w(13,313,3,68)
r(2,713,3,68)
w(18,306,3,68)
w(9,333,3,68)
w(7,305,3,68)
w(3,316,3,68)
r(11,730,3,68)
r(14,802,3,68)
r(6,613,3,68)
r(6,613,3,69)
r(4,723,3,69)
w(19,304,3,69)
r(13,694,3,69)
w(3,317,3,69)
r(15,740,3,69)
r(1,698,3,69)
w(17,268,3,69)
r(14,802,3,69)
w(8,321,3,69)
w(0,296,3,69)
w(12,295,3,69)
r(11,730,3,69)
w(2,310,3,69)
r(5,617,3,69)
w(9,334,3,69)
r(16,732,3,69)
r(18,715,3,69)
r(7,510,3,69)
r(10,606,3,69)
w(16,308,3,70)
w(9,335,3,70)
r(14,802,3,70)
r(5,617,3,70)
w(17,269,3,70)
r(6,930,3,70)
r(13,883,3,70)
r(18,715,3,70)
w(12,296,3,70)
r(11,730,3,70)
w(3,318,3,70)
r(10,909,3,70)
r(8,730,3,70)
w(1,303,3,70)
r(7,510,3,70)
w(19,305,3,70)
w(4,320,3,70)
r(2,916,3,70)
w(0,297,3,70)
r(15,740,3,70)
w(12,297,3,71)
r(5,617,3,71)
w(17,270,3,71)
w(13,314,3,71)
r(10,909,3,71)
w(18,307,3,71)
r(9,229,3,71)
r(16,951,3,71)
w(8,322,3,71)
w(2,311,3,71)
r(19,604,3,71)
r(3,725,3,71)
r(14,802,3,71)
r(0,903,3,71)
w(15,306,3,71)
w(1,304,3,71)
w(6,301,3,71)
w(11,334,3,71)
r(7,510,3,71)
r(4,723,3,71)
r(1,698,3,72)
r(8,730,3,72)
w(12,298,3,72)
w(19,306,3,72)
w(13,315,3,72)
w(9,336,3,72)
r(16,951,3,72)
r(14,802,3,72)
w(15,307,3,72)
w(10,310,3,72)
r(7,510,3,72)
w(18,308,3,72)
w(0,298,3,72)
r(5,617,3,72)
w(4,321,3,72)
r(6,930,3,72)
r(2,916,3,72)
w(11,335,3,72)
w(3,319,3,72)
w(17,271,3,72)
r(2,916,3,73)
r(19,604,3,73)
w(1,305,3,73)
r(8,730,3,73)
r(9,229,3,73)
w(15,308,3,73)
w(10,311,3,73)
r(0,903,3,73)
w(7,306,3,73)
w(5,318,3,73)
r(3,725,3,73)
w(18,309,3,73)
r(12,690,3,73)
w(4,322,3,73)
r(16,951,3,73)
r(17,766,3,73)
r(6,930,3,73)
r(14,802,3,73)
r(13,883,3,73)
r(11,730,3,73)
r(0,384,3,74)
w(12,299,3,74)
w(9,337,3,74)
r(10,407,3,74)
r(7,113,3,74)
r(5,115,3,74)
w(17,272,3,74)
w(13,316,3,74)
w(1,306,3,74)
w(11,336,3,74)
w(18,310,3,74)
w(14,315,3,74)
w(15,309,3,74)
r(6,930,3,74)
r(2,105,3,74)
r(4,104,3,74)
r(3,108,3,74)
r(8,109,3,74)
w(16,309,3,74)
r(19,104,3,74)
r(13,120,3,75)
r(9,123,3,75)
r(19,104,3,75)
r(12,405,3,75)
r(15,417,3,75)
r(2,105,3,75)
w(10,312,3,75)
r(7,113,3,75)
r(1,109,3,75)
w(3,320,3,75)
w(5,319,3,75)
w(17,273,3,75)
w(14,316,3,75)
r(18,103,3,75)
w(16,310,3,75)
w(4,323,3,75)
w(6,302,3,75)
r(0,384,3,75)
w(11,337,3,75)
w(8,323,3,75)
r(11,532,3,76)
r(18,105,3,76)
w(5,320,3,76)
w(13,317,3,76)
r(2,624,3,76)
r(7,612,3,76)
r(3,634,3,76)
w(15,310,3,76)
w(4,324,3,76)
r(1,112,3,76)
w(19,307,3,76)
r(10,612,3,76)
w(0,299,3,76)
w(9,338,3,76)
w(17,274,3,76)
r(8,634,3,76)
r(12,491,3,76)
w(6,303,3,76)
r(16,520,3,76)
r(14,527,3,76)
r(13,317,3,77)
r(11,532,3,77)
w(0,300,3,77)
w(10,313,3,77)
w(5,321,3,77)
w(8,324,3,77)
w(1,307,3,77)
r(14,527,3,77)
w(12,300,3,77)
r(7,612,3,77)
w(2,312,3,77)
w(15,311,3,77)
r(17,274,3,77)
r(16,520,3,77)
r(4,324,3,77)
r(19,307,3,77)
r(3,634,3,77)
r(18,105,3,77)
r(6,303,3,77)
w(9,339,3,77)
w(1,308,3,78)
w(8,325,3,78)
r(0,299,3,78)
w(4,325,3,78)
w(10,314,3,78)
w(18,311,3,78)
w(9,340,3,78)
r(17,584,3,78)
r(14,617,3,78)
r(12,491,3,78)
w(6,304,3,78)
r(13,617,3,78)
w(7,307,3,78)
w(11,338,3,78)
w(19,308,3,78)
w(2,313,3,78)
r(5,117,3,78)
w(16,311,3,78)
w(15,312,3,78)
w(3,321,3,78)
r(16,636,3,79)
w(5,322,3,79)
r(17,584,3,79)
r(12,491,3,79)
w(13,318,3,79)
r(4,638,3,79)
r(6,303,3,79)
r(8,635,3,79)
w(3,322,3,79)
r(7,614,3,79)
r(18,618,3,79)
r(9,638,3,79)
w(14,317,3,79)
w(15,313,3,79)
r(10,612,3,79)
w(1,309,3,79)
r(0,299,3,79)
w(2,314,3,79)
r(11,628,3,79)
w(19,309,3,79)
w(10,400,4,80)
w(0,380,4,80)
r(5,1,4,80)
w(2,400,4,80)
w(6,400,4,80)
r(9,1,4,80)
w(12,399,4,80)
r(17,4,4,80)
w(18,389,4,80)
r(16,1,4,80)
r(4,1,4,80)
r(3,2,4,80)
w(11,430,4,80)
w(13,401,4,80)
w(15,412,4,80)
r(14,1,4,80)
r(1,4,4,80)
r(8,2,4,80)
r(7,3,4,80)
w(19,401,4,80)
w(12,400,4,81)
r(11,2,4,81)
r(18,496,4,81)
r(3,510,4,81)
r(14,1,4,81)
w(2,401,4,81)
r(7,3,4,81)
r(8,2,4,81)
w(13,402,4,81)
r(1,4,4,81)
w(10,401,4,81)
r(17,4,4,81)
r(16,1,4,81)
r(6,501,4,81)
w(4,430,4,81)
r(0,479,4,81)
w(15,413,4,81)
w(5,416,4,81)
r(9,1,4,81)
w(19,402,4,81)
r(1,4,4,82)
w(16,417,4,82)
r(15,413,4,82)
w(6,401,4,82)
w(17,366,4,82)
w(0,381,4,82)
r(2,401,4,82)
w(11,431,4,82)
r(5,416,4,82)
r(13,402,4,82)
w(9,430,4,82)
w(3,408,4,82)
w(19,403,4,82)
w(12,401,4,82)
w(8,414,4,82)
w(10,402,4,82)
w(7,403,4,82)
r(14,1,4,82)
w(4,431,4,82)
r(18,496,4,82)
r(19,498,4,83)
r(1,492,4,83)
r(9,841,4,83)
r(4,831,4,83)
r(15,842,4,83)
r(7,510,4,83)
w(10,403,4,83)
r(13,509,4,83)
w(12,402,4,83)
w(5,417,4,83)
w(2,402,4,83)
w(18,390,4,83)
w(14,416,4,83)
w(0,382,4,83)
w(3,409,4,83)
r(6,503,4,83)
w(16,418,4,83)
w(17,367,4,83)
r(8,838,4,83)
r(11,835,4,83)
r(11,835,4,84)
w(5,418,4,84)
r(17,766,4,84)
r(3,834,4,84)
w(12,403,4,84)
w(7,404,4,84)
w(18,391,4,84)
r(8,838,4,84)
r(1,492,4,84)
w(4,432,4,84)
r(0,813,4,84)
r(14,802,4,84)
w(16,419,4,84)
w(15,414,4,84)
r(9,841,4,84)
w(2,403,4,84)
w(10,404,4,84)
w(6,402,4,84)
r(13,509,4,84)
w(19,404,4,84)
w(5,419,4,85)
w(8,415,4,85)
w(6,403,4,85)
r(3,630,4,85)
w(4,433,4,85)
r(18,615,4,85)
r(1,208,4,85)
w(9,431,4,85)
w(0,383,4,85)
w(15,415,4,85)
r(13,509,4,85)
w(10,405,4,85)
r(7,510,4,85)
r(2,202,4,85)
r(19,604,4,85)
w(14,417,4,85)
r(11,835,4,85)
r(17,766,4,85)
w(16,420,4,85)
r(12,587,4,85)
r(9,229,4,86)
w(16,421,4,86)
r(19,604,4,86)
r(14,802,4,86)
r(4,723,4,86)
w(11,432,4,86)
w(15,416,4,86)
w(12,404,4,86)
r(8,730,4,86)
w(5,420,4,86)
r(17,766,4,86)
r(0,903,4,86)
w(2,404,4,86)
w(10,406,4,86)
r(7,510,4,86)
w(6,404,4,86)
w(3,410,4,86)
r(13,883,4,86)
w(18,392,4,86)
r(1,698,4,86)
w(16,422,4,87)
w(10,407,4,87)
w(14,418,4,87)
r(13,883,4,87)
w(0,384,4,87)
w(1,394,4,87)
r(18,715,4,87)
r(6,930,4,87)
r(8,730,4,87)
r(4,723,4,87)
r(19,604,4,87)
w(17,368,4,87)
w(15,417,4,87)
w(12,405,4,87)
r(2,916,4,87)
r(5,617,4,87)
w(11,433,4,87)
r(9,229,4,87)
r(7,510,4,87)
w(3,411,4,87)
r(14,111,4,88)
r(1,109,4,88)
r(15,417,4,88)
r(8,109,4,88)
w(5,421,4,88)
w(2,405,4,88)
r(10,407,4,88)
r(4,104,4,88)
w(13,403,4,88)
w(16,423,4,88)
w(18,393,4,88)
w(9,432,4,88)
r(12,405,4,88)
r(17,99,4,88)
w(7,405,4,88)
r(0,384,4,88)
w(11,434,4,88)
r(3,108,4,88)
r(6,930,4,88)
r(19,104,4,88)
w(1,395,4,89)
r(14,212,4,89)
w(3,412,4,89)
r(5,115,4,89)
r(2,105,4,89)
r(17,184,4,89)
w(12,406,4,89)
w(16,424,4,89)
w(19,405,4,89)
r(11,433,4,89)
w(0,385,4,89)
w(18,394,4,89)
r(7,113,4,89)
r(6,210,4,89)
r(4,212,4,89)
w(8,416,4,89)
r(13,212,4,89)
r(10,407,4,89)
w(15,418,4,89)
w(9,433,4,89)
r(17,184,4,90)
w(2,406,4,90)
r(14,213,4,90)
r(9,123,4,90)
w(11,435,4,90)
w(18,395,4,90)
w(10,408,4,90)
w(16,425,4,90)
r(1,109,4,90)
r(15,201,4,90)
r(7,113,4,90)
w(4,434,4,90)
r(3,108,4,90)
r(6,210,4,90)
w(12,407,4,90)
w(0,386,4,90)
w(8,417,4,90)
w(5,422,4,90)
r(13,213,4,90)
r(19,201,4,90)
w(15,419,4,91)
r(11,532,4,91)
r(7,516,4,91)
r(0,487,4,91)
w(13,404,4,91)
r(8,417,4,91)
w(14,419,4,91)
r(12,491,4,91)
w(18,396,4,91)
w(6,405,4,91)
r(17,184,4,91)
w(1,396,4,91)
w(10,409,4,91)
w(16,426,4,91)
w(9,434,4,91)
r(4,635,4,91)
r(5,527,4,91)
r(3,108,4,91)
r(19,504,4,91)
w(2,407,4,91)
w(14,420,4,92)
w(4,435,4,92)
w(10,410,4,92)
r(8,634,4,92)
r(6,303,4,92)
r(2,624,4,92)
r(12,491,4,92)
w(19,406,4,92)
w(7,406,4,92)
r(11,532,4,92)
r(3,634,4,92)
r(0,299,4,92)
w(1,397,4,92)
r(5,320,4,92)
r(18,105,4,92)
r(16,520,4,92)
w(9,435,4,92)
w(13,405,4,92)
r(17,274,4,92)
w(15,420,4,92)
w(11,436,4,93)
r(10,612,4,93)
r(7,612,4,93)
w(4,436,4,93)
w(13,406,4,93)
r(14,527,4,93)
w(5,423,4,93)
w(9,436,4,93)
w(8,418,4,93)
w(16,427,4,93)
w(0,387,4,93)
w(2,408,4,93)
r(12,491,4,93)
w(17,369,4,93)
r(18,105,4,93)
r(1,112,4,93)
w(15,421,4,93)
r(19,307,4,93)
r(6,303,4,93)
w(3,413,4,93)
w(14,421,4,94)
w(10,411,4,94)
r(4,324,4,94)
r(6,303,4,94)
r(19,307,4,94)
w(16,428,4,94)
r(11,532,4,94)
r(0,299,4,94)
w(9,437,4,94)
w(3,414,4,94)
w(5,424,4,94)
w(7,407,4,94)
r(12,491,4,94)
w(1,398,4,94)
r(17,274,4,94)
r(8,634,4,94)
r(2,624,4,94)
w(15,422,4,94)
r(18,105,4,94)
w(13,407,4,94)
r(12,491,4,95)
w(6,406,4,95)
r(4,638,4,95)
w(0,388,4,95)
r(7,614,4,95)
w(16,429,4,95)
r(15,313,4,95)
w(5,425,4,95)
r(13,318,4,95)
w(2,409,4,95)
w(1,399,4,95)
r(18,618,4,95)
r(19,309,4,95)
w(14,422,4,95)
w(17,370,4,95)
w(11,437,4,95)
w(10,412,4,95)
w(3,415,4,95)
w(8,419,4,95)
w(9,438,4,95)
r(0,712,4,96)
r(19,711,4,96)
w(12,408,4,96)
w(13,408,4,96)
w(18,397,4,96)
w(6,407,4,96)
r(3,520,4,96)
w(15,423,4,96)
w(4,437,4,96)
r(10,719,4,96)
r(16,523,4,96)
w(1,400,4,96)
r(17,673,4,96)
w(5,426,4,96)
r(14,710,4,96)
r(2,209,4,96)
w(9,439,4,96)
w(8,420,4,96)
r(7,614,4,96)
w(11,438,4,96)
w(15,424,4,97)
w(3,416,4,97)
w(6,408,4,97)
r(8,525,4,97)
w(18,398,4,97)
r(1,504,4,97)
w(2,410,4,97)
r(10,505,4,97)
r(16,524,4,97)
r(11,536,4,97)
w(4,438,4,97)
r(17,475,4,97)
w(19,407,4,97)
r(5,220,4,97)
r(0,491,4,97)
w(9,440,4,97)
r(14,215,4,97)
w(12,409,4,97)
w(7,408,4,97)
w(13,409,4,97)
w(18,399,4,98)
w(15,425,4,98)
r(12,497,4,98)
w(14,423,4,98)
r(5,220,4,98)
w(1,401,4,98)
r(6,407,4,98)
r(0,491,4,98)
r(13,216,4,98)
w(9,441,4,98)
r(11,536,4,98)
r(3,212,4,98)
r(10,505,4,98)
r(8,525,4,98)
w(7,409,4,98)
r(16,524,4,98)
w(19,408,4,98)
w(17,371,4,98)
w(4,439,4,98)
r(2,211,4,98)
r(15,425,4,99)
r(10,505,4,99)
w(14,424,4,99)
w(8,421,4,99)
r(16,524,4,99)
w(18,400,4,99)
r(4,439,4,99)
w(7,410,4,99)
r(9,441,4,99)
w(0,389,4,99)
r(6,407,4,99)
w(17,372,4,99)
r(3,212,4,99)
w(19,409,4,99)
w(11,439,4,99)
w(12,410,4,99)
w(1,402,4,99)
r(2,211,4,99)
r(5,220,4,99)
w(13,410,4,99)
w(4,533,5,100)
r(11,2,5,100)
w(10,496,5,100)
w(3,510,5,100)
r(5,1,5,100)
r(12,3,5,100)
r(7,3,5,100)
r(1,4,5,100)
r(2,4,5,100)
r(9,1,5,100)
w(18,496,5,100)
r(19,3,5,100)
r(17,4,5,100)
w(0,479,5,100)
w(6,501,5,100)
w(13,508,5,100)
r(14,1,5,100)
r(8,2,5,100)
w(15,525,5,100)
r(16,1,5,100)
w(19,497,5,101)
r(4,314,5,101)
r(17,4,5,101)
w(15,526,5,101)
r(9,328,5,101)
r(13,308,5,101)
w(1,491,5,101)
r(12,400,5,101)
r(16,304,5,101)
w(6,502,5,101)
w(0,480,5,101)
r(7,3,5,101)
w(5,521,5,101)
w(10,497,5,101)
w(3,511,5,101)
r(14,312,5,101)
w(18,497,5,101)
r(2,401,5,101)
w(11,526,5,101)
r(8,316,5,101)
w(2,511,5,102)
w(7,510,5,102)
r(4,831,5,102)
w(9,528,5,102)
w(17,467,5,102)
w(8,520,5,102)
w(19,498,5,102)
w(3,512,5,102)
r(15,842,5,102)
w(1,492,5,102)
w(10,498,5,102)
w(11,527,5,102)
r(5,314,5,102)
w(13,509,5,102)
w(14,522,5,102)
w(6,503,5,102)
w(0,481,5,102)
w(18,498,5,102)
r(12,816,5,102)
w(16,514,5,102)
r(15,842,5,103)
w(18,499,5,103)
r(4,831,5,103)
r(11,527,5,103)
r(14,522,5,103)
r(6,503,5,103)
r(3,512,5,103)
w(12,487,5,103)
w(16,515,5,103)
w(8,521,5,103)
r(9,528,5,103)
w(17,468,5,103)
w(13,510,5,103)
w(19,499,5,103)
r(1,492,5,103)
r(0,481,5,103)
w(7,511,5,103)
w(5,522,5,103)
w(10,499,5,103)
w(2,512,5,103)
w(9,529,5,104)
w(0,482,5,104)
w(13,511,5,104)
w(5,523,5,104)
r(12,816,5,104)
w(11,528,5,104)
w(14,523,5,104)
w(6,504,5,104)
r(2,822,5,104)
r(8,838,5,104)
w(16,516,5,104)
r(4,831,5,104)
r(19,498,5,104)
w(18,500,5,104)
w(15,527,5,104)
r(3,834,5,104)
r(10,817,5,104)
w(17,469,5,104)
r(7,510,5,104)
w(1,493,5,104)
r(14,802,5,105)
r(13,694,5,105)
r(6,613,5,105)
w(19,500,5,105)
w(18,501,5,105)
w(1,494,5,105)
r(7,510,5,105)
w(16,517,5,105)
w(9,530,5,105)
r(8,730,5,105)
r(5,617,5,105)
w(0,483,5,105)
r(15,740,5,105)
r(17,766,5,105)
w(11,529,5,105)
w(3,513,5,105)
r(10,606,5,105)
r(4,723,5,105)
r(12,690,5,105)
r(2,713,5,105)
r(0,703,5,106)
w(3,514,5,106)
w(4,534,5,106)
w(10,500,5,106)
w(12,488,5,106)
w(17,470,5,106)
r(13,694,5,106)
r(5,617,5,106)
w(6,505,5,106)
w(1,495,5,106)
w(19,501,5,106)
r(16,732,5,106)
w(8,522,5,106)
r(18,715,5,106)
r(9,229,5,106)
r(11,730,5,106)
r(2,713,5,106)
w(15,528,5,106)
w(7,512,5,106)
r(14,802,5,106)
r(17,766,5,107)
w(19,502,5,107)
r(7,510,5,107)
r(5,617,5,107)
r(16,951,5,107)
r(15,740,5,107)
w(13,512,5,107)
r(12,690,5,107)
r(4,723,5,107)
w(14,524,5,107)
r(6,930,5,107)
w(10,501,5,107)
r(11,730,5,107)
w(9,531,5,107)
w(1,496,5,107)
r(18,715,5,107)
r(8,730,5,107)
r(2,916,5,107)
r(3,725,5,107)
w(0,484,5,107)
r(4,723,5,108)
r(15,740,5,108)
w(16,518,5,108)
r(2,916,5,108)
w(14,525,5,108)
w(17,471,5,108)
r(19,604,5,108)
r(9,229,5,108)
w(11,530,5,108)
w(0,485,5,108)
r(13,883,5,108)
w(3,515,5,108)
r(12,690,5,108)
r(8,730,5,108)
w(1,497,5,108)
w(6,506,5,108)
r(7,510,5,108)
w(18,502,5,108)
w(10,502,5,108)
w(5,524,5,108)
r(10,909,5,109)
r(1,698,5,109)
r(0,903,5,109)
w(5,525,5,109)
r(19,604,5,109)
w(2,513,5,109)
w(3,516,5,109)
r(18,715,5,109)
r(14,802,5,109)
w(12,489,5,109)
w(13,513,5,109)
r(16,951,5,109)
w(15,529,5,109)
w(7,513,5,109)
r(17,766,5,109)
r(8,730,5,109)
w(4,535,5,109)
r(6,930,5,109)
w(11,531,5,109)
r(9,229,5,109)
r(0,384,5,110)
w(7,514,5,110)
w(3,517,5,110)
r(8,217,5,110)
r(11,433,5,110)
r(9,123,5,110)
w(6,507,5,110)
w(18,503,5,110)
w(13,514,5,110)
r(5,115,5,110)
r(4,212,5,110)
w(2,514,5,110)
w(16,519,5,110)
w(19,503,5,110)
r(10,407,5,110)
w(1,498,5,110)
w(15,530,5,110)
w(14,526,5,110)
w(17,472,5,110)
w(12,490,5,110)
w(4,536,5,111)
w(3,518,5,111)
w(5,526,5,111)
r(19,201,5,111)
r(11,433,5,111)
r(10,407,5,111)
r(14,213,5,111)
w(15,531,5,111)
r(12,405,5,111)
w(1,499,5,111)
r(8,218,5,111)
r(17,184,5,111)
w(2,515,5,111)
w(0,486,5,111)
r(16,200,5,111)
w(18,504,5,111)
w(9,532,5,111)
w(13,515,5,111)
w(6,508,5,111)
w(7,515,5,111)
w(7,516,5,112)
r(6,210,5,112)
w(2,516,5,112)
r(13,615,5,112)
r(18,105,5,112)
r(3,108,5,112)
w(5,527,5,112)
r(10,408,5,112)
r(8,417,5,112)
r(1,112,5,112)
w(12,491,5,112)
r(4,635,5,112)
w(0,487,5,112)
w(19,504,5,112)
w(15,532,5,112)
w(11,532,5,112)
r(17,184,5,112)
w(16,520,5,112)
w(14,527,5,112)
r(9,125,5,112)
r(9,338,5,113)
w(6,509,5,113)
r(18,105,5,113)
w(8,523,5,113)
r(5,320,5,113)
r(2,624,5,113)
w(12,492,5,113)
w(16,521,5,113)
r(10,612,5,113)
w(1,500,5,113)
r(19,307,5,113)
r(0,299,5,113)
w(13,516,5,113)
w(11,533,5,113)
w(7,517,5,113)
r(3,634,5,113)
r(14,527,5,113)
w(4,537,5,113)
r(15,310,5,113)
w(17,473,5,113)
r(13,617,5,114)
w(2,517,5,114)
r(15,106,5,114)
r(4,638,5,114)
w(5,528,5,114)
w(17,474,5,114)
w(19,505,5,114)
r(8,635,5,114)
r(1,114,5,114)
w(0,488,5,114)
w(6,510,5,114)
r(7,614,5,114)
w(16,522,5,114)
w(12,493,5,114)
w(14,528,5,114)
w(11,534,5,114)
r(18,618,5,114)
w(10,503,5,114)
w(9,533,5,114)
w(3,519,5,114)
w(6,511,5,115)
r(8,635,5,115)
r(4,638,5,115)
w(5,529,5,115)
w(2,518,5,115)
w(16,523,5,115)
w(12,494,5,115)
r(10,612,5,115)
w(3,520,5,115)
r(14,317,5,115)
r(17,584,5,115)
w(1,501,5,115)
w(15,533,5,115)
w(13,517,5,115)
w(19,506,5,115)
r(11,628,5,115)
r(18,618,5,115)
r(7,614,5,115)
w(9,534,5,115)
w(0,489,5,115)
r(12,408,5,116)
r(17,673,5,116)
w(9,535,5,116)
w(19,507,5,116)
w(7,518,5,116)
w(13,518,5,116)
r(4,437,5,116)
w(0,490,5,116)
w(14,529,5,116)
r(3,520,5,116)
w(18,505,5,116)
w(10,504,5,116)
w(15,534,5,116)
r(5,426,5,116)
r(8,420,5,116)
r(11,438,5,116)
r(2,209,5,116)
r(6,407,5,116)
r(16,523,5,116)
w(1,502,5,116)
w(2,519,5,117)
w(1,503,5,117)
r(16,523,5,117)
w(18,506,5,117)
r(8,420,5,117)
w(4,538,5,117)
w(9,536,5,117)
w(13,519,5,117)
w(5,530,5,117)
r(19,711,5,117)
w(0,491,5,117)
r(10,719,5,117)
w(15,535,5,117)
r(6,407,5,117)
r(14,710,5,117)
w(11,535,5,117)
w(12,495,5,117)
w(3,521,5,117)
r(7,614,5,117)
r(17,673,5,117)
r(5,219,5,118)
w(3,522,5,118)
r(17,673,5,118)
w(12,496,5,118)
r(18,213,5,118)
r(16,203,5,118)
r(1,503,5,118)
w(19,508,5,118)
w(2,520,5,118)
r(10,719,5,118)
w(6,512,5,118)
r(11,225,5,118)
r(0,491,5,118)
r(15,203,5,118)
r(14,215,5,118)
w(4,539,5,118)
r(9,237,5,118)
w(8,524,5,118)
w(13,520,5,118)
w(7,519,5,118)
w(11,536,5,119)
w(8,525,5,119)
w(7,520,5,119)
w(16,524,5,119)
r(2,210,5,119)
r(3,521,5,119)
w(1,504,5,119)
w(12,497,5,119)
r(0,491,5,119)
w(18,507,5,119)
w(13,521,5,119)
r(6,407,5,119)
r(19,203,5,119)
w(17,475,5,119)
r(15,203,5,119)
r(4,214,5,119)
w(9,537,5,119)
w(10,505,5,119)
r(5,219,5,119)
r(14,215,5,119)
w(5,615,6,120)
w(18,610,6,120)
w(3,626,6,120)
r(11,2,6,120)
w(9,628,6,120)
w(8,627,6,120)
w(2,616,6,120)
r(10,3,6,120)
r(1,4,6,120)
w(15,630,6,120)
w(16,622,6,120)
r(7,3,6,120)
w(6,606,6,120)
r(4,1,6,120)
w(0,584,6,120)
r(19,3,6,120)
r(14,1,6,120)
r(17,4,6,120)
w(13,609,6,120)
r(12,3,6,120)
r(11,934,6,121)
r(15,948,6,121)
r(16,101,6,121)
r(1,890,6,121)
r(17,93,6,121)
r(0,900,6,121)
r(13,875,6,121)
r(5,109,6,121)
w(12,583,6,121)
r(8,4,6,121)
w(14,611,6,121)
r(2,910,6,121)
r(3,936,6,121)
w(7,603,6,121)
w(4,625,6,121)
r(9,944,6,121)
w(18,611,6,121)
w(10,604,6,121)
w(6,607,6,121)
w(19,599,6,121)
w(0,585,6,122)
w(10,605,6,122)
w(6,608,6,122)
r(12,110,6,122)
w(19,600,6,122)
r(5,109,6,122)
w(13,610,6,122)
w(4,626,6,122)
w(8,628,6,122)
r(3,936,6,122)
w(16,623,6,122)
r(7,109,6,122)
w(9,629,6,122)
r(18,100,6,122)
r(14,896,6,122)
w(15,631,6,122)
r(17,93,6,122)
w(11,623,6,122)
w(2,617,6,122)
r(1,890,6,122)
w(3,627,6,123)
w(4,627,6,123)
w(9,630,6,123)
w(7,604,6,123)
r(13,875,6,123)
w(2,618,6,123)
r(19,96,6,123)
r(5,109,6,123)
w(16,624,6,123)
w(18,612,6,123)
r(15,948,6,123)
w(0,586,6,123)
w(8,629,6,123)
w(6,609,6,123)
r(12,110,6,123)
w(14,612,6,123)
w(11,624,6,123)
w(1,599,6,123)
r(10,100,6,123)
w(17,573,6,123)
r(14,522,6,124)
r(13,509,6,124)
r(9,528,6,124)
r(5,314,6,124)
r(4,831,6,124)
w(6,610,6,124)
r(18,498,6,124)
r(10,498,6,124)
r(0,481,6,124)
r(1,492,6,124)
w(12,584,6,124)
w(19,601,6,124)
w(3,628,6,124)
r(2,511,6,124)
r(11,527,6,124)
w(7,605,6,124)
w(16,625,6,124)
w(8,630,6,124)
w(15,632,6,124)
r(17,467,6,124)
w(16,626,6,125)
w(4,628,6,125)
w(6,611,6,125)
w(15,633,6,125)
w(3,629,6,125)
w(19,602,6,125)
r(7,510,6,125)
w(5,616,6,125)
r(9,528,6,125)
w(17,574,6,125)
r(11,527,6,125)
w(2,619,6,125)
w(8,631,6,125)
r(1,492,6,125)
r(13,509,6,125)
w(0,587,6,125)
r(10,498,6,125)
w(14,613,6,125)
w(18,613,6,125)
w(12,585,6,125)
r(8,520,6,126)
w(12,586,6,126)
r(0,481,6,126)
r(9,528,6,126)
r(5,314,6,126)
w(16,627,6,126)
r(14,522,6,126)
r(3,512,6,126)
w(18,614,6,126)
w(17,575,6,126)
w(1,600,6,126)
r(7,510,6,126)
r(10,498,6,126)
w(19,603,6,126)
w(11,625,6,126)
w(15,634,6,126)
w(6,612,6,126)
w(4,629,6,126)
w(13,611,6,126)
r(2,511,6,126)
w(6,613,6,127)
w(18,615,6,127)
w(19,604,6,127)
w(10,606,6,127)
w(12,587,6,127)
r(7,510,6,127)
r(13,509,6,127)
r(4,208,6,127)
r(0,203,6,127)
r(9,229,6,127)
r(14,802,6,127)
w(3,630,6,127)
w(5,617,6,127)
r(17,766,6,127)
r(8,211,6,127)
r(2,202,6,127)
r(1,208,6,127)
r(11,835,6,127)
w(16,628,6,127)
w(15,635,6,127)
w(17,576,6,128)
r(18,715,6,128)
r(19,604,6,128)
r(15,740,6,128)
r(14,802,6,128)
w(9,631,6,128)
r(0,703,6,128)
w(3,631,6,128)
r(11,730,6,128)
w(2,620,6,128)
w(6,614,6,128)
r(10,606,6,128)
w(13,612,6,128)
r(8,730,6,128)
w(7,606,6,128)
r(16,732,6,128)
w(5,618,6,128)
w(1,601,6,128)
w(12,588,6,128)
r(4,723,6,128)
r(17,766,6,129)
r(7,510,6,129)
r(1,698,6,129)
r(11,730,6,129)
r(8,730,6,129)
r(14,802,6,129)
w(3,632,6,129)
r(10,606,6,129)
r(6,613,6,129)
w(9,632,6,129)
r(18,715,6,129)
r(0,703,6,129)
r(13,694,6,129)
r(12,690,6,129)
w(15,636,6,129)
w(19,605,6,129)
w(4,630,6,129)
w(5,619,6,129)
r(2,713,6,129)
r(16,732,6,129)
r(2,713,6,130)
r(8,730,6,130)
w(16,629,6,130)
r(6,613,6,130)
r(0,703,6,130)
r(12,690,6,130)
r(3,725,6,130)
r(1,698,6,130)
r(19,604,6,130)
r(7,510,6,130)
r(18,715,6,130)
r(11,730,6,130)
r(10,606,6,130)
r(13,694,6,130)
w(9,633,6,130)
r(14,802,6,130)
w(4,631,6,130)
w(17,577,6,130)
w(15,637,6,130)
w(5,620,6,130)
r(13,883,6,131)
r(16,951,6,131)
w(18,616,6,131)
w(19,606,6,131)
w(10,607,6,131)
w(4,632,6,131)
w(15,638,6,131)
w(12,589,6,131)
r(3,725,6,131)
w(17,578,6,131)
w(7,607,6,131)
r(2,916,6,131)
r(1,698,6,131)
w(0,588,6,131)
r(11,730,6,131)
r(5,617,6,131)
r(14,802,6,131)
r(6,930,6,131)
r(8,730,6,131)
r(9,229,6,131)
w(4,633,6,132)
w(16,630,6,132)
w(18,617,6,132)
w(9,634,6,132)
r(3,725,6,132)
w(15,639,6,132)
w(0,589,6,132)
w(13,613,6,132)
w(17,579,6,132)
w(10,608,6,132)
r(12,690,6,132)
w(11,626,6,132)
r(7,510,6,132)
r(19,604,6,132)
r(1,698,6,132)
r(6,930,6,132)
r(14,802,6,132)
w(8,632,6,132)
w(5,621,6,132)
w(2,621,6,132)
r(17,766,6,133)
r(3,725,6,133)
w(16,631,6,133)
w(5,622,6,133)
w(7,608,6,133)
r(14,802,6,133)
w(6,615,6,133)
r(2,916,6,133)
r(19,604,6,133)
w(1,602,6,133)
r(0,903,6,133)
w(4,634,6,133)
r(18,715,6,133)
w(13,614,6,133)
r(15,740,6,133)
r(12,690,6,133)
r(9,229,6,133)
w(11,627,6,133)
w(10,609,6,133)
r(8,730,6,133)
w(7,609,6,134)
r(4,723,6,134)
w(8,633,6,134)
w(15,640,6,134)
r(11,433,6,134)
w(9,635,6,134)
r(18,715,6,134)
r(14,418,6,134)
w(19,607,6,134)
w(1,603,6,134)
r(5,617,6,134)
w(2,622,6,134)
w(3,633,6,134)
r(6,930,6,134)
w(10,610,6,134)
w(12,590,6,134)
w(0,590,6,134)
w(17,580,6,134)
r(13,883,6,134)
w(16,632,6,134)
w(13,615,6,135)
r(3,108,6,135)
w(4,635,6,135)
r(10,408,6,135)
w(0,591,6,135)
r(11,435,6,135)
r(5,116,6,135)
r(18,105,6,135)
r(8,417,6,135)
r(9,125,6,135)
r(17,184,6,135)
w(14,614,6,135)
w(15,641,6,135)
w(19,608,6,135)
w(7,610,6,135)
r(2,406,6,135)
w(12,591,6,135)
r(6,210,6,135)
w(16,633,6,135)
r(1,112,6,135)
w(12,592,6,136)
r(13,615,6,136)
r(5,116,6,136)
w(17,581,6,136)
r(0,591,6,136)
w(1,604,6,136)
w(7,611,6,136)
r(8,417,6,136)
w(4,636,6,136)
w(2,623,6,136)
r(11,435,6,136)
w(15,642,6,136)
w(19,609,6,136)
w(10,611,6,136)
w(14,615,6,136)
w(16,634,6,136)
w(9,636,6,136)
r(3,108,6,136)
w(6,616,6,136)
r(18,105,6,136)
w(7,612,6,137)
w(2,624,6,137)
r(19,504,6,137)
w(8,634,6,137)
r(12,491,6,137)
r(11,532,6,137)
r(5,527,6,137)
r(13,615,6,137)
w(6,617,6,137)
r(16,520,6,137)
w(0,592,6,137)
w(3,634,6,137)
w(17,582,6,137)
r(14,527,6,137)
r(4,635,6,137)
r(1,112,6,137)
w(10,612,6,137)
w(15,643,6,137)
w(9,637,6,137)
r(18,105,6,137)
r(15,643,6,138)
w(5,623,6,138)
w(14,616,6,138)
r(11,532,6,138)
w(19,610,6,138)
w(17,583,6,138)
w(7,613,6,138)
w(12,593,6,138)
r(18,105,6,138)
w(13,616,6,138)
w(4,637,6,138)
r(3,634,6,138)
r(1,112,6,138)
r(9,637,6,138)
w(6,618,6,138)
r(2,624,6,138)
r(10,612,6,138)
r(8,634,6,138)
w(0,593,6,138)
w(16,635,6,138)
w(3,635,6,139)
w(14,617,6,139)
w(4,638,6,139)
w(9,638,6,139)
r(10,612,6,139)
w(16,636,6,139)
w(13,617,6,139)
r(19,107,6,139)
r(1,114,6,139)
w(18,618,6,139)
r(0,299,6,139)
r(6,303,6,139)
w(11,628,6,139)
w(17,584,6,139)
r(12,491,6,139)
r(15,106,6,139)
w(2,625,6,139)
r(5,117,6,139)
w(7,614,6,139)
w(8,635,6,139)
w(3,723,7,140)
r(16,1,7,140)
w(14,705,7,140)
r(19,402,7,140)
w(4,721,7,140)
w(17,665,7,140)
w(7,700,7,140)
r(2,401,7,140)
w(11,726,7,140)
r(13,402,7,140)
w(0,698,7,140)
r(12,400,7,140)
r(10,401,7,140)
w(6,709,7,140)
w(5,701,7,140)
w(8,728,7,140)
r(15,413,7,140)
r(9,1,7,140)
r(1,4,7,140)
w(18,711,7,140)
r(8,4,7,141)
r(4,3,7,141)
w(11,727,7,141)
w(15,736,7,141)
w(9,730,7,141)
r(1,4,7,141)
w(6,710,7,141)
w(14,706,7,141)
w(19,703,7,141)
r(13,5,7,141)
r(16,3,7,141)
w(12,689,7,141)
w(0,699,7,141)
r(7,3,7,141)
r(10,304,7,141)
w(17,666,7,141)
r(2,401,7,141)
r(3,510,7,141)
r(18,496,7,141)
r(5,3,7,141)
r(2,5,7,142)
r(5,4,7,142)
w(18,712,7,142)
r(10,5,7,142)
r(6,6,7,142)
w(15,737,7,142)
w(4,722,7,142)
r(8,4,7,142)
w(7,701,7,142)
w(11,728,7,142)
w(0,700,7,142)
r(16,3,7,142)
r(14,3,7,142)
w(17,667,7,142)
w(19,704,7,142)
r(13,6,7,142)
r(3,510,7,142)
r(12,5,7,142)
r(9,3,7,142)
r(1,7,7,142)
r(16,101,7,143)
r(10,904,7,143)
w(18,713,7,143)
r(4,316,7,143)
w(2,711,7,143)
w(13,693,7,143)
w(5,702,7,143)
r(3,313,7,143)
w(1,697,7,143)
r(7,301,7,143)
w(6,711,7,143)
w(15,738,7,143)
r(17,266,7,143)
r(14,896,7,143)
r(12,292,7,143)
r(9,945,7,143)
r(8,929,7,143)
w(0,701,7,143)
w(11,729,7,143)
w(19,705,7,143)
r(5,314,7,144)
r(13,310,7,144)
w(7,702,7,144)
w(18,714,7,144)
w(0,702,7,144)
r(17,266,7,144)
r(12,292,7,144)
r(6,300,7,144)
w(16,731,7,144)
w(15,739,7,144)
w(19,706,7,144)
r(4,316,7,144)
r(9,945,7,144)
w(2,712,7,144)
r(14,896,7,144)
r(11,331,7,144)
r(10,904,7,144)
w(3,724,7,144)
w(8,729,7,144)
r(1,299,7,144)
r(10,606,7,145)
r(9,229,7,145)
w(13,694,7,145)
w(16,732,7,145)
w(4,723,7,145)
w(12,690,7,145)
r(5,617,7,145)
r(19,604,7,145)
r(14,802,7,145)
r(6,613,7,145)
w(1,698,7,145)
w(2,713,7,145)
r(17,766,7,145)
w(18,715,7,145)
w(15,740,7,145)
w(0,703,7,145)
w(8,730,7,145)
w(11,730,7,145)
r(7,510,7,145)
w(3,725,7,145)
r(17,766,7,146)
w(0,704,7,146)
w(9,731,7,146)
w(2,714,7,146)
w(1,699,7,146)
r(18,715,7,146)
w(12,691,7,146)
w(13,695,7,146)
r(6,613,7,146)
r(10,606,7,146)
w(7,703,7,146)
w(4,724,7,146)
w(16,733,7,146)
r(14,802,7,146)
r(8,730,7,146)
r(5,617,7,146)
r(15,740,7,146)
r(19,604,7,146)
r(11,730,7,146)
w(3,726,7,146)
r(18,715,7,147)
w(0,705,7,147)
w(8,731,7,147)
r(10,606,7,147)
w(5,703,7,147)
r(16,732,7,147)
r(3,725,7,147)
r(15,740,7,147)
w(11,731,7,147)
r(14,802,7,147)
w(4,725,7,147)
w(9,732,7,147)
r(2,713,7,147)
r(19,604,7,147)
r(13,694,7,147)
r(7,510,7,147)
w(17,668,7,147)
w(6,712,7,147)
r(1,698,7,147)
w(12,692,7,147)
w(0,706,7,148)
w(14,707,7,148)
w(19,707,7,148)
w(1,700,7,148)
r(8,730,7,148)
r(3,725,7,148)
w(9,733,7,148)
w(10,708,7,148)
w(7,704,7,148)
w(4,726,7,148)
w(2,715,7,148)
r(12,690,7,148)
w(11,732,7,148)
r(13,883,7,148)
r(16,951,7,148)
r(17,766,7,148)
r(18,715,7,148)
w(15,741,7,148)
w(6,713,7,148)
r(5,617,7,148)
r(9,229,7,149)
r(13,883,7,149)
r(3,725,7,149)
r(12,690,7,149)
r(5,617,7,149)
w(19,708,7,149)
r(11,730,7,149)
r(7,510,7,149)
r(17,766,7,149)
w(14,708,7,149)
w(2,716,7,149)
r(16,951,7,149)
r(8,730,7,149)
w(10,709,7,149)
r(15,740,7,149)
r(18,715,7,149)
w(1,701,7,149)
w(4,727,7,149)
r(6,930,7,149)
r(0,903,7,149)
w(9,734,7,150)
w(3,727,7,150)
w(4,728,7,150)
w(7,705,7,150)
w(2,717,7,150)
r(19,604,7,150)
r(8,730,7,150)
r(0,903,7,150)
w(13,696,7,150)
r(15,740,7,150)
w(12,693,7,150)
r(14,802,7,150)
r(16,951,7,150)
w(5,704,7,150)
r(17,766,7,150)
w(11,733,7,150)
w(1,702,7,150)
w(6,714,7,150)
w(10,710,7,150)
w(18,716,7,150)
w(10,711,7,151)
w(0,707,7,151)
w(6,715,7,151)
r(18,715,7,151)
w(5,705,7,151)
w(11,734,7,151)
w(17,669,7,151)
r(9,229,7,151)
r(13,883,7,151)
w(12,694,7,151)
w(2,718,7,151)
w(16,734,7,151)
r(7,510,7,151)
r(19,604,7,151)
w(1,703,7,151)
w(15,742,7,151)
r(14,802,7,151)
r(8,730,7,151)
r(4,723,7,151)
r(3,725,7,151)
w(16,735,7,152)
r(18,715,7,152)
w(19,709,7,152)
w(10,712,7,152)
r(3,725,7,152)
r(2,916,7,152)
r(7,510,7,152)
r(13,883,7,152)
r(17,766,7,152)
w(11,735,7,152)
w(15,743,7,152)
r(1,698,7,152)
w(12,695,7,152)
w(5,706,7,152)
w(4,729,7,152)
r(9,229,7,152)
r(8,730,7,152)
r(6,930,7,152)
r(14,802,7,152)
w(0,708,7,152)
r(5,617,7,153)
w(10,713,7,153)
w(17,670,7,153)
w(0,709,7,153)
r(19,604,7,153)
w(18,717,7,153)
r(3,725,7,153)
r(14,802,7,153)
r(6,930,7,153)
w(11,736,7,153)
w(4,730,7,153)
w(7,706,7,153)
r(15,740,7,153)
w(8,732,7,153)
w(9,735,7,153)
r(1,698,7,153)
w(12,696,7,153)
w(2,719,7,153)
w(16,736,7,153)
w(13,697,7,153)
r(14,111,7,154)
r(5,115,7,154)
r(7,113,7,154)
r(0,384,7,154)
w(17,671,7,154)
w(9,736,7,154)
w(13,698,7,154)
w(4,731,7,154)
w(15,744,7,154)
r(18,103,7,154)
r(2,105,7,154)
w(10,714,7,154)
r(1,109,7,154)
w(3,728,7,154)
w(12,697,7,154)
w(16,737,7,154)
w(11,737,7,154)
w(6,716,7,154)
r(19,104,7,154)
w(8,733,7,154)
w(18,718,7,155)
w(15,745,7,155)
r(4,104,7,155)
w(2,720,7,155)
w(17,672,7,155)
r(3,108,7,155)
r(13,120,7,155)
r(1,109,7,155)
r(8,109,7,155)
w(6,717,7,155)
w(10,715,7,155)
r(0,384,7,155)
r(11,433,7,155)
r(9,123,7,155)
r(19,104,7,155)
r(7,113,7,155)
r(5,115,7,155)
r(14,111,7,155)
r(16,107,7,155)
w(12,698,7,155)
r(17,184,7,156)
w(12,699,7,156)
r(4,212,7,156)
r(9,123,7,156)
r(2,105,7,156)
w(15,746,7,156)
w(13,699,7,156)
r(14,212,7,156)
w(10,716,7,156)
w(6,718,7,156)
r(19,104,7,156)
w(0,710,7,156)
w(3,729,7,156)
r(18,103,7,156)
w(8,734,7,156)
r(5,115,7,156)
r(1,109,7,156)
w(7,707,7,156)
r(16,107,7,156)
r(11,433,7,156)
w(10,717,7,157)
w(3,730,7,157)
w(19,710,7,157)
r(12,491,7,157)
r(16,520,7,157)
w(0,711,7,157)
w(9,737,7,157)
w(15,747,7,157)
r(17,582,7,157)
r(13,615,7,157)
r(1,112,7,157)
w(11,738,7,157)
r(8,634,7,157)
w(4,732,7,157)
w(14,709,7,157)
r(6,617,7,157)
w(2,721,7,157)
r(18,105,7,157)
r(7,612,7,157)
w(5,707,7,157)
r(19,506,7,158)
r(15,533,7,158)
r(0,489,7,158)
w(5,708,7,158)
w(4,733,7,158)
r(3,520,7,158)
w(2,722,7,158)
r(6,511,7,158)
w(18,719,7,158)
w(14,710,7,158)
r(17,584,7,158)
w(9,738,7,158)
r(1,501,7,158)
r(16,523,7,158)
w(10,718,7,158)
r(7,614,7,158)
r(11,628,7,158)
w(8,735,7,158)
r(13,517,7,158)
w(12,700,7,158)
w(13,700,7,159)
w(4,734,7,159)
r(7,614,7,159)
w(2,723,7,159)
w(10,719,7,159)
w(17,673,7,159)
r(18,719,7,159)
r(16,523,7,159)
w(12,701,7,159)
w(6,719,7,159)
r(14,710,7,159)
w(19,711,7,159)
w(8,736,7,159)
w(11,739,7,159)
r(5,708,7,159)
r(9,738,7,159)
r(3,520,7,159)
r(1,501,7,159)
w(0,712,7,159)
w(15,748,7,159)
r(8,2,8,160)
w(10,808,8,160)
r(15,413,8,160)
r(3,510,8,160)
r(16,1,8,160)
w(4,827,8,160)
r(14,1,8,160)
w(18,813,8,160)
w(1,797,8,160)
r(13,402,8,160)
w(12,812,8,160)
w(17,759,8,160)
r(0,479,8,160)
r(5,416,8,160)
r(19,402,8,160)
w(7,799,8,160)
w(2,818,8,160)
w(11,829,8,160)
r(6,501,8,160)
w(9,834,8,160)
w(13,785,8,161)
r(15,948,8,161)
r(18,100,8,161)
w(7,800,8,161)
r(10,100,8,161)
r(5,109,8,161)
w(16,836,8,161)
r(2,910,8,161)
w(11,830,8,161)
w(14,794,8,161)
r(0,900,8,161)
r(4,932,8,161)
w(8,830,8,161)
r(19,96,8,161)
w(17,760,8,161)
w(6,820,8,161)
w(9,835,8,161)
r(1,890,8,161)
r(12,110,8,161)
r(3,936,8,161)
w(10,809,8,162)
r(8,4,8,162)
r(1,890,8,162)
w(15,838,8,162)
r(4,932,8,162)
r(14,896,8,162)
w(17,761,8,162)
w(16,837,8,162)
w(5,813,8,162)
w(19,786,8,162)
r(9,944,8,162)
r(13,875,8,162)
r(3,936,8,162)
w(6,821,8,162)
w(12,813,8,162)
r(18,100,8,162)
r(0,900,8,162)
r(7,109,8,162)
w(11,831,8,162)
r(2,910,8,162)
r(12,110,8,163)
w(19,787,8,163)
w(15,839,8,163)
w(4,828,8,163)
r(1,890,8,163)
r(7,109,8,163)
w(14,795,8,163)
r(11,934,8,163)
r(0,900,8,163)
w(13,786,8,163)
w(9,836,8,163)
r(10,100,8,163)
r(17,93,8,163)
r(8,4,8,163)
r(5,109,8,163)
w(18,814,8,163)
r(3,936,8,163)
w(16,838,8,163)
r(2,910,8,163)
r(6,101,8,163)
w(0,807,8,164)
w(8,831,8,164)
w(7,801,8,164)
r(4,316,8,164)
w(16,839,8,164)
r(5,314,8,164)
w(10,810,8,164)
w(15,840,8,164)
w(2,819,8,164)
r(14,896,8,164)
w(17,762,8,164)
w(3,829,8,164)
r(6,300,8,164)
w(9,837,8,164)
r(1,299,8,164)
r(12,292,8,164)
r(11,331,8,164)
r(18,304,8,164)
r(13,310,8,164)
r(19,96,8,164)
r(17,266,8,165)
r(6,300,8,165)
r(16,101,8,165)
r(2,308,8,165)
r(18,304,8,165)
r(9,945,8,165)
w(7,802,8,165)
w(8,832,8,165)
w(1,798,8,165)
w(3,830,8,165)
r(15,302,8,165)
r(5,314,8,165)
w(12,814,8,165)
w(11,832,8,165)
w(14,796,8,165)
w(0,808,8,165)
r(4,316,8,165)
w(10,811,8,165)
r(13,310,8,165)
w(19,788,8,165)
w(11,833,8,166)
w(10,812,8,166)
r(17,266,8,166)
w(7,803,8,166)
w(8,833,8,166)
r(15,302,8,166)
w(14,797,8,166)
r(13,310,8,166)
r(12,292,8,166)
w(9,838,8,166)
w(19,789,8,166)
w(3,831,8,166)
w(16,840,8,166)
w(0,809,8,166)
r(6,300,8,166)
r(1,299,8,166)
w(18,815,8,166)
r(5,314,8,166)
w(4,829,8,166)
r(2,308,8,166)
w(4,830,8,167)
r(13,310,8,167)
w(19,790,8,167)
w(2,820,8,167)
w(17,763,8,167)
w(12,815,8,167)
w(3,832,8,167)
w(8,834,8,167)
w(6,822,8,167)
r(10,904,8,167)
r(11,331,8,167)
w(1,799,8,167)
r(0,902,8,167)
w(14,798,8,167)
w(16,841,8,167)
w(7,804,8,167)
w(15,841,8,167)
r(9,945,8,167)
w(18,816,8,167)
r(5,314,8,167)
r(5,314,8,168)
w(10,813,8,168)
w(3,833,8,168)
r(0,902,8,168)
w(19,791,8,168)
w(14,799,8,168)
r(13,310,8,168)
w(8,835,8,168)
w(4,831,8,168)
w(17,764,8,168)
r(16,101,8,168)
w(9,839,8,168)
r(18,304,8,168)
w(1,800,8,168)
r(11,331,8,168)
r(7,301,8,168)
r(2,308,8,168)
w(15,842,8,168)
w(6,823,8,168)
w(12,816,8,168)
w(8,836,8,169)
r(6,503,8,169)
r(16,514,8,169)
w(4,832,8,169)
w(11,834,8,169)
r(17,467,8,169)
r(13,509,8,169)
w(15,843,8,169)
w(12,817,8,169)
r(18,498,8,169)
w(14,800,8,169)
w(0,810,8,169)
w(10,814,8,169)
r(2,511,8,169)
w(5,814,8,169)
r(1,492,8,169)
r(3,512,8,169)
r(9,528,8,169)
w(7,805,8,169)
w(19,792,8,169)
w(16,842,8,170)
w(4,833,8,170)
r(6,503,8,170)
r(13,509,8,170)
w(19,793,8,170)
w(0,811,8,170)
r(1,492,8,170)
r(12,816,8,170)
r(2,511,8,170)
r(9,528,8,170)
r(11,527,8,170)
w(8,837,8,170)
r(15,842,8,170)
r(3,512,8,170)
w(7,806,8,170)
w(14,801,8,170)
r(5,314,8,170)
w(10,815,8,170)
w(18,817,8,170)
r(17,467,8,170)
w(7,807,8,171)
r(16,514,8,171)
r(13,509,8,171)
w(4,834,8,171)
w(2,821,8,171)
r(15,842,8,171)
r(19,498,8,171)
r(8,520,8,171)
w(1,801,8,171)
r(11,527,8,171)
r(5,314,8,171)
w(6,824,8,171)
w(12,818,8,171)
r(3,512,8,171)
w(0,812,8,171)
r(14,522,8,171)
w(17,765,8,171)
w(10,816,8,171)
w(9,840,8,171)
r(18,498,8,171)
w(2,822,8,172)
w(3,834,8,172)
r(4,831,8,172)
w(5,815,8,172)
w(0,813,8,172)
w(17,766,8,172)
r(18,498,8,172)
r(7,510,8,172)
r(13,509,8,172)
w(14,802,8,172)
r(15,842,8,172)
r(19,498,8,172)
w(8,838,8,172)
w(10,817,8,172)
r(12,816,8,172)
w(11,835,8,172)
r(6,503,8,172)
r(1,492,8,172)
w(16,843,8,172)
w(9,841,8,172)
r(19,498,8,173)
w(4,835,8,173)
r(9,841,8,173)
w(6,825,8,173)
r(12,816,8,173)
w(11,836,8,173)
r(5,815,8,173)
r(13,509,8,173)
r(8,838,8,173)
w(16,844,8,173)
r(10,817,8,173)
w(15,844,8,173)
w(14,803,8,173)
r(2,822,8,173)
w(7,808,8,173)
r(18,498,8,173)
r(1,492,8,173)
w(17,767,8,173)
r(3,834,8,173)
r(0,813,8,173)
w(1,802,8,174)
r(8,730,8,174)
r(6,613,8,174)
w(13,787,8,174)
w(17,768,8,174)
r(5,617,8,174)
r(7,510,8,174)
r(4,723,8,174)
w(9,842,8,174)
w(16,845,8,174)
w(15,845,8,174)
r(0,703,8,174)
r(12,690,8,174)
w(19,794,8,174)
w(10,818,8,174)
r(3,725,8,174)
r(2,713,8,174)
w(11,837,8,174)
r(18,715,8,174)
r(14,802,8,174)
w(6,826,8,175)
w(15,846,8,175)
r(8,730,8,175)
w(4,836,8,175)
w(2,823,8,175)
r(19,604,8,175)
r(18,715,8,175)
w(10,819,8,175)
r(1,698,8,175)
r(0,703,8,175)
r(13,694,8,175)
r(16,732,8,175)
r(3,725,8,175)
w(12,819,8,175)
r(14,802,8,175)
r(5,617,8,175)
r(11,730,8,175)
r(17,766,8,175)
w(9,843,8,175)
w(7,809,8,175)
w(19,795,8,176)
r(18,715,8,176)
w(14,804,8,176)
w(7,810,8,176)
r(16,732,8,176)
r(11,730,8,176)
r(1,698,8,176)
w(3,835,8,176)
r(4,723,8,176)
w(9,844,8,176)
w(6,827,8,176)
r(13,694,8,176)
w(2,824,8,176)
r(17,766,8,176)
r(5,617,8,176)
r(15,740,8,176)
r(10,606,8,176)
r(0,703,8,176)
w(8,839,8,176)
r(12,690,8,176)
r(9,229,8,177)
w(14,805,8,177)
w(13,788,8,177)
w(5,816,8,177)
r(16,732,8,177)
w(6,828,8,177)
w(15,847,8,177)
r(12,690,8,177)
r(17,766,8,177)
r(2,713,8,177)
w(7,811,8,177)
r(8,730,8,177)
w(0,814,8,177)
w(19,796,8,177)
r(18,715,8,177)
w(4,837,8,177)
w(1,803,8,177)
w(11,838,8,177)
r(10,606,8,177)
w(3,836,8,177)
r(13,883,8,178)
r(8,730,8,178)
w(4,838,8,178)
w(9,845,8,178)
r(2,916,8,178)
r(18,715,8,178)
w(7,812,8,178)
w(14,806,8,178)
w(19,797,8,178)
r(16,951,8,178)
w(3,837,8,178)
w(17,769,8,178)
r(0,903,8,178)
w(12,820,8,178)
w(1,804,8,178)
w(5,817,8,178)
r(11,730,8,178)
r(6,930,8,178)
r(15,740,8,178)
w(10,820,8,178)
w(5,818,8,179)
r(8,730,8,179)
r(0,384,8,179)
r(12,405,8,179)
w(3,838,8,179)
w(7,813,8,179)
r(18,715,8,179)
r(19,604,8,179)
r(4,723,8,179)
w(14,807,8,179)
w(9,846,8,179)
r(10,407,8,179)
r(16,422,8,179)
w(2,825,8,179)
r(13,883,8,179)
w(1,805,8,179)
w(11,839,8,179)
r(17,368,8,179)
w(15,848,8,179)
w(6,829,8,179)
r(4,430,9,180)
r(0,479,9,180)
w(2,907,9,180)
r(16,1,9,180)
r(11,2,9,180)
r(15,413,9,180)
r(6,501,9,180)
w(19,881,9,180)
r(17,4,9,180)
r(7,3,9,180)
r(5,416,9,180)
r(10,401,9,180)
r(13,402,9,180)
r(18,496,9,180)
w(8,926,9,180)
r(1,4,9,180)
w(9,941,9,180)
w(12,907,9,180)
w(3,934,9,180)
w(14,893,9,180)
w(8,927,9,181)
w(9,942,9,181)
r(10,304,9,181)
w(4,931,9,181)
w(6,923,9,181)
w(15,947,9,181)
w(0,897,9,181)
w(16,944,9,181)
w(13,874,9,181)
r(12,400,9,181)
r(7,3,9,181)
r(19,402,9,181)
r(5,416,9,181)
w(3,935,9,181)
w(14,894,9,181)
w(2,908,9,181)
w(18,898,9,181)
w(17,859,9,181)
r(11,330,9,181)
r(1,4,9,181)
w(1,889,9,182)
r(18,496,9,182)
w(12,908,9,182)
w(19,882,9,182)
r(4,314,9,182)
r(6,501,9,182)
r(15,300,9,182)
r(9,328,9,182)
r(10,304,9,182)
r(7,3,9,182)
r(13,308,9,182)
r(5,416,9,182)
r(3,510,9,182)
w(11,933,9,182)
w(2,909,9,182)
w(16,945,9,182)
w(17,860,9,182)
w(8,928,9,182)
w(0,898,9,182)
r(14,312,9,182)
w(0,899,9,183)
r(15,300,9,183)
w(19,883,9,183)
r(3,510,9,183)
w(14,895,9,183)
r(8,4,9,183)
r(10,304,9,183)
r(11,330,9,183)
r(1,4,9,183)
w(18,899,9,183)
w(9,943,9,183)
w(17,861,9,183)
w(5,905,9,183)
w(16,946,9,183)
r(6,6,9,183)
r(2,401,9,183)
r(4,3,9,183)
w(7,903,9,183)
r(13,5,9,183)
r(12,5,9,183)
r(10,100,9,184)
r(6,101,9,184)
w(11,934,9,184)
w(13,875,9,184)
r(8,4,9,184)
w(4,932,9,184)
r(5,109,9,184)
w(15,948,9,184)
r(7,109,9,184)
w(0,900,9,184)
w(1,890,9,184)
r(19,96,9,184)
w(14,896,9,184)
w(2,910,9,184)
r(12,110,9,184)
r(16,101,9,184)
r(17,93,9,184)
w(9,944,9,184)
w(3,936,9,184)
r(18,100,9,184)
r(11,934,9,185)
r(3,936,9,185)
w(12,909,9,185)
w(14,897,9,185)
w(10,903,9,185)
w(13,876,9,185)
r(6,101,9,185)
w(5,906,9,185)
r(16,101,9,185)
r(9,944,9,185)
r(19,96,9,185)
w(0,901,9,185)
r(15,948,9,185)
r(1,890,9,185)
r(18,100,9,185)
w(7,904,9,185)
r(4,932,9,185)
w(2,911,9,185)
r(8,4,9,185)
r(17,93,9,185)
r(4,932,9,186)
w(12,910,9,186)
w(10,904,9,186)
w(13,877,9,186)
w(15,949,9,186)
r(3,936,9,186)
w(0,902,9,186)
w(18,900,9,186)
w(11,935,9,186)
r(7,109,9,186)
w(17,862,9,186)
w(5,907,9,186)
w(6,924,9,186)
r(1,890,9,186)
w(8,929,9,186)
w(9,945,9,186)
r(14,896,9,186)
r(19,96,9,186)
w(2,912,9,186)
r(16,101,9,186)
r(18,304,9,187)
r(7,301,9,187)
w(4,933,9,187)
r(0,902,9,187)
w(17,863,9,187)
w(11,936,9,187)
r(9,945,9,187)
w(13,878,9,187)
r(12,292,9,187)
r(10,904,9,187)
r(2,308,9,187)
w(15,950,9,187)
r(1,299,9,187)
w(8,930,9,187)
w(14,898,9,187)
r(5,314,9,187)
w(6,925,9,187)
w(3,937,9,187)
w(16,947,9,187)
w(19,884,9,187)
w(1,891,9,188)
r(5,314,9,188)
r(7,510,9,188)
r(8,520,9,188)
w(14,899,9,188)
r(4,831,9,188)
w(9,946,9,188)
r(10,498,9,188)
w(15,951,9,188)
w(18,901,9,188)
r(11,527,9,188)
r(16,514,9,188)
r(6,503,9,188)
w(12,911,9,188)
r(2,511,9,188)
r(19,498,9,188)
r(13,509,9,188)
r(3,512,9,188)
w(17,864,9,188)
r(0,481,9,188)
w(7,905,9,189)
w(14,900,9,189)
w(18,902,9,189)
w(1,892,9,189)
r(17,766,9,189)
w(4,934,9,189)
w(10,905,9,189)
r(8,838,9,189)
r(0,813,9,189)
r(9,841,9,189)
w(13,879,9,189)
w(5,908,9,189)
w(3,938,9,189)
w(6,926,9,189)
w(15,952,9,189)
w(12,912,9,189)
w(11,937,9,189)
r(2,822,9,189)
r(19,498,9,189)
w(16,948,9,189)
r(13,509,9,190)
r(0,813,9,190)
w(11,938,9,190)
r(19,498,9,190)
r(6,503,9,190)
r(18,498,9,190)
r(12,816,9,190)
w(7,906,9,190)
w(8,931,9,190)
w(4,935,9,190)
r(16,843,9,190)
w(2,913,9,190)
w(5,909,9,190)
r(3,834,9,190)
r(1,492,9,190)
w(14,901,9,190)
r(17,766,9,190)
w(9,947,9,190)
r(10,817,9,190)
w(15,953,9,190)
w(9,948,9,191)
w(11,939,9,191)
w(5,910,9,191)
r(7,510,9,191)
r(0,203,9,191)
w(12,913,9,191)
w(13,880,9,191)
r(6,613,9,191)
w(16,949,9,191)
r(14,802,9,191)
w(15,954,9,191)
r(1,208,9,191)
r(3,630,9,191)
w(19,885,9,191)
w(17,865,9,191)
r(4,208,9,191)
w(8,932,9,191)
r(2,202,9,191)
r(10,606,9,191)
w(18,903,9,191)
r(7,510,9,192)
w(1,893,9,192)
w(17,866,9,192)
w(9,949,9,192)
r(6,613,9,192)
r(16,628,9,192)
r(5,617,9,192)
w(19,886,9,192)
r(3,630,9,192)
w(18,904,9,192)
r(8,211,9,192)
w(10,906,9,192)
r(0,203,9,192)
w(15,955,9,192)
r(14,802,9,192)
w(4,936,9,192)
r(13,509,9,192)
r(11,835,9,192)
r(2,202,9,192)
w(12,914,9,192)
w(4,937,9,193)
w(10,907,9,193)
r(16,732,9,193)
r(11,730,9,193)
r(0,703,9,193)
w(1,894,9,193)
r(8,730,9,193)
w(6,927,9,193)
w(9,950,9,193)
w(15,956,9,193)
w(17,867,9,193)
w(19,887,9,193)
r(3,725,9,193)
r(13,694,9,193)
w(2,914,9,193)
w(5,911,9,193)
w(18,905,9,193)
r(7,510,9,193)
r(14,802,9,193)
r(12,690,9,193)
w(8,933,9,194)
w(13,881,9,194)
r(9,229,9,194)
r(5,617,9,194)
r(3,725,9,194)
w(6,928,9,194)
r(2,713,9,194)
r(4,723,9,194)
w(18,906,9,194)
r(19,604,9,194)
r(14,802,9,194)
w(7,907,9,194)
w(16,950,9,194)
r(0,703,9,194)
w(12,915,9,194)
w(10,908,9,194)
w(1,895,9,194)
w(15,957,9,194)
r(11,730,9,194)
r(17,766,9,194)
w(15,958,9,195)
w(14,902,9,195)
r(10,606,9,195)
w(1,896,9,195)
w(3,939,9,195)
r(11,730,9,195)
r(12,690,9,195)
w(9,951,9,195)
w(2,915,9,195)
r(16,732,9,195)
w(8,934,9,195)
w(7,908,9,195)
w(18,907,9,195)
w(13,882,9,195)
w(4,938,9,195)
r(0,703,9,195)
w(6,929,9,195)
w(5,912,9,195)
r(19,604,9,195)
w(17,868,9,195)
w(0,903,9,196)
r(8,730,9,196)
r(19,604,9,196)
r(12,690,9,196)
r(11,730,9,196)
r(17,766,9,196)
w(13,883,9,196)
r(7,510,9,196)
w(10,909,9,196)
r(1,698,9,196)
w(16,951,9,196)
w(6,930,9,196)
r(18,715,9,196)
w(2,916,9,196)
r(4,723,9,196)
r(5,617,9,196)
r(9,229,9,196)
r(15,740,9,196)
r(14,802,9,196)
r(3,725,9,196)
w(0,904,9,197)
r(7,510,9,197)
w(10,910,9,197)
r(1,698,9,197)
w(16,952,9,197)
r(19,604,9,197)
r(12,690,9,197)
r(5,617,9,197)
r(13,883,9,197)
r(9,229,9,197)
w(14,903,9,197)
w(18,908,9,197)
r(2,916,9,197)
w(3,940,9,197)
r(15,740,9,197)
r(11,730,9,197)
r(4,723,9,197)
r(8,730,9,197)
w(17,869,9,197)
w(6,931,9,197)
w(7,909,9,198)
w(5,913,9,198)
w(4,939,9,198)
r(0,903,9,198)
r(14,802,9,198)
w(19,888,9,198)
w(13,884,9,198)
r(3,725,9,198)
r(10,909,9,198)
r(11,730,9,198)
w(9,952,9,198)
r(6,930,9,198)
w(15,959,9,198)
w(12,916,9,198)
w(2,917,9,198)
w(18,909,9,198)
r(1,698,9,198)
w(17,870,9,198)
r(8,730,9,198)
r(16,951,9,198)
r(6,930,9,199)
w(14,904,9,199)
w(17,871,9,199)
w(11,940,9,199)
w(13,885,9,199)
r(12,405,9,199)
w(18,910,9,199)
w(10,911,9,199)
r(9,123,9,199)
r(8,109,9,199)
r(3,108,9,199)
w(15,960,9,199)
w(2,918,9,199)
w(0,905,9,199)
w(7,910,9,199)
r(16,107,9,199)
w(1,897,9,199)
r(4,104,9,199)
r(19,104,9,199)
r(5,115,9,199)
