w(5,1,0,0)
r(15,194,0,0)
r(19,205,0,0)
w(12,1,0,0)
w(13,1,0,0)
w(7,1,0,0)
w(4,1,0,0)
r(0,194,0,0)
r(14,798,0,0)
r(16,205,0,0)
w(11,1,0,0)
w(2,1,0,0)
w(8,1,0,0)
r(6,200,0,0)
r(18,805,0,0)
r(9,200,0,0)
r(1,796,0,0)
r(17,0,0,0)
r(3,815,0,0)
r(10,209,0,0)
w(6,1,0,1)
w(3,1,0,1)
r(14,798,0,1)
w(12,2,0,1)
w(5,2,0,1)
w(8,2,0,1)
r(0,911,0,1)
r(15,194,0,1)
r(9,200,0,1)
w(4,2,0,1)
r(1,796,0,1)
r(7,208,0,1)
w(13,2,0,1)
r(18,805,0,1)
w(16,1,0,1)
w(17,1,0,1)
r(11,904,0,1)
w(19,1,0,1)
r(10,934,0,1)
w(2,2,0,1)
r(10,416,0,2)
w(14,1,0,2)
w(8,3,0,2)
r(2,849,0,2)
w(3,2,0,2)
w(15,1,0,2)
w(5,3,0,2)
r(17,415,0,2)
r(4,410,0,2)
w(7,2,0,2)
r(19,815,0,2)
r(13,515,0,2)
r(0,378,0,2)
w(6,2,0,2)
w(1,1,0,2)
r(9,390,0,2)
r(16,391,0,2)
w(18,1,0,2)
w(12,3,0,2)
w(11,2,0,2)
r(14,800,0,3)
w(18,2,0,3)
w(3,3,0,3)
r(8,399,0,3)
r(12,797,0,3)
r(11,445,0,3)
w(2,3,0,3)
w(1,2,0,3)
r(9,390,0,3)
w(5,4,0,3)
w(13,3,0,3)
r(6,400,0,3)
r(17,415,0,3)
w(15,2,0,3)
w(16,2,0,3)
w(10,1,0,3)
w(7,3,0,3)
r(0,378,0,3)
w(19,2,0,3)
w(4,3,0,3)
r(5,388,0,4)
r(0,378,0,4)
r(14,800,0,4)
w(19,3,0,4)
r(2,849,0,4)
w(10,2,0,4)
r(3,819,0,4)
r(7,407,0,4)
r(17,415,0,4)
r(15,402,0,4)
r(4,410,0,4)
w(9,1,0,4)
w(6,3,0,4)
w(13,4,0,4)
r(12,797,0,4)
r(18,809,0,4)
r(8,399,0,4)
r(16,391,0,4)
w(11,3,0,4)
r(1,404,0,4)
w(13,5,0,5)
w(2,4,0,5)
r(0,486,0,5)
r(17,520,0,5)
r(15,299,0,5)
r(8,300,0,5)
w(3,4,0,5)
r(11,339,0,5)
w(19,4,0,5)
r(14,314,0,5)
w(12,4,0,5)
r(5,294,0,5)
w(1,3,0,5)
r(18,322,0,5)
w(9,2,0,5)
w(6,4,0,5)
w(10,3,0,5)
r(4,495,0,5)
w(7,4,0,5)
w(16,3,0,5)
r(10,314,0,6)
r(18,912,0,6)
r(1,410,0,6)
w(15,3,0,6)
w(6,5,0,6)
r(13,913,0,6)
w(7,5,0,6)
r(5,878,0,6)
w(11,4,0,6)
w(8,4,0,6)
r(2,518,0,6)
w(4,4,0,6)
w(0,1,0,6)
r(19,911,0,6)
r(12,306,0,6)
w(16,4,0,6)
r(3,923,0,6)
w(9,3,0,6)
w(17,2,0,6)
r(14,314,0,6)
w(16,5,0,7)
w(5,5,0,7)
r(6,892,0,7)
r(9,297,0,7)
r(13,913,0,7)
r(2,518,0,7)
r(17,520,0,7)
w(14,2,0,7)
w(10,4,0,7)
w(1,4,0,7)
w(11,5,0,7)
w(12,5,0,7)
r(19,911,0,7)
r(4,495,0,7)
r(7,897,0,7)
w(8,5,0,7)
w(3,5,0,7)
w(15,4,0,7)
w(18,3,0,7)
w(0,2,0,7)
w(2,5,0,8)
w(11,6,0,8)
r(6,892,0,8)
w(7,6,0,8)
r(17,520,0,8)
w(14,3,0,8)
w(5,6,0,8)
r(10,4,0,8)
r(9,297,0,8)
r(13,913,0,8)
w(4,5,0,8)
r(19,911,0,8)
r(18,3,0,8)
w(3,6,0,8)
w(15,5,0,8)
r(8,5,0,8)
r(12,5,0,8)
w(16,6,0,8)
r(0,2,0,8)
r(1,4,0,8)
r(0,2,0,9)
w(18,4,0,9)
w(15,6,0,9)
w(12,6,0,9)
w(16,7,0,9)
r(1,4,0,9)
w(7,7,0,9)
r(4,495,0,9)
w(19,5,0,9)
w(8,6,0,9)
w(5,7,0,9)
r(17,520,0,9)
r(9,297,0,9)
r(10,4,0,9)
w(11,7,0,9)
r(13,913,0,9)
r(14,2,0,9)
r(6,892,0,9)
w(3,7,0,9)
w(2,6,0,9)
w(1,5,0,10)
w(10,5,0,10)
r(8,5,0,10)
w(3,8,0,10)
r(9,297,0,10)
w(15,7,0,10)
r(12,5,0,10)
w(18,5,0,10)
r(5,5,0,10)
r(11,5,0,10)
w(16,8,0,10)
r(17,520,0,10)
w(4,6,0,10)
w(7,8,0,10)
r(19,911,0,10)
w(13,6,0,10)
w(14,4,0,10)
w(2,7,0,10)
r(6,892,0,10)
r(0,2,0,10)
w(1,6,0,11)
r(18,327,0,11)
r(6,309,0,11)
w(11,8,0,11)
w(14,5,0,11)
r(3,326,0,11)
w(15,8,0,11)
w(19,6,0,11)
w(0,3,0,11)
w(10,6,0,11)
w(5,8,0,11)
r(13,913,0,11)
w(7,9,0,11)
r(2,316,0,11)
r(12,311,0,11)
r(8,5,0,11)
r(17,520,0,11)
r(16,5,0,11)
r(9,300,0,11)
r(4,193,0,11)
r(2,628,0,12)
w(11,9,0,12)
w(19,7,0,12)
w(9,4,0,12)
w(16,9,0,12)
r(18,608,0,12)
w(3,9,0,12)
w(0,4,0,12)
r(12,601,0,12)
w(8,7,0,12)
r(6,602,0,12)
w(5,9,0,12)
r(14,612,0,12)
w(17,3,0,12)
w(7,10,0,12)
w(15,9,0,12)
w(4,7,0,12)
w(1,7,0,12)
w(10,7,0,12)
r(13,96,0,12)
r(2,628,0,13)
r(0,599,0,13)
r(12,601,0,13)
r(5,495,0,13)
w(9,5,0,13)
r(17,525,0,13)
w(16,10,0,13)
r(14,515,0,13)
w(6,6,0,13)
r(4,497,0,13)
w(1,8,0,13)
r(15,603,0,13)
r(10,525,0,13)
r(19,497,0,13)
r(8,503,0,13)
r(18,514,0,13)
w(3,10,0,13)
r(7,507,0,13)
w(11,10,0,13)
w(13,7,0,13)
r(15,813,0,14)
r(1,803,0,14)
r(0,599,0,14)
r(8,812,0,14)
r(14,805,0,14)
r(18,813,0,14)
r(3,821,0,14)
r(16,794,0,14)
w(19,8,0,14)
r(11,545,0,14)
w(13,8,0,14)
r(6,793,0,14)
r(5,793,0,14)
w(9,6,0,14)
w(17,4,0,14)
w(2,8,0,14)
w(4,8,0,14)
w(10,8,0,14)
w(12,7,0,14)
w(7,11,0,14)
r(1,610,0,15)
r(10,217,0,15)
w(3,11,0,15)
r(12,803,0,15)
w(5,10,0,15)
r(17,834,0,15)
w(6,7,0,15)
r(16,212,0,15)
r(19,819,0,15)
w(4,9,0,15)
r(0,605,0,15)
w(11,11,0,15)
r(9,596,0,15)
r(18,612,0,15)
w(8,8,0,15)
w(13,9,0,15)
w(15,10,0,15)
w(14,6,0,15)
r(7,217,0,15)
w(2,9,0,15)
r(17,834,0,16)
r(10,217,0,16)
w(15,11,0,16)
r(5,10,0,16)
r(2,9,0,16)
r(4,9,0,16)
r(1,610,0,16)
r(13,9,0,16)
w(16,11,0,16)
r(14,6,0,16)
w(9,7,0,16)
r(19,819,0,16)
w(12,8,0,16)
w(18,6,0,16)
w(7,12,0,16)
w(3,12,0,16)
r(6,7,0,16)
w(11,12,0,16)
r(8,8,0,16)
w(0,5,0,16)
r(0,605,0,17)
w(13,10,0,17)
w(12,9,0,17)
w(15,12,0,17)
w(7,13,0,17)
w(16,12,0,17)
w(9,8,0,17)
r(8,8,0,17)
r(6,7,0,17)
r(14,6,0,17)
r(17,834,0,17)
w(5,11,0,17)
r(3,11,0,17)
r(2,9,0,17)
r(18,612,0,17)
r(19,819,0,17)
w(4,10,0,17)
w(10,9,0,17)
r(1,610,0,17)
r(11,11,0,17)
r(14,6,0,18)
r(10,217,0,18)
w(9,9,0,18)
w(5,12,0,18)
r(15,10,0,18)
w(0,6,0,18)
r(19,917,0,18)
w(12,10,0,18)
w(8,9,0,18)
r(18,918,0,18)
w(2,10,0,18)
w(11,13,0,18)
r(3,11,0,18)
r(4,895,0,18)
w(16,13,0,18)
w(1,9,0,18)
r(17,937,0,18)
r(6,897,0,18)
r(7,902,0,18)
w(13,11,0,18)
w(16,14,0,19)
w(8,10,0,19)
w(6,8,0,19)
w(12,11,0,19)
r(0,922,0,19)
r(9,874,0,19)
w(17,5,0,19)
w(18,7,0,19)
r(14,6,0,19)
w(3,13,0,19)
r(7,902,0,19)
r(15,10,0,19)
r(1,610,0,19)
w(2,11,0,19)
w(13,12,0,19)
r(11,915,0,19)
w(5,13,0,19)
w(10,10,0,19)
w(19,9,0,19)
r(4,895,0,19)
r(3,921,1,20)
r(9,200,1,20)
r(14,798,1,20)
w(11,116,1,20)
r(16,884,1,20)
r(0,911,1,20)
w(6,98,1,20)
w(2,110,1,20)
w(18,101,1,20)
r(8,906,1,20)
r(13,195,1,20)
r(15,194,1,20)
w(1,107,1,20)
r(4,188,1,20)
r(17,931,1,20)
r(19,205,1,20)
w(10,99,1,20)
r(7,208,1,20)
w(12,102,1,20)
w(5,106,1,20)
r(11,445,1,21)
w(16,109,1,21)
w(13,90,1,21)
r(7,407,1,21)
r(0,378,1,21)
r(5,388,1,21)
w(18,102,1,21)
r(4,410,1,21)
r(19,493,1,21)
r(12,398,1,21)
r(1,404,1,21)
r(17,415,1,21)
w(6,99,1,21)
w(3,102,1,21)
r(14,417,1,21)
r(15,402,1,21)
r(8,399,1,21)
w(10,100,1,21)
w(9,96,1,21)
r(2,416,1,21)
w(15,98,1,22)
r(16,391,1,22)
w(17,92,1,22)
r(12,797,1,22)
r(9,390,1,22)
w(5,107,1,22)
w(2,111,1,22)
w(6,100,1,22)
r(13,515,1,22)
r(4,410,1,22)
w(0,100,1,22)
r(1,404,1,22)
w(8,102,1,22)
r(14,800,1,22)
r(7,407,1,22)
w(10,101,1,22)
w(11,117,1,22)
r(3,819,1,22)
w(18,103,1,22)
w(19,99,1,22)
w(8,103,1,23)
w(12,103,1,23)
w(16,110,1,23)
r(9,393,1,23)
w(18,104,1,23)
w(14,102,1,23)
w(10,102,1,23)
w(2,112,1,23)
r(17,418,1,23)
r(15,402,1,23)
r(1,410,1,23)
r(4,413,1,23)
r(19,395,1,23)
w(3,103,1,23)
r(6,404,1,23)
w(7,105,1,23)
w(0,101,1,23)
r(11,3,1,23)
r(13,409,1,23)
r(5,392,1,23)
w(18,105,1,24)
r(15,299,1,24)
r(5,294,1,24)
w(8,104,1,24)
r(11,339,1,24)
w(3,104,1,24)
w(4,89,1,24)
r(1,410,1,24)
w(6,101,1,24)
w(16,111,1,24)
w(0,102,1,24)
w(2,113,1,24)
r(14,314,1,24)
r(19,306,1,24)
w(12,104,1,24)
w(9,97,1,24)
r(10,314,1,24)
w(17,93,1,24)
w(13,91,1,24)
w(7,106,1,24)
w(5,108,1,25)
w(10,103,1,25)
r(11,339,1,25)
r(1,410,1,25)
w(17,94,1,25)
r(4,495,1,25)
r(0,486,1,25)
r(19,306,1,25)
w(14,103,1,25)
r(6,304,1,25)
w(2,114,1,25)
r(15,299,1,25)
w(8,105,1,25)
w(12,105,1,25)
w(13,92,1,25)
r(16,297,1,25)
r(7,105,1,25)
w(3,105,1,25)
w(9,98,1,25)
w(18,106,1,25)
r(3,923,1,26)
r(14,314,1,26)
w(18,107,1,26)
r(9,297,1,26)
w(2,115,1,26)
w(17,95,1,26)
w(13,93,1,26)
w(16,112,1,26)
r(19,911,1,26)
r(7,897,1,26)
w(4,90,1,26)
w(1,108,1,26)
w(8,106,1,26)
w(11,118,1,26)
r(12,306,1,26)
r(6,892,1,26)
w(15,99,1,26)
r(10,314,1,26)
w(0,103,1,26)
r(5,878,1,26)
w(10,104,1,27)
w(14,104,1,27)
r(6,892,1,27)
r(12,5,1,27)
r(9,297,1,27)
r(13,913,1,27)
r(7,897,1,27)
r(4,495,1,27)
w(19,100,1,27)
w(2,116,1,27)
w(0,104,1,27)
w(17,96,1,27)
w(16,113,1,27)
w(5,109,1,27)
r(3,5,1,27)
w(8,107,1,27)
w(11,119,1,27)
w(18,108,1,27)
r(1,4,1,27)
r(15,4,1,27)
r(11,344,1,28)
r(19,911,1,28)
w(2,117,1,28)
r(7,308,1,28)
w(12,106,1,28)
w(8,108,1,28)
w(14,105,1,28)
r(5,298,1,28)
w(16,114,1,28)
w(4,91,1,28)
w(18,109,1,28)
w(13,94,1,28)
w(15,100,1,28)
r(9,300,1,28)
r(0,293,1,28)
r(10,317,1,28)
r(6,309,1,28)
r(1,311,1,28)
r(17,520,1,28)
w(3,106,1,28)
w(4,92,1,29)
w(13,95,1,29)
r(16,5,1,29)
w(15,101,1,29)
w(14,106,1,29)
r(2,316,1,29)
w(19,101,1,29)
w(18,110,1,29)
w(6,102,1,29)
r(7,308,1,29)
w(1,109,1,29)
r(8,5,1,29)
w(17,97,1,29)
r(12,311,1,29)
w(3,107,1,29)
w(11,120,1,29)
r(9,300,1,29)
w(10,105,1,29)
r(5,298,1,29)
r(0,293,1,29)
r(3,326,1,30)
w(14,107,1,30)
w(1,110,1,30)
w(6,103,1,30)
r(18,714,1,30)
w(13,96,1,30)
r(10,317,1,30)
w(7,107,1,30)
w(2,118,1,30)
w(17,98,1,30)
w(0,105,1,30)
w(19,102,1,30)
w(11,121,1,30)
r(9,773,1,30)
r(15,4,1,30)
r(16,793,1,30)
w(5,110,1,30)
w(4,93,1,30)
w(12,107,1,30)
w(8,109,1,30)
w(8,110,1,31)
w(11,122,1,31)
r(5,793,1,31)
w(13,97,1,31)
r(4,798,1,31)
w(17,99,1,31)
r(14,805,1,31)
w(3,108,1,31)
r(15,813,1,31)
r(9,494,1,31)
w(19,103,1,31)
w(6,104,1,31)
r(10,525,1,31)
w(12,108,1,31)
r(16,794,1,31)
w(7,108,1,31)
r(0,599,1,31)
w(18,111,1,31)
r(1,803,1,31)
r(2,854,1,31)
w(19,104,1,32)
w(17,100,1,32)
r(2,854,1,32)
w(3,109,1,32)
w(14,108,1,32)
r(15,813,1,32)
w(1,111,1,32)
r(5,793,1,32)
r(10,525,1,32)
r(13,520,1,32)
r(7,797,1,32)
w(16,115,1,32)
r(6,793,1,32)
w(8,111,1,32)
w(9,99,1,32)
r(4,798,1,32)
w(0,106,1,32)
w(12,109,1,32)
w(11,123,1,32)
w(18,112,1,32)
r(5,793,1,33)
r(15,813,1,33)
w(0,107,1,33)
w(2,119,1,33)
r(16,491,1,33)
r(12,801,1,33)
w(14,109,1,33)
r(18,515,1,33)
r(9,495,1,33)
w(3,110,1,33)
w(19,105,1,33)
w(10,106,1,33)
r(1,803,1,33)
r(13,522,1,33)
r(17,528,1,33)
w(4,94,1,33)
w(6,105,1,33)
r(11,547,1,33)
r(7,508,1,33)
w(8,112,1,33)
r(5,795,1,34)
r(0,816,1,34)
r(8,505,1,34)
r(6,496,1,34)
w(19,106,1,34)
r(11,547,1,34)
w(4,95,1,34)
w(1,112,1,34)
r(2,855,1,34)
w(10,107,1,34)
w(15,102,1,34)
w(17,101,1,34)
r(3,823,1,34)
w(12,110,1,34)
w(13,98,1,34)
w(18,113,1,34)
w(14,110,1,34)
w(9,100,1,34)
w(7,109,1,34)
r(16,795,1,34)
r(5,795,1,35)
w(11,124,1,35)
r(3,823,1,35)
w(13,99,1,35)
w(12,111,1,35)
r(2,855,1,35)
w(4,96,1,35)
r(15,814,1,35)
w(0,108,1,35)
r(9,775,1,35)
r(1,803,1,35)
w(10,108,1,35)
r(17,833,1,35)
r(8,505,1,35)
w(7,110,1,35)
r(6,496,1,35)
r(18,815,1,35)
r(19,500,1,35)
w(14,111,1,35)
w(16,116,1,35)
w(16,117,1,36)
r(14,806,1,36)
w(17,102,1,36)
r(12,801,1,36)
r(15,814,1,36)
w(0,109,1,36)
r(11,547,1,36)
w(18,114,1,36)
r(2,855,1,36)
r(1,803,1,36)
r(7,799,1,36)
w(8,113,1,36)
w(19,107,1,36)
w(6,106,1,36)
r(9,775,1,36)
w(13,100,1,36)
w(4,97,1,36)
r(3,823,1,36)
r(10,834,1,36)
w(5,111,1,36)
r(0,922,1,37)
r(15,10,1,37)
r(8,10,1,37)
r(2,11,1,37)
w(10,109,1,37)
r(1,610,1,37)
r(17,5,1,37)
r(5,13,1,37)
r(9,874,1,37)
r(13,12,1,37)
r(18,7,1,37)
r(12,11,1,37)
w(19,108,1,37)
r(6,8,1,37)
r(4,895,1,37)
w(16,118,1,37)
w(3,111,1,37)
w(11,125,1,37)
w(7,111,1,37)
w(14,112,1,37)
w(2,120,1,38)
w(3,112,1,38)
w(8,114,1,38)
r(6,8,1,38)
w(4,98,1,38)
w(10,110,1,38)
w(16,119,1,38)
r(15,10,1,38)
w(14,113,1,38)
w(19,109,1,38)
r(12,11,1,38)
w(5,112,1,38)
w(0,110,1,38)
w(18,115,1,38)
w(17,103,1,38)
r(13,12,1,38)
r(9,874,1,38)
w(1,113,1,38)
w(11,126,1,38)
w(7,112,1,38)
w(17,104,1,39)
w(15,103,1,39)
w(10,111,1,39)
r(5,112,1,39)
r(8,114,1,39)
r(13,12,1,39)
r(1,113,1,39)
w(18,116,1,39)
w(0,111,1,39)
r(2,120,1,39)
r(12,11,1,39)
w(11,127,1,39)
w(6,107,1,39)
r(7,112,1,39)
w(4,99,1,39)
w(19,110,1,39)
r(9,874,1,39)
w(3,113,1,39)
r(16,119,1,39)
w(14,114,1,39)
w(2,203,2,40)
r(17,0,2,40)
r(4,0,2,40)
r(13,0,2,40)
w(7,206,2,40)
r(16,0,2,40)
w(18,216,2,40)
r(10,0,2,40)
r(9,0,2,40)
r(15,0,2,40)
w(14,207,2,40)
r(1,0,2,40)
w(5,195,2,40)
w(19,203,2,40)
r(6,0,2,40)
w(12,203,2,40)
w(0,194,2,40)
r(11,0,2,40)
w(8,198,2,40)
w(3,209,2,40)
w(15,193,2,41)
r(19,203,2,41)
w(10,207,2,41)
w(4,187,2,41)
w(7,207,2,41)
w(12,204,2,41)
r(17,0,2,41)
w(8,199,2,41)
w(14,208,2,41)
r(0,194,2,41)
w(13,194,2,41)
r(3,209,2,41)
r(1,0,2,41)
r(6,0,2,41)
r(9,0,2,41)
r(2,203,2,41)
w(5,196,2,41)
w(16,204,2,41)
r(18,216,2,41)
w(11,225,2,41)
w(2,204,2,42)
r(5,196,2,42)
w(12,205,2,42)
r(6,0,2,42)
w(7,208,2,42)
r(16,204,2,42)
r(13,194,2,42)
r(17,0,2,42)
w(15,194,2,42)
w(19,204,2,42)
w(11,226,2,42)
w(3,210,2,42)
r(4,187,2,42)
w(1,204,2,42)
w(9,199,2,42)
r(8,199,2,42)
r(0,194,2,42)
w(14,209,2,42)
w(10,208,2,42)
r(18,216,2,42)
w(10,209,2,43)
r(1,204,2,43)
r(18,216,2,43)
r(5,196,2,43)
r(12,205,2,43)
w(19,205,2,43)
r(7,208,2,43)
w(16,205,2,43)
w(13,195,2,43)
r(8,199,2,43)
w(3,211,2,43)
w(11,227,2,43)
w(9,200,2,43)
w(2,205,2,43)
r(15,194,2,43)
w(4,188,2,43)
r(0,194,2,43)
r(17,0,2,43)
w(6,200,2,43)
r(14,209,2,43)
w(16,206,2,44)
w(15,195,2,44)
r(18,216,2,44)
r(0,194,2,44)
w(5,197,2,44)
w(4,189,2,44)
w(17,210,2,44)
w(10,210,2,44)
r(2,205,2,44)
r(7,208,2,44)
w(3,212,2,44)
w(12,206,2,44)
r(11,227,2,44)
w(19,206,2,44)
w(9,201,2,44)
w(6,201,2,44)
r(13,195,2,44)
r(8,199,2,44)
w(14,210,2,44)
r(1,204,2,44)
w(3,213,2,45)
w(8,200,2,45)
r(18,216,2,45)
r(9,200,2,45)
w(7,209,2,45)
r(15,194,2,45)
w(4,190,2,45)
w(6,202,2,45)
r(5,196,2,45)
w(14,211,2,45)
w(12,207,2,45)
w(17,211,2,45)
r(16,205,2,45)
w(19,207,2,45)
r(10,209,2,45)
r(11,227,2,45)
r(13,195,2,45)
w(1,205,2,45)
w(0,195,2,45)
r(2,205,2,45)
w(0,196,2,46)
w(2,206,2,46)
w(7,210,2,46)
r(13,195,2,46)
r(16,205,2,46)
r(11,227,2,46)
w(1,206,2,46)
r(4,188,2,46)
w(18,217,2,46)
r(5,196,2,46)
w(12,208,2,46)
w(10,211,2,46)
w(9,202,2,46)
w(15,196,2,46)
r(14,209,2,46)
r(17,0,2,46)
r(6,200,2,46)
w(8,201,2,46)
r(19,205,2,46)
w(3,214,2,46)
r(3,921,2,47)
w(17,212,2,47)
r(6,200,2,47)
w(19,208,2,47)
r(10,934,2,47)
w(14,212,2,47)
r(0,911,2,47)
w(4,191,2,47)
r(12,910,2,47)
w(13,196,2,47)
w(7,211,2,47)
w(15,197,2,47)
w(5,198,2,47)
r(16,884,2,47)
r(18,805,2,47)
r(2,948,2,47)
w(11,228,2,47)
r(1,796,2,47)
w(9,203,2,47)
r(8,906,2,47)
r(17,415,2,48)
r(4,410,2,48)
w(16,207,2,48)
r(3,819,2,48)
w(9,204,2,48)
w(14,213,2,48)
r(8,399,2,48)
r(1,404,2,48)
r(5,388,2,48)
r(10,416,2,48)
w(6,203,2,48)
w(12,209,2,48)
w(7,212,2,48)
r(11,445,2,48)
r(19,815,2,48)
r(0,378,2,48)
w(2,207,2,48)
w(15,198,2,48)
r(18,809,2,48)
r(13,515,2,48)
r(4,410,2,49)
w(10,212,2,49)
r(1,404,2,49)
w(11,229,2,49)
w(7,213,2,49)
w(15,199,2,49)
w(6,204,2,49)
r(16,391,2,49)
r(3,819,2,49)
r(9,390,2,49)
r(18,809,2,49)
w(2,208,2,49)
w(12,210,2,49)
w(0,197,2,49)
r(5,388,2,49)
r(19,815,2,49)
w(8,202,2,49)
w(14,214,2,49)
w(17,213,2,49)
w(13,197,2,49)
r(3,923,2,50)
r(12,306,2,50)
r(15,898,2,50)
w(8,203,2,50)
w(4,192,2,50)
w(16,208,2,50)
w(18,218,2,50)
w(6,205,2,50)
r(5,878,2,50)
r(11,339,2,50)
w(14,215,2,50)
w(0,198,2,50)
r(19,911,2,50)
r(7,897,2,50)
w(9,205,2,50)
w(17,214,2,50)
r(1,410,2,50)
w(2,209,2,50)
r(10,314,2,50)
w(13,198,2,50)
w(8,204,2,51)
w(13,199,2,51)
r(12,5,2,51)
w(19,209,2,51)
r(16,5,2,51)
r(4,495,2,51)
w(1,207,2,51)
w(9,206,2,51)
w(18,219,2,51)
r(0,2,2,51)
r(15,4,2,51)
w(6,206,2,51)
w(2,210,2,51)
r(17,520,2,51)
w(11,230,2,51)
w(7,214,2,51)
w(10,213,2,51)
r(5,5,2,51)
r(14,2,2,51)
r(3,5,2,51)
r(4,495,2,52)
w(9,207,2,52)
w(8,205,2,52)
r(0,2,2,52)
w(17,215,2,52)
r(16,5,2,52)
r(12,5,2,52)
r(15,4,2,52)
r(13,913,2,52)
r(3,5,2,52)
w(2,211,2,52)
w(1,208,2,52)
r(19,911,2,52)
r(6,892,2,52)
r(5,5,2,52)
r(14,2,2,52)
w(10,214,2,52)
r(7,897,2,52)
r(18,3,2,52)
w(11,231,2,52)
w(10,215,2,53)
w(9,208,2,53)
r(1,4,2,53)
w(14,216,2,53)
r(7,897,2,53)
r(19,911,2,53)
r(8,5,2,53)
w(0,199,2,53)
r(18,3,2,53)
r(17,520,2,53)
r(15,4,2,53)
w(4,193,2,53)
r(16,5,2,53)
w(6,207,2,53)
w(2,212,2,53)
w(11,232,2,53)
r(13,913,2,53)
w(3,215,2,53)
w(5,199,2,53)
w(12,211,2,53)
w(13,200,2,54)
r(2,212,2,54)
w(17,216,2,54)
r(0,199,2,54)
w(4,194,2,54)
w(12,212,2,54)
r(6,207,2,54)
w(8,206,2,54)
r(3,215,2,54)
w(9,209,2,54)
w(7,215,2,54)
w(11,233,2,54)
r(15,4,2,54)
w(14,217,2,54)
w(10,216,2,54)
w(16,209,2,54)
w(19,210,2,54)
r(18,3,2,54)
w(5,200,2,54)
w(1,209,2,54)
w(9,210,2,55)
w(15,200,2,55)
r(18,327,2,55)
r(3,326,2,55)
w(4,195,2,55)
w(0,200,2,55)
r(17,520,2,55)
w(8,207,2,55)
w(12,213,2,55)
w(1,210,2,55)
r(5,298,2,55)
w(6,208,2,55)
w(7,216,2,55)
w(13,201,2,55)
r(10,317,2,55)
r(11,344,2,55)
r(19,911,2,55)
w(2,213,2,55)
w(14,218,2,55)
w(16,210,2,55)
r(4,798,2,56)
r(17,832,2,56)
r(10,525,2,56)
r(0,599,2,56)
w(1,211,2,56)
w(6,209,2,56)
w(5,201,2,56)
w(2,214,2,56)
r(18,813,2,56)
w(16,211,2,56)
w(15,201,2,56)
w(13,202,2,56)
r(8,812,2,56)
r(9,494,2,56)
r(7,797,2,56)
r(11,545,2,56)
w(14,219,2,56)
r(12,801,2,56)
w(19,211,2,56)
r(3,821,2,56)
w(11,234,2,57)
w(17,217,2,57)
r(10,525,2,57)
r(1,803,2,57)
w(6,210,2,57)
r(14,805,2,57)
r(12,801,2,57)
r(15,813,2,57)
w(19,212,2,57)
r(5,793,2,57)
r(16,794,2,57)
w(18,220,2,57)
r(0,599,2,57)
w(3,216,2,57)
w(8,208,2,57)
r(7,797,2,57)
r(2,854,2,57)
r(13,520,2,57)
w(4,196,2,57)
w(9,211,2,57)
w(12,214,2,58)
w(1,212,2,58)
w(6,211,2,58)
r(16,795,2,58)
r(17,833,2,58)
w(2,215,2,58)
r(15,814,2,58)
w(19,213,2,58)
r(10,834,2,58)
w(18,221,2,58)
r(0,816,2,58)
r(13,817,2,58)
r(7,799,2,58)
r(3,823,2,58)
r(9,775,2,58)
w(5,202,2,58)
w(14,220,2,58)
w(11,235,2,58)
r(8,505,2,58)
w(4,197,2,58)
w(6,212,2,59)
w(10,217,2,59)
w(0,201,2,59)
w(16,212,2,59)
r(9,775,2,59)
w(11,236,2,59)
w(8,209,2,59)
w(15,202,2,59)
w(1,213,2,59)
r(4,97,2,59)
w(14,221,2,59)
w(17,218,2,59)
w(2,216,2,59)
w(18,222,2,59)
r(12,801,2,59)
w(5,203,2,59)
w(3,217,2,59)
w(13,203,2,59)
r(19,107,2,59)
w(7,217,2,59)
r(14,209,3,60)
r(19,205,3,60)
r(8,199,3,60)
w(1,301,3,60)
w(18,317,3,60)
w(3,314,3,60)
r(12,205,3,60)
r(16,205,3,60)
r(11,227,3,60)
r(9,200,3,60)
r(7,208,3,60)
r(17,0,3,60)
r(2,205,3,60)
r(10,209,3,60)
w(13,300,3,60)
r(0,194,3,60)
w(4,293,3,60)
r(6,200,3,60)
r(15,194,3,60)
w(5,289,3,60)
w(18,318,3,61)
r(0,911,3,61)
r(10,934,3,61)
r(6,200,3,61)
r(5,871,3,61)
w(2,311,3,61)
r(14,798,3,61)
w(11,337,3,61)
w(19,305,3,61)
w(17,317,3,61)
w(1,302,3,61)
w(4,294,3,61)
r(8,906,3,61)
w(3,315,3,61)
w(13,301,3,61)
w(9,295,3,61)
r(12,910,3,61)
r(7,208,3,61)
r(16,884,3,61)
r(15,194,3,61)
r(14,605,3,62)
r(13,195,3,62)
r(10,934,3,62)
w(8,298,3,62)
w(3,316,3,62)
r(6,597,3,62)
w(7,303,3,62)
w(18,319,3,62)
r(12,910,3,62)
w(4,295,3,62)
w(0,286,3,62)
r(15,596,3,62)
r(17,931,3,62)
r(2,625,3,62)
w(16,294,3,62)
w(1,303,3,62)
r(11,904,3,62)
w(5,290,3,62)
r(19,205,3,62)
r(9,588,3,62)
w(13,302,3,63)
w(17,318,3,63)
w(5,291,3,63)
r(14,513,3,63)
r(19,493,3,63)
r(15,402,3,63)
r(8,906,3,63)
r(4,188,3,63)
r(11,539,3,63)
r(6,491,3,63)
w(2,312,3,63)
w(1,304,3,63)
r(7,503,3,63)
w(12,305,3,63)
r(0,485,3,63)
r(10,520,3,63)
r(9,390,3,63)
w(3,317,3,63)
w(18,320,3,63)
w(16,295,3,63)
r(7,407,3,64)
r(9,390,3,64)
r(18,511,3,64)
w(4,296,3,64)
w(17,319,3,64)
r(11,445,3,64)
w(8,299,3,64)
r(2,416,3,64)
w(15,297,3,64)
r(10,416,3,64)
r(14,417,3,64)
r(19,493,3,64)
w(16,296,3,64)
w(6,302,3,64)
r(12,398,3,64)
w(1,305,3,64)
w(0,287,3,64)
w(13,303,3,64)
w(5,292,3,64)
w(3,318,3,64)
w(6,303,3,65)
w(7,304,3,65)
r(8,399,3,65)
w(17,320,3,65)
w(13,304,3,65)
w(0,288,3,65)
w(18,321,3,65)
w(10,313,3,65)
r(12,797,3,65)
r(14,800,3,65)
w(11,338,3,65)
w(1,306,3,65)
r(16,391,3,65)
w(15,298,3,65)
r(2,849,3,65)
r(19,815,3,65)
w(9,296,3,65)
w(3,319,3,65)
w(4,297,3,65)
w(5,293,3,65)
w(8,300,3,66)
r(1,410,3,66)
w(15,299,3,66)
w(10,314,3,66)
w(13,305,3,66)
w(16,297,3,66)
w(18,322,3,66)
w(19,306,3,66)
w(11,339,3,66)
w(12,306,3,66)
r(0,486,3,66)
w(5,294,3,66)
r(17,520,3,66)
w(6,304,3,66)
r(7,105,3,66)
r(2,518,3,66)
w(9,297,3,66)
w(14,314,3,66)
w(3,320,3,66)
r(4,495,3,66)
r(18,322,3,67)
w(5,295,3,67)
w(13,306,3,67)
r(9,297,3,67)
w(11,340,3,67)
r(19,306,3,67)
r(1,410,3,67)
w(8,301,3,67)
w(17,321,3,67)
w(12,307,3,67)
w(2,313,3,67)
r(10,314,3,67)
r(7,105,3,67)
r(16,297,3,67)
w(4,298,3,67)
w(15,300,3,67)
r(3,320,3,67)
w(0,289,3,67)
w(6,305,3,67)
w(14,315,3,67)
w(4,299,3,68)
r(12,306,3,68)
r(18,322,3,68)
w(2,314,3,68)
r(8,300,3,68)
r(19,306,3,68)
w(0,290,3,68)
w(17,322,3,68)
r(16,297,3,68)
w(5,296,3,68)
r(14,314,3,68)
r(7,105,3,68)
w(3,321,3,68)
r(9,297,3,68)
w(10,315,3,68)
w(1,307,3,68)
w(11,341,3,68)
w(6,306,3,68)
w(13,307,3,68)
w(15,301,3,68)
r(7,105,3,69)
w(8,302,3,69)
w(19,307,3,69)
w(3,322,3,69)
r(14,314,3,69)
w(13,308,3,69)
r(9,297,3,69)
r(17,520,3,69)
w(11,342,3,69)
w(1,308,3,69)
r(2,518,3,69)
w(18,323,3,69)
w(0,291,3,69)
w(4,300,3,69)
w(12,308,3,69)
r(15,299,3,69)
r(5,294,3,69)
w(6,307,3,69)
w(10,316,3,69)
r(16,297,3,69)
w(7,305,3,70)
r(14,314,3,70)
r(0,486,3,70)
w(17,323,3,70)
w(12,309,3,70)
r(6,304,3,70)
w(3,323,3,70)
w(15,302,3,70)
r(2,518,3,70)
r(11,339,3,70)
w(18,324,3,70)
w(16,298,3,70)
r(1,410,3,70)
r(19,306,3,70)
w(4,301,3,70)
r(5,294,3,70)
w(13,309,3,70)
r(10,314,3,70)
r(9,297,3,70)
w(8,303,3,70)
w(18,325,3,71)
r(10,314,3,71)
r(11,339,3,71)
w(13,310,3,71)
r(8,300,3,71)
r(6,892,3,71)
w(3,324,3,71)
w(9,298,3,71)
r(5,878,3,71)
r(17,520,3,71)
w(12,310,3,71)
w(2,315,3,71)
w(0,292,3,71)
w(1,309,3,71)
w(19,308,3,71)
r(4,495,3,71)
r(15,898,3,71)
r(16,888,3,71)
w(14,316,3,71)
w(7,306,3,71)
w(18,326,3,72)
w(1,310,3,72)
w(14,317,3,72)
w(5,297,3,72)
r(0,2,3,72)
w(3,325,3,72)
w(6,308,3,72)
w(7,307,3,72)
w(8,304,3,72)
r(17,520,3,72)
r(2,518,3,72)
r(12,5,3,72)
r(19,911,3,72)
w(15,303,3,72)
w(9,299,3,72)
r(4,495,3,72)
w(13,311,3,72)
w(16,299,3,72)
w(11,343,3,72)
r(10,4,3,72)
w(6,309,3,73)
r(14,216,3,73)
w(11,344,3,73)
r(15,4,3,73)
w(3,326,3,73)
w(9,300,3,73)
w(1,311,3,73)
r(16,5,3,73)
w(7,308,3,73)
w(0,293,3,73)
w(18,327,3,73)
r(13,913,3,73)
r(8,5,3,73)
w(10,317,3,73)
r(17,520,3,73)
r(19,911,3,73)
w(2,316,3,73)
r(4,193,3,73)
w(5,298,3,73)
w(12,311,3,73)
r(17,520,3,74)
w(19,309,3,74)
w(8,305,3,74)
w(5,299,3,74)
r(18,714,3,74)
r(0,713,3,74)
w(9,301,3,74)
r(12,704,3,74)
w(15,304,3,74)
w(13,312,3,74)
w(4,302,3,74)
r(10,317,3,74)
r(6,709,3,74)
w(3,327,3,74)
w(11,345,3,74)
r(1,311,3,74)
r(14,717,3,74)
r(7,697,3,74)
w(2,317,3,74)
r(16,701,3,74)
r(6,709,3,75)
r(0,713,3,75)
r(3,326,3,75)
w(5,300,3,75)
r(7,796,3,75)
w(16,300,3,75)
w(9,302,3,75)
r(15,4,3,75)
w(2,318,3,75)
w(19,310,3,75)
r(17,831,3,75)
r(10,317,3,75)
w(18,328,3,75)
r(1,802,3,75)
w(11,346,3,75)
r(4,797,3,75)
w(12,312,3,75)
r(13,718,3,75)
w(8,306,3,75)
w(14,318,3,75)
r(4,797,3,76)
r(12,800,3,76)
r(1,802,3,76)
r(6,709,3,76)
r(10,317,3,76)
r(3,326,3,76)
w(5,301,3,76)
r(11,831,3,76)
r(19,721,3,76)
w(14,319,3,76)
w(16,301,3,76)
w(9,303,3,76)
w(0,294,3,76)
w(18,329,3,76)
r(2,734,3,76)
w(7,309,3,76)
r(8,5,3,76)
w(13,313,3,76)
r(15,4,3,76)
w(17,324,3,76)
r(9,494,3,77)
r(1,803,3,77)
w(17,325,3,77)
r(7,797,3,77)
w(2,319,3,77)
r(12,801,3,77)
r(14,805,3,77)
r(6,793,3,77)
w(15,305,3,77)
r(19,818,3,77)
r(10,525,3,77)
r(3,821,3,77)
w(11,347,3,77)
r(8,812,3,77)
w(4,303,3,77)
w(16,302,3,77)
r(5,793,3,77)
r(0,599,3,77)
w(13,314,3,77)
r(18,813,3,77)
w(2,320,3,78)
r(9,494,3,78)
w(4,304,3,78)
r(1,803,3,78)
r(14,805,3,78)
r(3,821,3,78)
r(7,797,3,78)
r(10,525,3,78)
r(19,818,3,78)
r(12,801,3,78)
r(6,793,3,78)
w(11,348,3,78)
r(18,813,3,78)
w(15,306,3,78)
w(5,302,3,78)
w(17,326,3,78)
r(0,599,3,78)
r(16,794,3,78)
w(8,307,3,78)
w(13,315,3,78)
r(13,203,3,79)
r(12,801,3,79)
w(3,328,3,79)
r(17,218,3,79)
w(10,318,3,79)
w(11,349,3,79)
w(1,312,3,79)
r(9,775,3,79)
r(8,209,3,79)
w(18,330,3,79)
w(19,311,3,79)
r(6,212,3,79)
r(2,216,3,79)
r(16,212,3,79)
w(14,320,3,79)
r(7,217,3,79)
r(15,202,3,79)
w(0,295,3,79)
r(4,97,3,79)
w(5,303,3,79)
r(0,911,4,80)
w(16,390,4,80)
w(7,405,4,80)
r(19,205,4,80)
w(2,415,4,80)
w(17,414,4,80)
w(14,415,4,80)
w(10,414,4,80)
w(11,444,4,80)
r(3,921,4,80)
r(13,195,4,80)
r(15,194,4,80)
r(6,200,4,80)
r(12,910,4,80)
w(8,398,4,80)
w(9,389,4,80)
r(18,805,4,80)
w(1,402,4,80)
w(4,409,4,80)
w(5,387,4,80)
w(14,416,4,81)
r(19,205,4,81)
r(8,906,4,81)
w(12,398,4,81)
w(0,377,4,81)
r(5,590,4,81)
w(9,390,4,81)
w(18,419,4,81)
w(1,403,4,81)
w(7,406,4,81)
w(15,402,4,81)
r(4,188,4,81)
r(11,904,4,81)
w(16,391,4,81)
r(13,195,4,81)
r(2,625,4,81)
w(10,415,4,81)
w(3,422,4,81)
r(6,597,4,81)
r(17,931,4,81)
w(6,400,4,82)
w(7,407,4,82)
w(8,399,4,82)
w(5,388,4,82)
w(11,445,4,82)
w(2,416,4,82)
r(19,493,4,82)
r(13,515,4,82)
w(17,415,4,82)
w(3,423,4,82)
w(4,410,4,82)
r(9,390,4,82)
r(18,511,4,82)
w(0,378,4,82)
w(10,416,4,82)
w(14,417,4,82)
w(1,404,4,82)
r(15,402,4,82)
r(16,391,4,82)
r(12,398,4,82)
w(16,392,4,83)
w(1,405,4,83)
w(19,390,4,83)
r(13,515,4,83)
r(18,511,4,83)
r(2,416,4,83)
r(3,423,4,83)
w(15,403,4,83)
w(0,379,4,83)
w(8,400,4,83)
r(12,398,4,83)
r(7,407,4,83)
r(6,400,4,83)
w(11,446,4,83)
w(14,418,4,83)
w(9,391,4,83)
w(4,411,4,83)
w(10,417,4,83)
r(17,415,4,83)
w(5,389,4,83)
w(3,424,4,84)
r(17,415,4,84)
r(13,515,4,84)
w(5,390,4,84)
r(16,391,4,84)
r(12,398,4,84)
r(9,390,4,84)
w(10,418,4,84)
r(6,400,4,84)
r(7,407,4,84)
w(1,406,4,84)
r(0,378,4,84)
w(14,419,4,84)
w(4,412,4,84)
w(19,391,4,84)
w(15,404,4,84)
w(11,447,4,84)
w(2,417,4,84)
w(8,401,4,84)
r(18,511,4,84)
w(5,391,4,85)
w(16,393,4,85)
w(3,425,4,85)
w(13,407,4,85)
w(2,418,4,85)
w(6,401,4,85)
w(1,407,4,85)
w(12,399,4,85)
w(0,380,4,85)
w(11,448,4,85)
r(4,410,4,85)
w(7,408,4,85)
r(18,809,4,85)
w(9,392,4,85)
w(19,392,4,85)
w(17,416,4,85)
r(14,800,4,85)
w(8,402,4,85)
r(15,402,4,85)
w(10,419,4,85)
w(6,402,4,86)
r(17,415,4,86)
w(0,381,4,86)
w(1,408,4,86)
w(2,419,4,86)
r(19,815,4,86)
w(12,400,4,86)
r(4,410,4,86)
w(15,405,4,86)
r(8,399,4,86)
r(7,407,4,86)
w(10,420,4,86)
w(13,408,4,86)
r(9,390,4,86)
r(16,391,4,86)
r(5,388,4,86)
r(11,445,4,86)
w(3,426,4,86)
r(14,800,4,86)
w(18,420,4,86)
w(0,382,4,87)
w(16,394,4,87)
w(4,413,4,87)
r(6,3,4,87)
w(5,392,4,87)
r(18,809,4,87)
r(14,800,4,87)
w(19,393,4,87)
w(1,409,4,87)
w(9,393,4,87)
r(15,402,4,87)
w(12,401,4,87)
r(10,2,4,87)
r(17,415,4,87)
w(2,420,4,87)
r(11,3,4,87)
w(8,403,4,87)
w(13,409,4,87)
r(3,819,4,87)
r(7,407,4,87)
w(9,394,4,88)
w(14,420,4,88)
w(8,404,4,88)
w(15,406,4,88)
r(4,413,4,88)
w(2,421,4,88)
r(0,382,4,88)
r(18,809,4,88)
w(16,395,4,88)
r(7,407,4,88)
r(13,409,4,88)
r(1,409,4,88)
r(5,392,4,88)
w(6,403,4,88)
w(19,394,4,88)
r(10,2,4,88)
w(11,449,4,88)
w(17,417,4,88)
r(12,401,4,88)
r(3,819,4,88)
w(18,421,4,89)
w(19,395,4,89)
r(15,402,4,89)
r(8,403,4,89)
w(17,418,4,89)
r(9,393,4,89)
w(2,422,4,89)
r(4,413,4,89)
w(7,409,4,89)
w(6,404,4,89)
w(12,402,4,89)
r(0,382,4,89)
w(14,421,4,89)
r(11,3,4,89)
r(13,409,4,89)
w(1,410,4,89)
r(5,392,4,89)
r(3,819,4,89)
w(10,421,4,89)
r(16,394,4,89)
w(3,427,4,90)
r(9,393,4,90)
r(14,421,4,90)
w(7,410,4,90)
r(8,403,4,90)
w(19,396,4,90)
w(12,403,4,90)
w(5,393,4,90)
w(18,422,4,90)
w(0,383,4,90)
w(16,396,4,90)
w(10,422,4,90)
w(4,414,4,90)
w(13,410,4,90)
r(6,404,4,90)
r(2,422,4,90)
w(11,450,4,90)
r(17,418,4,90)
w(1,411,4,90)
w(15,407,4,90)
w(1,412,4,91)
w(14,422,4,91)
w(4,415,4,91)
w(0,384,4,91)
w(10,423,4,91)
w(11,451,4,91)
w(5,394,4,91)
r(8,403,4,91)
w(2,423,4,91)
w(18,423,4,91)
w(3,428,4,91)
w(6,405,4,91)
w(16,397,4,91)
w(15,408,4,91)
w(19,397,4,91)
r(7,409,4,91)
r(12,402,4,91)
r(9,393,4,91)
r(17,418,4,91)
r(13,409,4,91)
r(8,300,4,92)
r(16,888,4,92)
w(17,419,4,92)
r(2,518,4,92)
w(15,409,4,92)
w(7,411,4,92)
r(4,495,4,92)
r(11,339,4,92)
w(18,424,4,92)
w(1,413,4,92)
w(3,429,4,92)
r(12,306,4,92)
w(5,395,4,92)
w(19,398,4,92)
w(6,406,4,92)
r(13,913,4,92)
r(9,297,4,92)
w(0,385,4,92)
r(10,314,4,92)
r(14,314,4,92)
w(2,424,4,93)
w(16,398,4,93)
w(11,452,4,93)
r(4,495,4,93)
w(14,423,4,93)
r(3,923,4,93)
w(17,420,4,93)
r(5,878,4,93)
r(9,297,4,93)
w(0,386,4,93)
w(1,414,4,93)
r(18,912,4,93)
r(6,892,4,93)
w(12,404,4,93)
w(8,405,4,93)
r(10,314,4,93)
w(15,410,4,93)
w(7,412,4,93)
w(19,399,4,93)
w(13,411,4,93)
r(8,300,4,94)
w(12,405,4,94)
w(18,425,4,94)
w(13,412,4,94)
r(3,923,4,94)
r(6,892,4,94)
r(1,410,4,94)
r(11,339,4,94)
r(2,518,4,94)
w(17,421,4,94)
w(0,387,4,94)
r(4,495,4,94)
r(9,297,4,94)
r(14,314,4,94)
w(16,399,4,94)
w(10,424,4,94)
w(7,413,4,94)
w(5,396,4,94)
r(19,911,4,94)
r(15,898,4,94)
w(15,411,4,95)
w(7,414,4,95)
r(12,5,4,95)
r(6,892,4,95)
r(8,5,4,95)
w(1,415,4,95)
r(19,911,4,95)
r(2,518,4,95)
r(16,5,4,95)
w(11,453,4,95)
r(18,3,4,95)
r(9,297,4,95)
r(13,913,4,95)
r(5,5,4,95)
r(17,520,4,95)
r(3,5,4,95)
w(14,424,4,95)
w(4,416,4,95)
w(10,425,4,95)
r(0,2,4,95)
w(14,425,4,96)
r(9,297,4,96)
w(0,388,4,96)
w(18,426,4,96)
w(15,412,4,96)
w(5,397,4,96)
w(6,407,4,96)
w(19,400,4,96)
w(1,416,4,96)
r(2,518,4,96)
r(11,5,4,96)
r(7,897,4,96)
w(16,400,4,96)
r(17,520,4,96)
r(8,5,4,96)
r(12,5,4,96)
w(4,417,4,96)
r(3,5,4,96)
w(13,413,4,96)
w(10,426,4,96)
w(9,395,4,97)
w(6,408,4,97)
w(19,401,4,97)
r(13,913,4,97)
r(17,520,4,97)
r(2,212,4,97)
w(18,427,4,97)
w(8,406,4,97)
r(11,232,4,97)
r(1,4,4,97)
r(3,215,4,97)
w(14,426,4,97)
r(0,199,4,97)
r(5,199,4,97)
w(10,427,4,97)
r(7,897,4,97)
w(12,406,4,97)
w(16,401,4,97)
r(4,193,4,97)
w(15,413,4,97)
w(19,402,4,98)
w(10,428,4,98)
w(15,414,4,98)
r(1,4,4,98)
r(17,520,4,98)
w(2,425,4,98)
w(12,407,4,98)
r(4,193,4,98)
w(8,407,4,98)
r(3,215,4,98)
w(6,409,4,98)
r(0,199,4,98)
w(7,415,4,98)
r(13,913,4,98)
r(11,232,4,98)
r(18,3,4,98)
r(9,208,4,98)
w(16,402,4,98)
w(14,427,4,98)
w(5,398,4,98)
w(11,454,4,99)
r(8,5,4,99)
r(15,4,4,99)
w(7,416,4,99)
r(0,293,4,99)
r(14,216,4,99)
r(10,317,4,99)
r(2,316,4,99)
w(18,428,4,99)
r(13,913,4,99)
r(5,298,4,99)
w(9,396,4,99)
r(12,311,4,99)
w(1,417,4,99)
w(16,403,4,99)
r(3,326,4,99)
r(6,309,4,99)
r(4,193,4,99)
r(19,911,4,99)
w(17,422,4,99)
w(12,500,5,100)
w(15,497,5,100)
r(17,0,5,100)
w(0,484,5,100)
r(7,208,5,100)
r(14,798,5,100)
r(3,815,5,100)
r(16,205,5,100)
r(1,796,5,100)
w(2,516,5,100)
w(13,514,5,100)
w(6,490,5,100)
r(5,196,5,100)
w(8,498,5,100)
w(4,494,5,100)
w(18,510,5,100)
r(19,205,5,100)
r(11,827,5,100)
w(9,489,5,100)
w(10,519,5,100)
w(18,511,5,101)
w(10,520,5,101)
r(12,398,5,101)
w(7,503,5,101)
r(3,422,5,101)
w(11,539,5,101)
r(4,188,5,101)
r(17,931,5,101)
w(0,485,5,101)
r(5,590,5,101)
w(2,517,5,101)
w(19,493,5,101)
r(8,906,5,101)
r(15,402,5,101)
r(9,390,5,101)
w(13,515,5,101)
w(14,513,5,101)
w(6,491,5,101)
r(16,391,5,101)
w(1,509,5,101)
r(16,110,5,102)
r(7,105,5,102)
w(13,516,5,102)
r(1,410,5,102)
w(12,501,5,102)
w(0,486,5,102)
w(2,518,5,102)
w(4,495,5,102)
w(3,518,5,102)
r(9,393,5,102)
r(14,102,5,102)
r(6,404,5,102)
w(11,540,5,102)
w(19,494,5,102)
w(8,499,5,102)
w(5,492,5,102)
w(17,520,5,102)
w(10,521,5,102)
w(15,498,5,102)
w(18,512,5,102)
r(4,495,5,103)
r(18,322,5,103)
w(3,519,5,103)
w(5,493,5,103)
w(10,522,5,103)
r(14,314,5,103)
w(9,490,5,103)
w(8,500,5,103)
r(16,297,5,103)
r(0,486,5,103)
w(11,541,5,103)
r(2,518,5,103)
r(6,304,5,103)
w(12,502,5,103)
w(17,521,5,103)
w(13,517,5,103)
r(15,299,5,103)
r(1,410,5,103)
w(7,504,5,103)
w(19,495,5,103)
w(12,503,5,104)
r(17,520,5,104)
w(10,523,5,104)
w(15,499,5,104)
r(0,916,5,104)
r(5,878,5,104)
w(2,519,5,104)
r(19,911,5,104)
w(9,491,5,104)
r(3,923,5,104)
w(14,514,5,104)
r(6,892,5,104)
w(1,510,5,104)
r(4,495,5,104)
w(8,501,5,104)
w(7,505,5,104)
w(11,542,5,104)
r(18,912,5,104)
r(16,888,5,104)
r(13,913,5,104)
r(10,4,5,105)
r(18,3,5,105)
w(6,492,5,105)
r(14,2,5,105)
r(12,5,5,105)
w(13,518,5,105)
r(2,518,5,105)
w(16,488,5,105)
w(7,506,5,105)
r(8,5,5,105)
r(4,495,5,105)
w(11,543,5,105)
w(19,496,5,105)
r(15,4,5,105)
w(9,492,5,105)
r(0,2,5,105)
w(1,511,5,105)
w(3,520,5,105)
w(17,522,5,105)
w(5,494,5,105)
w(0,487,5,106)
r(7,697,5,106)
r(4,704,5,106)
r(14,717,5,106)
w(2,520,5,106)
w(6,493,5,106)
r(13,718,5,106)
r(5,699,5,106)
r(9,685,5,106)
w(16,489,5,106)
w(8,502,5,106)
w(1,512,5,106)
r(19,721,5,106)
w(11,544,5,106)
r(3,326,5,106)
w(15,500,5,106)
w(17,523,5,106)
r(12,704,5,106)
w(18,513,5,106)
w(10,524,5,106)
w(12,504,5,107)
w(13,519,5,107)
r(11,121,5,107)
w(9,493,5,107)
r(14,612,5,107)
w(0,488,5,107)
w(1,513,5,107)
w(4,496,5,107)
w(16,490,5,107)
w(15,501,5,107)
r(18,608,5,107)
r(5,110,5,107)
w(17,524,5,107)
r(7,107,5,107)
r(19,605,5,107)
w(3,521,5,107)
r(2,628,5,107)
r(10,317,5,107)
r(6,602,5,107)
r(8,109,5,107)
w(13,520,5,108)
r(15,603,5,108)
w(5,495,5,108)
r(12,601,5,108)
w(11,545,5,108)
r(2,628,5,108)
w(7,507,5,108)
w(10,525,5,108)
w(9,494,5,108)
w(6,494,5,108)
w(14,515,5,108)
w(18,514,5,108)
w(1,514,5,108)
r(16,793,5,108)
w(4,497,5,108)
w(19,497,5,108)
w(3,522,5,108)
r(0,599,5,108)
w(8,503,5,108)
w(17,525,5,108)
r(7,797,5,109)
w(19,498,5,109)
w(11,546,5,109)
r(12,801,5,109)
r(9,494,5,109)
r(16,794,5,109)
w(10,526,5,109)
r(4,798,5,109)
w(13,521,5,109)
w(17,526,5,109)
r(3,821,5,109)
w(2,521,5,109)
r(8,812,5,109)
r(15,813,5,109)
r(1,803,5,109)
r(0,599,5,109)
r(6,793,5,109)
r(14,805,5,109)
r(18,813,5,109)
r(5,793,5,109)
r(11,545,5,110)
r(14,805,5,110)
r(0,599,5,110)
w(8,504,5,110)
w(2,522,5,110)
r(5,793,5,110)
w(17,527,5,110)
w(4,498,5,110)
r(18,813,5,110)
w(1,515,5,110)
r(3,821,5,110)
r(13,520,5,110)
r(15,813,5,110)
r(7,797,5,110)
w(19,499,5,110)
r(10,525,5,110)
w(12,505,5,110)
r(9,494,5,110)
w(6,495,5,110)
r(16,794,5,110)
w(13,522,5,111)
w(0,489,5,111)
w(18,515,5,111)
w(16,491,5,111)
w(8,505,5,111)
w(2,523,5,111)
r(15,813,5,111)
w(19,500,5,111)
w(7,508,5,111)
r(1,803,5,111)
w(6,496,5,111)
w(9,495,5,111)
w(14,516,5,111)
w(17,528,5,111)
w(3,523,5,111)
r(12,801,5,111)
r(10,525,5,111)
w(11,547,5,111)
r(4,196,5,111)
r(5,793,5,111)
w(16,492,5,112)
r(1,803,5,112)
r(18,815,5,112)
r(10,834,5,112)
w(14,517,5,112)
w(19,501,5,112)
r(3,823,5,112)
w(0,490,5,112)
r(7,799,5,112)
r(6,496,5,112)
w(12,506,5,112)
w(17,529,5,112)
r(8,505,5,112)
w(5,496,5,112)
r(4,196,5,112)
r(11,547,5,112)
w(2,524,5,112)
w(13,523,5,112)
r(15,814,5,112)
w(9,496,5,112)
w(7,509,5,113)
w(9,497,5,113)
r(19,107,5,113)
r(6,106,5,113)
r(12,801,5,113)
r(2,855,5,113)
w(10,527,5,113)
r(3,823,5,113)
w(5,497,5,113)
r(18,114,5,113)
w(1,516,5,113)
w(11,548,5,113)
r(0,109,5,113)
r(4,97,5,113)
r(15,814,5,113)
r(16,117,5,113)
r(8,113,5,113)
r(14,806,5,113)
r(13,100,5,113)
w(17,530,5,113)
r(9,596,5,114)
w(3,524,5,114)
r(5,595,5,114)
w(0,491,5,114)
w(17,531,5,114)
w(13,524,5,114)
w(10,528,5,114)
r(12,803,5,114)
r(19,819,5,114)
w(18,516,5,114)
r(8,209,5,114)
r(16,212,5,114)
r(14,615,5,114)
r(4,589,5,114)
w(7,510,5,114)
r(11,236,5,114)
w(6,497,5,114)
r(1,610,5,114)
r(2,856,5,114)
w(15,502,5,114)
w(16,493,5,115)
w(2,525,5,115)
w(5,498,5,115)
r(13,9,5,115)
w(18,517,5,115)
w(4,499,5,115)
w(8,506,5,115)
w(0,492,5,115)
r(11,11,5,115)
w(14,518,5,115)
w(3,525,5,115)
w(10,529,5,115)
r(15,10,5,115)
r(12,803,5,115)
r(9,596,5,115)
w(6,498,5,115)
w(17,532,5,115)
w(19,502,5,115)
w(7,511,5,115)
r(1,610,5,115)
r(10,10,5,116)
r(0,922,5,116)
r(1,610,5,116)
w(9,498,5,116)
w(5,499,5,116)
w(18,518,5,116)
r(7,902,5,116)
w(2,526,5,116)
r(6,8,5,116)
r(13,12,5,116)
r(14,6,5,116)
w(19,503,5,116)
w(8,507,5,116)
r(11,915,5,116)
r(17,5,5,116)
w(12,507,5,116)
w(3,526,5,116)
w(4,500,5,116)
w(16,494,5,116)
r(15,10,5,116)
r(19,110,5,117)
r(10,111,5,117)
r(16,119,5,117)
w(17,533,5,117)
w(11,549,5,117)
r(0,111,5,117)
w(6,499,5,117)
w(1,517,5,117)
w(8,508,5,117)
w(12,508,5,117)
w(3,527,5,117)
r(4,99,5,117)
w(18,519,5,117)
w(15,503,5,117)
r(9,874,5,117)
w(7,512,5,117)
r(13,12,5,117)
r(14,114,5,117)
r(5,112,5,117)
w(2,527,5,117)
w(3,528,5,118)
r(13,12,5,118)
w(15,504,5,118)
w(14,519,5,118)
w(5,500,5,118)
w(16,495,5,118)
r(4,99,5,118)
w(9,499,5,118)
w(1,518,5,118)
r(6,499,5,118)
r(17,533,5,118)
w(12,509,5,118)
w(18,520,5,118)
w(2,528,5,118)
r(19,110,5,118)
w(0,493,5,118)
w(11,550,5,118)
w(7,513,5,118)
r(8,508,5,118)
r(10,111,5,118)
r(10,111,5,119)
w(19,504,5,119)
r(15,504,5,119)
r(4,99,5,119)
r(2,528,5,119)
r(13,12,5,119)
r(18,520,5,119)
r(17,533,5,119)
r(3,528,5,119)
w(9,500,5,119)
r(16,495,5,119)
r(7,513,5,119)
r(12,509,5,119)
r(6,499,5,119)
w(8,509,5,119)
w(5,501,5,119)
w(1,519,5,119)
r(11,550,5,119)
w(14,520,5,119)
w(0,494,5,119)
w(14,604,6,120)
w(0,592,6,120)
w(6,596,6,120)
w(12,594,6,120)
r(11,904,6,120)
w(13,610,6,120)
w(8,601,6,120)
w(16,589,6,120)
w(15,595,6,120)
r(10,934,6,120)
r(5,871,6,120)
r(2,948,6,120)
w(19,599,6,120)
r(18,805,6,120)
w(7,585,6,120)
w(3,628,6,120)
w(17,637,6,120)
r(1,796,6,120)
w(4,581,6,120)
w(9,587,6,120)
r(17,931,6,121)
r(11,904,6,121)
r(19,205,6,121)
w(15,596,6,121)
w(1,602,6,121)
w(2,625,6,121)
w(14,605,6,121)
r(10,934,6,121)
w(16,590,6,121)
r(8,906,6,121)
w(0,593,6,121)
r(3,921,6,121)
w(18,604,6,121)
r(12,910,6,121)
r(13,195,6,121)
r(4,188,6,121)
r(7,208,6,121)
w(5,590,6,121)
w(6,597,6,121)
w(9,588,6,121)
r(2,517,6,122)
r(3,422,6,122)
r(18,511,6,122)
w(10,614,6,122)
w(11,638,6,122)
w(7,586,6,122)
w(13,611,6,122)
r(5,590,6,122)
w(15,597,6,122)
r(1,509,6,122)
r(14,513,6,122)
w(0,594,6,122)
r(12,398,6,122)
w(6,598,6,122)
w(9,589,6,122)
r(19,493,6,122)
r(8,906,6,122)
r(17,931,6,122)
r(4,188,6,122)
w(16,591,6,122)
r(7,407,6,123)
w(12,595,6,123)
r(3,819,6,123)
r(6,400,6,123)
w(1,603,6,123)
w(15,598,6,123)
w(18,605,6,123)
w(4,582,6,123)
w(14,606,6,123)
w(19,600,6,123)
r(5,388,6,123)
r(10,416,6,123)
r(13,515,6,123)
w(9,590,6,123)
r(17,415,6,123)
w(0,595,6,123)
r(8,399,6,123)
w(11,639,6,123)
r(2,849,6,123)
r(16,391,6,123)
r(19,395,6,124)
r(9,393,6,124)
r(2,112,6,124)
w(10,615,6,124)
r(18,104,6,124)
r(4,413,6,124)
r(6,404,6,124)
w(14,607,6,124)
w(11,640,6,124)
r(17,418,6,124)
r(16,110,6,124)
w(12,596,6,124)
w(15,599,6,124)
w(5,591,6,124)
w(0,596,6,124)
w(8,602,6,124)
r(7,105,6,124)
w(1,604,6,124)
r(3,103,6,124)
r(13,409,6,124)
w(15,600,6,125)
r(2,518,6,125)
r(4,495,6,125)
w(10,616,6,125)
w(3,629,6,125)
r(18,322,6,125)
r(16,297,6,125)
r(6,304,6,125)
w(12,597,6,125)
r(17,520,6,125)
w(7,587,6,125)
w(1,605,6,125)
r(11,339,6,125)
w(8,603,6,125)
r(0,486,6,125)
r(13,305,6,125)
w(9,591,6,125)
r(5,294,6,125)
w(19,601,6,125)
w(14,608,6,125)
r(12,5,6,126)
r(16,5,6,126)
w(15,601,6,126)
w(6,599,6,126)
w(17,638,6,126)
w(8,604,6,126)
w(7,588,6,126)
w(11,641,6,126)
w(19,602,6,126)
r(2,518,6,126)
r(1,4,6,126)
r(14,2,6,126)
w(4,583,6,126)
w(13,612,6,126)
r(0,2,6,126)
w(3,630,6,126)
r(9,297,6,126)
w(5,592,6,126)
w(18,606,6,126)
r(10,4,6,126)
r(4,193,6,127)
r(8,5,6,127)
r(17,520,6,127)
r(7,897,6,127)
r(5,199,6,127)
r(1,4,6,127)
r(6,207,6,127)
w(3,631,6,127)
w(14,609,6,127)
r(16,5,6,127)
w(19,603,6,127)
w(12,598,6,127)
r(10,215,6,127)
r(11,232,6,127)
r(2,212,6,127)
w(9,592,6,127)
w(0,597,6,127)
w(15,602,6,127)
r(18,3,6,127)
r(13,913,6,127)
w(2,626,6,128)
w(19,604,6,128)
r(3,215,6,128)
w(13,613,6,128)
r(9,208,6,128)
w(17,639,6,128)
w(11,642,6,128)
w(12,599,6,128)
r(4,193,6,128)
r(7,897,6,128)
r(5,199,6,128)
r(10,215,6,128)
w(16,592,6,128)
w(14,610,6,128)
r(18,3,6,128)
r(15,4,6,128)
w(8,605,6,128)
w(6,600,6,128)
w(1,606,6,128)
r(0,199,6,128)
w(4,584,6,129)
r(8,5,6,129)
r(9,773,6,129)
w(13,614,6,129)
w(14,611,6,129)
r(17,831,6,129)
w(5,593,6,129)
r(19,721,6,129)
r(15,4,6,129)
r(3,326,6,129)
w(16,593,6,129)
r(7,796,6,129)
r(11,831,6,129)
w(6,601,6,129)
w(1,607,6,129)
w(12,600,6,129)
w(10,617,6,129)
w(18,607,6,129)
w(2,627,6,129)
w(0,598,6,129)
w(18,608,6,130)
w(19,605,6,130)
r(1,110,6,130)
w(17,640,6,130)
w(14,612,6,130)
w(4,585,6,130)
w(2,628,6,130)
r(5,110,6,130)
w(6,602,6,130)
w(15,603,6,130)
r(7,107,6,130)
w(12,601,6,130)
w(0,599,6,130)
r(8,109,6,130)
r(13,96,6,130)
w(9,593,6,130)
r(10,317,6,130)
r(16,793,6,130)
w(3,632,6,130)
r(11,121,6,130)
w(12,602,6,131)
w(14,613,6,131)
w(3,633,6,131)
w(7,589,6,131)
w(0,600,6,131)
w(19,606,6,131)
r(17,832,6,131)
r(8,812,6,131)
r(6,793,6,131)
w(4,586,6,131)
w(18,609,6,131)
w(16,594,6,131)
w(9,594,6,131)
w(2,629,6,131)
w(10,618,6,131)
r(13,520,6,131)
r(5,793,6,131)
w(1,608,6,131)
r(11,545,6,131)
r(15,813,6,131)
w(17,641,6,132)
r(15,813,6,132)
r(14,805,6,132)
r(4,798,6,132)
r(9,494,6,132)
w(16,595,6,132)
w(8,606,6,132)
w(3,634,6,132)
w(13,615,6,132)
w(6,603,6,132)
w(18,610,6,132)
w(0,601,6,132)
w(1,609,6,132)
w(5,594,6,132)
w(7,590,6,132)
r(12,801,6,132)
w(10,619,6,132)
w(19,607,6,132)
r(11,545,6,132)
r(2,854,6,132)
r(4,196,6,133)
r(15,813,6,133)
w(19,608,6,133)
r(5,793,6,133)
r(1,803,6,133)
w(3,635,6,133)
r(9,495,6,133)
r(14,516,6,133)
w(16,596,6,133)
r(2,523,6,133)
r(17,528,6,133)
w(7,591,6,133)
r(12,801,6,133)
w(10,620,6,133)
r(18,515,6,133)
r(11,547,6,133)
r(6,496,6,133)
w(0,602,6,133)
r(13,522,6,133)
w(8,607,6,133)
w(16,597,6,134)
w(10,621,6,134)
w(9,595,6,134)
w(8,608,6,134)
r(11,547,6,134)
w(6,604,6,134)
w(3,636,6,134)
r(19,500,6,134)
w(0,603,6,134)
w(13,616,6,134)
w(2,630,6,134)
r(7,799,6,134)
r(15,814,6,134)
r(5,795,6,134)
w(18,611,6,134)
r(14,806,6,134)
r(17,833,6,134)
r(4,196,6,134)
r(1,803,6,134)
r(12,801,6,134)
r(5,795,6,135)
w(16,598,6,135)
r(9,775,6,135)
r(2,855,6,135)
r(1,803,6,135)
w(10,622,6,135)
r(13,817,6,135)
r(18,815,6,135)
r(11,547,6,135)
r(12,801,6,135)
w(17,642,6,135)
w(8,609,6,135)
w(19,609,6,135)
r(6,496,6,135)
w(4,587,6,135)
w(7,592,6,135)
w(0,604,6,135)
w(15,604,6,135)
r(3,823,6,135)
w(14,614,6,135)
r(14,221,6,136)
w(6,605,6,136)
r(1,213,6,136)
r(12,801,6,136)
r(0,201,6,136)
r(2,216,6,136)
r(8,209,6,136)
w(15,605,6,136)
r(5,203,6,136)
r(13,203,6,136)
r(3,217,6,136)
w(4,588,6,136)
r(11,236,6,136)
r(17,218,6,136)
w(7,593,6,136)
r(9,775,6,136)
r(19,107,6,136)
r(16,212,6,136)
w(10,623,6,136)
r(18,222,6,136)
w(18,612,6,137)
r(7,217,6,137)
w(1,610,6,137)
w(9,596,6,137)
w(13,617,6,137)
r(8,209,6,137)
w(14,615,6,137)
r(11,236,6,137)
w(5,595,6,137)
r(16,212,6,137)
r(2,216,6,137)
r(3,217,6,137)
w(19,610,6,137)
w(15,606,6,137)
r(10,217,6,137)
r(6,212,6,137)
w(0,605,6,137)
r(17,218,6,137)
r(12,801,6,137)
w(4,589,6,137)
w(13,618,6,138)
w(12,603,6,138)
r(10,217,6,138)
r(5,595,6,138)
w(14,616,6,138)
w(19,611,6,138)
w(18,613,6,138)
w(11,643,6,138)
w(2,631,6,138)
w(16,599,6,138)
w(0,606,6,138)
w(7,594,6,138)
w(8,610,6,138)
r(9,596,6,138)
w(1,611,6,138)
w(3,637,6,138)
w(17,643,6,138)
w(15,607,6,138)
w(4,590,6,138)
r(6,795,6,138)
r(2,958,6,139)
w(4,591,6,139)
w(6,606,6,139)
w(0,607,6,139)
r(5,10,6,139)
w(12,604,6,139)
w(1,612,6,139)
w(17,644,6,139)
r(3,11,6,139)
r(13,918,6,139)
r(15,10,6,139)
w(11,644,6,139)
w(7,595,6,139)
w(14,617,6,139)
r(18,918,6,139)
w(8,611,6,139)
w(19,612,6,139)
w(9,597,6,139)
r(16,212,6,139)
w(10,624,6,139)
r(17,0,7,140)
w(5,689,7,140)
w(2,725,7,140)
w(10,722,7,140)
r(7,208,7,140)
r(13,195,7,140)
w(12,696,7,140)
w(18,710,7,140)
r(9,200,7,140)
w(4,695,7,140)
w(3,717,7,140)
r(11,827,7,140)
w(1,698,7,140)
w(14,706,7,140)
w(6,702,7,140)
w(0,703,7,140)
r(16,205,7,140)
w(8,699,7,140)
r(19,205,7,140)
r(15,194,7,140)
w(7,687,7,141)
w(1,699,7,141)
r(5,871,7,141)
w(9,679,7,141)
w(13,712,7,141)
w(6,703,7,141)
r(12,910,7,141)
r(10,934,7,141)
r(16,884,7,141)
r(17,931,7,141)
r(3,921,7,141)
r(15,194,7,141)
r(0,911,7,141)
w(2,726,7,141)
w(19,707,7,141)
r(11,904,7,141)
w(4,696,7,141)
r(14,798,7,141)
r(18,805,7,141)
r(8,906,7,141)
w(16,689,7,142)
r(12,910,7,142)
r(1,796,7,142)
r(15,194,7,142)
w(5,690,7,142)
w(14,707,7,142)
r(18,805,7,142)
r(7,208,7,142)
r(4,188,7,142)
r(11,904,7,142)
r(19,205,7,142)
w(17,718,7,142)
w(2,727,7,142)
r(0,911,7,142)
w(10,723,7,142)
w(13,713,7,142)
w(8,700,7,142)
r(6,200,7,142)
r(3,921,7,142)
w(9,680,7,142)
r(1,796,7,143)
r(3,921,7,143)
w(5,691,7,143)
r(4,188,7,143)
w(15,704,7,143)
r(18,805,7,143)
w(7,688,7,143)
w(6,704,7,143)
w(0,704,7,143)
r(13,195,7,143)
r(10,934,7,143)
w(16,690,7,143)
w(11,734,7,143)
w(14,708,7,143)
r(9,200,7,143)
w(17,719,7,143)
w(19,708,7,143)
r(12,910,7,143)
w(2,728,7,143)
w(8,701,7,143)
w(12,697,7,144)
r(18,419,7,144)
w(6,705,7,144)
w(2,729,7,144)
w(14,709,7,144)
r(3,422,7,144)
w(1,700,7,144)
r(8,906,7,144)
r(5,590,7,144)
w(19,709,7,144)
w(16,691,7,144)
r(4,188,7,144)
w(7,689,7,144)
r(17,931,7,144)
w(15,705,7,144)
r(10,415,7,144)
w(0,705,7,144)
r(13,195,7,144)
w(9,681,7,144)
w(11,735,7,144)
r(2,517,7,145)
w(4,697,7,145)
r(9,390,7,145)
w(3,718,7,145)
w(1,701,7,145)
r(11,539,7,145)
w(15,706,7,145)
w(5,692,7,145)
r(6,491,7,145)
w(14,710,7,145)
w(19,710,7,145)
w(10,724,7,145)
r(7,503,7,145)
w(16,692,7,145)
r(0,485,7,145)
r(12,398,7,145)
w(8,702,7,145)
r(13,515,7,145)
w(17,720,7,145)
r(18,511,7,145)
w(6,706,7,146)
w(14,711,7,146)
w(19,711,7,146)
w(0,706,7,146)
r(13,515,7,146)
w(2,730,7,146)
w(17,721,7,146)
r(15,402,7,146)
r(16,391,7,146)
w(11,736,7,146)
w(10,725,7,146)
r(12,398,7,146)
r(3,423,7,146)
w(9,682,7,146)
r(7,407,7,146)
w(4,698,7,146)
r(18,511,7,146)
w(8,703,7,146)
w(1,702,7,146)
w(5,693,7,146)
w(8,704,7,147)
w(16,693,7,147)
w(1,703,7,147)
r(5,492,7,147)
w(15,707,7,147)
r(0,486,7,147)
r(18,512,7,147)
w(11,737,7,147)
r(2,518,7,147)
w(4,699,7,147)
w(6,707,7,147)
w(10,726,7,147)
w(7,690,7,147)
w(13,714,7,147)
w(3,719,7,147)
w(19,712,7,147)
w(17,722,7,147)
r(12,501,7,147)
r(9,393,7,147)
w(14,712,7,147)
r(4,495,7,148)
r(18,322,7,148)
r(10,314,7,148)
w(12,698,7,148)
r(7,105,7,148)
r(6,304,7,148)
w(0,707,7,148)
r(13,305,7,148)
r(5,294,7,148)
r(8,300,7,148)
w(3,720,7,148)
w(2,731,7,148)
r(19,306,7,148)
w(9,683,7,148)
w(11,738,7,148)
r(17,520,7,148)
w(14,713,7,148)
w(1,704,7,148)
w(16,694,7,148)
r(15,299,7,148)
r(15,299,7,149)
w(19,713,7,149)
r(18,322,7,149)
w(16,695,7,149)
w(0,708,7,149)
w(14,714,7,149)
r(2,518,7,149)
r(1,410,7,149)
w(3,721,7,149)
r(9,297,7,149)
w(8,705,7,149)
w(6,708,7,149)
r(13,305,7,149)
w(12,699,7,149)
r(10,314,7,149)
w(7,691,7,149)
w(17,723,7,149)
w(5,694,7,149)
w(4,700,7,149)
w(11,739,7,149)
r(2,518,7,150)
r(6,892,7,150)
w(11,740,7,150)
w(12,700,7,150)
r(9,297,7,150)
r(15,898,7,150)
r(3,923,7,150)
w(16,696,7,150)
w(7,692,7,150)
w(10,727,7,150)
w(0,709,7,150)
w(19,714,7,150)
r(13,913,7,150)
r(18,912,7,150)
r(1,410,7,150)
w(4,701,7,150)
w(14,715,7,150)
w(17,724,7,150)
r(5,878,7,150)
w(8,706,7,150)
w(16,697,7,151)
r(7,897,7,151)
w(18,711,7,151)
w(17,725,7,151)
r(14,314,7,151)
w(3,722,7,151)
r(1,410,7,151)
r(10,314,7,151)
w(5,695,7,151)
r(11,339,7,151)
w(15,708,7,151)
r(9,297,7,151)
r(4,495,7,151)
r(8,300,7,151)
r(12,306,7,151)
r(2,518,7,151)
w(19,715,7,151)
w(0,710,7,151)
r(13,913,7,151)
r(6,892,7,151)
r(1,410,7,152)
w(11,741,7,152)
r(0,916,7,152)
r(2,518,7,152)
w(16,698,7,152)
r(3,923,7,152)
r(7,897,7,152)
r(5,878,7,152)
w(8,707,7,152)
r(10,314,7,152)
r(6,892,7,152)
w(13,715,7,152)
r(4,495,7,152)
r(9,297,7,152)
w(17,726,7,152)
r(19,911,7,152)
w(18,712,7,152)
r(14,314,7,152)
r(12,306,7,152)
r(15,898,7,152)
r(14,2,7,153)
r(6,892,7,153)
w(15,709,7,153)
w(13,716,7,153)
w(3,723,7,153)
r(16,5,7,153)
r(17,520,7,153)
w(5,696,7,153)
w(8,708,7,153)
r(2,518,7,153)
w(19,716,7,153)
w(1,705,7,153)
r(9,297,7,153)
r(10,4,7,153)
r(18,3,7,153)
w(4,702,7,153)
w(0,711,7,153)
w(11,742,7,153)
w(12,701,7,153)
r(7,897,7,153)
w(10,728,7,154)
r(4,495,7,154)
r(3,5,7,154)
w(2,732,7,154)
w(8,709,7,154)
r(9,297,7,154)
w(15,710,7,154)
w(16,699,7,154)
r(13,913,7,154)
r(1,4,7,154)
w(12,702,7,154)
r(17,520,7,154)
r(14,2,7,154)
r(6,892,7,154)
r(11,5,7,154)
r(0,2,7,154)
w(7,693,7,154)
w(19,717,7,154)
w(5,697,7,154)
w(18,713,7,154)
w(19,718,7,155)
r(6,892,7,155)
w(14,716,7,155)
w(17,727,7,155)
r(10,4,7,155)
w(2,733,7,155)
r(0,2,7,155)
w(7,694,7,155)
w(9,684,7,155)
r(1,4,7,155)
r(13,913,7,155)
r(15,4,7,155)
w(5,698,7,155)
r(12,5,7,155)
r(8,5,7,155)
r(18,3,7,155)
w(16,700,7,155)
w(11,743,7,155)
r(4,495,7,155)
w(3,724,7,155)
w(16,701,7,156)
r(8,5,7,156)
r(0,293,7,156)
r(13,913,7,156)
w(18,714,7,156)
r(3,326,7,156)
r(1,311,7,156)
r(5,298,7,156)
r(11,344,7,156)
w(4,703,7,156)
w(9,685,7,156)
r(17,520,7,156)
w(7,695,7,156)
r(10,317,7,156)
r(15,4,7,156)
r(14,216,7,156)
w(6,709,7,156)
w(2,734,7,156)
w(19,719,7,156)
w(12,703,7,156)
w(17,728,7,157)
r(5,298,7,157)
r(2,734,7,157)
r(9,685,7,157)
w(8,710,7,157)
w(19,720,7,157)
r(6,709,7,157)
w(3,725,7,157)
w(1,706,7,157)
w(16,702,7,157)
r(12,703,7,157)
r(15,4,7,157)
w(13,717,7,157)
r(18,714,7,157)
w(10,729,7,157)
w(11,744,7,157)
w(0,712,7,157)
r(4,703,7,157)
r(14,216,7,157)
w(7,696,7,157)
r(11,344,7,158)
w(19,721,7,158)
r(1,311,7,158)
w(12,704,7,158)
r(2,734,7,158)
r(9,685,7,158)
r(8,5,7,158)
w(7,697,7,158)
r(18,714,7,158)
r(10,317,7,158)
w(4,704,7,158)
w(13,718,7,158)
w(5,699,7,158)
r(16,701,7,158)
w(0,713,7,158)
r(15,4,7,158)
r(17,520,7,158)
r(6,709,7,158)
r(3,326,7,158)
w(14,717,7,158)
r(18,714,7,159)
w(10,730,7,159)
w(12,705,7,159)
r(19,721,7,159)
r(9,773,7,159)
r(6,709,7,159)
w(3,726,7,159)
r(2,734,7,159)
r(16,793,7,159)
r(8,5,7,159)
r(13,718,7,159)
w(4,705,7,159)
w(1,707,7,159)
r(0,713,7,159)
w(14,718,7,159)
r(17,831,7,159)
r(15,4,7,159)
w(11,745,7,159)
w(7,698,7,159)
r(5,792,7,159)
r(10,209,8,160)
r(3,211,8,160)
r(8,199,8,160)
r(19,205,8,160)
r(12,205,8,160)
r(7,208,8,160)
r(4,188,8,160)
r(11,227,8,160)
w(16,788,8,160)
w(18,804,8,160)
w(2,846,8,160)
r(14,209,8,160)
r(13,195,8,160)
w(5,789,8,160)
r(1,204,8,160)
r(0,194,8,160)
r(15,194,8,160)
w(6,789,8,160)
w(17,826,8,160)
w(9,770,8,160)
r(10,209,8,161)
r(0,194,8,161)
r(2,205,8,161)
r(6,200,8,161)
w(11,827,8,161)
r(19,205,8,161)
r(4,188,8,161)
w(8,806,8,161)
w(18,805,8,161)
r(7,208,8,161)
r(16,205,8,161)
w(1,796,8,161)
w(12,794,8,161)
r(9,200,8,161)
r(5,196,8,161)
r(13,195,8,161)
r(15,194,8,161)
w(3,815,8,161)
r(17,0,8,161)
w(14,798,8,161)
w(5,790,8,162)
r(2,948,8,162)
r(10,934,8,162)
w(18,806,8,162)
w(8,807,8,162)
w(6,790,8,162)
r(12,910,8,162)
r(7,208,8,162)
r(16,884,8,162)
r(0,911,8,162)
r(13,195,8,162)
r(17,931,8,162)
r(14,798,8,162)
r(19,205,8,162)
w(15,807,8,162)
r(3,921,8,162)
w(1,797,8,162)
r(9,200,8,162)
r(11,904,8,162)
r(4,188,8,162)
w(8,808,8,163)
w(10,827,8,163)
r(17,931,8,163)
r(2,948,8,163)
w(13,811,8,163)
r(12,910,8,163)
w(15,808,8,163)
w(3,816,8,163)
r(1,796,8,163)
r(9,200,8,163)
w(14,799,8,163)
r(4,188,8,163)
r(18,805,8,163)
r(5,871,8,163)
r(11,904,8,163)
r(19,205,8,163)
r(6,200,8,163)
r(16,884,8,163)
r(0,911,8,163)
w(7,787,8,163)
r(16,884,8,164)
w(0,811,8,164)
r(12,910,8,164)
r(11,904,8,164)
r(13,195,8,164)
r(19,205,8,164)
w(7,788,8,164)
r(5,871,8,164)
r(8,906,8,164)
w(1,798,8,164)
r(14,798,8,164)
w(4,795,8,164)
r(6,200,8,164)
w(17,827,8,164)
w(9,771,8,164)
r(15,194,8,164)
r(18,805,8,164)
w(2,847,8,164)
r(10,934,8,164)
w(3,817,8,164)
w(3,818,8,165)
r(6,597,8,165)
r(4,188,8,165)
r(9,390,8,165)
w(18,807,8,165)
w(1,799,8,165)
r(10,415,8,165)
w(8,809,8,165)
w(12,795,8,165)
w(19,814,8,165)
w(11,828,8,165)
r(16,391,8,165)
r(14,416,8,165)
r(5,590,8,165)
r(17,931,8,165)
w(7,789,8,165)
r(0,377,8,165)
r(2,625,8,165)
r(13,195,8,165)
r(15,402,8,165)
w(18,808,8,166)
w(9,772,8,166)
r(5,388,8,166)
w(1,800,8,166)
w(16,789,8,166)
w(8,810,8,166)
w(12,796,8,166)
w(2,848,8,166)
r(11,445,8,166)
w(13,812,8,166)
r(19,493,8,166)
r(4,410,8,166)
w(17,828,8,166)
r(15,402,8,166)
w(7,790,8,166)
w(0,812,8,166)
r(14,417,8,166)
r(6,400,8,166)
r(3,423,8,166)
w(10,828,8,166)
r(8,399,8,167)
r(16,391,8,167)
r(11,445,8,167)
r(6,400,8,167)
w(18,809,8,167)
r(17,415,8,167)
r(7,407,8,167)
r(0,378,8,167)
w(12,797,8,167)
w(19,815,8,167)
w(2,849,8,167)
r(5,388,8,167)
w(3,819,8,167)
r(13,515,8,167)
w(14,800,8,167)
r(10,416,8,167)
r(4,410,8,167)
r(1,404,8,167)
r(15,402,8,167)
r(9,390,8,167)
r(12,797,8,168)
r(3,819,8,168)
r(4,410,8,168)
w(7,791,8,168)
w(15,809,8,168)
w(2,850,8,168)
w(19,816,8,168)
r(14,800,8,168)
r(8,399,8,168)
r(5,388,8,168)
r(16,391,8,168)
r(18,809,8,168)
r(6,400,8,168)
r(1,404,8,168)
r(0,378,8,168)
r(9,390,8,168)
r(11,445,8,168)
w(13,813,8,168)
w(10,829,8,168)
r(17,415,8,168)
r(14,314,8,169)
r(6,304,8,169)
r(9,297,8,169)
r(4,495,8,169)
r(12,306,8,169)
w(16,790,8,169)
w(13,814,8,169)
r(1,410,8,169)
r(18,322,8,169)
r(5,294,8,169)
r(0,486,8,169)
r(17,520,8,169)
r(19,306,8,169)
w(11,829,8,169)
w(7,792,8,169)
w(15,810,8,169)
w(2,851,8,169)
w(8,811,8,169)
r(3,320,8,169)
w(10,830,8,169)
w(0,813,8,170)
w(17,829,8,170)
w(7,793,8,170)
w(2,852,8,170)
w(16,791,8,170)
r(9,297,8,170)
r(5,294,8,170)
r(3,320,8,170)
w(19,817,8,170)
r(6,304,8,170)
r(4,495,8,170)
r(13,305,8,170)
r(15,299,8,170)
w(10,831,8,170)
r(11,339,8,170)
w(14,801,8,170)
w(18,810,8,170)
r(1,410,8,170)
r(8,300,8,170)
r(12,306,8,170)
r(16,297,8,171)
w(14,802,8,171)
w(10,832,8,171)
r(8,300,8,171)
w(13,815,8,171)
w(7,794,8,171)
w(18,811,8,171)
r(19,306,8,171)
w(4,796,8,171)
w(11,830,8,171)
r(17,520,8,171)
r(2,518,8,171)
w(15,811,8,171)
r(3,320,8,171)
w(6,791,8,171)
w(5,791,8,171)
r(9,297,8,171)
w(12,798,8,171)
w(0,814,8,171)
r(1,410,8,171)
w(14,803,8,172)
w(3,820,8,172)
w(6,792,8,172)
r(11,344,8,172)
r(9,300,8,172)
w(1,801,8,172)
r(8,5,8,172)
w(15,812,8,172)
w(0,815,8,172)
r(19,911,8,172)
w(12,799,8,172)
w(2,853,8,172)
w(17,830,8,172)
w(10,833,8,172)
w(7,795,8,172)
r(13,913,8,172)
r(4,193,8,172)
r(5,298,8,172)
w(16,792,8,172)
w(18,812,8,172)
w(1,802,8,173)
r(13,718,8,173)
w(7,796,8,173)
r(3,326,8,173)
r(19,721,8,173)
w(16,793,8,173)
w(11,831,8,173)
r(10,317,8,173)
r(0,713,8,173)
r(15,4,8,173)
r(18,714,8,173)
w(9,773,8,173)
r(6,709,8,173)
r(8,5,8,173)
w(4,797,8,173)
w(14,804,8,173)
w(17,831,8,173)
w(12,800,8,173)
w(5,792,8,173)
r(2,734,8,173)
w(18,813,8,174)
r(9,494,8,174)
w(4,798,8,174)
w(17,832,8,174)
r(10,525,8,174)
r(13,520,8,174)
w(12,801,8,174)
w(16,794,8,174)
w(2,854,8,174)
w(3,821,8,174)
w(6,793,8,174)
w(19,818,8,174)
w(8,812,8,174)
r(11,545,8,174)
r(0,599,8,174)
w(7,797,8,174)
w(5,793,8,174)
w(15,813,8,174)
w(14,805,8,174)
w(1,803,8,174)
w(6,794,8,175)
w(12,802,8,175)
w(7,798,8,175)
r(10,525,8,175)
w(18,814,8,175)
w(11,832,8,175)
r(0,599,8,175)
r(2,854,8,175)
r(14,805,8,175)
r(8,812,8,175)
r(16,794,8,175)
r(15,813,8,175)
r(19,818,8,175)
w(4,799,8,175)
w(9,774,8,175)
w(5,794,8,175)
r(17,832,8,175)
w(13,816,8,175)
r(1,803,8,175)
w(3,822,8,175)
r(11,547,8,176)
w(18,815,8,176)
w(14,806,8,176)
w(15,814,8,176)
w(0,816,8,176)
w(10,834,8,176)
w(16,795,8,176)
w(9,775,8,176)
w(13,817,8,176)
w(3,823,8,176)
r(6,496,8,176)
w(2,855,8,176)
r(12,801,8,176)
r(1,803,8,176)
r(8,505,8,176)
w(17,833,8,176)
w(7,799,8,176)
r(4,196,8,176)
w(5,795,8,176)
r(19,500,8,176)
r(14,615,8,177)
r(15,606,8,177)
r(9,596,8,177)
r(11,236,8,177)
w(6,795,8,177)
w(3,824,8,177)
r(18,612,8,177)
r(16,212,8,177)
r(5,595,8,177)
w(12,803,8,177)
w(2,856,8,177)
r(4,589,8,177)
r(1,610,8,177)
r(13,617,8,177)
r(0,605,8,177)
r(10,217,8,177)
w(17,834,8,177)
r(8,209,8,177)
r(7,217,8,177)
w(19,819,8,177)
r(18,612,8,178)
r(5,595,8,178)
r(9,596,8,178)
r(11,236,8,178)
w(2,857,8,178)
r(3,824,8,178)
r(12,803,8,178)
w(16,796,8,178)
r(4,589,8,178)
w(13,818,8,178)
w(15,815,8,178)
w(17,835,8,178)
r(14,615,8,178)
r(6,795,8,178)
r(8,209,8,178)
r(10,217,8,178)
r(0,605,8,178)
w(7,800,8,178)
w(19,820,8,178)
w(1,804,8,178)
w(13,819,8,179)
r(1,610,8,179)
w(17,836,8,179)
w(9,776,8,179)
r(18,612,8,179)
w(2,858,8,179)
r(12,803,8,179)
r(19,819,8,179)
r(15,10,8,179)
w(10,835,8,179)
r(6,7,8,179)
w(4,800,8,179)
w(16,797,8,179)
w(7,801,8,179)
w(0,817,8,179)
r(8,8,8,179)
w(14,807,8,179)
r(3,11,8,179)
r(5,10,8,179)
r(11,11,8,179)
r(6,200,9,180)
w(3,921,9,180)
w(16,884,9,180)
r(9,200,9,180)
w(10,934,9,180)
w(0,911,9,180)
w(12,910,9,180)
w(11,904,9,180)
r(1,796,9,180)
r(14,798,9,180)
w(8,906,9,180)
r(15,194,9,180)
w(2,948,9,180)
r(19,205,9,180)
w(17,931,9,180)
r(4,188,9,180)
w(5,871,9,180)
r(13,195,9,180)
r(7,208,9,180)
r(18,805,9,180)
w(11,905,9,181)
w(6,886,9,181)
r(7,208,9,181)
r(1,796,9,181)
r(14,798,9,181)
w(15,890,9,181)
w(19,906,9,181)
r(8,906,9,181)
r(17,931,9,181)
r(2,948,9,181)
w(18,906,9,181)
r(9,200,9,181)
w(4,887,9,181)
r(10,934,9,181)
w(0,912,9,181)
w(13,909,9,181)
r(3,921,9,181)
r(5,871,9,181)
r(12,910,9,181)
r(16,884,9,181)
w(6,887,9,182)
w(1,885,9,182)
w(12,911,9,182)
w(3,922,9,182)
r(19,493,9,182)
r(8,906,9,182)
w(5,872,9,182)
w(18,907,9,182)
r(14,513,9,182)
w(0,913,9,182)
r(9,390,9,182)
r(7,503,9,182)
r(17,931,9,182)
w(13,910,9,182)
w(15,891,9,182)
w(4,888,9,182)
w(16,885,9,182)
r(10,520,9,182)
r(11,539,9,182)
w(2,949,9,182)
r(2,517,9,183)
r(7,503,9,183)
w(9,867,9,183)
w(6,888,9,183)
r(16,391,9,183)
r(19,493,9,183)
r(8,906,9,183)
r(14,513,9,183)
w(10,935,9,183)
w(1,886,9,183)
w(5,873,9,183)
w(15,892,9,183)
r(0,485,9,183)
r(18,511,9,183)
r(4,188,9,183)
r(13,515,9,183)
w(12,912,9,183)
r(17,931,9,183)
r(3,422,9,183)
w(11,906,9,183)
w(17,932,9,184)
w(4,889,9,184)
r(12,398,9,184)
w(1,887,9,184)
w(10,936,9,184)
r(3,422,9,184)
r(11,539,9,184)
r(16,391,9,184)
w(7,894,9,184)
w(19,907,9,184)
w(5,874,9,184)
r(13,515,9,184)
r(6,491,9,184)
r(0,485,9,184)
w(2,950,9,184)
w(15,893,9,184)
r(9,390,9,184)
r(8,906,9,184)
w(14,906,9,184)
w(18,908,9,184)
w(16,886,9,185)
w(1,888,9,185)
r(6,400,9,185)
w(19,908,9,185)
r(18,809,9,185)
r(13,515,9,185)
w(15,894,9,185)
r(7,407,9,185)
w(5,875,9,185)
w(12,913,9,185)
w(2,951,9,185)
w(9,868,9,185)
r(3,819,9,185)
r(8,399,9,185)
r(14,800,9,185)
w(0,914,9,185)
r(11,445,9,185)
w(4,890,9,185)
r(10,416,9,185)
w(17,933,9,185)
r(14,314,9,186)
r(1,410,9,186)
r(5,294,9,186)
r(3,320,9,186)
w(8,907,9,186)
w(18,909,9,186)
w(6,889,9,186)
r(12,306,9,186)
r(17,520,9,186)
r(2,518,9,186)
w(7,895,9,186)
r(4,495,9,186)
r(16,297,9,186)
r(13,305,9,186)
w(9,869,9,186)
r(15,299,9,186)
w(10,937,9,186)
w(11,907,9,186)
w(19,909,9,186)
r(0,486,9,186)
w(15,895,9,187)
w(7,896,9,187)
r(0,486,9,187)
r(17,520,9,187)
w(13,911,9,187)
w(8,908,9,187)
w(6,890,9,187)
r(19,306,9,187)
r(2,518,9,187)
w(11,908,9,187)
r(12,306,9,187)
r(14,314,9,187)
w(5,876,9,187)
w(18,910,9,187)
r(3,320,9,187)
r(1,410,9,187)
r(9,297,9,187)
w(10,938,9,187)
w(16,887,9,187)
r(4,495,9,187)
r(19,306,9,188)
w(1,889,9,188)
w(8,909,9,188)
r(18,322,9,188)
w(0,915,9,188)
r(4,495,9,188)
r(12,306,9,188)
w(2,952,9,188)
w(14,907,9,188)
w(9,870,9,188)
r(16,297,9,188)
r(10,314,9,188)
w(13,912,9,188)
w(6,891,9,188)
r(7,105,9,188)
r(11,339,9,188)
r(5,294,9,188)
r(17,520,9,188)
r(3,320,9,188)
w(15,896,9,188)
r(13,305,9,189)
r(7,105,9,189)
r(6,304,9,189)
r(10,314,9,189)
w(15,897,9,189)
w(9,871,9,189)
r(2,518,9,189)
r(4,495,9,189)
r(11,339,9,189)
r(3,320,9,189)
w(19,910,9,189)
w(5,877,9,189)
r(14,314,9,189)
w(1,890,9,189)
w(17,934,9,189)
r(12,306,9,189)
r(0,486,9,189)
w(8,910,9,189)
r(16,297,9,189)
w(18,911,9,189)
w(6,892,9,190)
r(17,520,9,190)
w(7,897,9,190)
w(18,912,9,190)
r(2,518,9,190)
r(14,314,9,190)
r(11,339,9,190)
r(12,306,9,190)
r(8,300,9,190)
w(13,913,9,190)
w(3,923,9,190)
w(19,911,9,190)
r(10,314,9,190)
r(1,410,9,190)
w(0,916,9,190)
w(5,878,9,190)
r(9,297,9,190)
w(16,888,9,190)
w(15,898,9,190)
r(4,495,9,190)
w(16,889,9,191)
r(8,5,9,191)
r(7,897,9,191)
r(9,297,9,191)
w(4,891,9,191)
r(17,520,9,191)
w(5,879,9,191)
w(11,909,9,191)
r(1,4,9,191)
w(15,899,9,191)
w(14,908,9,191)
r(0,2,9,191)
w(19,912,9,191)
r(18,3,9,191)
r(6,892,9,191)
r(12,5,9,191)
r(13,913,9,191)
w(2,953,9,191)
r(3,5,9,191)
r(10,4,9,191)
w(4,892,9,192)
w(7,898,9,192)
w(18,913,9,192)
r(2,628,9,192)
w(11,910,9,192)
w(14,909,9,192)
w(8,911,9,192)
r(15,603,9,192)
w(12,914,9,192)
w(17,935,9,192)
w(6,893,9,192)
w(16,890,9,192)
r(5,110,9,192)
w(13,914,9,192)
w(3,924,9,192)
r(9,593,9,192)
w(19,913,9,192)
r(10,317,9,192)
w(0,917,9,192)
w(1,891,9,192)
r(6,793,9,193)
r(16,794,9,193)
w(13,915,9,193)
w(5,880,9,193)
w(14,910,9,193)
w(15,900,9,193)
w(0,918,9,193)
r(4,798,9,193)
r(1,803,9,193)
r(2,854,9,193)
r(9,494,9,193)
r(12,801,9,193)
r(18,813,9,193)
r(17,832,9,193)
w(11,911,9,193)
w(3,925,9,193)
r(7,797,9,193)
w(8,912,9,193)
w(10,939,9,193)
r(19,818,9,193)
r(0,599,9,194)
w(18,914,9,194)
r(17,832,9,194)
w(13,916,9,194)
w(6,894,9,194)
w(14,911,9,194)
w(3,926,9,194)
w(8,913,9,194)
w(9,872,9,194)
w(12,915,9,194)
w(10,940,9,194)
r(19,818,9,194)
r(15,813,9,194)
w(7,899,9,194)
w(1,892,9,194)
r(5,793,9,194)
r(16,794,9,194)
w(4,893,9,194)
w(11,912,9,194)
w(2,954,9,194)
w(18,915,9,195)
w(9,873,9,195)
r(13,520,9,195)
r(17,832,9,195)
w(12,916,9,195)
w(7,900,9,195)
r(3,821,9,195)
w(0,919,9,195)
r(19,818,9,195)
r(4,798,9,195)
r(11,545,9,195)
r(2,854,9,195)
r(5,793,9,195)
r(16,794,9,195)
w(14,912,9,195)
r(1,803,9,195)
r(6,793,9,195)
r(10,525,9,195)
r(15,813,9,195)
r(8,812,9,195)
w(6,895,9,196)
w(19,914,9,196)
w(11,913,9,196)
r(12,801,9,196)
r(8,505,9,196)
w(2,955,9,196)
r(17,528,9,196)
r(5,793,9,196)
w(15,901,9,196)
r(1,803,9,196)
w(18,916,9,196)
w(0,920,9,196)
r(9,495,9,196)
r(16,491,9,196)
r(7,508,9,196)
w(3,927,9,196)
r(13,522,9,196)
r(10,525,9,196)
w(4,894,9,196)
w(14,913,9,196)
r(18,815,9,197)
w(13,917,9,197)
w(12,917,9,197)
r(0,816,9,197)
w(14,914,9,197)
r(17,833,9,197)
r(1,803,9,197)
w(10,941,9,197)
r(15,814,9,197)
w(3,928,9,197)
r(9,775,9,197)
w(19,915,9,197)
w(8,914,9,197)
r(4,196,9,197)
w(6,896,9,197)
r(16,795,9,197)
w(2,956,9,197)
w(11,914,9,197)
r(7,799,9,197)
r(5,795,9,197)
w(19,916,9,198)
w(12,918,9,198)
r(11,547,9,198)
w(7,901,9,198)
r(14,806,9,198)
w(1,893,9,198)
r(9,775,9,198)
w(2,957,9,198)
r(13,100,9,198)
w(0,921,9,198)
r(6,106,9,198)
r(16,117,9,198)
r(4,97,9,198)
w(10,942,9,198)
w(5,881,9,198)
w(15,902,9,198)
w(3,929,9,198)
w(18,917,9,198)
w(17,936,9,198)
w(8,915,9,198)
r(3,11,9,199)
r(5,10,9,199)
w(19,917,9,199)
r(14,6,9,199)
w(8,916,9,199)
w(4,895,9,199)
w(17,937,9,199)
w(18,918,9,199)
w(2,958,9,199)
w(13,918,9,199)
r(10,217,9,199)
w(12,919,9,199)
w(7,902,9,199)
w(11,915,9,199)
r(15,10,9,199)
w(0,922,9,199)
r(16,212,9,199)
w(9,874,9,199)
w(6,897,9,199)
r(1,610,9,199)
