w(2,1,0,0)
r(1,0,0,0)
w(7,1,0,0)
w(6,1,0,0)
r(3,0,0,0)
r(15,0,0,0)
r(4,0,0,0)
r(14,0,0,0)
w(16,1,0,0)
r(11,0,0,0)
r(8,0,0,0)
w(5,1,0,0)
w(18,1,0,0)
w(19,1,0,0)
r(10,0,0,0)
w(13,1,0,0)
r(0,0,0,0)
r(17,0,0,0)
w(9,1,0,0)
w(12,1,0,0)
w(16,2,0,1)
w(0,1,0,1)
r(15,0,0,1)
r(1,0,0,1)
w(13,2,0,1)
w(4,1,0,1)
w(5,2,0,1)
w(8,1,0,1)
r(3,0,0,1)
r(10,0,0,1)
r(9,1,0,1)
r(2,1,0,1)
w(14,1,0,1)
r(17,0,0,1)
w(19,2,0,1)
w(18,2,0,1)
w(6,2,0,1)
w(11,1,0,1)
w(7,2,0,1)
r(12,1,0,1)
w(5,3,0,2)
r(2,1,0,2)
r(12,1,0,2)
r(11,1,0,2)
w(14,2,0,2)
w(3,1,0,2)
r(8,1,0,2)
w(19,3,0,2)
r(6,2,0,2)
w(17,1,0,2)
r(9,1,0,2)
w(10,1,0,2)
r(16,2,0,2)
r(1,0,0,2)
w(18,3,0,2)
w(0,2,0,2)
w(7,3,0,2)
r(13,2,0,2)
w(4,2,0,2)
r(15,0,0,2)
r(18,3,0,3)
r(4,2,0,3)
w(5,4,0,3)
r(17,1,0,3)
w(8,2,0,3)
w(1,1,0,3)
r(2,1,0,3)
r(6,2,0,3)
w(13,3,0,3)
w(10,2,0,3)
w(12,2,0,3)
r(7,3,0,3)
r(15,0,0,3)
w(16,3,0,3)
r(3,1,0,3)
r(9,1,0,3)
r(14,2,0,3)
r(19,3,0,3)
w(11,2,0,3)
r(0,2,0,3)
r(12,2,0,4)
w(4,3,0,4)
w(1,2,0,4)
r(18,3,0,4)
w(10,3,0,4)
w(2,2,0,4)
w(16,4,0,4)
w(7,4,0,4)
w(13,4,0,4)
r(9,1,0,4)
w(6,3,0,4)
w(11,3,0,4)
r(8,2,0,4)
r(17,1,0,4)
w(19,4,0,4)
w(0,3,0,4)
r(3,1,0,4)
r(5,4,0,4)
w(15,1,0,4)
w(14,3,0,4)
w(19,5,0,5)
r(8,712,0,5)
r(15,620,0,5)
w(14,4,0,5)
w(7,5,0,5)
r(10,624,0,5)
w(9,2,0,5)
r(2,602,0,5)
r(13,701,0,5)
r(11,618,0,5)
w(3,2,0,5)
w(17,2,0,5)
w(16,5,0,5)
w(6,4,0,5)
w(0,4,0,5)
r(4,591,0,5)
r(12,2,0,5)
w(18,4,0,5)
r(5,642,0,5)
w(1,3,0,5)
r(5,108,0,6)
r(1,91,0,6)
w(6,5,0,6)
w(19,6,0,6)
r(2,93,0,6)
r(17,507,0,6)
w(12,3,0,6)
r(16,854,0,6)
r(11,817,0,6)
r(10,827,0,6)
r(7,586,0,6)
r(14,110,0,6)
w(0,5,0,6)
r(3,107,0,6)
r(8,114,0,6)
w(15,2,0,6)
w(13,5,0,6)
r(18,107,0,6)
w(9,3,0,6)
w(4,4,0,6)
w(16,6,0,7)
w(17,3,0,7)
r(4,703,0,7)
w(10,4,0,7)
r(7,689,0,7)
r(18,690,0,7)
r(19,816,0,7)
w(11,4,0,7)
w(13,6,0,7)
r(1,693,0,7)
r(12,400,0,7)
r(9,107,0,7)
r(6,721,0,7)
w(3,3,0,7)
w(8,3,0,7)
w(0,6,0,7)
r(14,682,0,7)
w(15,3,0,7)
w(5,5,0,7)
w(2,3,0,7)
w(19,7,0,8)
r(18,690,0,8)
r(7,689,0,8)
r(16,426,0,8)
w(4,5,0,8)
r(14,682,0,8)
w(9,4,0,8)
w(17,4,0,8)
w(5,6,0,8)
w(11,5,0,8)
w(8,4,0,8)
w(15,4,0,8)
w(6,6,0,8)
w(0,7,0,8)
r(3,700,0,8)
r(2,93,0,8)
w(13,7,0,8)
w(12,4,0,8)
r(1,693,0,8)
w(10,5,0,8)
w(16,7,0,9)
w(9,5,0,9)
w(7,6,0,9)
w(2,4,0,9)
r(3,513,0,9)
w(19,8,0,9)
w(12,5,0,9)
w(6,7,0,9)
r(13,496,0,9)
w(14,5,0,9)
w(15,5,0,9)
r(1,489,0,9)
w(18,5,0,9)
w(4,6,0,9)
r(0,493,0,9)
r(8,506,0,9)
r(10,515,0,9)
w(11,6,0,9)
w(5,7,0,9)
r(17,4,0,9)
w(3,4,0,10)
w(10,6,0,10)
r(17,4,0,10)
w(8,5,0,10)
r(16,430,0,10)
r(11,5,0,10)
r(0,493,0,10)
w(18,6,0,10)
w(19,9,0,10)
r(13,387,0,10)
w(9,6,0,10)
r(12,500,0,10)
w(5,8,0,10)
r(4,500,0,10)
r(2,488,0,10)
r(14,409,0,10)
r(1,387,0,10)
r(15,427,0,10)
r(7,689,0,10)
r(6,401,0,10)
r(4,403,0,11)
w(16,8,0,11)
w(8,6,0,11)
w(13,8,0,11)
r(14,411,0,11)
r(19,208,0,11)
w(15,6,0,11)
r(12,211,0,11)
w(2,5,0,11)
w(0,8,0,11)
w(11,7,0,11)
w(3,5,0,11)
r(7,203,0,11)
w(1,4,0,11)
r(5,221,0,11)
w(17,5,0,11)
w(18,7,0,11)
w(10,7,0,11)
r(6,932,0,11)
w(9,7,0,11)
r(7,203,0,12)
r(4,403,0,12)
w(1,5,0,12)
w(19,10,0,12)
w(11,8,0,12)
w(16,9,0,12)
r(5,221,0,12)
r(6,932,0,12)
r(3,5,0,12)
w(10,8,0,12)
w(18,8,0,12)
r(8,6,0,12)
r(9,7,0,12)
w(14,6,0,12)
r(2,5,0,12)
w(0,9,0,12)
w(17,6,0,12)
r(13,8,0,12)
r(15,6,0,12)
w(12,6,0,12)
r(19,208,0,13)
r(9,7,0,13)
r(11,7,0,13)
r(10,7,0,13)
r(17,5,0,13)
r(2,5,0,13)
w(7,7,0,13)
r(8,6,0,13)
w(5,9,0,13)
r(3,5,0,13)
r(6,932,0,13)
r(1,4,0,13)
w(16,10,0,13)
r(14,411,0,13)
r(13,8,0,13)
w(18,9,0,13)
w(15,7,0,13)
r(4,403,0,13)
r(0,8,0,13)
w(12,7,0,13)
w(7,8,0,14)
r(10,7,0,14)
w(18,10,0,14)
w(5,10,0,14)
w(12,8,0,14)
w(6,8,0,14)
r(11,7,0,14)
w(9,8,0,14)
w(0,10,0,14)
r(16,8,0,14)
r(4,403,0,14)
r(3,5,0,14)
r(1,4,0,14)
r(17,5,0,14)
w(14,7,0,14)
w(13,9,0,14)
w(2,6,0,14)
w(15,8,0,14)
r(19,208,0,14)
w(8,7,0,14)
r(8,6,0,15)
w(2,7,0,15)
w(6,9,0,15)
w(11,9,0,15)
r(1,4,0,15)
r(15,6,0,15)
r(12,211,0,15)
r(0,8,0,15)
w(5,11,0,15)
w(9,9,0,15)
r(3,5,0,15)
w(16,11,0,15)
w(19,11,0,15)
w(18,11,0,15)
w(10,9,0,15)
r(17,5,0,15)
r(14,411,0,15)
w(13,10,0,15)
w(4,7,0,15)
r(7,203,0,15)
w(8,8,0,16)
w(15,9,0,16)
w(13,11,0,16)
r(5,221,0,16)
r(19,208,0,16)
r(7,203,0,16)
w(3,6,0,16)
r(12,211,0,16)
r(16,8,0,16)
r(1,4,0,16)
r(9,7,0,16)
r(14,411,0,16)
w(0,11,0,16)
r(11,7,0,16)
r(4,403,0,16)
r(2,5,0,16)
r(18,7,0,16)
w(17,7,0,16)
r(10,7,0,16)
r(6,932,0,16)
w(13,12,0,17)
r(17,5,0,17)
r(18,7,0,17)
r(19,109,0,17)
r(5,116,0,17)
w(8,9,0,17)
w(7,9,0,17)
r(11,116,0,17)
r(9,113,0,17)
r(0,113,0,17)
w(2,8,0,17)
r(4,99,0,17)
w(15,10,0,17)
r(12,113,0,17)
w(6,10,0,17)
w(14,8,0,17)
r(16,115,0,17)
w(1,6,0,17)
r(10,7,0,17)
w(3,7,0,17)
w(16,12,0,18)
w(0,12,0,18)
w(9,10,0,18)
w(3,8,0,18)
r(14,116,0,18)
w(19,12,0,18)
w(1,7,0,18)
r(12,114,0,18)
r(15,110,0,18)
r(17,112,0,18)
w(4,8,0,18)
r(8,720,0,18)
w(7,10,0,18)
w(13,13,0,18)
w(10,10,0,18)
r(2,101,0,18)
r(6,726,0,18)
r(5,119,0,18)
w(18,12,0,18)
r(11,727,0,18)
r(5,844,0,19)
r(16,116,0,19)
w(17,8,0,19)
r(8,833,0,19)
r(9,818,0,19)
w(11,10,0,19)
r(1,99,0,19)
r(7,794,0,19)
r(3,805,0,19)
r(6,828,0,19)
w(18,13,0,19)
w(4,9,0,19)
r(15,816,0,19)
w(2,9,0,19)
w(13,14,0,19)
w(10,11,0,19)
w(14,9,0,19)
r(12,791,0,19)
w(0,13,0,19)
r(19,822,0,19)
r(15,1,1,20)
r(11,3,1,20)
w(6,91,1,20)
r(7,585,1,20)
r(4,588,1,20)
w(19,102,1,20)
r(1,2,1,20)
w(5,105,1,20)
r(18,3,1,20)
r(9,1,1,20)
r(2,2,1,20)
r(0,3,1,20)
r(17,1,1,20)
r(8,2,1,20)
r(10,3,1,20)
w(3,104,1,20)
w(14,107,1,20)
w(16,110,1,20)
r(12,2,1,20)
w(13,106,1,20)
w(12,104,1,21)
r(14,589,1,21)
r(8,712,1,21)
r(13,701,1,21)
w(15,103,1,21)
r(19,4,1,21)
w(3,105,1,21)
w(2,92,1,21)
w(4,92,1,21)
r(7,586,1,21)
r(5,642,1,21)
w(17,103,1,21)
r(10,624,1,21)
r(18,485,1,21)
r(11,618,1,21)
r(0,3,1,21)
r(9,1,1,21)
r(6,613,1,21)
w(1,88,1,21)
w(16,111,1,21)
r(5,541,1,22)
r(15,808,1,22)
w(18,106,1,22)
w(12,105,1,22)
w(19,103,1,22)
w(9,104,1,22)
r(6,821,1,22)
r(0,3,1,22)
r(8,827,1,22)
r(16,854,1,22)
r(7,586,1,22)
w(1,89,1,22)
w(14,108,1,22)
w(4,93,1,22)
r(17,507,1,22)
r(3,510,1,22)
r(2,485,1,22)
r(10,827,1,22)
r(11,817,1,22)
r(13,793,1,22)
r(3,510,1,23)
w(12,106,1,23)
w(15,104,1,23)
r(14,780,1,23)
w(11,110,1,23)
r(2,485,1,23)
r(0,3,1,23)
w(13,107,1,23)
r(8,827,1,23)
w(7,103,1,23)
r(6,821,1,23)
w(19,104,1,23)
w(17,104,1,23)
w(16,112,1,23)
w(9,105,1,23)
r(10,827,1,23)
w(5,106,1,23)
w(4,94,1,23)
w(1,90,1,23)
r(18,782,1,23)
w(5,107,1,24)
w(0,108,1,24)
w(8,113,1,24)
r(15,808,1,24)
r(4,805,1,24)
r(7,586,1,24)
r(11,817,1,24)
w(13,108,1,24)
r(16,854,1,24)
r(18,782,1,24)
r(10,827,1,24)
w(12,107,1,24)
r(17,507,1,24)
w(14,109,1,24)
w(6,92,1,24)
r(1,594,1,24)
w(3,106,1,24)
r(2,485,1,24)
r(19,816,1,24)
w(9,106,1,24)
r(7,586,1,25)
r(17,507,1,25)
r(15,808,1,25)
r(11,817,1,25)
w(3,107,1,25)
w(1,91,1,25)
w(5,108,1,25)
w(9,107,1,25)
w(13,109,1,25)
w(18,107,1,25)
w(12,108,1,25)
r(10,827,1,25)
r(0,3,1,25)
r(19,816,1,25)
r(16,854,1,25)
w(8,114,1,25)
w(6,93,1,25)
w(14,110,1,25)
r(4,805,1,25)
w(2,93,1,25)
w(17,105,1,26)
r(10,827,1,26)
w(9,108,1,26)
r(3,107,1,26)
w(18,108,1,26)
r(0,3,1,26)
r(19,816,1,26)
w(12,109,1,26)
r(8,114,1,26)
w(11,111,1,26)
w(14,111,1,26)
w(7,104,1,26)
r(5,108,1,26)
r(16,854,1,26)
r(4,805,1,26)
w(2,94,1,26)
w(13,110,1,26)
r(6,93,1,26)
w(1,92,1,26)
r(15,808,1,26)
r(8,405,1,27)
w(11,112,1,27)
w(19,105,1,27)
r(16,426,1,27)
r(15,711,1,27)
w(1,93,1,27)
w(0,109,1,27)
w(4,95,1,27)
w(7,105,1,27)
r(9,107,1,27)
r(18,690,1,27)
w(3,108,1,27)
w(14,112,1,27)
w(5,109,1,27)
r(10,737,1,27)
w(2,95,1,27)
w(6,94,1,27)
w(13,111,1,27)
w(12,110,1,27)
r(17,710,1,27)
w(7,106,1,28)
w(13,112,1,28)
r(8,405,1,28)
r(19,816,1,28)
r(9,107,1,28)
r(12,400,1,28)
w(5,110,1,28)
r(0,690,1,28)
r(2,93,1,28)
w(17,106,1,28)
w(14,113,1,28)
r(15,711,1,28)
w(4,96,1,28)
r(18,690,1,28)
w(16,113,1,28)
w(1,94,1,28)
w(10,101,1,28)
w(11,113,1,28)
w(3,109,1,28)
r(6,721,1,28)
w(13,113,1,29)
w(3,110,1,29)
r(6,514,1,29)
r(5,544,1,29)
r(17,4,1,29)
r(14,498,1,29)
w(18,109,1,29)
r(0,493,1,29)
w(19,106,1,29)
w(1,95,1,29)
w(16,114,1,29)
r(7,689,1,29)
r(8,506,1,29)
r(10,515,1,29)
r(4,500,1,29)
w(15,105,1,29)
r(9,4,1,29)
w(11,114,1,29)
r(12,500,1,29)
w(2,96,1,29)
r(16,948,1,30)
r(19,930,1,30)
r(14,409,1,30)
r(4,905,1,30)
r(8,506,1,30)
w(6,95,1,30)
w(5,111,1,30)
r(3,513,1,30)
r(1,387,1,30)
w(10,102,1,30)
w(17,107,1,30)
r(12,500,1,30)
w(7,107,1,30)
r(13,892,1,30)
r(2,488,1,30)
r(9,907,1,30)
w(15,106,1,30)
w(18,110,1,30)
r(0,493,1,30)
r(11,920,1,30)
w(9,109,1,31)
w(17,108,1,31)
w(3,111,1,31)
w(1,96,1,31)
w(2,97,1,31)
w(14,114,1,31)
r(10,7,1,31)
w(12,111,1,31)
r(8,6,1,31)
w(18,111,1,31)
w(19,107,1,31)
r(16,8,1,31)
r(11,7,1,31)
w(4,97,1,31)
w(5,112,1,31)
r(15,6,1,31)
w(0,110,1,31)
r(6,932,1,31)
r(7,203,1,31)
w(13,114,1,31)
w(2,98,1,32)
r(19,208,1,32)
r(0,8,1,32)
w(13,115,1,32)
w(5,113,1,32)
r(4,403,1,32)
r(18,7,1,32)
w(3,112,1,32)
r(17,5,1,32)
r(1,4,1,32)
w(15,107,1,32)
r(7,203,1,32)
r(12,211,1,32)
w(10,103,1,32)
w(8,115,1,32)
r(11,7,1,32)
r(6,932,1,32)
w(9,110,1,32)
r(16,8,1,32)
r(14,411,1,32)
w(10,104,1,33)
r(3,5,1,33)
w(18,112,1,33)
w(17,109,1,33)
w(8,116,1,33)
r(6,932,1,33)
r(1,4,1,33)
w(4,98,1,33)
r(16,8,1,33)
w(2,99,1,33)
w(9,111,1,33)
w(5,114,1,33)
r(15,6,1,33)
r(7,203,1,33)
w(12,112,1,33)
r(19,208,1,33)
w(13,116,1,33)
w(0,111,1,33)
w(11,115,1,33)
r(14,411,1,33)
w(10,105,1,34)
w(19,108,1,34)
r(1,4,1,34)
w(9,112,1,34)
w(8,117,1,34)
r(18,7,1,34)
r(4,403,1,34)
r(15,6,1,34)
w(5,115,1,34)
w(7,108,1,34)
r(12,211,1,34)
r(2,5,1,34)
w(6,96,1,34)
r(13,8,1,34)
r(14,411,1,34)
w(0,112,1,34)
r(3,5,1,34)
r(11,7,1,34)
r(16,8,1,34)
w(17,110,1,34)
w(12,113,1,35)
r(17,5,1,35)
w(5,116,1,35)
w(2,100,1,35)
r(6,932,1,35)
w(9,113,1,35)
r(13,8,1,35)
w(1,97,1,35)
r(10,7,1,35)
w(16,115,1,35)
w(0,113,1,35)
r(15,6,1,35)
r(14,411,1,35)
w(19,109,1,35)
r(18,7,1,35)
w(8,118,1,35)
w(4,99,1,35)
w(3,113,1,35)
r(7,203,1,35)
w(11,116,1,35)
w(4,100,1,36)
r(12,113,1,36)
w(6,97,1,36)
w(9,114,1,36)
r(0,501,1,36)
r(2,199,1,36)
r(11,225,1,36)
w(5,117,1,36)
r(13,203,1,36)
r(8,118,1,36)
r(16,219,1,36)
w(3,114,1,36)
w(15,108,1,36)
r(17,212,1,36)
r(7,203,1,36)
w(14,115,1,36)
r(1,496,1,36)
r(10,523,1,36)
w(19,110,1,36)
w(18,113,1,36)
r(2,715,1,37)
w(17,111,1,37)
w(4,101,1,37)
w(0,114,1,37)
r(6,726,1,37)
w(8,119,1,37)
r(3,704,1,37)
w(19,111,1,37)
r(10,741,1,37)
r(16,758,1,37)
r(11,727,1,37)
w(1,98,1,37)
r(12,790,1,37)
r(13,708,1,37)
r(14,503,1,37)
w(15,109,1,37)
w(5,118,1,37)
w(9,115,1,37)
w(18,114,1,37)
w(7,109,1,37)
w(5,119,1,38)
w(13,117,1,38)
w(1,99,1,38)
w(2,101,1,38)
r(10,741,1,38)
w(17,112,1,38)
w(19,112,1,38)
r(11,727,1,38)
w(12,114,1,38)
w(16,116,1,38)
w(14,116,1,38)
w(9,116,1,38)
w(4,102,1,38)
r(6,726,1,38)
w(7,110,1,38)
w(15,110,1,38)
w(3,115,1,38)
r(8,720,1,38)
r(0,802,1,38)
r(18,495,1,38)
r(17,112,1,39)
w(6,98,1,39)
r(3,115,1,39)
r(12,114,1,39)
r(7,110,1,39)
w(18,115,1,39)
w(10,106,1,39)
w(8,120,1,39)
w(5,120,1,39)
w(16,117,1,39)
w(9,117,1,39)
r(19,112,1,39)
w(0,115,1,39)
r(13,117,1,39)
w(11,117,1,39)
r(14,116,1,39)
r(1,99,1,39)
r(2,101,1,39)
r(4,102,1,39)
r(15,110,1,39)
w(1,183,2,40)
w(9,208,2,40)
w(13,195,2,40)
w(7,199,2,40)
w(18,200,2,40)
r(19,4,2,40)
r(15,1,2,40)
w(6,196,2,40)
r(8,2,2,40)
r(16,4,2,40)
w(5,216,2,40)
w(12,204,2,40)
w(4,196,2,40)
r(3,1,2,40)
w(0,195,2,40)
w(10,200,2,40)
w(11,218,2,40)
w(14,215,2,40)
r(2,2,2,40)
w(17,205,2,40)
r(7,586,2,41)
r(8,114,2,41)
r(6,93,2,41)
r(18,107,2,41)
w(1,184,2,41)
r(13,109,2,41)
w(4,197,2,41)
r(9,107,2,41)
w(17,206,2,41)
r(2,93,2,41)
w(0,196,2,41)
w(16,210,2,41)
w(5,217,2,41)
w(12,205,2,41)
r(10,827,2,41)
w(11,219,2,41)
r(3,107,2,41)
w(15,212,2,41)
r(14,110,2,41)
w(19,205,2,41)
r(15,808,2,42)
r(5,108,2,42)
w(14,216,2,42)
r(11,817,2,42)
w(12,206,2,42)
r(6,93,2,42)
w(3,202,2,42)
w(8,219,2,42)
w(16,211,2,42)
r(4,805,2,42)
w(13,196,2,42)
r(19,816,2,42)
w(10,201,2,42)
r(2,93,2,42)
w(18,201,2,42)
r(1,91,2,42)
w(0,197,2,42)
w(9,209,2,42)
r(17,507,2,42)
w(7,200,2,42)
w(19,206,2,43)
w(11,220,2,43)
w(16,212,2,43)
r(1,91,2,43)
w(13,197,2,43)
w(5,218,2,43)
w(7,201,2,43)
w(18,202,2,43)
r(9,107,2,43)
w(8,220,2,43)
w(12,207,2,43)
w(2,196,2,43)
w(0,198,2,43)
w(4,198,2,43)
w(14,217,2,43)
w(17,207,2,43)
r(15,424,2,43)
r(6,399,2,43)
r(10,827,2,43)
r(3,107,2,43)
w(13,198,2,44)
w(14,218,2,44)
w(16,213,2,44)
r(2,488,2,44)
r(7,893,2,44)
r(19,930,2,44)
w(12,208,2,44)
r(18,487,2,44)
r(3,513,2,44)
r(4,905,2,44)
r(9,907,2,44)
w(6,197,2,44)
w(8,221,2,44)
w(17,208,2,44)
r(10,932,2,44)
w(15,213,2,44)
r(1,387,2,44)
w(0,199,2,44)
r(11,920,2,44)
r(5,931,2,44)
r(19,930,2,45)
r(7,893,2,45)
r(14,409,2,45)
w(11,221,2,45)
w(4,199,2,45)
w(15,214,2,45)
w(13,199,2,45)
w(5,219,2,45)
r(2,488,2,45)
w(8,222,2,45)
w(16,214,2,45)
r(9,907,2,45)
w(6,198,2,45)
r(1,387,2,45)
r(18,487,2,45)
w(10,202,2,45)
r(17,4,2,45)
r(3,513,2,45)
r(0,493,2,45)
w(12,209,2,45)
r(2,388,2,46)
w(8,223,2,46)
r(11,421,2,46)
w(3,203,2,46)
r(14,411,2,46)
w(1,185,2,46)
r(15,523,2,46)
w(12,210,2,46)
w(16,215,2,46)
w(13,200,2,46)
r(0,497,2,46)
r(10,409,2,46)
w(5,220,2,46)
w(18,203,2,46)
w(19,207,2,46)
r(4,403,2,46)
r(6,932,2,46)
w(17,209,2,46)
w(9,210,2,46)
w(7,202,2,46)
r(9,708,2,47)
r(14,411,2,47)
w(3,204,2,47)
w(12,211,2,47)
r(11,723,2,47)
w(5,221,2,47)
w(2,197,2,47)
r(18,692,2,47)
r(17,209,2,47)
r(4,403,2,47)
w(10,203,2,47)
w(15,215,2,47)
r(8,718,2,47)
r(16,756,2,47)
r(6,932,2,47)
r(1,694,2,47)
w(0,200,2,47)
w(19,208,2,47)
w(7,203,2,47)
w(13,201,2,47)
w(15,216,2,48)
w(13,202,2,48)
w(17,210,2,48)
r(16,8,2,48)
w(11,222,2,48)
r(12,211,2,48)
r(19,208,2,48)
r(1,4,2,48)
w(5,222,2,48)
w(10,204,2,48)
r(9,7,2,48)
w(2,198,2,48)
w(14,219,2,48)
w(0,201,2,48)
w(18,204,2,48)
r(4,403,2,48)
w(6,199,2,48)
r(7,203,2,48)
w(3,205,2,48)
w(8,224,2,48)
r(6,932,2,49)
r(7,203,2,49)
w(14,220,2,49)
w(15,217,2,49)
w(3,206,2,49)
r(13,8,2,49)
w(11,223,2,49)
w(4,200,2,49)
r(10,7,2,49)
w(0,202,2,49)
r(12,211,2,49)
r(17,5,2,49)
r(19,208,2,49)
r(2,5,2,49)
w(9,211,2,49)
r(5,221,2,49)
r(8,6,2,49)
r(1,4,2,49)
w(16,216,2,49)
w(18,205,2,49)
w(4,201,2,50)
r(2,100,2,50)
w(11,224,2,50)
w(17,211,2,50)
w(6,200,2,50)
r(0,113,2,50)
w(9,212,2,50)
w(7,204,2,50)
r(15,6,2,50)
r(12,113,2,50)
w(8,225,2,50)
r(3,113,2,50)
r(5,116,2,50)
w(10,205,2,50)
r(18,7,2,50)
r(13,8,2,50)
r(19,109,2,50)
w(16,217,2,50)
r(14,411,2,50)
r(1,97,2,50)
r(8,118,2,51)
r(1,97,2,51)
w(5,223,2,51)
w(9,213,2,51)
w(4,202,2,51)
r(14,411,2,51)
w(0,203,2,51)
w(16,218,2,51)
r(13,8,2,51)
r(12,113,2,51)
w(15,218,2,51)
r(18,7,2,51)
r(2,100,2,51)
r(19,109,2,51)
w(17,212,2,51)
r(11,116,2,51)
r(7,203,2,51)
r(10,7,2,51)
w(3,207,2,51)
w(6,201,2,51)
r(7,203,2,52)
w(1,186,2,52)
r(4,202,2,52)
w(16,219,2,52)
w(5,224,2,52)
r(12,113,2,52)
r(3,207,2,52)
w(19,209,2,52)
w(18,206,2,52)
r(17,212,2,52)
r(8,118,2,52)
r(10,7,2,52)
r(6,201,2,52)
w(13,203,2,52)
r(0,203,2,52)
r(14,411,2,52)
w(2,199,2,52)
w(11,225,2,52)
w(15,219,2,52)
r(9,213,2,52)
w(3,208,2,53)
r(16,219,2,53)
w(12,212,2,53)
r(17,212,2,53)
r(5,224,2,53)
w(4,203,2,53)
r(6,201,2,53)
r(19,518,2,53)
r(9,516,2,53)
r(8,118,2,53)
w(11,226,2,53)
w(2,200,2,53)
r(15,525,2,53)
w(18,207,2,53)
w(14,221,2,53)
w(13,204,2,53)
r(1,496,2,53)
w(0,204,2,53)
w(7,205,2,53)
r(10,523,2,53)
w(6,202,2,54)
r(9,116,2,54)
w(12,213,2,54)
w(16,220,2,54)
w(8,226,2,54)
r(17,112,2,54)
r(14,116,2,54)
r(19,112,2,54)
w(3,209,2,54)
w(2,201,2,54)
r(11,727,2,54)
r(4,102,2,54)
r(0,802,2,54)
w(15,220,2,54)
r(1,99,2,54)
w(13,205,2,54)
r(18,495,2,54)
w(5,225,2,54)
w(10,206,2,54)
w(7,206,2,54)
r(4,102,2,55)
r(5,550,2,55)
w(6,203,2,55)
w(1,187,2,55)
r(0,503,2,55)
w(11,227,2,55)
r(3,516,2,55)
w(16,221,2,55)
w(19,210,2,55)
r(13,504,2,55)
r(17,516,2,55)
w(2,202,2,55)
w(8,227,2,55)
r(10,525,2,55)
r(18,495,2,55)
w(14,222,2,55)
r(9,116,2,55)
w(12,214,2,55)
r(7,488,2,55)
w(15,221,2,55)
r(7,794,2,56)
w(2,203,2,56)
w(17,213,2,56)
r(16,435,2,56)
w(5,226,2,56)
w(15,222,2,56)
r(11,423,2,56)
r(0,407,2,56)
w(1,188,2,56)
r(12,404,2,56)
w(18,208,2,56)
r(14,786,2,56)
r(6,404,2,56)
r(9,420,2,56)
w(4,204,2,56)
w(3,210,2,56)
r(19,822,2,56)
w(8,228,2,56)
r(10,412,2,56)
r(13,394,2,56)
w(2,204,2,57)
r(7,794,2,57)
w(17,214,2,57)
w(16,222,2,57)
r(13,295,2,57)
w(8,229,2,57)
w(6,204,2,57)
r(5,331,2,57)
w(18,209,2,57)
r(12,404,2,57)
r(10,318,2,57)
r(15,818,2,57)
r(19,302,2,57)
w(1,189,2,57)
r(4,309,2,57)
w(14,223,2,57)
w(0,205,2,57)
w(3,211,2,57)
w(11,228,2,57)
r(9,319,2,57)
w(3,212,2,58)
w(18,210,2,58)
w(10,207,2,58)
w(8,230,2,58)
r(1,296,2,58)
r(19,302,2,58)
r(12,404,2,58)
w(4,205,2,58)
w(11,229,2,58)
r(5,331,2,58)
r(15,818,2,58)
w(17,215,2,58)
w(0,206,2,58)
r(2,292,2,58)
r(13,295,2,58)
w(7,207,2,58)
r(16,336,2,58)
r(6,304,2,58)
w(14,224,2,58)
r(9,319,2,58)
w(17,216,2,59)
w(18,211,2,59)
r(8,413,2,59)
w(14,225,2,59)
r(9,319,2,59)
w(5,227,2,59)
r(10,414,2,59)
r(0,408,2,59)
w(19,211,2,59)
r(12,406,2,59)
w(11,230,2,59)
r(15,432,2,59)
r(1,391,2,59)
r(2,292,2,59)
r(3,417,2,59)
w(16,223,2,59)
r(6,406,2,59)
w(7,208,2,59)
w(13,206,2,59)
r(4,309,2,59)
r(3,510,3,60)
r(0,3,3,60)
r(12,2,3,60)
r(2,484,3,60)
r(4,700,3,60)
w(6,295,3,60)
w(9,311,3,60)
w(11,322,3,60)
r(15,1,3,60)
r(8,712,3,60)
r(17,705,3,60)
r(14,589,3,60)
w(10,306,3,60)
w(5,320,3,60)
r(19,4,3,60)
w(1,286,3,60)
r(13,701,3,60)
w(16,328,3,60)
r(7,686,3,60)
w(18,297,3,60)
r(0,3,3,61)
r(1,594,3,61)
r(5,541,3,61)
w(6,296,3,61)
w(7,303,3,61)
w(18,298,3,61)
w(8,318,3,61)
w(16,329,3,61)
w(14,313,3,61)
r(2,485,3,61)
w(3,300,3,61)
r(10,827,3,61)
w(12,304,3,61)
w(4,300,3,61)
r(13,793,3,61)
r(11,817,3,61)
r(17,507,3,61)
w(9,312,3,61)
w(15,318,3,61)
r(19,816,3,61)
w(2,289,3,62)
w(5,321,3,62)
w(14,314,3,62)
r(3,510,3,62)
w(17,303,3,62)
r(15,808,3,62)
r(9,507,3,62)
r(4,805,3,62)
w(11,323,3,62)
w(1,287,3,62)
r(8,827,3,62)
w(12,305,3,62)
r(18,782,3,62)
w(10,307,3,62)
w(16,330,3,62)
r(13,793,3,62)
w(0,296,3,62)
w(7,304,3,62)
w(19,296,3,62)
r(6,821,3,62)
r(4,805,3,63)
w(15,319,3,63)
w(19,297,3,63)
r(0,3,3,63)
w(16,331,3,63)
r(2,485,3,63)
r(6,821,3,63)
r(7,586,3,63)
w(14,315,3,63)
r(1,594,3,63)
r(17,507,3,63)
w(10,308,3,63)
w(5,322,3,63)
w(12,306,3,63)
r(8,827,3,63)
r(9,507,3,63)
r(13,793,3,63)
w(11,324,3,63)
r(3,510,3,63)
w(18,299,3,63)
w(11,325,3,64)
r(16,426,3,64)
w(19,298,3,64)
w(3,301,3,64)
r(8,405,3,64)
w(18,300,3,64)
r(10,827,3,64)
r(17,507,3,64)
r(1,91,3,64)
r(14,406,3,64)
r(0,3,3,64)
r(13,384,3,64)
w(12,307,3,64)
w(9,313,3,64)
r(15,424,3,64)
r(2,93,3,64)
r(4,805,3,64)
r(7,388,3,64)
w(6,297,3,64)
r(5,431,3,64)
w(17,304,3,65)
w(3,302,3,65)
r(19,816,3,65)
r(16,426,3,65)
w(8,319,3,65)
r(4,805,3,65)
r(14,406,3,65)
w(0,297,3,65)
r(5,431,3,65)
w(12,308,3,65)
r(13,384,3,65)
w(9,314,3,65)
r(11,417,3,65)
w(10,309,3,65)
w(18,301,3,65)
w(1,288,3,65)
r(15,424,3,65)
r(7,388,3,65)
w(6,298,3,65)
w(2,290,3,65)
w(4,301,3,66)
w(2,291,3,66)
w(5,323,3,66)
w(9,315,3,66)
r(10,515,3,66)
r(8,506,3,66)
w(12,309,3,66)
w(17,305,3,66)
w(15,320,3,66)
w(0,298,3,66)
w(18,302,3,66)
w(14,316,3,66)
w(7,305,3,66)
r(11,5,3,66)
w(16,332,3,66)
r(13,496,3,66)
w(3,303,3,66)
r(1,489,3,66)
r(6,514,3,66)
r(19,513,3,66)
w(8,320,3,67)
w(1,289,3,67)
w(5,324,3,67)
r(2,488,3,67)
w(4,302,3,67)
w(7,306,3,67)
r(3,513,3,67)
w(13,291,3,67)
r(10,407,3,67)
w(6,299,3,67)
r(12,500,3,67)
w(19,299,3,67)
r(14,409,3,67)
r(16,430,3,67)
r(17,4,3,67)
r(0,493,3,67)
w(9,316,3,67)
r(11,5,3,67)
r(15,427,3,67)
r(18,487,3,67)
r(11,7,3,68)
r(17,5,3,68)
w(13,292,3,68)
w(10,310,3,68)
w(15,321,3,68)
r(2,5,3,68)
w(8,321,3,68)
w(1,290,3,68)
r(3,5,3,68)
r(12,211,3,68)
r(16,8,3,68)
r(19,208,3,68)
r(14,411,3,68)
w(0,299,3,68)
w(5,325,3,68)
r(6,932,3,68)
w(4,303,3,68)
w(18,303,3,68)
r(9,7,3,68)
r(7,203,3,68)
r(10,7,3,69)
w(17,306,3,69)
r(12,211,3,69)
r(5,221,3,69)
r(1,4,3,69)
w(3,304,3,69)
r(2,5,3,69)
w(18,304,3,69)
r(8,6,3,69)
r(4,403,3,69)
r(13,8,3,69)
r(11,7,3,69)
w(16,333,3,69)
r(15,6,3,69)
r(14,411,3,69)
r(9,7,3,69)
r(19,208,3,69)
r(0,8,3,69)
w(7,307,3,69)
r(6,932,3,69)
r(2,5,3,70)
r(14,411,3,70)
r(7,203,3,70)
r(17,5,3,70)
w(10,311,3,70)
r(12,211,3,70)
w(3,305,3,70)
w(6,300,3,70)
r(9,7,3,70)
w(4,304,3,70)
r(16,8,3,70)
r(18,7,3,70)
w(13,293,3,70)
r(1,4,3,70)
w(5,326,3,70)
r(0,8,3,70)
r(15,6,3,70)
r(19,208,3,70)
r(8,6,3,70)
w(11,326,3,70)
r(0,8,3,71)
r(17,5,3,71)
w(13,294,3,71)
r(2,5,3,71)
w(10,312,3,71)
r(7,203,3,71)
r(8,6,3,71)
w(12,310,3,71)
w(11,327,3,71)
r(16,8,3,71)
r(15,6,3,71)
r(18,7,3,71)
w(14,317,3,71)
w(5,327,3,71)
w(19,300,3,71)
w(3,306,3,71)
w(6,301,3,71)
w(1,291,3,71)
w(9,317,3,71)
w(4,305,3,71)
r(7,203,3,72)
r(13,8,3,72)
w(16,334,3,72)
w(19,301,3,72)
r(9,7,3,72)
r(2,5,3,72)
r(5,221,3,72)
r(0,8,3,72)
r(12,211,3,72)
r(3,5,3,72)
r(11,7,3,72)
w(1,292,3,72)
w(17,307,3,72)
w(4,306,3,72)
r(18,7,3,72)
r(6,932,3,72)
w(10,313,3,72)
w(8,322,3,72)
w(15,322,3,72)
w(14,318,3,72)
w(5,328,3,73)
r(11,7,3,73)
w(6,302,3,73)
w(10,314,3,73)
w(15,323,3,73)
r(16,8,3,73)
w(3,307,3,73)
r(13,8,3,73)
r(4,403,3,73)
r(9,7,3,73)
r(2,5,3,73)
w(7,308,3,73)
r(19,208,3,73)
w(18,305,3,73)
w(12,311,3,73)
r(0,8,3,73)
r(8,6,3,73)
w(17,308,3,73)
r(1,4,3,73)
r(14,411,3,73)
w(9,318,3,74)
w(18,306,3,74)
r(3,113,3,74)
w(8,323,3,74)
w(7,309,3,74)
r(19,109,3,74)
w(1,293,3,74)
w(11,328,3,74)
w(17,309,3,74)
w(4,307,3,74)
r(16,115,3,74)
r(13,8,3,74)
w(14,319,3,74)
r(2,100,3,74)
w(10,315,3,74)
w(6,303,3,74)
w(12,312,3,74)
r(15,6,3,74)
w(5,329,3,74)
w(0,300,3,74)
w(4,308,3,75)
r(19,518,3,75)
r(11,225,3,75)
r(15,525,3,75)
r(2,199,3,75)
r(13,203,3,75)
r(0,501,3,75)
r(18,495,3,75)
w(10,316,3,75)
r(3,207,3,75)
r(8,118,3,75)
r(9,516,3,75)
w(5,330,3,75)
r(12,113,3,75)
r(6,201,3,75)
w(14,320,3,75)
w(1,294,3,75)
r(7,203,3,75)
r(17,212,3,75)
r(16,219,3,75)
r(17,213,3,76)
r(4,204,3,76)
w(8,324,3,76)
r(9,420,3,76)
r(12,404,3,76)
w(10,317,3,76)
w(5,331,3,76)
r(13,394,3,76)
r(19,822,3,76)
w(0,301,3,76)
r(2,203,3,76)
w(6,304,3,76)
w(3,308,3,76)
w(14,321,3,76)
w(11,329,3,76)
w(1,295,3,76)
w(16,335,3,76)
r(15,222,3,76)
r(18,208,3,76)
r(7,794,3,76)
w(0,302,3,77)
w(4,309,3,77)
w(16,336,3,77)
r(5,331,3,77)
r(7,794,3,77)
w(13,295,3,77)
w(3,309,3,77)
r(15,818,3,77)
w(1,296,3,77)
r(6,304,3,77)
w(9,319,3,77)
w(17,310,3,77)
r(18,789,3,77)
r(12,404,3,77)
w(10,318,3,77)
w(19,302,3,77)
w(2,292,3,77)
w(11,330,3,77)
r(14,321,3,77)
r(8,834,3,77)
w(0,303,3,78)
r(3,309,3,78)
r(15,818,3,78)
r(14,321,3,78)
r(9,319,3,78)
r(19,302,3,78)
r(1,296,3,78)
w(8,325,3,78)
r(5,331,3,78)
r(7,794,3,78)
r(6,304,3,78)
r(2,292,3,78)
w(16,337,3,78)
w(12,313,3,78)
w(10,319,3,78)
w(11,331,3,78)
r(13,295,3,78)
r(18,789,3,78)
r(17,310,3,78)
r(4,309,3,78)
r(7,794,3,79)
r(10,414,3,79)
r(6,406,3,79)
r(4,309,3,79)
w(3,310,3,79)
w(5,332,3,79)
w(1,297,3,79)
r(11,424,3,79)
w(0,304,3,79)
r(18,400,3,79)
w(13,296,3,79)
r(17,310,3,79)
w(9,320,3,79)
w(16,338,3,79)
w(15,324,3,79)
r(8,413,3,79)
w(19,303,3,79)
r(12,406,3,79)
r(14,321,3,79)
r(2,292,3,79)
r(6,612,4,80)
w(13,381,4,80)
r(16,633,4,80)
r(4,588,4,80)
w(11,416,4,80)
r(12,2,4,80)
w(19,404,4,80)
w(9,411,4,80)
w(15,423,4,80)
r(7,585,4,80)
w(10,403,4,80)
w(17,405,4,80)
r(5,4,4,80)
w(0,400,4,80)
w(14,404,4,80)
r(3,599,4,80)
w(1,383,4,80)
w(8,401,4,80)
r(2,2,4,80)
r(18,3,4,80)
w(16,424,4,81)
w(13,382,4,81)
r(19,4,4,81)
r(0,3,4,81)
r(4,591,4,81)
r(11,618,4,81)
r(10,624,4,81)
w(12,398,4,81)
w(5,428,4,81)
w(9,412,4,81)
w(8,402,4,81)
w(3,408,4,81)
r(15,620,4,81)
r(17,611,4,81)
r(1,594,4,81)
r(7,586,4,81)
r(18,485,4,81)
r(6,613,4,81)
r(14,589,4,81)
r(2,602,4,81)
r(6,821,4,82)
w(4,398,4,82)
r(3,510,4,82)
w(5,429,4,82)
w(10,404,4,82)
w(13,383,4,82)
r(12,781,4,82)
r(7,586,4,82)
w(1,384,4,82)
w(17,406,4,82)
r(14,780,4,82)
r(19,816,4,82)
r(16,854,4,82)
r(0,3,4,82)
r(11,817,4,82)
w(2,382,4,82)
r(15,808,4,82)
w(8,403,4,82)
w(9,413,4,82)
w(18,391,4,82)
w(14,405,4,83)
w(8,404,4,83)
r(13,793,4,83)
w(19,405,4,83)
w(16,425,4,83)
r(0,3,4,83)
r(6,821,4,83)
w(9,414,4,83)
r(10,827,4,83)
w(7,387,4,83)
r(1,594,4,83)
w(12,399,4,83)
r(15,808,4,83)
w(3,409,4,83)
r(18,782,4,83)
w(4,399,4,83)
w(5,430,4,83)
r(17,507,4,83)
r(11,817,4,83)
w(2,383,4,83)
r(10,827,4,84)
r(4,805,4,84)
r(19,816,4,84)
r(9,107,4,84)
w(7,388,4,84)
w(12,400,4,84)
r(17,507,4,84)
w(18,392,4,84)
w(6,399,4,84)
w(15,424,4,84)
w(16,426,4,84)
r(0,3,4,84)
w(11,417,4,84)
w(8,405,4,84)
r(2,93,4,84)
w(5,431,4,84)
r(3,107,4,84)
w(13,384,4,84)
r(1,91,4,84)
w(14,406,4,84)
r(4,805,4,85)
w(10,405,4,85)
r(8,405,4,85)
w(16,427,4,85)
w(14,407,4,85)
w(15,425,4,85)
w(1,385,4,85)
w(17,407,4,85)
r(12,400,4,85)
r(3,107,4,85)
r(6,399,4,85)
r(9,107,4,85)
r(7,388,4,85)
w(18,393,4,85)
w(11,418,4,85)
w(13,385,4,85)
w(5,432,4,85)
r(19,816,4,85)
r(0,3,4,85)
w(2,384,4,85)
r(3,700,4,86)
r(6,721,4,86)
r(8,405,4,86)
w(12,401,4,86)
w(7,389,4,86)
w(19,406,4,86)
r(9,107,4,86)
w(4,400,4,86)
w(14,408,4,86)
r(11,417,4,86)
r(17,710,4,86)
r(13,384,4,86)
w(10,406,4,86)
w(2,385,4,86)
r(5,749,4,86)
r(0,690,4,86)
r(1,693,4,86)
r(18,690,4,86)
r(15,711,4,86)
w(16,428,4,86)
r(6,721,4,87)
w(18,394,4,87)
w(3,410,4,87)
r(17,710,4,87)
r(10,737,4,87)
r(9,107,4,87)
r(15,711,4,87)
r(4,703,4,87)
r(8,405,4,87)
r(14,682,4,87)
w(2,386,4,87)
r(16,426,4,87)
w(11,419,4,87)
r(5,749,4,87)
w(12,402,4,87)
w(7,390,4,87)
r(19,816,4,87)
r(13,384,4,87)
w(0,401,4,87)
w(1,386,4,87)
w(15,426,4,88)
r(9,4,4,88)
r(3,513,4,88)
w(0,402,4,88)
w(8,406,4,88)
r(18,487,4,88)
w(4,401,4,88)
r(17,4,4,88)
r(14,498,4,88)
r(10,515,4,88)
w(13,386,4,88)
w(2,387,4,88)
w(6,400,4,88)
r(7,689,4,88)
r(12,500,4,88)
r(19,513,4,88)
w(16,429,4,88)
r(5,544,4,88)
r(1,489,4,88)
w(11,420,4,88)
r(4,500,4,89)
r(12,500,4,89)
w(6,401,4,89)
r(17,4,4,89)
r(8,506,4,89)
w(13,387,4,89)
r(0,493,4,89)
w(5,433,4,89)
w(10,407,4,89)
r(18,487,4,89)
r(7,689,4,89)
r(11,5,4,89)
w(16,430,4,89)
r(3,513,4,89)
w(9,415,4,89)
w(1,387,4,89)
w(14,409,4,89)
w(15,427,4,89)
w(19,407,4,89)
r(2,488,4,89)
w(13,388,4,90)
r(15,427,4,90)
w(14,410,4,90)
w(0,403,4,90)
w(10,408,4,90)
r(11,920,4,90)
w(6,402,4,90)
r(17,4,4,90)
r(3,513,4,90)
r(12,500,4,90)
r(16,948,4,90)
r(7,893,4,90)
r(18,487,4,90)
w(9,416,4,90)
r(2,488,4,90)
w(1,388,4,90)
w(19,408,4,90)
w(8,407,4,90)
w(5,434,4,90)
w(4,402,4,90)
r(17,4,4,91)
w(11,421,4,91)
r(13,892,4,91)
w(10,409,4,91)
w(4,403,4,91)
w(15,428,4,91)
r(19,930,4,91)
w(3,411,4,91)
w(8,408,4,91)
r(12,500,4,91)
w(2,388,4,91)
w(16,431,4,91)
w(14,411,4,91)
w(0,404,4,91)
w(7,391,4,91)
r(6,932,4,91)
r(18,487,4,91)
w(1,389,4,91)
w(5,435,4,91)
w(9,417,4,91)
r(15,215,4,92)
r(7,203,4,92)
w(13,389,4,92)
r(14,411,4,92)
w(12,403,4,92)
w(3,412,4,92)
w(0,405,4,92)
w(11,422,4,92)
r(6,932,4,92)
r(5,221,4,92)
r(17,209,4,92)
w(9,418,4,92)
w(16,432,4,92)
r(1,694,4,92)
r(2,197,4,92)
w(18,395,4,92)
r(10,203,4,92)
r(8,718,4,92)
r(19,208,4,92)
w(4,404,4,92)
r(8,6,4,93)
w(18,396,4,93)
r(11,7,4,93)
r(9,7,4,93)
r(2,5,4,93)
r(3,5,4,93)
r(16,8,4,93)
r(12,211,4,93)
w(15,429,4,93)
r(7,203,4,93)
w(4,405,4,93)
w(10,410,4,93)
w(19,409,4,93)
r(0,8,4,93)
r(1,4,4,93)
r(14,411,4,93)
w(13,390,4,93)
w(5,436,4,93)
r(6,932,4,93)
w(17,408,4,93)
r(12,113,4,94)
r(18,7,4,94)
w(9,419,4,94)
w(13,391,4,94)
w(4,406,4,94)
r(0,113,4,94)
w(2,389,4,94)
r(5,116,4,94)
w(16,433,4,94)
w(14,412,4,94)
w(3,413,4,94)
r(17,5,4,94)
w(6,403,4,94)
r(10,7,4,94)
r(1,97,4,94)
w(19,410,4,94)
r(11,116,4,94)
w(8,409,4,94)
w(7,392,4,94)
w(15,430,4,94)
r(7,794,4,95)
r(8,833,4,95)
r(5,844,4,95)
w(3,414,4,95)
r(10,525,4,95)
r(6,828,4,95)
w(2,390,4,95)
r(1,99,4,95)
r(9,818,4,95)
r(17,818,4,95)
r(18,495,4,95)
r(11,828,4,95)
w(13,392,4,95)
r(15,816,4,95)
w(0,406,4,95)
w(19,411,4,95)
r(4,810,4,95)
r(12,791,4,95)
w(16,434,4,95)
w(14,413,4,95)
r(6,828,4,96)
r(9,818,4,96)
w(1,390,4,96)
r(16,116,4,96)
w(8,410,4,96)
r(12,791,4,96)
w(2,391,4,96)
w(18,397,4,96)
r(14,786,4,96)
r(4,810,4,96)
w(17,409,4,96)
r(0,503,4,96)
w(5,437,4,96)
w(13,393,4,96)
w(10,411,4,96)
r(15,816,4,96)
w(19,412,4,96)
r(11,828,4,96)
w(7,393,4,96)
r(3,805,4,96)
w(9,420,4,97)
w(3,415,4,97)
w(0,407,4,97)
r(7,794,4,97)
w(17,410,4,97)
w(10,412,4,97)
w(13,394,4,97)
r(19,822,4,97)
w(12,404,4,97)
w(2,392,4,97)
r(5,844,4,97)
r(1,99,4,97)
r(14,786,4,97)
w(11,423,4,97)
w(18,398,4,97)
r(15,816,4,97)
w(16,435,4,97)
r(4,810,4,97)
w(8,411,4,97)
w(6,404,4,97)
w(16,436,4,98)
w(19,413,4,98)
r(11,329,4,98)
w(2,393,4,98)
w(10,413,4,98)
w(17,411,4,98)
r(4,204,4,98)
r(9,420,4,98)
r(1,295,4,98)
w(8,412,4,98)
w(6,405,4,98)
w(18,399,4,98)
r(14,321,4,98)
w(13,395,4,98)
w(3,416,4,98)
w(5,438,4,98)
w(12,405,4,98)
w(15,431,4,98)
r(0,301,4,98)
r(7,794,4,98)
r(9,319,4,99)
w(16,437,4,99)
w(1,391,4,99)
w(8,413,4,99)
r(14,321,4,99)
w(3,417,4,99)
w(0,408,4,99)
w(12,406,4,99)
r(13,295,4,99)
r(7,794,4,99)
w(19,414,4,99)
w(11,424,4,99)
r(4,309,4,99)
r(2,292,4,99)
w(6,406,4,99)
w(5,439,4,99)
w(15,432,4,99)
r(17,310,4,99)
w(18,400,4,99)
w(10,414,4,99)
r(19,4,5,100)
r(0,3,5,100)
w(18,485,5,100)
r(15,1,5,100)
w(2,484,5,100)
w(8,502,5,100)
r(10,3,5,100)
r(13,594,5,100)
r(7,585,5,100)
r(12,2,5,100)
r(9,1,5,100)
r(14,589,5,100)
w(5,540,5,100)
w(16,534,5,100)
r(6,612,5,100)
r(1,2,5,100)
w(3,510,5,100)
r(17,1,5,100)
r(4,588,5,100)
w(11,520,5,100)
w(19,509,5,101)
w(13,492,5,101)
w(2,485,5,101)
r(3,510,5,101)
w(8,503,5,101)
r(10,624,5,101)
w(16,535,5,101)
w(5,541,5,101)
w(9,507,5,101)
r(0,3,5,101)
r(7,586,5,101)
r(11,618,5,101)
r(18,485,5,101)
r(1,594,5,101)
w(17,507,5,101)
w(15,518,5,101)
w(4,498,5,101)
w(12,498,5,101)
r(14,589,5,101)
w(6,511,5,101)
r(4,805,5,102)
w(16,536,5,102)
w(13,493,5,102)
w(10,511,5,102)
w(19,510,5,102)
w(14,495,5,102)
w(9,508,5,102)
r(6,821,5,102)
r(3,510,5,102)
w(11,521,5,102)
r(1,594,5,102)
w(0,491,5,102)
w(5,542,5,102)
w(8,504,5,102)
w(2,486,5,102)
w(12,499,5,102)
w(7,481,5,102)
r(17,507,5,102)
w(15,519,5,102)
r(18,782,5,102)
r(6,93,5,103)
r(2,93,5,103)
w(3,511,5,103)
w(9,509,5,103)
w(0,492,5,103)
w(19,511,5,103)
r(5,108,5,103)
w(10,512,5,103)
w(18,486,5,103)
r(4,805,5,103)
w(17,508,5,103)
r(7,586,5,103)
w(14,496,5,103)
r(12,108,5,103)
r(15,808,5,103)
w(16,537,5,103)
r(13,109,5,103)
w(11,522,5,103)
w(8,505,5,103)
r(1,91,5,103)
r(4,805,5,104)
w(3,512,5,104)
w(17,509,5,104)
r(14,406,5,104)
w(6,512,5,104)
w(9,510,5,104)
r(19,816,5,104)
w(11,523,5,104)
r(2,93,5,104)
w(16,538,5,104)
r(8,405,5,104)
r(0,3,5,104)
w(1,488,5,104)
r(12,400,5,104)
w(13,494,5,104)
w(10,513,5,104)
w(15,520,5,104)
r(18,392,5,104)
w(7,482,5,104)
w(5,543,5,104)
w(4,499,5,105)
r(18,690,5,105)
r(8,405,5,105)
w(7,483,5,105)
w(19,512,5,105)
w(6,513,5,105)
r(12,400,5,105)
r(15,711,5,105)
w(10,514,5,105)
w(11,524,5,105)
r(0,690,5,105)
w(14,497,5,105)
r(3,700,5,105)
w(2,487,5,105)
r(5,749,5,105)
r(16,426,5,105)
r(1,693,5,105)
r(9,107,5,105)
w(13,495,5,105)
w(17,510,5,105)
w(3,513,5,106)
w(8,506,5,106)
w(4,500,5,106)
w(18,487,5,106)
w(6,514,5,106)
w(2,488,5,106)
w(0,493,5,106)
w(1,489,5,106)
w(13,496,5,106)
w(12,500,5,106)
r(11,5,5,106)
r(15,4,5,106)
r(9,4,5,106)
r(7,689,5,106)
w(10,515,5,106)
w(14,498,5,106)
w(5,544,5,106)
r(17,4,5,106)
w(19,513,5,106)
r(16,426,5,106)
w(13,497,5,107)
w(19,514,5,107)
w(14,499,5,107)
r(1,387,5,107)
r(15,427,5,107)
r(3,513,5,107)
r(9,907,5,107)
r(4,905,5,107)
w(12,501,5,107)
w(2,489,5,107)
r(16,948,5,107)
w(10,516,5,107)
r(17,4,5,107)
r(8,506,5,107)
w(18,488,5,107)
r(5,931,5,107)
r(7,893,5,107)
r(0,493,5,107)
r(11,920,5,107)
w(6,515,5,107)
w(8,507,5,108)
w(6,516,5,108)
r(5,931,5,108)
w(17,511,5,108)
r(9,907,5,108)
w(18,489,5,108)
w(12,502,5,108)
w(15,521,5,108)
w(11,525,5,108)
w(16,539,5,108)
w(1,490,5,108)
w(4,501,5,108)
r(10,932,5,108)
w(13,498,5,108)
w(14,500,5,108)
r(3,513,5,108)
w(7,484,5,108)
r(2,488,5,108)
w(0,494,5,108)
w(19,515,5,108)
w(8,508,5,109)
r(4,905,5,109)
w(6,517,5,109)
r(15,427,5,109)
w(3,514,5,109)
r(7,893,5,109)
w(13,499,5,109)
r(16,948,5,109)
r(14,409,5,109)
w(12,503,5,109)
w(10,517,5,109)
w(2,490,5,109)
w(9,511,5,109)
r(19,930,5,109)
w(1,491,5,109)
r(17,4,5,109)
r(5,931,5,109)
r(11,920,5,109)
w(0,495,5,109)
w(18,490,5,109)
w(1,492,5,110)
r(16,431,5,110)
w(10,518,5,110)
w(5,545,5,110)
r(19,930,5,110)
w(9,512,5,110)
r(17,4,5,110)
r(4,403,5,110)
w(11,526,5,110)
r(3,411,5,110)
w(0,496,5,110)
w(7,485,5,110)
w(15,522,5,110)
r(8,408,5,110)
w(13,500,5,110)
r(2,388,5,110)
w(14,501,5,110)
r(12,500,5,110)
w(6,518,5,110)
w(18,491,5,110)
w(13,501,5,111)
r(14,411,5,111)
r(8,408,5,111)
r(11,421,5,111)
r(9,417,5,111)
w(5,546,5,111)
r(2,388,5,111)
r(4,403,5,111)
w(0,497,5,111)
r(12,500,5,111)
r(10,409,5,111)
w(18,492,5,111)
r(17,4,5,111)
w(15,523,5,111)
w(3,515,5,111)
w(1,493,5,111)
r(7,391,5,111)
r(19,930,5,111)
r(6,932,5,111)
r(16,431,5,111)
r(7,203,5,112)
r(4,403,5,112)
r(9,708,5,112)
w(13,502,5,112)
w(6,519,5,112)
w(0,498,5,112)
r(3,204,5,112)
r(12,211,5,112)
w(2,491,5,112)
r(14,411,5,112)
r(18,692,5,112)
w(19,516,5,112)
w(17,512,5,112)
r(11,723,5,112)
r(15,215,5,112)
w(10,519,5,112)
r(1,694,5,112)
r(16,756,5,112)
r(5,221,5,112)
r(8,718,5,112)
r(13,8,5,113)
w(8,509,5,113)
r(3,5,5,113)
w(17,513,5,113)
r(14,411,5,113)
r(4,403,5,113)
w(1,494,5,113)
r(12,211,5,113)
r(16,8,5,113)
r(2,5,5,113)
w(10,520,5,113)
r(5,221,5,113)
w(18,493,5,113)
w(9,513,5,113)
w(19,517,5,113)
r(6,932,5,113)
r(15,6,5,113)
r(0,8,5,113)
w(11,527,5,113)
w(7,486,5,113)
r(4,403,5,114)
w(10,521,5,114)
r(3,5,5,114)
r(1,4,5,114)
w(0,499,5,114)
w(11,528,5,114)
r(12,211,5,114)
r(7,203,5,114)
w(6,520,5,114)
w(15,524,5,114)
r(19,208,5,114)
w(8,510,5,114)
r(13,8,5,114)
r(18,7,5,114)
w(5,547,5,114)
r(2,5,5,114)
w(16,540,5,114)
w(17,514,5,114)
w(14,502,5,114)
r(9,7,5,114)
w(10,522,5,115)
r(19,208,5,115)
r(15,6,5,115)
r(3,5,5,115)
w(17,515,5,115)
r(6,932,5,115)
r(11,7,5,115)
r(7,203,5,115)
w(9,514,5,115)
w(16,541,5,115)
r(18,7,5,115)
r(4,403,5,115)
w(8,511,5,115)
w(12,504,5,115)
w(0,500,5,115)
w(5,548,5,115)
r(1,4,5,115)
w(13,503,5,115)
r(2,5,5,115)
r(14,411,5,115)
w(9,515,5,116)
r(17,5,5,116)
w(12,505,5,116)
r(0,113,5,116)
r(11,116,5,116)
w(18,494,5,116)
w(5,549,5,116)
r(14,411,5,116)
w(1,495,5,116)
r(15,6,5,116)
r(19,109,5,116)
r(2,100,5,116)
r(13,8,5,116)
w(8,512,5,116)
r(10,7,5,116)
w(6,521,5,116)
r(3,113,5,116)
r(4,99,5,116)
r(7,203,5,116)
r(16,115,5,116)
w(0,501,5,117)
r(8,118,5,117)
r(4,202,5,117)
w(19,518,5,117)
r(13,203,5,117)
w(14,503,5,117)
r(5,224,5,117)
w(10,523,5,117)
r(17,212,5,117)
w(18,495,5,117)
r(12,113,5,117)
w(15,525,5,117)
r(2,199,5,117)
r(16,219,5,117)
r(6,201,5,117)
w(9,516,5,117)
w(1,496,5,117)
r(3,207,5,117)
r(7,203,5,117)
r(11,225,5,117)
r(8,720,5,118)
w(6,522,5,118)
w(16,542,5,118)
r(19,112,5,118)
r(3,115,5,118)
r(2,101,5,118)
r(9,116,5,118)
r(11,727,5,118)
w(1,497,5,118)
r(4,102,5,118)
w(0,502,5,118)
r(13,117,5,118)
w(10,524,5,118)
w(18,496,5,118)
r(5,119,5,118)
r(14,116,5,118)
w(15,526,5,118)
r(17,112,5,118)
r(12,114,5,118)
w(7,487,5,118)
w(5,550,5,119)
w(0,503,5,119)
w(6,523,5,119)
w(13,504,5,119)
r(4,102,5,119)
r(1,99,5,119)
r(9,116,5,119)
r(18,495,5,119)
r(12,114,5,119)
w(8,513,5,119)
r(16,116,5,119)
w(10,525,5,119)
w(14,504,5,119)
w(17,516,5,119)
w(19,519,5,119)
w(15,527,5,119)
r(2,101,5,119)
w(7,488,5,119)
w(11,529,5,119)
w(3,516,5,119)
w(4,587,6,120)
w(7,584,6,120)
w(3,598,6,120)
w(1,591,6,120)
r(9,1,6,120)
r(11,3,6,120)
w(12,590,6,120)
w(18,585,6,120)
r(15,1,6,120)
r(8,2,6,120)
w(6,611,6,120)
r(10,3,6,120)
w(2,601,6,120)
w(19,618,6,120)
w(5,640,6,120)
r(0,3,6,120)
r(14,3,6,120)
r(16,4,6,120)
r(17,1,6,120)
w(13,593,6,120)
r(12,2,6,121)
w(3,599,6,121)
w(16,633,6,121)
w(7,585,6,121)
r(19,4,6,121)
r(1,2,6,121)
r(2,2,6,121)
r(17,1,6,121)
r(10,3,6,121)
r(18,3,6,121)
r(9,1,6,121)
r(8,2,6,121)
r(5,4,6,121)
r(15,1,6,121)
w(6,612,6,121)
w(14,589,6,121)
w(13,594,6,121)
r(0,3,6,121)
w(4,588,6,121)
r(11,3,6,121)
w(13,595,6,122)
w(14,590,6,122)
w(4,589,6,122)
w(17,610,6,122)
r(10,3,6,122)
r(18,3,6,122)
w(12,591,6,122)
r(6,612,6,122)
w(1,592,6,122)
r(2,2,6,122)
r(19,4,6,122)
w(16,634,6,122)
r(3,599,6,122)
w(5,641,6,122)
r(8,2,6,122)
r(7,585,6,122)
w(11,617,6,122)
r(0,3,6,122)
w(15,619,6,122)
w(9,603,6,122)
r(19,4,6,123)
r(15,1,6,123)
w(8,610,6,123)
r(16,750,6,123)
r(2,484,6,123)
w(18,586,6,123)
r(7,686,6,123)
r(17,705,6,123)
r(11,520,6,123)
w(14,591,6,123)
r(9,1,6,123)
w(1,593,6,123)
w(4,590,6,123)
r(5,540,6,123)
w(0,589,6,123)
w(10,623,6,123)
r(3,510,6,123)
r(12,2,6,123)
r(6,717,6,123)
w(13,596,6,123)
w(7,586,6,124)
w(5,642,6,124)
r(8,712,6,124)
w(15,620,6,124)
r(19,4,6,124)
r(3,510,6,124)
r(12,2,6,124)
r(9,1,6,124)
w(10,624,6,124)
r(14,589,6,124)
r(18,485,6,124)
w(17,611,6,124)
w(6,613,6,124)
w(4,591,6,124)
w(2,602,6,124)
w(1,594,6,124)
r(16,750,6,124)
r(13,701,6,124)
w(11,618,6,124)
r(0,3,6,124)
r(0,3,6,125)
r(8,827,6,125)
w(6,614,6,125)
r(18,782,6,125)
w(13,597,6,125)
r(7,586,6,125)
r(19,816,6,125)
w(4,592,6,125)
r(2,485,6,125)
w(9,604,6,125)
w(11,619,6,125)
w(14,592,6,125)
w(1,595,6,125)
w(16,635,6,125)
r(3,510,6,125)
r(10,827,6,125)
w(17,612,6,125)
w(5,643,6,125)
r(12,781,6,125)
w(15,621,6,125)
r(19,816,6,126)
w(3,600,6,126)
r(11,817,6,126)
r(8,827,6,126)
r(14,780,6,126)
r(13,793,6,126)
w(16,636,6,126)
r(2,485,6,126)
r(17,507,6,126)
r(6,821,6,126)
w(5,644,6,126)
w(0,590,6,126)
r(9,507,6,126)
w(7,587,6,126)
r(18,782,6,126)
w(10,625,6,126)
w(1,596,6,126)
r(4,805,6,126)
w(15,622,6,126)
w(12,592,6,126)
r(7,586,6,127)
r(15,808,6,127)
w(8,611,6,127)
r(10,827,6,127)
r(11,817,6,127)
r(6,93,6,127)
w(16,637,6,127)
w(5,645,6,127)
w(1,597,6,127)
w(14,593,6,127)
r(4,805,6,127)
r(12,108,6,127)
w(18,587,6,127)
w(19,619,6,127)
w(13,598,6,127)
r(17,507,6,127)
w(9,605,6,127)
w(3,601,6,127)
r(2,93,6,127)
r(0,3,6,127)
w(7,588,6,128)
r(0,3,6,128)
w(14,594,6,128)
w(4,593,6,128)
r(11,817,6,128)
w(5,646,6,128)
r(15,808,6,128)
w(18,588,6,128)
r(16,854,6,128)
r(19,816,6,128)
r(12,108,6,128)
r(10,827,6,128)
r(3,107,6,128)
w(17,613,6,128)
r(1,91,6,128)
w(6,615,6,128)
w(13,599,6,128)
w(2,603,6,128)
w(9,606,6,128)
r(8,114,6,128)
r(7,689,6,129)
w(12,593,6,129)
w(5,647,6,129)
r(19,816,6,129)
w(11,620,6,129)
w(0,591,6,129)
w(4,594,6,129)
w(6,616,6,129)
w(17,614,6,129)
w(14,595,6,129)
r(1,693,6,129)
r(10,737,6,129)
w(9,607,6,129)
w(16,638,6,129)
r(18,690,6,129)
r(8,405,6,129)
r(2,93,6,129)
r(3,700,6,129)
w(15,623,6,129)
w(13,600,6,129)
w(13,601,6,130)
w(6,617,6,130)
w(9,608,6,130)
w(4,595,6,130)
r(3,513,6,130)
w(17,615,6,130)
w(7,589,6,130)
r(5,931,6,130)
r(12,500,6,130)
r(8,506,6,130)
w(1,598,6,130)
r(10,932,6,130)
w(14,596,6,130)
r(18,487,6,130)
r(2,488,6,130)
w(16,639,6,130)
r(0,493,6,130)
r(11,920,6,130)
w(15,624,6,130)
w(19,620,6,130)
w(5,648,6,131)
w(18,589,6,131)
w(4,596,6,131)
w(8,612,6,131)
w(10,626,6,131)
w(16,640,6,131)
w(6,618,6,131)
w(2,604,6,131)
r(0,200,6,131)
w(11,621,6,131)
r(14,411,6,131)
w(13,602,6,131)
r(7,203,6,131)
r(1,694,6,131)
r(19,208,6,131)
w(9,609,6,131)
w(15,625,6,131)
r(12,211,6,131)
w(17,616,6,131)
r(3,204,6,131)
r(8,6,6,132)
r(0,8,6,132)
r(4,403,6,132)
r(14,411,6,132)
w(3,602,6,132)
w(6,619,6,132)
r(18,7,6,132)
r(12,211,6,132)
w(13,603,6,132)
w(7,590,6,132)
w(17,617,6,132)
r(19,208,6,132)
w(5,649,6,132)
r(2,5,6,132)
r(15,6,6,132)
r(11,7,6,132)
w(16,641,6,132)
w(1,599,6,132)
r(10,7,6,132)
r(9,7,6,132)
r(11,7,6,133)
w(6,620,6,133)
w(2,605,6,133)
w(19,621,6,133)
r(5,221,6,133)
w(13,604,6,133)
w(17,618,6,133)
r(0,8,6,133)
r(7,203,6,133)
w(10,627,6,133)
r(1,4,6,133)
r(3,5,6,133)
w(18,590,6,133)
w(16,642,6,133)
r(14,411,6,133)
w(9,610,6,133)
w(8,613,6,133)
r(4,403,6,133)
r(15,6,6,133)
w(12,594,6,133)
r(9,7,6,134)
r(1,4,6,134)
w(0,592,6,134)
w(5,650,6,134)
w(2,606,6,134)
r(10,7,6,134)
r(14,411,6,134)
r(17,5,6,134)
r(6,932,6,134)
w(15,626,6,134)
w(12,595,6,134)
r(16,8,6,134)
w(13,605,6,134)
w(8,614,6,134)
r(19,208,6,134)
r(4,403,6,134)
w(18,591,6,134)
r(3,5,6,134)
r(7,203,6,134)
r(11,7,6,134)
w(14,597,6,135)
w(3,603,6,135)
w(6,621,6,135)
w(2,607,6,135)
r(11,7,6,135)
w(7,591,6,135)
w(13,606,6,135)
w(4,597,6,135)
r(1,4,6,135)
r(0,8,6,135)
w(10,628,6,135)
r(9,7,6,135)
r(15,6,6,135)
w(12,596,6,135)
r(8,6,6,135)
w(16,643,6,135)
w(5,651,6,135)
r(19,208,6,135)
w(18,592,6,135)
r(17,5,6,135)
w(10,629,6,136)
r(1,4,6,136)
r(7,203,6,136)
r(14,411,6,136)
w(4,598,6,136)
w(12,597,6,136)
w(18,593,6,136)
w(2,608,6,136)
w(0,593,6,136)
r(13,8,6,136)
r(17,5,6,136)
w(15,627,6,136)
w(19,622,6,136)
w(16,644,6,136)
w(6,622,6,136)
w(9,611,6,136)
r(8,6,6,136)
r(5,221,6,136)
r(3,5,6,136)
r(11,7,6,136)
r(4,403,6,137)
r(6,932,6,137)
w(1,600,6,137)
w(17,619,6,137)
r(19,208,6,137)
r(0,8,6,137)
r(11,7,6,137)
r(15,6,6,137)
w(18,594,6,137)
r(2,5,6,137)
r(7,203,6,137)
w(14,598,6,137)
r(3,5,6,137)
r(9,7,6,137)
w(8,615,6,137)
r(12,211,6,137)
r(16,8,6,137)
r(10,7,6,137)
w(13,607,6,137)
r(5,221,6,137)
r(1,4,6,138)
w(7,592,6,138)
r(13,8,6,138)
w(17,620,6,138)
r(11,7,6,138)
w(2,609,6,138)
w(14,599,6,138)
w(4,599,6,138)
r(5,221,6,138)
r(0,8,6,138)
r(3,5,6,138)
r(15,6,6,138)
r(12,211,6,138)
r(18,7,6,138)
r(19,208,6,138)
r(10,7,6,138)
r(16,8,6,138)
w(6,623,6,138)
r(9,7,6,138)
w(8,616,6,138)
w(3,604,6,139)
r(16,8,6,139)
w(14,600,6,139)
r(4,403,6,139)
w(13,608,6,139)
r(0,8,6,139)
r(9,7,6,139)
w(1,601,6,139)
w(5,652,6,139)
r(11,7,6,139)
r(2,5,6,139)
w(17,621,6,139)
r(18,7,6,139)
r(10,7,6,139)
r(8,6,6,139)
w(6,624,6,139)
w(7,593,6,139)
r(12,211,6,139)
w(15,628,6,139)
w(19,623,6,139)
w(2,708,7,140)
r(17,1,7,140)
w(10,730,7,140)
w(0,685,7,140)
r(5,540,7,140)
w(8,711,7,140)
r(18,485,7,140)
w(1,689,7,140)
r(15,1,7,140)
r(16,534,7,140)
w(11,717,7,140)
r(6,612,7,140)
r(7,585,7,140)
w(14,679,7,140)
r(19,4,7,140)
w(3,694,7,140)
w(13,700,7,140)
w(4,699,7,140)
r(12,2,7,140)
r(9,1,7,140)
w(7,686,7,141)
r(15,1,7,141)
w(16,750,7,141)
r(3,510,7,141)
w(13,701,7,141)
w(8,712,7,141)
w(10,731,7,141)
r(5,540,7,141)
r(0,3,7,141)
w(17,705,7,141)
r(9,1,7,141)
r(1,2,7,141)
r(11,520,7,141)
r(19,4,7,141)
r(2,484,7,141)
r(12,2,7,141)
w(6,717,7,141)
w(4,700,7,141)
r(18,485,7,141)
r(14,589,7,141)
r(12,2,7,142)
r(11,618,7,142)
w(0,686,7,142)
r(13,701,7,142)
r(4,591,7,142)
r(16,750,7,142)
w(19,722,7,142)
w(18,685,7,142)
r(9,1,7,142)
r(14,589,7,142)
w(17,706,7,142)
w(5,745,7,142)
r(6,613,7,142)
w(3,695,7,142)
r(2,602,7,142)
w(10,732,7,142)
w(15,707,7,142)
r(1,594,7,142)
r(8,712,7,142)
r(7,586,7,142)
r(15,808,7,143)
w(11,718,7,143)
w(12,690,7,143)
r(9,507,7,143)
r(7,586,7,143)
r(5,541,7,143)
r(2,485,7,143)
w(8,713,7,143)
r(13,793,7,143)
r(14,780,7,143)
r(4,805,7,143)
w(17,707,7,143)
w(18,686,7,143)
r(6,821,7,143)
w(0,687,7,143)
w(16,751,7,143)
r(3,510,7,143)
r(10,827,7,143)
r(1,594,7,143)
w(19,723,7,143)
w(15,708,7,144)
r(17,507,7,144)
w(1,690,7,144)
r(4,805,7,144)
r(12,781,7,144)
r(0,3,7,144)
w(6,718,7,144)
r(10,827,7,144)
r(7,586,7,144)
r(5,541,7,144)
r(2,485,7,144)
w(8,714,7,144)
w(3,696,7,144)
w(16,752,7,144)
r(14,780,7,144)
w(18,687,7,144)
w(9,704,7,144)
w(11,719,7,144)
r(13,793,7,144)
r(19,816,7,144)
w(6,719,7,145)
r(8,114,7,145)
r(7,586,7,145)
w(4,701,7,145)
r(0,3,7,145)
r(9,107,7,145)
r(5,108,7,145)
w(14,680,7,145)
w(17,708,7,145)
r(11,817,7,145)
w(2,709,7,145)
w(10,733,7,145)
r(16,854,7,145)
w(15,709,7,145)
r(18,107,7,145)
w(3,697,7,145)
w(19,724,7,145)
r(1,91,7,145)
r(13,109,7,145)
r(12,108,7,145)
r(7,586,7,146)
r(11,817,7,146)
r(19,816,7,146)
w(0,688,7,146)
r(18,107,7,146)
w(4,702,7,146)
r(12,108,7,146)
r(13,109,7,146)
r(14,110,7,146)
w(10,734,7,146)
w(8,715,7,146)
w(16,753,7,146)
r(1,91,7,146)
r(15,808,7,146)
w(3,698,7,146)
w(5,746,7,146)
r(2,93,7,146)
r(17,507,7,146)
w(9,705,7,146)
r(6,93,7,146)
w(11,720,7,147)
r(17,507,7,147)
w(13,702,7,147)
r(18,107,7,147)
w(2,710,7,147)
r(19,816,7,147)
r(9,107,7,147)
w(14,681,7,147)
r(0,3,7,147)
r(4,805,7,147)
r(15,808,7,147)
w(12,691,7,147)
w(6,720,7,147)
r(7,586,7,147)
r(16,854,7,147)
r(8,114,7,147)
r(10,827,7,147)
w(3,699,7,147)
r(5,108,7,147)
r(1,91,7,147)
w(9,706,7,148)
r(8,114,7,148)
w(13,703,7,148)
r(19,816,7,148)
r(12,108,7,148)
r(2,93,7,148)
r(3,107,7,148)
w(5,747,7,148)
w(1,691,7,148)
w(10,735,7,148)
r(17,507,7,148)
r(16,854,7,148)
w(7,687,7,148)
r(11,817,7,148)
w(18,688,7,148)
r(6,93,7,148)
r(0,3,7,148)
w(15,710,7,148)
r(4,805,7,148)
r(14,110,7,148)
r(14,110,7,149)
r(4,805,7,149)
w(7,688,7,149)
r(15,808,7,149)
r(13,109,7,149)
r(3,107,7,149)
w(19,725,7,149)
r(6,93,7,149)
w(1,692,7,149)
w(16,754,7,149)
w(2,711,7,149)
w(5,748,7,149)
w(18,689,7,149)
w(8,716,7,149)
w(0,689,7,149)
w(12,692,7,149)
w(17,709,7,149)
w(10,736,7,149)
r(9,107,7,149)
w(11,721,7,149)
w(17,710,7,150)
w(3,700,7,150)
w(0,690,7,150)
r(9,107,7,150)
w(18,690,7,150)
r(2,93,7,150)
r(19,816,7,150)
r(13,384,7,150)
w(7,689,7,150)
r(16,426,7,150)
w(4,703,7,150)
r(12,400,7,150)
r(8,405,7,150)
w(14,682,7,150)
w(15,711,7,150)
w(5,749,7,150)
w(6,721,7,150)
w(1,693,7,150)
w(10,737,7,150)
r(11,417,7,150)
w(10,738,7,151)
w(8,717,7,151)
r(3,513,7,151)
r(19,930,7,151)
w(6,722,7,151)
w(0,691,7,151)
w(17,711,7,151)
w(4,704,7,151)
r(13,892,7,151)
r(1,387,7,151)
w(15,712,7,151)
w(2,712,7,151)
r(14,409,7,151)
r(12,500,7,151)
r(9,907,7,151)
w(5,750,7,151)
r(11,920,7,151)
r(7,893,7,151)
w(16,755,7,151)
r(18,487,7,151)
r(19,930,7,152)
r(16,431,7,152)
r(12,500,7,152)
r(17,4,7,152)
r(10,409,7,152)
w(11,722,7,152)
w(4,705,7,152)
w(18,691,7,152)
r(6,932,7,152)
w(3,701,7,152)
r(1,389,7,152)
w(7,690,7,152)
w(13,704,7,152)
r(8,408,7,152)
r(2,388,7,152)
r(5,435,7,152)
r(15,428,7,152)
w(9,707,7,152)
w(0,692,7,152)
w(14,683,7,152)
w(13,705,7,153)
r(6,932,7,153)
w(7,691,7,153)
w(1,694,7,153)
w(8,718,7,153)
w(16,756,7,153)
r(17,209,7,153)
r(0,497,7,153)
w(9,708,7,153)
r(14,411,7,153)
r(10,409,7,153)
r(4,403,7,153)
r(19,207,7,153)
r(15,523,7,153)
w(12,693,7,153)
r(3,203,7,153)
w(18,692,7,153)
w(5,751,7,153)
r(2,388,7,153)
w(11,723,7,153)
r(2,197,7,154)
w(7,692,7,154)
r(16,756,7,154)
r(17,209,7,154)
r(10,203,7,154)
r(5,221,7,154)
r(8,718,7,154)
r(1,694,7,154)
r(6,932,7,154)
r(15,215,7,154)
w(4,706,7,154)
w(9,709,7,154)
r(19,208,7,154)
r(0,200,7,154)
r(18,692,7,154)
w(14,684,7,154)
w(12,694,7,154)
w(11,724,7,154)
w(3,702,7,154)
w(13,706,7,154)
r(10,7,7,155)
w(0,693,7,155)
r(13,8,7,155)
r(14,411,7,155)
w(11,725,7,155)
r(4,403,7,155)
r(17,5,7,155)
w(19,726,7,155)
r(9,7,7,155)
w(5,752,7,155)
r(1,4,7,155)
r(3,5,7,155)
w(7,693,7,155)
r(6,932,7,155)
r(15,6,7,155)
r(18,7,7,155)
w(8,719,7,155)
r(2,5,7,155)
r(16,8,7,155)
w(12,695,7,155)
w(19,727,7,156)
r(1,4,7,156)
w(0,694,7,156)
r(16,8,7,156)
r(11,7,7,156)
w(3,703,7,156)
r(10,7,7,156)
r(4,403,7,156)
w(2,713,7,156)
r(12,211,7,156)
r(9,7,7,156)
r(14,411,7,156)
w(7,694,7,156)
r(15,6,7,156)
w(17,712,7,156)
r(5,221,7,156)
w(18,693,7,156)
w(6,723,7,156)
r(13,8,7,156)
r(8,6,7,156)
r(17,5,7,157)
r(5,221,7,157)
w(13,707,7,157)
r(4,403,7,157)
r(7,203,7,157)
r(11,7,7,157)
w(6,724,7,157)
w(15,713,7,157)
w(1,695,7,157)
r(2,5,7,157)
r(9,7,7,157)
w(16,757,7,157)
r(8,6,7,157)
r(14,411,7,157)
r(18,7,7,157)
r(3,5,7,157)
r(12,211,7,157)
w(0,695,7,157)
w(10,739,7,157)
r(19,208,7,157)
r(0,8,7,158)
w(5,753,7,158)
r(17,5,7,158)
w(7,695,7,158)
r(3,5,7,158)
w(10,740,7,158)
r(14,411,7,158)
r(18,7,7,158)
w(11,726,7,158)
w(1,696,7,158)
r(13,8,7,158)
r(16,8,7,158)
r(15,6,7,158)
w(4,707,7,158)
r(12,211,7,158)
r(8,6,7,158)
w(6,725,7,158)
r(19,208,7,158)
r(9,7,7,158)
w(2,714,7,158)
w(16,758,7,159)
w(2,715,7,159)
w(11,727,7,159)
r(17,212,7,159)
w(4,708,7,159)
r(0,802,7,159)
w(3,704,7,159)
w(15,714,7,159)
w(8,720,7,159)
r(9,817,7,159)
r(18,495,7,159)
w(6,726,7,159)
r(1,795,7,159)
r(5,224,7,159)
r(19,821,7,159)
w(10,741,7,159)
r(12,790,7,159)
w(7,696,7,159)
r(14,503,7,159)
w(13,708,7,159)
r(17,507,8,160)
r(3,510,8,160)
w(8,827,8,160)
w(16,854,8,160)
r(0,3,8,160)
w(11,817,8,160)
w(15,808,8,160)
r(5,541,8,160)
w(18,782,8,160)
w(13,793,8,160)
w(6,821,8,160)
r(2,485,8,160)
r(9,507,8,160)
r(1,594,8,160)
r(7,586,8,160)
w(4,805,8,160)
w(19,816,8,160)
w(12,781,8,160)
w(10,827,8,160)
w(14,780,8,160)
r(10,827,8,161)
r(3,107,8,161)
r(18,107,8,161)
w(12,782,8,161)
w(7,785,8,161)
r(9,107,8,161)
r(19,816,8,161)
w(14,781,8,161)
w(0,798,8,161)
w(17,810,8,161)
r(1,91,8,161)
w(6,822,8,161)
w(4,806,8,161)
w(5,840,8,161)
w(16,855,8,161)
w(11,818,8,161)
r(15,808,8,161)
r(13,109,8,161)
r(2,93,8,161)
r(8,114,8,161)
r(5,108,8,162)
w(18,783,8,162)
r(3,107,8,162)
r(8,114,8,162)
w(15,809,8,162)
w(19,817,8,162)
r(13,109,8,162)
w(17,811,8,162)
r(2,93,8,162)
w(7,786,8,162)
r(6,93,8,162)
r(10,827,8,162)
w(14,782,8,162)
r(0,3,8,162)
r(11,817,8,162)
w(16,856,8,162)
r(12,108,8,162)
w(9,813,8,162)
r(1,91,8,162)
w(4,807,8,162)
w(6,823,8,163)
r(8,114,8,163)
r(0,3,8,163)
w(13,794,8,163)
r(4,805,8,163)
w(15,810,8,163)
w(12,783,8,163)
w(10,828,8,163)
w(11,819,8,163)
r(18,107,8,163)
r(7,586,8,163)
r(19,816,8,163)
w(17,812,8,163)
w(16,857,8,163)
r(5,108,8,163)
r(3,107,8,163)
r(14,110,8,163)
r(1,91,8,163)
w(2,808,8,163)
r(9,107,8,163)
w(18,784,8,164)
w(19,818,8,164)
r(1,693,8,164)
r(9,107,8,164)
w(11,820,8,164)
r(14,682,8,164)
w(6,824,8,164)
w(2,809,8,164)
r(8,405,8,164)
r(4,703,8,164)
w(17,813,8,164)
w(15,811,8,164)
w(0,799,8,164)
w(13,795,8,164)
w(10,829,8,164)
r(5,749,8,164)
w(12,784,8,164)
w(7,787,8,164)
w(16,858,8,164)
w(3,799,8,164)
r(10,203,8,165)
r(19,208,8,165)
w(5,841,8,165)
w(14,783,8,165)
r(15,215,8,165)
r(18,692,8,165)
r(4,403,8,165)
r(12,211,8,165)
w(8,828,8,165)
w(0,800,8,165)
w(13,796,8,165)
w(7,788,8,165)
w(11,821,8,165)
w(3,800,8,165)
r(16,756,8,165)
w(9,814,8,165)
r(6,932,8,165)
w(2,810,8,165)
r(1,694,8,165)
r(17,209,8,165)
r(16,8,8,166)
r(17,5,8,166)
w(1,792,8,166)
r(7,203,8,166)
w(12,785,8,166)
r(19,208,8,166)
w(11,822,8,166)
r(5,221,8,166)
w(6,825,8,166)
w(8,829,8,166)
r(9,7,8,166)
r(4,403,8,166)
r(15,6,8,166)
w(18,785,8,166)
w(2,811,8,166)
r(3,5,8,166)
w(10,830,8,166)
r(0,8,8,166)
w(14,784,8,166)
r(13,8,8,166)
r(4,403,8,167)
w(17,814,8,167)
r(10,7,8,167)
w(13,797,8,167)
w(9,815,8,167)
w(0,801,8,167)
w(2,812,8,167)
r(1,4,8,167)
r(14,411,8,167)
r(15,6,8,167)
w(19,819,8,167)
r(8,6,8,167)
w(12,786,8,167)
r(6,932,8,167)
r(3,5,8,167)
w(5,842,8,167)
w(7,789,8,167)
w(18,786,8,167)
r(16,8,8,167)
r(11,7,8,167)
r(9,7,8,168)
w(8,830,8,168)
w(15,812,8,168)
r(19,208,8,168)
w(7,790,8,168)
w(11,823,8,168)
w(3,801,8,168)
r(14,411,8,168)
r(18,7,8,168)
w(12,787,8,168)
w(6,826,8,168)
r(1,4,8,168)
w(4,808,8,168)
r(17,5,8,168)
r(0,8,8,168)
w(13,798,8,168)
w(2,813,8,168)
w(10,831,8,168)
r(5,221,8,168)
r(16,8,8,168)
r(0,8,8,169)
r(19,208,8,169)
r(15,6,8,169)
r(8,6,8,169)
w(16,859,8,169)
w(3,802,8,169)
r(13,8,8,169)
w(12,788,8,169)
w(4,809,8,169)
w(11,824,8,169)
w(17,815,8,169)
r(18,7,8,169)
r(9,7,8,169)
w(7,791,8,169)
w(2,814,8,169)
r(6,932,8,169)
r(10,7,8,169)
r(14,411,8,169)
r(5,221,8,169)
w(1,793,8,169)
r(0,113,8,170)
r(16,115,8,170)
w(18,787,8,170)
r(3,113,8,170)
r(9,113,8,170)
w(14,785,8,170)
w(13,799,8,170)
w(8,831,8,170)
w(19,820,8,170)
r(4,99,8,170)
w(7,792,8,170)
w(17,816,8,170)
r(5,116,8,170)
w(15,813,8,170)
w(12,789,8,170)
r(10,7,8,170)
w(1,794,8,170)
w(11,825,8,170)
w(2,815,8,170)
w(6,827,8,170)
w(17,817,8,171)
r(6,201,8,171)
r(4,202,8,171)
w(10,832,8,171)
r(1,496,8,171)
r(14,503,8,171)
w(3,803,8,171)
w(16,860,8,171)
w(7,793,8,171)
w(8,832,8,171)
r(0,501,8,171)
r(18,495,8,171)
w(9,816,8,171)
w(5,843,8,171)
r(12,113,8,171)
w(15,814,8,171)
w(13,800,8,171)
w(11,826,8,171)
r(19,518,8,171)
w(2,816,8,171)
r(4,202,8,172)
w(11,827,8,172)
w(9,817,8,172)
w(16,861,8,172)
w(1,795,8,172)
w(19,821,8,172)
w(3,804,8,172)
r(10,523,8,172)
w(13,801,8,172)
r(7,203,8,172)
r(18,495,8,172)
r(8,118,8,172)
w(0,802,8,172)
w(15,815,8,172)
r(2,199,8,172)
w(12,790,8,172)
r(17,212,8,172)
r(5,224,8,172)
r(14,503,8,172)
r(6,201,8,172)
r(0,503,8,173)
w(3,805,8,173)
w(4,810,8,173)
r(16,116,8,173)
w(6,828,8,173)
w(14,786,8,173)
r(2,101,8,173)
w(5,844,8,173)
w(15,816,8,173)
r(10,525,8,173)
w(19,822,8,173)
w(12,791,8,173)
w(7,794,8,173)
r(1,99,8,173)
r(13,504,8,173)
r(18,495,8,173)
w(11,828,8,173)
w(9,818,8,173)
w(8,833,8,173)
w(17,818,8,173)
r(4,810,8,174)
r(13,504,8,174)
r(9,818,8,174)
w(18,788,8,174)
w(10,833,8,174)
r(14,786,8,174)
w(19,823,8,174)
w(3,806,8,174)
w(7,795,8,174)
w(11,829,8,174)
r(8,833,8,174)
w(16,862,8,174)
w(6,829,8,174)
r(12,791,8,174)
w(5,845,8,174)
w(0,803,8,174)
w(2,817,8,174)
w(17,819,8,174)
r(1,99,8,174)
w(15,817,8,174)
r(13,394,8,175)
r(12,404,8,175)
r(10,317,8,175)
w(15,818,8,175)
r(17,213,8,175)
r(3,308,8,175)
r(9,420,8,175)
w(18,789,8,175)
w(2,818,8,175)
w(11,830,8,175)
r(7,794,8,175)
r(1,295,8,175)
w(0,804,8,175)
w(19,824,8,175)
w(8,834,8,175)
w(16,863,8,175)
w(4,811,8,175)
r(6,304,8,175)
r(14,321,8,175)
r(5,331,8,175)
w(9,819,8,176)
r(3,309,8,176)
r(7,794,8,176)
w(19,825,8,176)
w(10,834,8,176)
w(8,835,8,176)
w(18,790,8,176)
r(16,336,8,176)
r(17,310,8,176)
w(4,812,8,176)
w(2,819,8,176)
w(11,831,8,176)
r(1,296,8,176)
r(5,331,8,176)
r(15,818,8,176)
w(6,830,8,176)
w(13,802,8,176)
w(14,787,8,176)
r(12,404,8,176)
r(0,302,8,176)
w(12,792,8,177)
w(3,807,8,177)
r(9,319,8,177)
w(7,796,8,177)
w(19,826,8,177)
r(13,206,8,177)
r(0,408,8,177)
r(11,230,8,177)
w(8,836,8,177)
r(14,225,8,177)
w(5,846,8,177)
r(1,391,8,177)
r(17,216,8,177)
w(10,835,8,177)
w(2,820,8,177)
r(15,432,8,177)
w(16,864,8,177)
w(4,813,8,177)
w(18,791,8,177)
w(6,831,8,177)
r(4,813,8,178)
r(17,216,8,178)
w(9,820,8,178)
r(2,820,8,178)
w(19,827,8,178)
r(15,432,8,178)
r(6,831,8,178)
r(13,206,8,178)
w(3,808,8,178)
w(10,836,8,178)
w(7,797,8,178)
r(14,225,8,178)
r(11,230,8,178)
w(8,837,8,178)
w(0,805,8,178)
r(18,791,8,178)
r(16,864,8,178)
r(1,391,8,178)
w(5,847,8,178)
w(12,793,8,178)
w(10,837,8,179)
r(9,820,8,179)
r(12,793,8,179)
w(2,821,8,179)
w(7,798,8,179)
r(16,864,8,179)
r(3,808,8,179)
w(8,838,8,179)
w(0,806,8,179)
r(14,225,8,179)
r(13,206,8,179)
w(4,814,8,179)
w(6,832,8,179)
r(5,847,8,179)
r(19,827,8,179)
w(1,796,8,179)
w(18,792,8,179)
r(15,432,8,179)
r(11,230,8,179)
r(17,216,8,179)
r(14,3,9,180)
r(7,4,9,180)
r(8,2,9,180)
w(1,882,9,180)
r(18,3,9,180)
r(5,4,9,180)
r(2,2,9,180)
w(6,927,9,180)
r(13,4,9,180)
w(0,900,9,180)
w(12,882,9,180)
r(3,1,9,180)
w(17,900,9,180)
r(9,1,9,180)
w(19,925,9,180)
r(15,1,9,180)
r(10,3,9,180)
r(11,3,9,180)
w(16,943,9,180)
r(4,3,9,180)
r(3,1,9,181)
r(4,3,9,181)
w(1,883,9,181)
w(0,901,9,181)
r(18,3,9,181)
r(17,1,9,181)
w(11,914,9,181)
r(13,4,9,181)
r(9,1,9,181)
r(8,2,9,181)
w(5,925,9,181)
r(6,3,9,181)
r(12,2,9,181)
r(2,2,9,181)
w(10,925,9,181)
r(16,4,9,181)
w(14,878,9,181)
w(7,889,9,181)
r(19,4,9,181)
r(15,1,9,181)
w(11,915,9,182)
w(7,890,9,182)
r(17,1,9,182)
w(1,884,9,182)
w(13,890,9,182)
r(18,3,9,182)
r(19,4,9,182)
r(16,633,9,182)
r(5,4,9,182)
w(0,902,9,182)
r(12,2,9,182)
w(8,931,9,182)
r(6,612,9,182)
r(2,2,9,182)
w(4,902,9,182)
r(14,589,9,182)
w(3,899,9,182)
r(15,1,9,182)
w(10,926,9,182)
r(9,1,9,182)
r(13,701,9,183)
r(16,750,9,183)
w(8,932,9,183)
w(0,903,9,183)
w(17,901,9,183)
w(5,926,9,183)
w(6,928,9,183)
w(11,916,9,183)
w(14,879,9,183)
r(9,1,9,183)
w(15,903,9,183)
w(7,891,9,183)
r(12,2,9,183)
w(18,876,9,183)
r(19,4,9,183)
w(4,903,9,183)
w(10,927,9,183)
r(3,510,9,183)
w(1,885,9,183)
w(2,910,9,183)
w(19,926,9,184)
w(0,904,9,184)
w(10,928,9,184)
w(16,944,9,184)
r(8,712,9,184)
r(4,591,9,184)
w(9,904,9,184)
w(18,877,9,184)
w(3,900,9,184)
r(6,613,9,184)
r(2,602,9,184)
r(17,611,9,184)
w(5,927,9,184)
r(13,701,9,184)
w(11,917,9,184)
w(14,880,9,184)
r(7,586,9,184)
r(1,594,9,184)
w(12,883,9,184)
r(15,620,9,184)
r(3,510,9,185)
r(4,805,9,185)
r(2,485,9,185)
w(7,892,9,185)
r(15,808,9,185)
w(5,928,9,185)
w(14,881,9,185)
r(8,827,9,185)
w(19,927,9,185)
w(6,929,9,185)
w(16,945,9,185)
w(0,905,9,185)
r(13,793,9,185)
w(10,929,9,185)
r(17,507,9,185)
r(11,817,9,185)
r(1,594,9,185)
w(12,884,9,185)
w(9,905,9,185)
r(18,782,9,185)
r(15,808,9,186)
w(6,930,9,186)
w(5,929,9,186)
r(16,854,9,186)
w(9,906,9,186)
r(0,3,9,186)
w(2,911,9,186)
r(3,107,9,186)
w(1,886,9,186)
r(18,107,9,186)
w(10,930,9,186)
r(17,507,9,186)
r(14,110,9,186)
w(8,933,9,186)
r(12,108,9,186)
r(19,816,9,186)
w(4,904,9,186)
r(7,586,9,186)
r(13,109,9,186)
w(11,918,9,186)
r(4,805,9,187)
w(3,901,9,187)
w(6,931,9,187)
r(0,3,9,187)
w(1,887,9,187)
r(9,107,9,187)
w(8,934,9,187)
w(14,882,9,187)
r(7,388,9,187)
w(13,891,9,187)
w(19,928,9,187)
w(16,946,9,187)
w(10,931,9,187)
r(11,417,9,187)
r(5,431,9,187)
r(2,93,9,187)
r(18,392,9,187)
w(12,885,9,187)
w(17,902,9,187)
r(15,424,9,187)
r(4,500,9,188)
r(7,689,9,188)
r(12,500,9,188)
r(18,487,9,188)
w(1,888,9,188)
r(9,415,9,188)
r(0,493,9,188)
w(5,930,9,188)
w(3,902,9,188)
w(11,919,9,188)
r(10,407,9,188)
r(13,387,9,188)
w(8,935,9,188)
r(6,401,9,188)
w(2,912,9,188)
r(14,409,9,188)
r(17,4,9,188)
w(16,947,9,188)
w(19,929,9,188)
w(15,904,9,188)
r(0,493,9,189)
w(11,920,9,189)
w(16,948,9,189)
w(10,932,9,189)
w(9,907,9,189)
r(1,387,9,189)
r(2,488,9,189)
r(3,513,9,189)
r(14,409,9,189)
w(13,892,9,189)
r(8,506,9,189)
w(6,932,9,189)
r(12,500,9,189)
r(15,427,9,189)
w(5,931,9,189)
w(4,905,9,189)
w(7,893,9,189)
r(17,4,9,189)
r(18,487,9,189)
w(19,930,9,189)
w(11,921,9,190)
w(6,933,9,190)
w(17,903,9,190)
w(7,894,9,190)
r(8,506,9,190)
w(15,905,9,190)
w(4,906,9,190)
r(1,387,9,190)
r(9,907,9,190)
w(14,883,9,190)
r(10,932,9,190)
w(18,878,9,190)
w(19,931,9,190)
r(16,948,9,190)
r(3,513,9,190)
w(0,906,9,190)
r(2,488,9,190)
r(12,500,9,190)
r(13,892,9,190)
r(5,931,9,190)
w(4,907,9,191)
r(3,513,9,191)
w(8,936,9,191)
w(1,889,9,191)
r(12,500,9,191)
r(19,930,9,191)
r(16,948,9,191)
w(18,879,9,191)
r(2,488,9,191)
r(13,892,9,191)
w(5,932,9,191)
r(9,907,9,191)
w(10,933,9,191)
r(15,427,9,191)
r(0,493,9,191)
w(11,922,9,191)
r(6,932,9,191)
w(7,895,9,191)
r(17,4,9,191)
r(14,409,9,191)
w(12,886,9,192)
r(1,387,9,192)
r(6,932,9,192)
r(16,948,9,192)
r(4,905,9,192)
r(18,487,9,192)
r(0,493,9,192)
w(2,913,9,192)
w(15,906,9,192)
r(9,907,9,192)
w(13,893,9,192)
w(5,933,9,192)
w(11,923,9,192)
w(3,903,9,192)
r(19,930,9,192)
w(17,904,9,192)
r(14,409,9,192)
r(7,893,9,192)
w(10,934,9,192)
r(8,506,9,192)
w(8,937,9,193)
w(1,890,9,193)
w(17,905,9,193)
r(14,411,9,193)
r(19,930,9,193)
r(7,391,9,193)
r(13,892,9,193)
r(0,404,9,193)
w(16,949,9,193)
r(18,487,9,193)
w(6,934,9,193)
r(5,435,9,193)
r(11,421,9,193)
r(12,500,9,193)
r(15,428,9,193)
r(10,409,9,193)
r(3,411,9,193)
r(4,403,9,193)
r(9,417,9,193)
r(2,388,9,193)
w(3,904,9,194)
r(5,435,9,194)
w(12,887,9,194)
r(0,404,9,194)
r(10,409,9,194)
w(8,938,9,194)
w(18,880,9,194)
w(17,906,9,194)
w(4,908,9,194)
w(11,924,9,194)
w(14,884,9,194)
w(15,907,9,194)
r(7,391,9,194)
w(2,914,9,194)
w(9,908,9,194)
r(19,930,9,194)
w(6,935,9,194)
w(1,891,9,194)
r(16,431,9,194)
w(13,894,9,194)
w(0,907,9,195)
r(13,501,9,195)
r(17,4,9,195)
w(4,909,9,195)
r(1,493,9,195)
r(12,500,9,195)
r(19,930,9,195)
r(18,492,9,195)
r(10,409,9,195)
r(14,411,9,195)
r(11,421,9,195)
r(8,408,9,195)
w(16,950,9,195)
w(7,896,9,195)
r(5,546,9,195)
w(3,905,9,195)
r(9,417,9,195)
w(2,915,9,195)
w(6,936,9,195)
r(15,523,9,195)
r(2,197,9,196)
r(1,694,9,196)
r(17,209,9,196)
w(18,881,9,196)
w(12,888,9,196)
r(5,221,9,196)
r(11,723,9,196)
w(13,895,9,196)
r(10,203,9,196)
r(6,932,9,196)
w(19,932,9,196)
r(16,756,9,196)
r(9,708,9,196)
r(3,204,9,196)
r(0,200,9,196)
w(8,939,9,196)
r(14,411,9,196)
w(15,908,9,196)
w(4,910,9,196)
w(7,897,9,196)
r(16,756,9,197)
r(13,201,9,197)
r(14,411,9,197)
r(5,221,9,197)
w(0,908,9,197)
w(17,907,9,197)
r(1,694,9,197)
w(9,909,9,197)
r(12,211,9,197)
r(2,197,9,197)
w(6,937,9,197)
w(19,933,9,197)
w(11,925,9,197)
w(10,935,9,197)
r(4,403,9,197)
r(8,718,9,197)
w(15,909,9,197)
w(18,882,9,197)
r(3,204,9,197)
r(7,203,9,197)
r(14,411,9,198)
r(15,6,9,198)
r(5,221,9,198)
w(0,909,9,198)
r(1,4,9,198)
r(16,8,9,198)
w(8,940,9,198)
w(2,916,9,198)
w(12,889,9,198)
w(4,911,9,198)
w(11,926,9,198)
w(6,938,9,198)
w(19,934,9,198)
r(18,7,9,198)
w(13,896,9,198)
r(17,5,9,198)
r(7,203,9,198)
w(3,906,9,198)
w(9,910,9,198)
w(10,936,9,198)
r(14,411,9,199)
w(17,908,9,199)
r(12,211,9,199)
w(9,911,9,199)
r(4,403,9,199)
w(10,937,9,199)
r(19,208,9,199)
w(3,907,9,199)
w(13,897,9,199)
r(11,7,9,199)
r(16,8,9,199)
r(15,6,9,199)
w(18,883,9,199)
w(7,898,9,199)
r(1,4,9,199)
r(2,5,9,199)
w(0,910,9,199)
r(8,6,9,199)
r(5,221,9,199)
r(6,932,9,199)
