r(12,0,0,0)
w(15,1,0,0)
w(10,1,0,0)
w(18,1,0,0)
w(4,1,0,0)
w(16,1,0,0)
w(5,1,0,0)
w(3,1,0,0)
w(11,1,0,0)
r(6,0,0,0)
w(19,1,0,0)
w(8,1,0,0)
r(9,0,0,0)
r(14,0,0,0)
r(0,0,0,0)
w(13,1,0,0)
w(1,1,0,0)
w(7,1,0,0)
w(17,1,0,0)
w(2,1,0,0)
w(13,2,0,1)
r(16,1,0,1)
r(3,1,0,1)
w(10,2,0,1)
w(17,2,0,1)
w(15,2,0,1)
w(14,1,0,1)
r(9,0,0,1)
r(4,1,0,1)
r(18,1,0,1)
r(12,0,0,1)
w(0,1,0,1)
r(8,1,0,1)
w(19,2,0,1)
w(1,2,0,1)
r(6,0,0,1)
r(11,1,0,1)
r(7,1,0,1)
r(2,1,0,1)
w(5,2,0,1)
w(16,2,0,2)
r(2,1,0,2)
w(11,2,0,2)
r(13,2,0,2)
w(8,2,0,2)
w(3,2,0,2)
w(18,2,0,2)
r(6,0,0,2)
r(10,2,0,2)
w(14,2,0,2)
w(15,3,0,2)
r(0,1,0,2)
r(9,0,0,2)
w(19,3,0,2)
w(12,1,0,2)
w(7,2,0,2)
r(5,2,0,2)
r(1,2,0,2)
w(17,3,0,2)
w(4,2,0,2)
r(6,217,0,3)
r(4,200,0,3)
r(16,219,0,3)
r(10,2,0,3)
w(18,3,0,3)
r(0,192,0,3)
w(11,3,0,3)
r(8,1,0,3)
w(15,4,0,3)
r(14,1,0,3)
w(5,3,0,3)
w(1,3,0,3)
w(7,3,0,3)
r(19,2,0,3)
w(9,1,0,3)
w(13,3,0,3)
r(2,172,0,3)
r(17,2,0,3)
r(3,193,0,3)
r(12,0,0,3)
w(5,4,0,4)
w(15,5,0,4)
r(16,525,0,4)
r(18,516,0,4)
r(2,475,0,4)
r(13,500,0,4)
r(14,506,0,4)
r(3,517,0,4)
r(1,486,0,4)
r(12,493,0,4)
w(17,4,0,4)
r(8,470,0,4)
w(7,4,0,4)
r(9,467,0,4)
w(11,4,0,4)
r(0,503,0,4)
r(19,502,0,4)
w(6,1,0,4)
w(4,3,0,4)
r(10,507,0,4)
w(16,3,0,5)
w(15,6,0,5)
r(9,467,0,5)
r(0,503,0,5)
w(1,4,0,5)
w(18,4,0,5)
w(17,5,0,5)
r(12,702,0,5)
w(7,5,0,5)
w(4,4,0,5)
w(14,3,0,5)
w(2,2,0,5)
r(6,509,0,5)
r(10,507,0,5)
w(13,4,0,5)
r(11,510,0,5)
w(3,3,0,5)
r(19,502,0,5)
r(8,470,0,5)
w(5,5,0,5)
r(10,507,0,6)
r(17,5,0,6)
w(16,4,0,6)
w(18,5,0,6)
w(15,7,0,6)
w(14,4,0,6)
w(12,2,0,6)
r(0,503,0,6)
r(7,5,0,6)
w(1,5,0,6)
w(13,5,0,6)
r(6,509,0,6)
r(19,502,0,6)
r(8,470,0,6)
w(9,2,0,6)
w(11,5,0,6)
w(4,5,0,6)
w(3,4,0,6)
r(5,5,0,6)
r(2,2,0,6)
r(17,5,0,7)
r(16,3,0,7)
w(6,2,0,7)
r(1,4,0,7)
w(14,5,0,7)
r(10,507,0,7)
w(13,6,0,7)
r(18,4,0,7)
w(19,4,0,7)
r(9,467,0,7)
w(8,3,0,7)
r(15,6,0,7)
w(4,6,0,7)
r(5,5,0,7)
w(2,3,0,7)
w(11,6,0,7)
r(3,3,0,7)
w(0,2,0,7)
w(12,3,0,7)
w(7,6,0,7)
r(1,4,0,8)
r(5,5,0,8)
r(12,702,0,8)
w(19,5,0,8)
w(14,6,0,8)
r(8,470,0,8)
r(6,509,0,8)
w(16,5,0,8)
r(15,6,0,8)
r(3,3,0,8)
r(10,507,0,8)
w(4,7,0,8)
w(0,3,0,8)
r(13,4,0,8)
w(17,6,0,8)
w(11,7,0,8)
r(18,4,0,8)
w(7,7,0,8)
r(2,2,0,8)
r(9,467,0,8)
r(1,197,0,9)
r(19,196,0,9)
w(7,8,0,9)
w(18,6,0,9)
w(9,3,0,9)
w(13,7,0,9)
r(12,387,0,9)
w(16,6,0,9)
r(5,207,0,9)
r(8,470,0,9)
w(4,8,0,9)
w(17,7,0,9)
w(10,3,0,9)
w(11,8,0,9)
r(0,194,0,9)
r(14,193,0,9)
w(2,4,0,9)
r(15,214,0,9)
w(3,5,0,9)
r(6,220,0,9)
r(0,194,0,10)
r(16,222,0,10)
w(18,7,0,10)
w(1,6,0,10)
w(13,8,0,10)
w(14,7,0,10)
w(10,4,0,10)
r(7,206,0,10)
w(8,4,0,10)
w(12,4,0,10)
r(17,181,0,10)
r(11,510,0,10)
w(2,5,0,10)
w(6,3,0,10)
w(19,6,0,10)
w(4,9,0,10)
w(5,6,0,10)
r(15,214,0,10)
w(9,4,0,10)
r(3,196,0,10)
r(9,187,0,11)
w(5,7,0,11)
w(3,6,0,11)
r(15,215,0,11)
r(6,220,0,11)
r(17,182,0,11)
w(11,9,0,11)
w(0,4,0,11)
r(19,196,0,11)
w(1,7,0,11)
w(7,9,0,11)
r(2,173,0,11)
r(10,201,0,11)
w(8,5,0,11)
w(12,5,0,11)
r(16,222,0,11)
w(14,8,0,11)
r(13,4,0,11)
w(18,8,0,11)
r(4,205,0,11)
w(13,9,0,12)
w(16,7,0,12)
r(15,215,0,12)
w(8,6,0,12)
r(14,193,0,12)
r(19,196,0,12)
r(2,173,0,12)
w(11,10,0,12)
r(6,220,0,12)
r(5,208,0,12)
w(1,8,0,12)
r(18,208,0,12)
r(17,182,0,12)
r(12,387,0,12)
r(0,194,0,12)
w(3,7,0,12)
r(10,201,0,12)
r(4,205,0,12)
r(7,207,0,12)
w(9,5,0,12)
w(7,10,0,13)
r(17,470,0,13)
r(4,205,0,13)
w(18,9,0,13)
r(2,477,0,13)
w(1,9,0,13)
r(5,522,0,13)
r(13,4,0,13)
w(3,8,0,13)
r(15,215,0,13)
w(10,5,0,13)
w(11,11,0,13)
w(8,7,0,13)
r(0,194,0,13)
r(14,510,0,13)
w(16,8,0,13)
w(12,6,0,13)
r(9,187,0,13)
r(6,220,0,13)
r(19,196,0,13)
r(2,477,0,14)
r(14,510,0,14)
r(19,196,0,14)
r(8,7,0,14)
r(6,220,0,14)
w(13,10,0,14)
r(1,9,0,14)
r(5,522,0,14)
r(7,10,0,14)
r(4,205,0,14)
w(16,9,0,14)
r(3,8,0,14)
w(0,5,0,14)
r(15,215,0,14)
r(18,9,0,14)
w(12,7,0,14)
r(11,11,0,14)
r(17,470,0,14)
r(9,187,0,14)
w(10,6,0,14)
r(14,510,0,15)
w(11,12,0,15)
w(5,8,0,15)
r(7,10,0,15)
w(10,7,0,15)
r(18,9,0,15)
w(15,8,0,15)
r(4,205,0,15)
r(1,9,0,15)
r(3,8,0,15)
w(9,6,0,15)
w(2,6,0,15)
r(0,194,0,15)
r(19,196,0,15)
w(6,4,0,15)
w(12,8,0,15)
r(16,8,0,15)
r(8,7,0,15)
r(13,4,0,15)
r(17,470,0,15)
w(13,11,0,16)
w(15,9,0,16)
w(19,7,0,16)
r(2,287,0,16)
w(5,9,0,16)
r(4,318,0,16)
r(16,324,0,16)
w(9,7,0,16)
r(3,303,0,16)
r(18,316,0,16)
w(11,13,0,16)
r(0,194,0,16)
r(14,301,0,16)
w(12,9,0,16)
w(8,8,0,16)
w(6,5,0,16)
w(7,11,0,16)
r(10,5,0,16)
r(1,9,0,16)
w(17,8,0,16)
w(14,9,0,17)
r(13,315,0,17)
r(9,187,0,17)
r(17,278,0,17)
w(1,10,0,17)
r(19,196,0,17)
w(5,10,0,17)
r(12,295,0,17)
w(2,7,0,17)
w(4,10,0,17)
r(6,220,0,17)
r(0,194,0,17)
r(8,287,0,17)
r(18,316,0,17)
r(15,215,0,17)
w(16,10,0,17)
r(3,303,0,17)
w(11,14,0,17)
w(7,12,0,17)
w(10,8,0,17)
r(16,324,0,18)
r(0,194,0,18)
r(18,316,0,18)
r(3,303,0,18)
w(15,10,0,18)
w(13,12,0,18)
r(12,295,0,18)
r(8,287,0,18)
r(6,220,0,18)
w(11,15,0,18)
r(19,196,0,18)
w(7,13,0,18)
r(1,9,0,18)
r(5,314,0,18)
w(10,9,0,18)
w(4,11,0,18)
w(17,9,0,18)
w(2,8,0,18)
w(9,8,0,18)
r(14,301,0,18)
r(1,9,0,19)
r(0,194,0,19)
w(18,10,0,19)
r(17,9,0,19)
w(14,10,0,19)
r(3,303,0,19)
r(9,8,0,19)
r(2,8,0,19)
r(16,324,0,19)
r(19,196,0,19)
w(12,10,0,19)
r(15,10,0,19)
w(10,10,0,19)
w(4,12,0,19)
w(13,13,0,19)
w(7,14,0,19)
r(5,314,0,19)
r(11,15,0,19)
w(6,6,0,19)
w(8,9,0,19)
r(0,503,1,20)
w(17,89,1,20)
w(5,98,1,20)
r(14,3,1,20)
w(7,105,1,20)
w(12,107,1,20)
r(16,3,1,20)
r(4,4,1,20)
w(10,102,1,20)
r(8,470,1,20)
r(2,2,1,20)
r(9,467,1,20)
r(19,502,1,20)
w(11,105,1,20)
w(6,103,1,20)
w(18,102,1,20)
r(1,4,1,20)
r(13,4,1,20)
w(15,104,1,20)
r(3,3,1,20)
r(14,510,1,21)
r(17,470,1,21)
r(16,8,1,21)
r(9,187,1,21)
w(1,96,1,21)
w(5,99,1,21)
w(18,103,1,21)
w(7,106,1,21)
w(11,106,1,21)
r(8,7,1,21)
w(13,109,1,21)
r(10,5,1,21)
w(6,104,1,21)
w(15,105,1,21)
w(0,94,1,21)
w(4,107,1,21)
r(19,196,1,21)
r(2,477,1,21)
w(12,108,1,21)
r(3,8,1,21)
w(10,103,1,22)
r(12,295,1,22)
r(4,318,1,22)
r(1,9,1,22)
w(3,98,1,22)
w(7,107,1,22)
r(5,314,1,22)
w(19,109,1,22)
r(9,187,1,22)
w(2,80,1,22)
r(18,316,1,22)
r(6,220,1,22)
w(17,90,1,22)
w(16,116,1,22)
w(13,110,1,22)
r(15,215,1,22)
w(11,107,1,22)
w(8,92,1,22)
r(14,301,1,22)
w(0,95,1,22)
w(6,105,1,23)
r(0,194,1,23)
r(4,11,1,23)
r(7,13,1,23)
r(14,301,1,23)
w(2,81,1,23)
r(18,316,1,23)
w(5,100,1,23)
r(11,15,1,23)
w(8,93,1,23)
r(17,9,1,23)
r(13,12,1,23)
w(9,99,1,23)
w(3,99,1,23)
w(12,109,1,23)
r(10,9,1,23)
w(1,97,1,23)
r(19,196,1,23)
w(16,117,1,23)
w(15,106,1,23)
r(8,287,1,24)
w(19,110,1,24)
r(11,15,1,24)
w(0,96,1,24)
r(18,316,1,24)
r(7,13,1,24)
w(3,100,1,24)
r(5,314,1,24)
r(13,12,1,24)
w(4,108,1,24)
w(12,110,1,24)
r(6,220,1,24)
w(1,98,1,24)
w(15,107,1,24)
r(14,301,1,24)
r(9,8,1,24)
w(10,104,1,24)
r(17,9,1,24)
r(2,8,1,24)
r(16,324,1,24)
r(12,295,1,25)
r(17,9,1,25)
w(8,94,1,25)
w(1,99,1,25)
r(11,15,1,25)
w(6,106,1,25)
r(2,8,1,25)
r(14,301,1,25)
w(19,111,1,25)
w(16,118,1,25)
r(18,316,1,25)
w(0,97,1,25)
r(5,314,1,25)
w(4,109,1,25)
w(9,100,1,25)
w(15,108,1,25)
r(13,12,1,25)
w(10,105,1,25)
r(7,13,1,25)
w(3,101,1,25)
r(17,9,1,26)
w(9,101,1,26)
r(10,105,1,26)
r(14,301,1,26)
w(1,100,1,26)
r(15,108,1,26)
r(11,15,1,26)
r(19,111,1,26)
w(13,111,1,26)
w(18,104,1,26)
r(7,13,1,26)
w(8,95,1,26)
w(2,82,1,26)
r(4,109,1,26)
r(5,314,1,26)
w(16,119,1,26)
w(6,107,1,26)
r(12,295,1,26)
r(3,101,1,26)
r(0,97,1,26)
w(8,96,1,27)
r(12,295,1,27)
r(11,15,1,27)
r(3,101,1,27)
r(4,109,1,27)
r(16,118,1,27)
r(6,106,1,27)
r(10,105,1,27)
r(18,316,1,27)
w(7,108,1,27)
r(17,9,1,27)
r(2,8,1,27)
r(14,301,1,27)
r(1,99,1,27)
w(5,101,1,27)
w(9,102,1,27)
w(19,112,1,27)
r(13,12,1,27)
w(15,109,1,27)
r(0,97,1,27)
r(9,100,1,28)
r(0,97,1,28)
w(19,113,1,28)
w(13,112,1,28)
r(7,13,1,28)
w(1,101,1,28)
r(17,9,1,28)
w(14,106,1,28)
r(18,316,1,28)
w(2,83,1,28)
r(5,314,1,28)
r(3,101,1,28)
r(8,94,1,28)
w(16,120,1,28)
w(6,108,1,28)
r(11,15,1,28)
r(12,295,1,28)
r(4,109,1,28)
r(15,108,1,28)
w(10,106,1,28)
w(14,107,1,29)
w(16,121,1,29)
r(8,94,1,29)
w(1,102,1,29)
r(7,13,1,29)
r(6,106,1,29)
w(3,102,1,29)
r(0,97,1,29)
w(12,111,1,29)
r(11,15,1,29)
w(13,113,1,29)
r(18,316,1,29)
w(10,107,1,29)
r(19,111,1,29)
w(9,103,1,29)
r(17,9,1,29)
r(4,109,1,29)
r(5,314,1,29)
w(15,110,1,29)
w(2,84,1,29)
r(19,616,1,30)
r(16,629,1,30)
r(1,99,1,30)
w(0,98,1,30)
r(11,611,1,30)
w(9,104,1,30)
w(12,112,1,30)
w(3,103,1,30)
w(15,111,1,30)
r(17,567,1,30)
w(2,85,1,30)
w(4,110,1,30)
r(7,611,1,30)
w(5,102,1,30)
r(10,629,1,30)
r(14,604,1,30)
w(8,97,1,30)
r(13,590,1,30)
r(18,625,1,30)
r(6,628,1,30)
w(14,108,1,31)
w(17,91,1,31)
r(5,932,1,31)
w(0,99,1,31)
w(16,122,1,31)
w(9,105,1,31)
w(15,112,1,31)
r(2,880,1,31)
r(19,909,1,31)
r(11,611,1,31)
w(1,103,1,31)
w(7,109,1,31)
r(4,626,1,31)
r(10,908,1,31)
r(3,611,1,31)
r(6,938,1,31)
w(18,105,1,31)
r(13,896,1,31)
w(12,113,1,31)
w(8,98,1,31)
r(13,896,1,32)
w(12,114,1,32)
w(4,111,1,32)
r(7,611,1,32)
w(1,104,1,32)
r(5,932,1,32)
r(17,865,1,32)
w(11,108,1,32)
w(15,113,1,32)
w(16,123,1,32)
w(0,100,1,32)
w(2,86,1,32)
w(18,106,1,32)
r(3,611,1,32)
r(14,604,1,32)
w(9,106,1,32)
r(19,909,1,32)
w(8,99,1,32)
r(10,908,1,32)
w(6,109,1,32)
r(5,932,1,33)
w(10,108,1,33)
w(18,107,1,33)
r(1,888,1,33)
w(11,109,1,33)
w(6,110,1,33)
r(19,909,1,33)
w(0,101,1,33)
w(3,104,1,33)
w(8,100,1,33)
w(13,114,1,33)
w(7,110,1,33)
r(4,626,1,33)
r(14,604,1,33)
r(2,880,1,33)
r(9,868,1,33)
r(17,865,1,33)
r(16,629,1,33)
w(12,115,1,33)
w(15,114,1,33)
w(18,108,1,34)
r(6,110,1,34)
r(9,868,1,34)
r(7,110,1,34)
w(8,101,1,34)
r(1,888,1,34)
r(17,865,1,34)
w(16,124,1,34)
r(5,932,1,34)
w(13,115,1,34)
r(14,604,1,34)
r(11,109,1,34)
w(0,102,1,34)
w(2,87,1,34)
r(3,104,1,34)
w(12,116,1,34)
r(19,909,1,34)
r(4,626,1,34)
w(15,115,1,34)
w(10,109,1,34)
w(9,107,1,35)
w(13,116,1,35)
r(16,434,1,35)
r(8,101,1,35)
r(17,865,1,35)
r(4,626,1,35)
w(0,103,1,35)
r(5,415,1,35)
w(18,109,1,35)
r(12,395,1,35)
r(15,425,1,35)
w(11,110,1,35)
r(7,110,1,35)
w(3,105,1,35)
r(19,410,1,35)
r(10,411,1,35)
w(14,109,1,35)
r(1,406,1,35)
w(6,111,1,35)
w(2,88,1,35)
w(12,117,1,36)
r(4,626,1,36)
w(13,117,1,36)
w(18,110,1,36)
w(6,112,1,36)
r(10,517,1,36)
w(9,108,1,36)
w(2,89,1,36)
r(8,479,1,36)
r(3,525,1,36)
r(5,527,1,36)
r(11,514,1,36)
r(15,526,1,36)
r(0,510,1,36)
w(14,110,1,36)
w(19,114,1,36)
w(7,111,1,36)
w(17,92,1,36)
w(16,125,1,36)
r(1,494,1,36)
r(18,215,1,37)
w(19,115,1,37)
w(8,102,1,37)
w(14,111,1,37)
r(17,185,1,37)
r(9,108,1,37)
r(0,201,1,37)
w(5,103,1,37)
r(12,204,1,37)
w(3,106,1,37)
r(16,225,1,37)
r(10,517,1,37)
w(11,111,1,37)
w(15,116,1,37)
r(7,216,1,37)
w(2,90,1,37)
w(13,118,1,37)
r(6,112,1,37)
w(4,112,1,37)
r(1,203,1,37)
r(0,201,1,38)
r(8,196,1,38)
w(18,111,1,38)
w(1,105,1,38)
r(15,219,1,38)
r(4,215,1,38)
w(19,116,1,38)
r(17,185,1,38)
r(7,216,1,38)
w(16,126,1,38)
r(5,211,1,38)
r(10,517,1,38)
r(12,204,1,38)
w(3,107,1,38)
r(2,181,1,38)
r(14,199,1,38)
w(6,113,1,38)
w(9,109,1,38)
w(13,119,1,38)
r(11,225,1,38)
r(9,191,1,39)
r(0,512,1,39)
w(10,110,1,39)
w(16,127,1,39)
r(1,495,1,39)
w(2,91,1,39)
r(7,516,1,39)
w(19,117,1,39)
w(6,114,1,39)
r(3,205,1,39)
r(15,220,1,39)
w(5,104,1,39)
w(4,113,1,39)
w(13,120,1,39)
w(18,112,1,39)
w(17,93,1,39)
w(8,103,1,39)
r(12,204,1,39)
r(14,515,1,39)
w(11,112,1,39)
w(2,172,2,40)
r(11,1,2,40)
w(0,192,2,40)
r(8,1,2,40)
r(1,2,2,40)
w(18,206,2,40)
w(16,219,2,40)
w(9,185,2,40)
r(10,2,2,40)
r(14,1,2,40)
r(19,2,2,40)
w(3,193,2,40)
r(13,2,2,40)
w(4,200,2,40)
w(6,217,2,40)
r(12,0,2,40)
w(7,204,2,40)
r(17,2,2,40)
r(15,2,2,40)
w(5,205,2,40)
r(18,4,2,41)
w(5,206,2,41)
w(0,193,2,41)
r(11,510,2,41)
r(2,2,2,41)
w(3,194,2,41)
r(12,702,2,41)
r(14,3,2,41)
w(4,201,2,41)
w(17,180,2,41)
r(9,467,2,41)
w(7,205,2,41)
w(15,211,2,41)
w(13,208,2,41)
w(6,218,2,41)
w(19,194,2,41)
w(10,199,2,41)
w(16,220,2,41)
w(8,187,2,41)
w(1,195,2,41)
r(2,2,2,42)
w(15,212,2,42)
w(16,221,2,42)
w(12,198,2,42)
w(1,196,2,42)
r(10,507,2,42)
r(17,5,2,42)
w(13,209,2,42)
w(6,219,2,42)
r(9,467,2,42)
r(5,5,2,42)
r(0,503,2,42)
w(4,202,2,42)
w(14,192,2,42)
w(11,216,2,42)
r(19,502,2,42)
w(8,188,2,42)
r(18,4,2,42)
r(3,3,2,42)
r(7,5,2,42)
w(15,213,2,43)
w(10,200,2,43)
r(5,5,2,43)
w(9,186,2,43)
w(12,199,2,43)
w(3,195,2,43)
r(7,5,2,43)
r(0,503,2,43)
w(8,189,2,43)
r(16,3,2,43)
r(17,5,2,43)
r(2,2,2,43)
r(1,4,2,43)
r(6,509,2,43)
w(19,195,2,43)
r(13,4,2,43)
r(14,3,2,43)
w(4,203,2,43)
r(11,510,2,43)
w(18,207,2,43)
w(0,194,2,44)
w(7,206,2,44)
w(19,196,2,44)
w(15,214,2,44)
r(11,510,2,44)
r(13,4,2,44)
r(8,470,2,44)
r(12,387,2,44)
w(3,196,2,44)
w(4,204,2,44)
w(14,193,2,44)
r(10,507,2,44)
w(9,187,2,44)
w(6,220,2,44)
w(5,207,2,44)
r(2,2,2,44)
w(17,181,2,44)
r(18,421,2,44)
w(16,222,2,44)
w(1,197,2,44)
w(10,201,2,45)
w(17,182,2,45)
r(0,194,2,45)
r(8,470,2,45)
r(9,187,2,45)
w(15,215,2,45)
r(1,197,2,45)
w(7,207,2,45)
r(19,196,2,45)
w(2,173,2,45)
r(11,510,2,45)
r(14,193,2,45)
w(18,208,2,45)
r(6,220,2,45)
w(5,208,2,45)
w(4,205,2,45)
r(12,387,2,45)
w(3,197,2,45)
r(16,222,2,45)
r(13,4,2,45)
w(1,198,2,46)
w(6,221,2,46)
r(18,208,2,46)
w(12,200,2,46)
r(8,470,2,46)
r(9,187,2,46)
w(3,198,2,46)
w(19,197,2,46)
w(4,206,2,46)
r(0,194,2,46)
r(15,215,2,46)
r(10,201,2,46)
r(5,208,2,46)
r(17,182,2,46)
r(16,222,2,46)
r(2,173,2,46)
r(11,510,2,46)
r(7,207,2,46)
r(13,4,2,46)
w(14,194,2,46)
w(11,217,2,47)
w(6,222,2,47)
r(16,8,2,47)
r(9,187,2,47)
w(14,195,2,47)
w(7,208,2,47)
r(13,4,2,47)
r(5,522,2,47)
r(12,6,2,47)
w(17,183,2,47)
w(4,207,2,47)
r(2,477,2,47)
w(1,199,2,47)
w(18,209,2,47)
w(19,198,2,47)
r(0,194,2,47)
r(10,5,2,47)
w(3,199,2,47)
w(8,190,2,47)
r(15,215,2,47)
r(16,118,2,48)
w(4,208,2,48)
r(6,106,2,48)
w(10,202,2,48)
r(17,9,2,48)
w(12,201,2,48)
w(19,199,2,48)
r(18,316,2,48)
w(0,195,2,48)
w(3,200,2,48)
r(1,99,2,48)
r(13,12,2,48)
w(9,188,2,48)
r(5,314,2,48)
w(7,209,2,48)
w(2,174,2,48)
w(11,218,2,48)
w(8,191,2,48)
r(14,301,2,48)
r(15,108,2,48)
r(5,314,2,49)
r(9,100,2,49)
r(1,99,2,49)
w(11,219,2,49)
r(6,106,2,49)
r(16,118,2,49)
r(14,301,2,49)
w(7,210,2,49)
w(10,203,2,49)
w(0,196,2,49)
w(18,210,2,49)
r(19,111,2,49)
w(13,210,2,49)
r(15,108,2,49)
w(8,192,2,49)
r(4,109,2,49)
w(2,175,2,49)
w(12,202,2,49)
w(17,184,2,49)
w(3,201,2,49)
w(0,197,2,50)
w(5,209,2,50)
r(13,12,2,50)
w(1,200,2,50)
r(15,108,2,50)
r(9,100,2,50)
r(17,9,2,50)
r(3,101,2,50)
r(2,8,2,50)
r(8,94,2,50)
w(7,211,2,50)
w(4,209,2,50)
r(10,105,2,50)
r(19,111,2,50)
w(18,211,2,50)
w(11,220,2,50)
r(16,118,2,50)
r(12,295,2,50)
w(14,196,2,50)
r(6,106,2,50)
w(2,176,2,51)
w(13,211,2,51)
w(0,198,2,51)
r(3,611,2,51)
w(15,216,2,51)
w(1,201,2,51)
w(4,210,2,51)
r(5,932,2,51)
r(11,611,2,51)
r(8,878,2,51)
w(16,223,2,51)
w(6,223,2,51)
r(14,604,2,51)
w(7,212,2,51)
r(12,913,2,51)
r(18,625,2,51)
r(9,868,2,51)
r(19,909,2,51)
r(17,865,2,51)
w(10,204,2,51)
w(10,205,2,52)
w(4,211,2,52)
r(6,938,2,52)
r(0,911,2,52)
r(5,932,2,52)
r(3,611,2,52)
w(14,197,2,52)
w(13,212,2,52)
w(11,221,2,52)
w(2,177,2,52)
w(15,217,2,52)
w(9,189,2,52)
r(17,865,2,52)
w(8,193,2,52)
r(1,888,2,52)
r(12,913,2,52)
w(18,212,2,52)
r(16,629,2,52)
r(7,611,2,52)
w(19,200,2,52)
w(6,224,2,53)
r(13,116,2,53)
r(8,101,2,53)
w(18,213,2,53)
r(19,410,2,53)
r(12,395,2,53)
r(1,406,2,53)
w(14,198,2,53)
w(11,222,2,53)
r(5,415,2,53)
w(15,218,2,53)
w(3,202,2,53)
w(2,178,2,53)
w(9,190,2,53)
w(7,213,2,53)
r(17,865,2,53)
w(0,199,2,53)
w(4,212,2,53)
w(10,206,2,53)
r(16,434,2,53)
r(10,517,2,54)
r(5,527,2,54)
r(18,110,2,54)
w(8,194,2,54)
w(7,214,2,54)
w(16,224,2,54)
r(14,110,2,54)
w(19,201,2,54)
r(9,108,2,54)
w(4,213,2,54)
w(1,202,2,54)
w(0,200,2,54)
r(17,92,2,54)
w(13,213,2,54)
r(6,112,2,54)
w(3,203,2,54)
w(11,223,2,54)
w(15,219,2,54)
r(12,117,2,54)
w(2,179,2,54)
w(4,214,2,55)
w(13,214,2,55)
w(11,224,2,55)
w(5,210,2,55)
w(7,215,2,55)
w(18,214,2,55)
w(1,203,2,55)
r(14,110,2,55)
r(15,219,2,55)
w(8,195,2,55)
r(6,112,2,55)
r(9,108,2,55)
r(3,203,2,55)
w(2,180,2,55)
w(19,202,2,55)
w(12,203,2,55)
w(0,201,2,55)
w(17,185,2,55)
r(10,517,2,55)
r(16,224,2,55)
w(2,181,2,56)
w(3,204,2,56)
r(15,219,2,56)
r(10,517,2,56)
w(18,215,2,56)
w(19,203,2,56)
w(8,196,2,56)
w(13,215,2,56)
r(6,112,2,56)
r(9,108,2,56)
r(1,203,2,56)
w(16,225,2,56)
w(11,225,2,56)
w(12,204,2,56)
w(7,216,2,56)
r(0,201,2,56)
w(14,199,2,56)
r(17,185,2,56)
w(4,215,2,56)
w(5,211,2,56)
w(0,202,2,57)
r(12,204,2,57)
w(16,226,2,57)
r(7,216,2,57)
w(6,225,2,57)
r(13,119,2,57)
w(3,205,2,57)
w(1,204,2,57)
w(15,220,2,57)
w(9,191,2,57)
w(17,186,2,57)
w(5,212,2,57)
w(4,216,2,57)
w(19,204,2,57)
w(18,216,2,57)
w(11,226,2,57)
r(10,517,2,57)
w(14,200,2,57)
r(8,196,2,57)
w(2,182,2,57)
r(2,182,2,58)
r(10,517,2,58)
w(12,205,2,58)
w(7,217,2,58)
r(15,220,2,58)
w(8,197,2,58)
r(16,226,2,58)
r(5,212,2,58)
r(14,200,2,58)
w(11,227,2,58)
r(1,204,2,58)
w(6,226,2,58)
w(0,203,2,58)
w(19,205,2,58)
r(18,216,2,58)
w(9,192,2,58)
w(3,206,2,58)
w(13,216,2,58)
w(4,217,2,58)
r(17,186,2,58)
w(4,218,2,59)
r(1,496,2,59)
w(19,206,2,59)
r(16,127,2,59)
w(15,221,2,59)
w(8,198,2,59)
r(7,516,2,59)
w(5,213,2,59)
r(18,525,2,59)
w(9,193,2,59)
w(10,207,2,59)
r(2,484,2,59)
w(17,187,2,59)
r(11,516,2,59)
r(12,501,2,59)
r(6,114,2,59)
r(0,512,2,59)
w(13,217,2,59)
r(3,527,2,59)
w(14,201,2,59)
w(8,280,3,60)
w(1,303,3,60)
r(11,1,3,60)
r(10,2,3,60)
r(9,0,3,60)
w(17,275,3,60)
w(13,311,3,60)
r(16,1,3,60)
r(0,1,3,60)
w(2,281,3,60)
w(14,296,3,60)
r(3,1,3,60)
r(19,2,3,60)
w(4,315,3,60)
r(6,0,3,60)
w(15,321,3,60)
w(7,303,3,60)
w(5,310,3,60)
r(12,0,3,60)
w(18,312,3,60)
r(4,1,3,61)
r(15,2,3,61)
r(0,1,3,61)
r(16,1,3,61)
r(3,1,3,61)
r(2,1,3,61)
r(13,2,3,61)
r(12,0,3,61)
r(18,1,3,61)
r(19,2,3,61)
r(14,1,3,61)
r(5,2,3,61)
w(6,314,3,61)
r(9,0,3,61)
w(10,294,3,61)
w(1,304,3,61)
r(17,2,3,61)
w(8,281,3,61)
w(11,318,3,61)
r(7,1,3,61)
w(9,280,3,62)
w(0,291,3,62)
w(15,322,3,62)
r(13,2,3,62)
r(4,200,3,62)
r(7,204,3,62)
r(5,205,3,62)
w(8,282,3,62)
r(1,2,3,62)
w(10,295,3,62)
r(17,2,3,62)
w(2,282,3,62)
w(3,300,3,62)
r(11,1,3,62)
r(18,206,3,62)
r(16,219,3,62)
r(12,0,3,62)
w(14,297,3,62)
r(19,2,3,62)
w(6,315,3,62)
r(12,0,3,63)
r(6,217,3,63)
w(7,304,3,63)
w(15,323,3,63)
r(14,1,3,63)
w(8,283,3,63)
w(0,292,3,63)
r(17,2,3,63)
r(18,206,3,63)
r(19,2,3,63)
r(5,205,3,63)
r(3,193,3,63)
r(4,200,3,63)
r(16,219,3,63)
r(9,185,3,63)
r(13,2,3,63)
r(10,2,3,63)
w(1,305,3,63)
r(11,1,3,63)
r(2,172,3,63)
w(1,306,3,64)
w(14,298,3,64)
r(16,525,3,64)
r(9,467,3,64)
w(2,283,3,64)
r(19,502,3,64)
w(11,319,3,64)
r(0,503,3,64)
w(12,294,3,64)
w(15,324,3,64)
r(7,204,3,64)
w(4,316,3,64)
w(18,313,3,64)
r(8,470,3,64)
r(17,2,3,64)
w(3,301,3,64)
r(13,500,3,64)
w(5,311,3,64)
w(10,296,3,64)
r(6,509,3,64)
r(6,509,3,65)
w(2,284,3,65)
w(5,312,3,65)
r(18,4,3,65)
w(14,299,3,65)
r(16,3,3,65)
r(3,3,3,65)
r(12,702,3,65)
r(15,6,3,65)
r(10,507,3,65)
w(0,293,3,65)
w(1,307,3,65)
w(9,281,3,65)
w(13,312,3,65)
w(7,305,3,65)
r(17,5,3,65)
w(8,284,3,65)
w(11,320,3,65)
r(4,4,3,65)
w(19,305,3,65)
r(12,387,3,66)
w(11,321,3,66)
r(15,214,3,66)
w(10,297,3,66)
w(1,308,3,66)
r(7,206,3,66)
w(13,313,3,66)
w(17,276,3,66)
r(8,470,3,66)
r(5,207,3,66)
w(19,306,3,66)
r(18,421,3,66)
r(3,196,3,66)
r(0,194,3,66)
r(4,204,3,66)
w(14,300,3,66)
w(2,285,3,66)
w(9,282,3,66)
r(6,220,3,66)
w(16,323,3,66)
r(2,2,3,67)
w(8,285,3,67)
r(0,194,3,67)
w(7,306,3,67)
w(10,298,3,67)
w(11,322,3,67)
w(4,317,3,67)
w(1,309,3,67)
w(15,325,3,67)
r(19,196,3,67)
r(16,222,3,67)
r(6,220,3,67)
w(9,283,3,67)
r(13,4,3,67)
r(14,193,3,67)
r(12,387,3,67)
w(5,313,3,67)
w(18,314,3,67)
w(17,277,3,67)
r(3,196,3,67)
w(3,302,3,68)
w(6,316,3,68)
w(13,314,3,68)
r(10,201,3,68)
w(8,286,3,68)
r(12,387,3,68)
w(2,286,3,68)
r(1,197,3,68)
r(9,187,3,68)
r(17,182,3,68)
r(14,193,3,68)
r(4,205,3,68)
r(16,222,3,68)
r(5,208,3,68)
r(7,207,3,68)
w(18,315,3,68)
r(19,196,3,68)
w(0,294,3,68)
w(15,326,3,68)
r(11,510,3,68)
w(12,295,3,69)
w(5,314,3,69)
r(7,10,3,69)
w(16,324,3,69)
w(3,303,3,69)
w(14,301,3,69)
w(17,278,3,69)
w(2,287,3,69)
w(13,315,3,69)
r(9,187,3,69)
r(1,9,3,69)
r(6,220,3,69)
w(8,287,3,69)
r(0,194,3,69)
w(18,316,3,69)
r(10,5,3,69)
r(11,11,3,69)
r(19,196,3,69)
r(15,215,3,69)
w(4,318,3,69)
w(17,279,3,70)
w(1,310,3,70)
r(4,318,3,70)
r(0,194,3,70)
r(3,303,3,70)
r(11,11,3,70)
w(10,299,3,70)
w(14,302,3,70)
r(13,315,3,70)
w(5,315,3,70)
w(15,327,3,70)
w(19,307,3,70)
r(16,324,3,70)
r(18,316,3,70)
r(12,295,3,70)
w(6,317,3,70)
r(7,10,3,70)
w(9,284,3,70)
w(2,288,3,70)
r(8,287,3,70)
r(19,196,3,71)
r(15,215,3,71)
w(1,311,3,71)
r(9,187,3,71)
r(12,295,3,71)
w(17,280,3,71)
r(3,303,3,71)
r(13,315,3,71)
w(4,319,3,71)
w(8,288,3,71)
w(2,289,3,71)
w(14,303,3,71)
r(5,314,3,71)
r(6,220,3,71)
r(18,316,3,71)
r(16,324,3,71)
w(11,323,3,71)
r(0,194,3,71)
w(10,300,3,71)
r(7,10,3,71)
r(12,295,3,72)
w(19,308,3,72)
w(11,324,3,72)
w(17,281,3,72)
r(6,220,3,72)
w(18,317,3,72)
w(10,301,3,72)
w(5,316,3,72)
w(3,304,3,72)
w(0,295,3,72)
w(2,290,3,72)
w(1,312,3,72)
r(8,287,3,72)
w(7,307,3,72)
w(13,316,3,72)
r(9,187,3,72)
r(4,318,3,72)
w(15,328,3,72)
r(16,324,3,72)
r(14,301,3,72)
r(12,295,3,73)
r(6,220,3,73)
r(0,194,3,73)
w(4,320,3,73)
r(19,196,3,73)
r(1,9,3,73)
r(18,316,3,73)
w(17,282,3,73)
w(13,317,3,73)
w(9,285,3,73)
r(14,301,3,73)
w(3,305,3,73)
w(16,325,3,73)
w(8,289,3,73)
r(11,11,3,73)
w(7,308,3,73)
r(15,215,3,73)
r(5,314,3,73)
r(10,5,3,73)
w(2,291,3,73)
r(2,8,3,74)
w(18,318,3,74)
w(17,283,3,74)
r(15,10,3,74)
w(10,302,3,74)
w(12,296,3,74)
w(0,296,3,74)
w(7,309,3,74)
r(1,9,3,74)
r(6,220,3,74)
w(16,326,3,74)
r(8,287,3,74)
r(5,314,3,74)
r(13,12,3,74)
w(11,325,3,74)
r(14,301,3,74)
r(4,11,3,74)
w(3,306,3,74)
w(9,286,3,74)
r(19,196,3,74)
r(4,109,3,75)
r(0,97,3,75)
r(14,301,3,75)
w(7,310,3,75)
r(12,295,3,75)
r(9,100,3,75)
r(15,108,3,75)
w(3,307,3,75)
r(13,12,3,75)
r(1,99,3,75)
w(17,284,3,75)
r(5,314,3,75)
w(6,318,3,75)
w(18,319,3,75)
w(10,303,3,75)
w(16,327,3,75)
w(19,309,3,75)
w(2,292,3,75)
r(8,94,3,75)
w(11,326,3,75)
r(6,106,3,76)
w(14,304,3,76)
r(17,9,3,76)
w(0,297,3,76)
w(9,287,3,76)
w(16,328,3,76)
r(5,314,3,76)
r(7,13,3,76)
w(15,329,3,76)
r(11,15,3,76)
w(3,308,3,76)
w(10,304,3,76)
r(19,111,3,76)
w(8,290,3,76)
r(13,12,3,76)
r(1,99,3,76)
r(12,295,3,76)
r(18,316,3,76)
w(2,293,3,76)
w(4,321,3,76)
r(0,97,3,77)
r(16,118,3,77)
r(14,301,3,77)
r(19,111,3,77)
w(10,305,3,77)
r(4,109,3,77)
r(17,9,3,77)
r(9,100,3,77)
w(3,309,3,77)
w(6,319,3,77)
r(1,99,3,77)
w(7,311,3,77)
w(5,317,3,77)
w(15,330,3,77)
w(12,297,3,77)
r(18,316,3,77)
w(11,327,3,77)
w(2,294,3,77)
r(13,12,3,77)
w(8,291,3,77)
w(3,310,3,78)
r(1,99,3,78)
w(18,320,3,78)
r(5,314,3,78)
w(7,312,3,78)
w(11,328,3,78)
w(2,295,3,78)
r(9,100,3,78)
r(13,12,3,78)
r(10,105,3,78)
w(16,329,3,78)
r(17,9,3,78)
r(6,106,3,78)
w(4,322,3,78)
r(12,295,3,78)
r(0,97,3,78)
w(8,292,3,78)
w(19,310,3,78)
r(15,108,3,78)
w(14,305,3,78)
r(8,94,3,79)
w(9,288,3,79)
r(10,105,3,79)
r(5,314,3,79)
r(18,316,3,79)
r(11,15,3,79)
r(3,101,3,79)
r(1,99,3,79)
r(19,111,3,79)
r(6,106,3,79)
r(2,8,3,79)
r(4,109,3,79)
r(17,9,3,79)
w(0,298,3,79)
r(14,301,3,79)
r(15,108,3,79)
w(7,313,3,79)
w(13,318,3,79)
w(12,298,3,79)
w(16,330,3,79)
r(2,172,4,80)
w(17,370,4,80)
w(14,397,4,80)
w(8,375,4,80)
w(12,385,4,80)
w(18,418,4,80)
w(7,405,4,80)
w(19,400,4,80)
w(0,399,4,80)
r(4,200,4,80)
r(13,2,4,80)
r(3,193,4,80)
w(15,416,4,80)
w(1,398,4,80)
r(16,219,4,80)
r(11,1,4,80)
r(5,205,4,80)
w(10,401,4,80)
w(9,378,4,80)
w(6,409,4,80)
w(10,402,4,81)
r(16,219,4,81)
w(19,401,4,81)
w(1,399,4,81)
r(9,185,4,81)
r(14,1,4,81)
w(0,400,4,81)
r(5,205,4,81)
w(15,417,4,81)
w(3,408,4,81)
w(7,406,4,81)
r(4,200,4,81)
w(8,376,4,81)
w(11,413,4,81)
r(17,2,4,81)
w(6,410,4,81)
r(18,206,4,81)
w(13,405,4,81)
r(12,0,4,81)
w(2,376,4,81)
r(6,509,4,82)
w(5,408,4,82)
r(12,702,4,82)
w(14,398,4,82)
w(16,426,4,82)
w(3,409,4,82)
r(11,510,4,82)
r(2,2,4,82)
r(0,503,4,82)
r(13,4,4,82)
w(1,400,4,82)
r(17,5,4,82)
r(19,502,4,82)
r(7,5,4,82)
r(4,4,4,82)
r(8,470,4,82)
r(9,467,4,82)
w(10,403,4,82)
w(18,419,4,82)
r(15,6,4,82)
r(8,470,4,83)
r(15,6,4,83)
r(0,503,4,83)
r(14,3,4,83)
r(7,5,4,83)
w(5,409,4,83)
w(16,427,4,83)
r(12,702,4,83)
w(13,406,4,83)
r(1,4,4,83)
w(10,404,4,83)
w(17,371,4,83)
w(2,377,4,83)
r(9,467,4,83)
w(4,421,4,83)
r(11,510,4,83)
r(3,3,4,83)
w(19,402,4,83)
r(6,509,4,83)
w(18,420,4,83)
w(9,379,4,84)
w(11,414,4,84)
r(13,4,4,84)
r(18,4,4,84)
r(16,3,4,84)
w(2,378,4,84)
w(7,407,4,84)
r(6,509,4,84)
w(8,377,4,84)
r(19,502,4,84)
r(15,6,4,84)
w(0,401,4,84)
w(12,386,4,84)
w(10,405,4,84)
r(5,5,4,84)
w(1,401,4,84)
w(3,410,4,84)
r(17,5,4,84)
r(14,3,4,84)
w(4,422,4,84)
w(18,421,4,85)
r(10,507,4,85)
w(12,387,4,85)
r(2,2,4,85)
r(19,502,4,85)
r(13,4,4,85)
r(16,3,4,85)
r(8,470,4,85)
r(1,4,4,85)
r(11,510,4,85)
w(6,411,4,85)
w(14,399,4,85)
r(9,467,4,85)
w(5,410,4,85)
r(7,5,4,85)
w(15,418,4,85)
r(4,4,4,85)
r(0,503,4,85)
r(3,3,4,85)
r(17,5,4,85)
w(7,408,4,86)
r(15,214,4,86)
w(14,400,4,86)
r(11,510,4,86)
w(6,412,4,86)
w(13,407,4,86)
w(2,379,4,86)
r(18,421,4,86)
w(12,388,4,86)
r(17,181,4,86)
w(3,411,4,86)
r(9,187,4,86)
w(10,406,4,86)
w(16,428,4,86)
r(1,197,4,86)
r(19,196,4,86)
r(4,204,4,86)
w(8,378,4,86)
w(0,402,4,86)
r(5,207,4,86)
r(10,201,4,87)
r(9,187,4,87)
w(6,413,4,87)
w(8,379,4,87)
r(16,222,4,87)
r(5,208,4,87)
r(15,215,4,87)
w(3,412,4,87)
w(14,401,4,87)
r(17,182,4,87)
w(18,422,4,87)
r(11,510,4,87)
r(0,194,4,87)
w(19,403,4,87)
r(7,207,4,87)
r(13,4,4,87)
w(1,402,4,87)
r(4,205,4,87)
r(2,173,4,87)
w(12,389,4,87)
r(1,9,4,88)
r(18,9,4,88)
w(19,404,4,88)
w(11,415,4,88)
r(3,8,4,88)
w(12,390,4,88)
r(10,5,4,88)
r(16,8,4,88)
w(7,409,4,88)
r(4,205,4,88)
w(8,380,4,88)
w(14,402,4,88)
r(9,187,4,88)
r(13,4,4,88)
w(6,414,4,88)
r(0,194,4,88)
r(15,215,4,88)
r(2,477,4,88)
r(17,470,4,88)
r(5,522,4,88)
r(8,7,4,89)
r(4,205,4,89)
w(11,416,4,89)
w(12,391,4,89)
r(13,4,4,89)
w(2,380,4,89)
w(14,403,4,89)
w(1,403,4,89)
r(5,522,4,89)
r(7,10,4,89)
r(16,8,4,89)
w(3,413,4,89)
r(18,9,4,89)
w(19,405,4,89)
w(15,419,4,89)
r(9,187,4,89)
w(0,403,4,89)
w(17,372,4,89)
r(10,5,4,89)
w(6,415,4,89)
r(16,324,4,90)
r(6,220,4,90)
w(4,423,4,90)
r(14,301,4,90)
w(15,420,4,90)
w(2,381,4,90)
r(3,303,4,90)
w(18,423,4,90)
r(8,287,4,90)
r(1,9,4,90)
r(12,295,4,90)
r(7,10,4,90)
w(0,404,4,90)
r(13,315,4,90)
r(10,5,4,90)
r(11,11,4,90)
r(17,278,4,90)
r(19,196,4,90)
r(9,187,4,90)
w(5,411,4,90)
w(7,410,4,91)
r(10,5,4,91)
w(15,421,4,91)
w(3,414,4,91)
r(19,196,4,91)
w(8,381,4,91)
w(0,405,4,91)
r(2,287,4,91)
r(9,187,4,91)
r(17,278,4,91)
r(12,295,4,91)
r(1,9,4,91)
w(4,424,4,91)
w(16,429,4,91)
r(14,301,4,91)
r(11,11,4,91)
r(18,316,4,91)
w(6,416,4,91)
r(5,314,4,91)
w(13,408,4,91)
r(18,316,4,92)
w(15,422,4,92)
w(7,411,4,92)
w(13,409,4,92)
w(17,373,4,92)
w(1,404,4,92)
w(14,404,4,92)
r(12,295,4,92)
w(6,417,4,92)
w(9,380,4,92)
w(2,382,4,92)
w(8,382,4,92)
r(5,314,4,92)
w(11,417,4,92)
w(16,430,4,92)
w(4,425,4,92)
r(19,196,4,92)
w(10,407,4,92)
w(0,406,4,92)
w(3,415,4,92)
r(13,12,4,93)
r(1,9,4,93)
r(11,15,4,93)
r(18,316,4,93)
w(3,416,4,93)
r(9,8,4,93)
w(8,383,4,93)
w(12,392,4,93)
w(15,423,4,93)
w(14,405,4,93)
r(10,9,4,93)
r(0,194,4,93)
w(19,406,4,93)
r(6,220,4,93)
r(2,8,4,93)
r(7,13,4,93)
w(4,426,4,93)
w(16,431,4,93)
w(5,412,4,93)
r(17,9,4,93)
r(4,109,4,94)
r(17,9,4,94)
r(15,108,4,94)
w(18,424,4,94)
r(11,15,4,94)
w(5,413,4,94)
r(19,111,4,94)
r(7,13,4,94)
w(3,417,4,94)
r(9,100,4,94)
r(12,295,4,94)
r(16,118,4,94)
r(14,301,4,94)
w(13,410,4,94)
r(8,94,4,94)
w(0,407,4,94)
w(1,405,4,94)
w(2,383,4,94)
w(6,418,4,94)
r(10,105,4,94)
r(6,628,4,95)
r(5,636,4,95)
w(13,411,4,95)
r(15,624,4,95)
w(16,432,4,95)
w(3,418,4,95)
w(17,374,4,95)
r(0,617,4,95)
r(4,626,4,95)
r(9,750,4,95)
w(2,384,4,95)
r(8,583,4,95)
r(1,99,4,95)
w(18,425,4,95)
w(19,407,4,95)
r(7,611,4,95)
r(10,629,4,95)
w(14,406,4,95)
w(12,393,4,95)
r(11,611,4,95)
w(0,408,4,96)
r(13,896,4,96)
r(14,604,4,96)
r(5,932,4,96)
r(16,629,4,96)
w(10,408,4,96)
w(11,418,4,96)
r(15,624,4,96)
r(12,913,4,96)
w(9,381,4,96)
r(8,878,4,96)
w(3,419,4,96)
w(2,385,4,96)
w(7,412,4,96)
r(4,626,4,96)
w(18,426,4,96)
r(17,865,4,96)
r(1,888,4,96)
r(6,938,4,96)
w(19,408,4,96)
r(11,611,4,97)
r(0,911,4,97)
r(6,938,4,97)
r(18,625,4,97)
w(19,409,4,97)
w(5,414,4,97)
w(16,433,4,97)
r(8,878,4,97)
w(15,424,4,97)
w(4,427,4,97)
r(17,865,4,97)
r(1,888,4,97)
r(7,611,4,97)
r(14,604,4,97)
w(10,409,4,97)
w(13,412,4,97)
r(9,868,4,97)
r(2,880,4,97)
w(12,394,4,97)
r(3,611,4,97)
r(4,626,4,98)
w(13,413,4,98)
w(7,413,4,98)
w(3,420,4,98)
r(6,938,4,98)
r(5,932,4,98)
r(15,624,4,98)
r(11,611,4,98)
w(9,382,4,98)
w(18,427,4,98)
r(2,880,4,98)
r(19,909,4,98)
r(12,913,4,98)
r(0,911,4,98)
w(17,375,4,98)
r(1,888,4,98)
r(16,629,4,98)
w(8,384,4,98)
w(10,410,4,98)
w(14,407,4,98)
r(11,109,4,99)
r(9,868,4,99)
w(6,419,4,99)
w(18,428,4,99)
r(17,865,4,99)
w(1,406,4,99)
w(14,408,4,99)
r(2,87,4,99)
w(13,414,4,99)
w(19,410,4,99)
r(3,104,4,99)
w(16,434,4,99)
w(0,409,4,99)
r(8,101,4,99)
r(4,626,4,99)
w(10,411,4,99)
w(12,395,4,99)
w(5,415,4,99)
w(15,425,4,99)
r(7,110,4,99)
w(14,506,5,100)
w(5,518,5,100)
w(13,500,5,100)
w(0,503,5,100)
w(6,509,5,100)
w(3,517,5,100)
w(18,516,5,100)
w(1,486,5,100)
r(17,2,5,100)
r(15,2,5,100)
w(12,493,5,100)
r(7,204,5,100)
w(4,515,5,100)
w(9,467,5,100)
w(11,510,5,100)
w(16,525,5,100)
w(8,470,5,100)
w(10,507,5,100)
w(2,475,5,100)
w(19,502,5,100)
w(17,469,5,101)
w(19,503,5,101)
w(16,526,5,101)
w(3,518,5,101)
w(14,507,5,101)
r(6,509,5,101)
r(1,4,5,101)
w(2,476,5,101)
r(9,467,5,101)
r(18,4,5,101)
w(5,519,5,101)
r(10,507,5,101)
r(15,6,5,101)
w(8,471,5,101)
r(11,510,5,101)
r(7,5,5,101)
w(4,516,5,101)
w(12,494,5,101)
r(13,4,5,101)
w(0,504,5,101)
w(16,527,5,102)
w(9,468,5,102)
w(13,501,5,102)
w(8,472,5,102)
r(4,4,5,102)
r(0,503,5,102)
w(3,519,5,102)
w(14,508,5,102)
r(17,5,5,102)
r(18,421,5,102)
r(11,510,5,102)
w(12,495,5,102)
r(2,2,5,102)
r(6,411,5,102)
w(7,506,5,102)
r(10,507,5,102)
r(1,4,5,102)
r(15,418,5,102)
w(5,520,5,102)
w(19,504,5,102)
r(9,187,5,103)
r(17,181,5,103)
w(3,520,5,103)
w(7,507,5,103)
r(12,387,5,103)
w(18,517,5,103)
w(14,509,5,103)
w(5,521,5,103)
r(8,470,5,103)
w(0,505,5,103)
w(10,508,5,103)
r(1,197,5,103)
r(19,196,5,103)
r(11,510,5,103)
w(15,522,5,103)
w(6,510,5,103)
r(4,204,5,103)
w(16,528,5,103)
r(2,2,5,103)
r(13,4,5,103)
r(4,205,5,104)
r(8,470,5,104)
r(1,197,5,104)
w(2,477,5,104)
r(13,4,5,104)
w(10,509,5,104)
w(17,470,5,104)
r(0,194,5,104)
r(15,215,5,104)
w(5,522,5,104)
w(7,508,5,104)
r(19,196,5,104)
r(9,187,5,104)
r(11,510,5,104)
r(16,222,5,104)
r(12,387,5,104)
w(3,521,5,104)
r(18,208,5,104)
r(6,220,5,104)
w(14,510,5,104)
r(12,295,5,105)
r(0,194,5,105)
w(16,529,5,105)
w(5,523,5,105)
w(18,518,5,105)
w(8,473,5,105)
w(19,505,5,105)
r(9,187,5,105)
w(17,471,5,105)
w(1,487,5,105)
r(15,215,5,105)
w(14,511,5,105)
w(10,510,5,105)
w(2,478,5,105)
w(7,509,5,105)
w(4,517,5,105)
r(11,11,5,105)
w(6,511,5,105)
w(3,522,5,105)
w(13,502,5,105)
w(19,506,5,106)
r(16,324,5,106)
w(12,496,5,106)
w(5,524,5,106)
r(13,12,5,106)
r(9,8,5,106)
r(4,11,5,106)
w(1,488,5,106)
r(11,15,5,106)
w(7,510,5,106)
r(2,8,5,106)
w(0,506,5,106)
w(15,523,5,106)
r(3,303,5,106)
r(17,9,5,106)
r(14,301,5,106)
w(10,511,5,106)
w(8,474,5,106)
w(18,519,5,106)
w(6,512,5,106)
w(16,530,5,107)
r(15,108,5,107)
w(17,472,5,107)
r(12,295,5,107)
r(19,111,5,107)
w(8,475,5,107)
r(14,301,5,107)
r(6,106,5,107)
r(10,105,5,107)
w(13,503,5,107)
w(11,511,5,107)
w(9,469,5,107)
w(0,507,5,107)
w(18,520,5,107)
w(1,489,5,107)
r(2,8,5,107)
w(7,511,5,107)
r(4,109,5,107)
w(5,525,5,107)
w(3,523,5,107)
r(0,97,5,108)
w(16,531,5,108)
w(8,476,5,108)
r(12,295,5,108)
w(2,479,5,108)
w(18,521,5,108)
r(9,100,5,108)
r(15,108,5,108)
w(19,507,5,108)
w(17,473,5,108)
w(6,513,5,108)
w(1,490,5,108)
w(10,512,5,108)
r(3,101,5,108)
r(14,301,5,108)
w(7,512,5,108)
r(5,314,5,108)
w(13,504,5,108)
w(11,512,5,108)
w(4,518,5,108)
w(6,514,5,109)
r(9,100,5,109)
w(12,497,5,109)
r(5,314,5,109)
w(1,491,5,109)
w(7,513,5,109)
w(15,524,5,109)
r(18,316,5,109)
r(3,101,5,109)
w(13,505,5,109)
w(14,512,5,109)
w(16,532,5,109)
r(8,94,5,109)
w(11,513,5,109)
r(4,109,5,109)
w(10,513,5,109)
r(2,8,5,109)
w(19,508,5,109)
r(17,9,5,109)
r(0,97,5,109)
r(3,611,5,110)
w(13,506,5,110)
r(5,932,5,110)
r(11,611,5,110)
w(19,509,5,110)
r(4,626,5,110)
r(15,624,5,110)
w(0,508,5,110)
w(10,514,5,110)
w(7,514,5,110)
w(1,492,5,110)
r(2,880,5,110)
r(6,938,5,110)
r(17,865,5,110)
r(18,625,5,110)
r(9,868,5,110)
r(14,604,5,110)
w(12,498,5,110)
w(8,477,5,110)
w(16,533,5,110)
r(1,406,5,111)
r(7,110,5,111)
r(16,434,5,111)
w(14,513,5,111)
r(0,103,5,111)
w(9,470,5,111)
r(11,110,5,111)
w(18,522,5,111)
w(2,480,5,111)
w(10,515,5,111)
w(12,499,5,111)
r(17,865,5,111)
w(3,524,5,111)
r(6,111,5,111)
w(15,525,5,111)
r(4,626,5,111)
r(13,116,5,111)
w(19,510,5,111)
w(5,526,5,111)
r(8,101,5,111)
w(17,474,5,112)
w(1,493,5,112)
r(11,110,5,112)
w(18,523,5,112)
w(0,509,5,112)
w(7,515,5,112)
r(6,111,5,112)
w(8,478,5,112)
r(3,105,5,112)
r(16,434,5,112)
w(14,514,5,112)
r(9,107,5,112)
w(10,516,5,112)
r(2,88,5,112)
w(15,526,5,112)
r(19,410,5,112)
r(4,626,5,112)
r(12,395,5,112)
r(13,116,5,112)
r(5,415,5,112)
r(18,523,5,113)
w(3,525,5,113)
w(16,534,5,113)
w(19,511,5,113)
w(5,527,5,113)
r(12,395,5,113)
r(15,526,5,113)
r(6,111,5,113)
w(2,481,5,113)
r(4,626,5,113)
w(13,507,5,113)
w(17,475,5,113)
r(14,514,5,113)
w(11,514,5,113)
w(8,479,5,113)
w(1,494,5,113)
w(9,471,5,113)
w(0,510,5,113)
r(7,515,5,113)
w(10,517,5,113)
r(9,108,5,114)
r(19,203,5,114)
r(11,225,5,114)
w(12,500,5,114)
w(0,511,5,114)
r(7,216,5,114)
r(16,225,5,114)
w(5,528,5,114)
w(17,476,5,114)
r(1,203,5,114)
w(18,524,5,114)
r(8,196,5,114)
r(14,199,5,114)
w(6,515,5,114)
r(4,215,5,114)
w(3,526,5,114)
r(13,215,5,114)
w(15,527,5,114)
w(10,518,5,114)
w(2,482,5,114)
w(7,516,5,115)
w(4,519,5,115)
w(16,535,5,115)
w(11,515,5,115)
r(6,225,5,115)
r(12,204,5,115)
w(2,483,5,115)
w(0,512,5,115)
r(9,191,5,115)
r(15,220,5,115)
w(17,477,5,115)
w(19,512,5,115)
r(18,216,5,115)
w(10,519,5,115)
w(14,515,5,115)
w(8,480,5,115)
w(1,495,5,115)
w(5,529,5,115)
r(13,119,5,115)
r(3,205,5,115)
r(14,515,5,116)
w(15,528,5,116)
r(0,512,5,116)
w(11,516,5,116)
r(16,127,5,116)
w(3,527,5,116)
r(5,104,5,116)
r(7,516,5,116)
w(2,484,5,116)
r(6,114,5,116)
r(10,110,5,116)
w(1,496,5,116)
w(4,520,5,116)
w(19,513,5,116)
r(17,93,5,116)
w(18,525,5,116)
w(9,472,5,116)
w(13,508,5,116)
w(12,501,5,116)
r(8,103,5,116)
w(18,526,5,117)
r(15,221,5,117)
r(6,114,5,117)
w(13,509,5,117)
w(10,520,5,117)
r(19,206,5,117)
r(2,484,5,117)
w(12,502,5,117)
w(9,473,5,117)
w(5,530,5,117)
w(17,478,5,117)
r(11,516,5,117)
r(16,127,5,117)
w(14,516,5,117)
w(8,481,5,117)
w(7,517,5,117)
r(3,527,5,117)
r(4,218,5,117)
r(0,512,5,117)
w(1,497,5,117)
w(0,513,5,118)
r(14,516,5,118)
r(4,218,5,118)
w(12,503,5,118)
w(19,514,5,118)
r(9,473,5,118)
w(10,521,5,118)
r(8,481,5,118)
w(11,517,5,118)
r(5,530,5,118)
w(13,510,5,118)
w(18,527,5,118)
r(1,497,5,118)
w(2,485,5,118)
w(16,536,5,118)
w(6,516,5,118)
r(7,517,5,118)
w(17,479,5,118)
r(15,221,5,118)
r(3,527,5,118)
r(6,516,5,119)
w(14,517,5,119)
w(9,474,5,119)
w(2,486,5,119)
r(8,481,5,119)
w(4,521,5,119)
r(17,479,5,119)
w(13,511,5,119)
w(19,515,5,119)
w(16,537,5,119)
r(15,221,5,119)
r(11,517,5,119)
w(1,498,5,119)
w(10,522,5,119)
w(0,514,5,119)
w(12,504,5,119)
w(3,528,5,119)
w(5,531,5,119)
w(7,518,5,119)
w(18,528,5,119)
w(4,617,6,120)
w(18,618,6,120)
w(14,599,6,120)
r(17,2,6,120)
w(1,583,6,120)
w(5,629,6,120)
r(19,2,6,120)
r(11,1,6,120)
w(7,606,6,120)
r(2,172,6,120)
w(10,621,6,120)
w(8,578,6,120)
w(9,557,6,120)
r(16,219,6,120)
r(12,0,6,120)
r(15,2,6,120)
r(6,217,6,120)
r(3,193,6,120)
w(0,612,6,120)
w(13,586,6,120)
r(19,196,6,121)
r(18,421,6,121)
r(0,194,6,121)
w(4,618,6,121)
w(2,581,6,121)
r(7,206,6,121)
w(1,584,6,121)
w(9,558,6,121)
r(11,510,6,121)
r(17,181,6,121)
w(10,622,6,121)
r(8,470,6,121)
w(14,600,6,121)
w(6,623,6,121)
w(3,605,6,121)
w(5,630,6,121)
w(12,594,6,121)
r(15,214,6,121)
w(13,587,6,121)
r(16,222,6,121)
r(8,470,6,122)
r(11,510,6,122)
w(4,619,6,122)
r(6,220,6,122)
r(14,193,6,122)
r(7,206,6,122)
w(15,617,6,122)
r(13,4,6,122)
r(5,207,6,122)
r(3,196,6,122)
w(12,595,6,122)
r(2,2,6,122)
w(10,623,6,122)
w(16,622,6,122)
r(17,181,6,122)
r(9,187,6,122)
w(18,619,6,122)
w(0,613,6,122)
r(1,197,6,122)
r(19,196,6,122)
r(13,4,6,123)
r(16,222,6,123)
r(9,187,6,123)
r(14,193,6,123)
w(0,614,6,123)
w(7,607,6,123)
w(1,585,6,123)
w(18,620,6,123)
w(4,620,6,123)
r(19,196,6,123)
r(15,215,6,123)
r(3,197,6,123)
r(17,182,6,123)
r(11,510,6,123)
w(2,582,6,123)
w(12,596,6,123)
w(8,579,6,123)
r(10,201,6,123)
r(5,208,6,123)
r(6,220,6,123)
w(15,618,6,124)
r(2,477,6,124)
w(10,624,6,124)
w(12,597,6,124)
r(6,220,6,124)
r(17,470,6,124)
r(3,8,6,124)
r(19,196,6,124)
r(14,510,6,124)
r(16,8,6,124)
r(0,194,6,124)
r(18,9,6,124)
w(11,605,6,124)
r(5,522,6,124)
w(4,621,6,124)
r(1,9,6,124)
r(13,4,6,124)
r(7,10,6,124)
r(9,187,6,124)
w(8,580,6,124)
r(3,303,6,125)
w(11,606,6,125)
w(18,621,6,125)
w(1,586,6,125)
r(0,194,6,125)
r(15,215,6,125)
r(13,315,6,125)
w(5,631,6,125)
r(2,287,6,125)
w(10,625,6,125)
r(19,196,6,125)
w(6,624,6,125)
r(14,301,6,125)
w(16,623,6,125)
r(8,287,6,125)
w(4,622,6,125)
r(9,187,6,125)
r(12,295,6,125)
r(17,278,6,125)
w(7,608,6,125)
r(12,295,6,126)
w(14,601,6,126)
r(8,287,6,126)
w(18,622,6,126)
w(7,609,6,126)
w(3,606,6,126)
w(1,587,6,126)
w(0,615,6,126)
w(17,564,6,126)
r(13,12,6,126)
r(9,8,6,126)
r(5,314,6,126)
r(19,196,6,126)
r(2,8,6,126)
w(11,607,6,126)
w(4,623,6,126)
r(6,220,6,126)
w(10,626,6,126)
w(16,624,6,126)
w(15,619,6,126)
w(16,625,6,127)
w(12,598,6,127)
w(15,620,6,127)
r(1,9,6,127)
w(13,588,6,127)
r(2,8,6,127)
r(17,9,6,127)
r(18,316,6,127)
r(0,194,6,127)
r(10,9,6,127)
w(19,613,6,127)
r(8,287,6,127)
r(14,301,6,127)
w(4,624,6,127)
w(11,608,6,127)
r(6,220,6,127)
w(3,607,6,127)
w(9,559,6,127)
r(7,13,6,127)
w(5,632,6,127)
w(18,623,6,128)
r(16,324,6,128)
r(9,8,6,128)
w(12,599,6,128)
r(3,303,6,128)
w(14,602,6,128)
w(15,621,6,128)
r(10,9,6,128)
r(7,13,6,128)
r(8,287,6,128)
w(5,633,6,128)
w(0,616,6,128)
r(6,220,6,128)
w(1,588,6,128)
r(2,8,6,128)
w(19,614,6,128)
w(17,565,6,128)
w(13,589,6,128)
r(4,11,6,128)
r(11,15,6,128)
r(17,9,6,129)
w(3,608,6,129)
w(9,560,6,129)
w(5,634,6,129)
w(10,627,6,129)
w(18,624,6,129)
r(2,8,6,129)
r(13,12,6,129)
r(0,194,6,129)
r(14,301,6,129)
w(6,625,6,129)
r(19,196,6,129)
w(8,581,6,129)
w(7,610,6,129)
r(1,9,6,129)
r(12,295,6,129)
w(11,609,6,129)
r(4,11,6,129)
w(16,626,6,129)
r(15,10,6,129)
r(2,8,6,130)
r(8,94,6,130)
w(12,600,6,130)
r(18,316,6,130)
r(4,109,6,130)
w(6,626,6,130)
r(1,99,6,130)
w(16,627,6,130)
r(15,108,6,130)
w(10,628,6,130)
w(17,566,6,130)
r(5,314,6,130)
r(13,12,6,130)
w(3,609,6,130)
r(0,97,6,130)
r(19,111,6,130)
w(9,561,6,130)
r(14,301,6,130)
r(11,15,6,130)
r(7,13,6,130)
w(1,589,6,131)
r(14,301,6,131)
r(7,13,6,131)
r(9,100,6,131)
w(12,601,6,131)
r(11,15,6,131)
w(15,622,6,131)
w(3,610,6,131)
r(17,9,6,131)
w(5,635,6,131)
r(10,105,6,131)
w(2,583,6,131)
w(16,628,6,131)
w(6,627,6,131)
w(8,582,6,131)
r(0,97,6,131)
r(4,109,6,131)
r(13,12,6,131)
r(18,316,6,131)
w(19,615,6,131)
w(10,629,6,132)
w(4,625,6,132)
w(13,590,6,132)
w(17,567,6,132)
w(18,625,6,132)
w(8,583,6,132)
w(0,617,6,132)
w(14,603,6,132)
w(12,602,6,132)
r(1,99,6,132)
w(5,636,6,132)
w(19,616,6,132)
w(3,611,6,132)
w(11,610,6,132)
w(7,611,6,132)
w(2,584,6,132)
w(15,623,6,132)
r(9,750,6,132)
w(6,628,6,132)
r(16,118,6,132)
w(15,624,6,133)
r(10,629,6,133)
r(5,636,6,133)
w(16,629,6,133)
r(12,602,6,133)
w(2,585,6,133)
r(17,567,6,133)
r(0,617,6,133)
w(11,611,6,133)
r(9,750,6,133)
r(7,611,6,133)
r(6,628,6,133)
r(18,625,6,133)
w(4,626,6,133)
r(19,616,6,133)
w(14,604,6,133)
r(1,99,6,133)
r(3,611,6,133)
r(13,590,6,133)
r(8,583,6,133)
r(18,625,6,134)
w(16,630,6,134)
r(15,624,6,134)
r(3,611,6,134)
w(10,630,6,134)
r(13,590,6,134)
r(6,628,6,134)
r(14,604,6,134)
r(5,636,6,134)
w(4,627,6,134)
w(11,612,6,134)
w(8,584,6,134)
w(19,617,6,134)
w(12,603,6,134)
w(2,586,6,134)
w(17,568,6,134)
w(0,618,6,134)
r(1,99,6,134)
w(9,562,6,134)
r(7,611,6,134)
w(9,563,6,135)
r(6,628,6,135)
r(2,585,6,135)
r(12,602,6,135)
r(16,629,6,135)
r(3,611,6,135)
w(0,619,6,135)
w(5,637,6,135)
w(8,585,6,135)
w(11,613,6,135)
r(1,99,6,135)
r(13,590,6,135)
r(18,625,6,135)
w(17,569,6,135)
w(10,631,6,135)
w(4,628,6,135)
r(14,604,6,135)
r(15,624,6,135)
r(19,616,6,135)
w(7,612,6,135)
w(14,605,6,136)
w(16,631,6,136)
w(7,613,6,136)
w(2,587,6,136)
r(11,611,6,136)
w(10,632,6,136)
r(17,567,6,136)
r(0,617,6,136)
r(18,625,6,136)
w(8,586,6,136)
w(19,618,6,136)
w(9,564,6,136)
r(1,99,6,136)
r(5,636,6,136)
w(3,612,6,136)
r(13,590,6,136)
w(12,604,6,136)
w(4,629,6,136)
w(15,625,6,136)
w(6,629,6,136)
r(19,909,6,137)
r(6,938,6,137)
w(7,614,6,137)
w(16,632,6,137)
w(14,606,6,137)
w(0,620,6,137)
r(2,880,6,137)
w(12,605,6,137)
w(13,591,6,137)
r(1,888,6,137)
w(4,630,6,137)
r(9,868,6,137)
w(11,614,6,137)
r(18,625,6,137)
r(10,908,6,137)
w(8,587,6,137)
w(15,626,6,137)
r(3,611,6,137)
w(17,570,6,137)
r(5,932,6,137)
w(19,619,6,138)
w(7,615,6,138)
r(12,913,6,138)
w(13,592,6,138)
r(1,888,6,138)
w(5,638,6,138)
w(17,571,6,138)
w(8,588,6,138)
r(15,624,6,138)
w(14,607,6,138)
r(0,911,6,138)
w(4,631,6,138)
r(18,625,6,138)
w(9,565,6,138)
w(3,613,6,138)
w(10,633,6,138)
r(11,611,6,138)
r(6,938,6,138)
w(2,588,6,138)
r(16,629,6,138)
r(8,878,6,139)
w(12,606,6,139)
w(4,632,6,139)
r(19,909,6,139)
r(10,908,6,139)
w(13,593,6,139)
w(11,615,6,139)
w(1,590,6,139)
r(5,932,6,139)
w(2,589,6,139)
w(6,630,6,139)
w(15,627,6,139)
r(17,865,6,139)
w(9,566,6,139)
r(16,629,6,139)
r(18,625,6,139)
r(14,604,6,139)
w(3,614,6,139)
r(0,911,6,139)
w(7,616,6,139)
w(10,721,7,140)
w(2,678,7,140)
r(11,1,7,140)
r(12,0,7,140)
w(7,717,7,140)
w(16,720,7,140)
w(5,736,7,140)
r(8,1,7,140)
w(18,721,7,140)
r(19,2,7,140)
w(9,647,7,140)
r(15,2,7,140)
w(3,719,7,140)
w(1,678,7,140)
w(17,656,7,140)
r(14,1,7,140)
w(4,734,7,140)
r(13,2,7,140)
r(0,192,7,140)
w(6,735,7,140)
r(0,192,7,141)
w(8,668,7,141)
r(1,2,7,141)
w(9,648,7,141)
r(14,1,7,141)
r(7,204,7,141)
w(6,736,7,141)
r(17,2,7,141)
r(19,2,7,141)
w(5,737,7,141)
r(11,1,7,141)
w(3,720,7,141)
r(2,172,7,141)
w(12,701,7,141)
r(18,206,7,141)
w(16,721,7,141)
r(4,200,7,141)
w(10,722,7,141)
r(15,2,7,141)
w(13,684,7,141)
w(5,738,7,142)
r(1,486,7,142)
r(0,503,7,142)
w(12,702,7,142)
r(8,470,7,142)
r(10,507,7,142)
r(19,502,7,142)
w(13,685,7,142)
w(17,657,7,142)
w(18,722,7,142)
r(16,525,7,142)
r(14,506,7,142)
r(7,204,7,142)
w(4,735,7,142)
r(15,2,7,142)
r(9,467,7,142)
r(11,510,7,142)
r(6,509,7,142)
w(3,721,7,142)
w(2,679,7,142)
w(12,703,7,143)
r(2,2,7,143)
r(8,470,7,143)
w(6,737,7,143)
r(5,5,7,143)
r(1,4,7,143)
w(11,689,7,143)
r(0,503,7,143)
w(14,704,7,143)
w(4,736,7,143)
w(10,723,7,143)
r(16,3,7,143)
r(9,467,7,143)
r(19,502,7,143)
r(18,4,7,143)
w(7,718,7,143)
w(15,731,7,143)
r(3,3,7,143)
r(13,4,7,143)
w(17,658,7,143)
r(13,4,7,144)
r(17,5,7,144)
w(4,737,7,144)
r(12,387,7,144)
r(10,507,7,144)
w(19,715,7,144)
r(8,470,7,144)
w(3,722,7,144)
r(1,4,7,144)
r(7,5,7,144)
w(2,680,7,144)
r(9,467,7,144)
r(5,410,7,144)
r(15,418,7,144)
w(0,709,7,144)
w(16,722,7,144)
w(6,738,7,144)
r(14,399,7,144)
r(18,421,7,144)
r(11,510,7,144)
r(0,503,7,145)
r(6,411,7,145)
w(10,724,7,145)
r(14,399,7,145)
w(8,669,7,145)
r(3,3,7,145)
r(17,5,7,145)
w(5,739,7,145)
w(9,649,7,145)
w(11,690,7,145)
r(16,3,7,145)
r(18,421,7,145)
w(15,732,7,145)
r(13,4,7,145)
r(19,502,7,145)
w(4,738,7,145)
w(1,679,7,145)
r(12,387,7,145)
w(2,681,7,145)
r(7,5,7,145)
w(12,704,7,146)
w(9,650,7,146)
r(18,421,7,146)
w(17,659,7,146)
r(15,214,7,146)
r(13,4,7,146)
w(1,680,7,146)
r(16,222,7,146)
w(0,710,7,146)
w(11,691,7,146)
r(5,207,7,146)
w(6,739,7,146)
w(10,725,7,146)
w(7,719,7,146)
w(3,723,7,146)
r(4,204,7,146)
w(14,705,7,146)
w(8,670,7,146)
w(19,716,7,146)
r(2,2,7,146)
r(14,193,7,147)
r(1,197,7,147)
r(12,387,7,147)
w(11,692,7,147)
w(8,671,7,147)
r(7,206,7,147)
w(18,723,7,147)
r(6,220,7,147)
r(4,204,7,147)
w(16,723,7,147)
w(19,717,7,147)
r(2,2,7,147)
r(5,207,7,147)
w(13,686,7,147)
w(9,651,7,147)
w(10,726,7,147)
r(15,214,7,147)
w(0,711,7,147)
r(3,196,7,147)
w(17,660,7,147)
w(17,661,7,148)
w(6,740,7,148)
r(2,173,7,148)
w(10,727,7,148)
r(15,215,7,148)
r(12,387,7,148)
r(14,193,7,148)
w(8,672,7,148)
r(3,197,7,148)
r(0,194,7,148)
w(11,693,7,148)
w(1,681,7,148)
w(19,718,7,148)
w(4,739,7,148)
w(5,740,7,148)
r(13,4,7,148)
r(18,208,7,148)
r(9,187,7,148)
w(16,724,7,148)
w(7,720,7,148)
r(9,187,7,149)
r(1,197,7,149)
r(18,208,7,149)
w(0,712,7,149)
r(5,208,7,149)
w(17,662,7,149)
r(2,173,7,149)
w(10,728,7,149)
w(14,706,7,149)
w(3,724,7,149)
w(15,733,7,149)
r(8,470,7,149)
r(11,510,7,149)
w(4,740,7,149)
w(16,725,7,149)
r(13,4,7,149)
r(7,207,7,149)
w(6,741,7,149)
w(19,719,7,149)
r(12,387,7,149)
w(7,721,7,150)
w(16,726,7,150)
w(18,724,7,150)
r(19,196,7,150)
w(1,682,7,150)
w(15,734,7,150)
w(6,742,7,150)
r(13,4,7,150)
w(8,673,7,150)
w(0,713,7,150)
r(2,173,7,150)
r(14,193,7,150)
r(11,510,7,150)
w(17,663,7,150)
r(10,201,7,150)
w(9,652,7,150)
w(5,741,7,150)
r(3,197,7,150)
r(12,387,7,150)
r(4,205,7,150)
w(16,727,7,151)
w(6,743,7,151)
r(19,196,7,151)
w(7,722,7,151)
r(12,295,7,151)
r(11,11,7,151)
r(13,315,7,151)
w(8,674,7,151)
r(5,314,7,151)
r(4,318,7,151)
r(15,215,7,151)
w(3,725,7,151)
r(1,9,7,151)
w(18,725,7,151)
r(0,194,7,151)
w(17,664,7,151)
w(2,682,7,151)
r(9,187,7,151)
r(14,301,7,151)
r(10,5,7,151)
r(8,287,7,152)
w(11,694,7,152)
w(14,707,7,152)
w(2,683,7,152)
w(3,726,7,152)
w(15,735,7,152)
w(17,665,7,152)
r(0,194,7,152)
w(4,741,7,152)
r(7,10,7,152)
r(13,315,7,152)
w(9,653,7,152)
w(18,726,7,152)
w(6,744,7,152)
w(12,705,7,152)
r(10,5,7,152)
r(19,196,7,152)
w(1,683,7,152)
w(5,742,7,152)
w(16,728,7,152)
r(6,220,7,153)
w(13,687,7,153)
r(14,301,7,153)
r(15,215,7,153)
r(11,11,7,153)
w(16,729,7,153)
w(17,666,7,153)
r(12,295,7,153)
w(19,720,7,153)
w(2,684,7,153)
r(8,287,7,153)
r(10,5,7,153)
r(0,194,7,153)
r(4,318,7,153)
r(9,187,7,153)
w(7,723,7,153)
r(18,316,7,153)
r(5,314,7,153)
w(3,727,7,153)
r(1,9,7,153)
w(14,708,7,154)
r(18,316,7,154)
w(2,685,7,154)
w(10,729,7,154)
r(9,8,7,154)
w(6,745,7,154)
r(16,324,7,154)
w(1,684,7,154)
r(7,13,7,154)
r(12,295,7,154)
r(11,15,7,154)
r(8,287,7,154)
w(19,721,7,154)
r(3,303,7,154)
w(4,742,7,154)
r(5,314,7,154)
r(15,10,7,154)
w(0,714,7,154)
w(13,688,7,154)
r(17,9,7,154)
r(2,8,7,155)
r(16,324,7,155)
w(8,675,7,155)
r(11,15,7,155)
w(13,689,7,155)
r(5,314,7,155)
r(7,13,7,155)
w(3,728,7,155)
r(17,9,7,155)
r(9,8,7,155)
r(18,316,7,155)
r(1,9,7,155)
r(19,196,7,155)
w(6,746,7,155)
r(12,295,7,155)
w(14,709,7,155)
r(4,11,7,155)
w(0,715,7,155)
r(10,9,7,155)
r(15,10,7,155)
w(8,676,7,156)
r(1,9,7,156)
w(7,724,7,156)
w(18,727,7,156)
w(14,710,7,156)
w(17,667,7,156)
w(19,722,7,156)
w(3,729,7,156)
r(10,9,7,156)
r(6,220,7,156)
w(0,716,7,156)
w(5,743,7,156)
r(4,11,7,156)
r(15,10,7,156)
w(2,686,7,156)
r(9,8,7,156)
w(11,695,7,156)
w(13,690,7,156)
r(16,324,7,156)
r(12,295,7,156)
w(3,730,7,157)
r(2,8,7,157)
w(15,736,7,157)
r(5,314,7,157)
w(6,747,7,157)
w(12,706,7,157)
w(1,685,7,157)
r(16,118,7,157)
w(9,654,7,157)
w(13,691,7,157)
r(7,13,7,157)
w(19,723,7,157)
w(17,668,7,157)
r(11,15,7,157)
r(14,301,7,157)
w(8,677,7,157)
r(4,109,7,157)
r(10,105,7,157)
w(18,728,7,157)
w(0,717,7,157)
w(13,692,7,158)
r(14,301,7,158)
w(18,729,7,158)
r(8,94,7,158)
w(12,707,7,158)
r(10,105,7,158)
r(15,108,7,158)
r(1,99,7,158)
w(0,718,7,158)
w(19,724,7,158)
w(2,687,7,158)
w(5,744,7,158)
w(9,655,7,158)
r(4,109,7,158)
w(7,725,7,158)
w(6,748,7,158)
w(16,730,7,158)
w(3,731,7,158)
r(11,15,7,158)
r(17,9,7,158)
w(15,737,7,159)
r(9,100,7,159)
w(10,730,7,159)
w(2,688,7,159)
r(8,94,7,159)
w(13,693,7,159)
r(6,106,7,159)
w(5,745,7,159)
r(7,13,7,159)
w(14,711,7,159)
r(11,15,7,159)
r(4,109,7,159)
r(17,9,7,159)
r(3,101,7,159)
r(0,97,7,159)
r(1,99,7,159)
w(19,725,7,159)
r(16,118,7,159)
w(12,708,7,159)
r(18,316,7,159)
w(17,751,8,160)
r(16,219,8,160)
r(10,2,8,160)
r(8,1,8,160)
w(11,777,8,160)
r(5,205,8,160)
r(9,185,8,160)
w(12,798,8,160)
w(4,836,8,160)
w(7,821,8,160)
w(13,788,8,160)
w(1,775,8,160)
w(6,836,8,160)
r(19,2,8,160)
r(2,172,8,160)
r(18,206,8,160)
r(3,193,8,160)
w(0,804,8,160)
r(15,2,8,160)
w(14,795,8,160)
r(13,4,8,161)
w(8,775,8,161)
w(0,805,8,161)
w(1,776,8,161)
r(5,5,8,161)
r(10,507,8,161)
w(17,752,8,161)
r(2,2,8,161)
r(12,702,8,161)
w(16,813,8,161)
w(14,796,8,161)
w(9,742,8,161)
r(15,6,8,161)
w(7,822,8,161)
r(6,509,8,161)
r(18,4,8,161)
r(11,510,8,161)
w(19,805,8,161)
r(4,4,8,161)
w(3,826,8,161)
r(15,6,8,162)
w(17,753,8,162)
r(18,4,8,162)
r(1,4,8,162)
r(7,5,8,162)
r(11,510,8,162)
r(10,507,8,162)
r(4,4,8,162)
w(6,837,8,162)
r(3,3,8,162)
w(2,779,8,162)
r(0,503,8,162)
w(13,789,8,162)
r(8,470,8,162)
r(5,5,8,162)
r(14,3,8,162)
r(9,467,8,162)
w(19,806,8,162)
r(12,702,8,162)
r(16,3,8,162)
w(2,780,8,163)
r(13,4,8,163)
r(5,5,8,163)
w(9,743,8,163)
r(12,702,8,163)
r(3,3,8,163)
w(11,778,8,163)
r(14,3,8,163)
w(1,777,8,163)
r(18,4,8,163)
r(10,507,8,163)
r(0,503,8,163)
r(16,3,8,163)
w(17,754,8,163)
r(15,6,8,163)
r(7,5,8,163)
w(4,837,8,163)
r(19,502,8,163)
r(6,509,8,163)
w(8,776,8,163)
r(3,196,8,164)
w(1,778,8,164)
w(2,781,8,164)
r(8,470,8,164)
w(7,823,8,164)
r(11,510,8,164)
w(15,822,8,164)
w(13,790,8,164)
r(5,207,8,164)
r(0,194,8,164)
w(14,797,8,164)
r(4,204,8,164)
r(16,222,8,164)
r(12,387,8,164)
r(17,181,8,164)
r(9,187,8,164)
w(6,838,8,164)
r(10,507,8,164)
w(19,807,8,164)
w(18,820,8,164)
w(19,808,8,165)
w(11,779,8,165)
r(9,187,8,165)
r(8,470,8,165)
w(1,779,8,165)
r(6,220,8,165)
r(5,207,8,165)
w(4,838,8,165)
w(18,821,8,165)
r(10,507,8,165)
w(17,755,8,165)
r(16,222,8,165)
w(0,806,8,165)
r(3,196,8,165)
w(13,791,8,165)
w(15,823,8,165)
r(7,206,8,165)
r(14,193,8,165)
w(2,782,8,165)
w(12,799,8,165)
w(9,744,8,166)
w(7,824,8,166)
w(19,809,8,166)
w(17,756,8,166)
r(15,214,8,166)
w(4,839,8,166)
w(8,777,8,166)
w(1,780,8,166)
r(11,510,8,166)
w(10,815,8,166)
r(16,222,8,166)
r(2,2,8,166)
w(13,792,8,166)
w(6,839,8,166)
r(0,194,8,166)
w(18,822,8,166)
r(14,193,8,166)
r(5,207,8,166)
w(3,827,8,166)
r(12,387,8,166)
r(8,7,8,167)
w(10,816,8,167)
r(0,194,8,167)
w(13,793,8,167)
w(6,840,8,167)
w(18,823,8,167)
w(17,757,8,167)
r(2,477,8,167)
w(11,780,8,167)
w(3,828,8,167)
w(19,810,8,167)
w(4,840,8,167)
r(5,522,8,167)
r(9,187,8,167)
w(14,798,8,167)
r(12,6,8,167)
w(15,824,8,167)
r(16,8,8,167)
r(7,10,8,167)
w(1,781,8,167)
r(8,7,8,168)
r(19,196,8,168)
w(17,758,8,168)
r(14,510,8,168)
w(1,782,8,168)
w(4,841,8,168)
w(3,829,8,168)
w(13,794,8,168)
w(9,745,8,168)
r(18,9,8,168)
w(2,783,8,168)
w(6,841,8,168)
r(7,10,8,168)
r(16,8,8,168)
w(5,831,8,168)
w(15,825,8,168)
r(12,6,8,168)
r(0,194,8,168)
r(11,11,8,168)
r(10,5,8,168)
w(4,842,8,169)
w(16,814,8,169)
w(7,825,8,169)
w(13,795,8,169)
w(14,799,8,169)
w(3,830,8,169)
r(9,187,8,169)
r(15,215,8,169)
w(11,781,8,169)
w(12,800,8,169)
r(0,194,8,169)
r(2,287,8,169)
w(18,824,8,169)
w(5,832,8,169)
r(1,9,8,169)
w(8,778,8,169)
r(6,220,8,169)
r(17,278,8,169)
w(10,817,8,169)
w(19,811,8,169)
w(14,800,8,170)
w(2,784,8,170)
r(11,15,8,170)
w(16,815,8,170)
r(7,13,8,170)
r(18,316,8,170)
r(10,9,8,170)
r(8,287,8,170)
r(19,196,8,170)
w(12,801,8,170)
w(1,783,8,170)
w(15,826,8,170)
w(3,831,8,170)
w(4,843,8,170)
w(6,842,8,170)
w(9,746,8,170)
w(0,807,8,170)
r(17,9,8,170)
w(5,833,8,170)
r(13,12,8,170)
r(10,9,8,171)
r(11,15,8,171)
w(2,785,8,171)
w(1,784,8,171)
w(4,844,8,171)
w(12,802,8,171)
r(0,194,8,171)
w(15,827,8,171)
r(7,13,8,171)
r(16,324,8,171)
w(9,747,8,171)
r(13,12,8,171)
r(3,303,8,171)
w(17,759,8,171)
r(5,314,8,171)
w(6,843,8,171)
w(14,801,8,171)
w(8,779,8,171)
w(18,825,8,171)
w(19,812,8,171)
r(3,303,8,172)
w(13,796,8,172)
w(12,803,8,172)
w(14,802,8,172)
r(18,316,8,172)
w(6,844,8,172)
w(2,786,8,172)
w(15,828,8,172)
w(5,834,8,172)
r(8,287,8,172)
r(19,196,8,172)
r(0,194,8,172)
r(4,11,8,172)
r(16,324,8,172)
w(9,748,8,172)
r(7,13,8,172)
w(1,785,8,172)
w(11,782,8,172)
r(17,9,8,172)
w(10,818,8,172)
w(12,804,8,173)
r(3,303,8,173)
r(2,8,8,173)
w(7,826,8,173)
r(19,196,8,173)
r(14,301,8,173)
r(18,316,8,173)
r(5,314,8,173)
r(8,287,8,173)
w(16,816,8,173)
w(9,749,8,173)
r(0,194,8,173)
w(4,845,8,173)
r(1,9,8,173)
w(6,845,8,173)
w(10,819,8,173)
r(13,12,8,173)
w(11,783,8,173)
w(15,829,8,173)
r(17,9,8,173)
w(11,784,8,174)
r(2,8,8,174)
r(13,12,8,174)
r(16,324,8,174)
r(17,9,8,174)
r(9,8,8,174)
w(7,827,8,174)
w(8,780,8,174)
r(6,220,8,174)
r(3,303,8,174)
r(15,10,8,174)
w(19,813,8,174)
w(4,846,8,174)
w(12,805,8,174)
w(5,835,8,174)
r(14,301,8,174)
w(0,808,8,174)
w(10,820,8,174)
w(1,786,8,174)
w(18,826,8,174)
r(6,106,8,175)
w(18,827,8,175)
r(7,13,8,175)
w(2,787,8,175)
w(19,814,8,175)
w(10,821,8,175)
r(16,118,8,175)
w(17,760,8,175)
r(11,15,8,175)
w(9,750,8,175)
r(0,97,8,175)
r(15,108,8,175)
r(4,109,8,175)
w(3,832,8,175)
r(5,314,8,175)
r(14,301,8,175)
w(13,797,8,175)
r(1,99,8,175)
r(12,295,8,175)
w(8,781,8,175)
r(4,626,8,176)
r(17,567,8,176)
w(18,828,8,176)
r(3,611,8,176)
w(1,787,8,176)
r(0,617,8,176)
r(14,604,8,176)
w(6,846,8,176)
w(13,798,8,176)
w(8,782,8,176)
r(19,616,8,176)
w(16,817,8,176)
r(10,629,8,176)
w(7,828,8,176)
w(11,785,8,176)
w(2,788,8,176)
r(5,636,8,176)
w(12,806,8,176)
r(15,624,8,176)
w(9,751,8,176)
r(6,938,8,177)
r(11,611,8,177)
r(4,626,8,177)
w(8,783,8,177)
w(9,752,8,177)
w(15,830,8,177)
r(10,908,8,177)
w(13,799,8,177)
r(16,629,8,177)
r(2,880,8,177)
r(3,611,8,177)
r(1,888,8,177)
r(7,611,8,177)
r(14,604,8,177)
w(12,807,8,177)
w(18,829,8,177)
r(0,911,8,177)
w(17,761,8,177)
w(19,815,8,177)
w(5,836,8,177)
r(6,938,8,178)
r(3,611,8,178)
w(11,786,8,178)
w(16,818,8,178)
r(9,868,8,178)
r(7,611,8,178)
w(13,800,8,178)
r(10,908,8,178)
w(2,789,8,178)
r(14,604,8,178)
r(0,911,8,178)
w(5,837,8,178)
r(17,865,8,178)
r(18,625,8,178)
w(12,808,8,178)
r(4,626,8,178)
w(19,816,8,178)
r(15,624,8,178)
w(8,784,8,178)
r(1,888,8,178)
r(2,880,8,179)
w(17,762,8,179)
w(14,803,8,179)
r(12,913,8,179)
w(4,847,8,179)
w(11,787,8,179)
w(8,785,8,179)
w(18,830,8,179)
r(19,909,8,179)
w(9,753,8,179)
w(7,829,8,179)
w(3,833,8,179)
r(6,938,8,179)
r(10,908,8,179)
r(0,911,8,179)
r(15,624,8,179)
r(13,896,8,179)
w(1,788,8,179)
r(16,629,8,179)
w(5,838,8,179)
w(10,900,9,180)
r(16,1,9,180)
w(13,887,9,180)
r(1,2,9,180)
w(19,903,9,180)
w(7,908,9,180)
w(9,860,9,180)
r(3,1,9,180)
r(15,2,9,180)
w(8,873,9,180)
r(2,1,9,180)
r(11,1,9,180)
w(12,902,9,180)
w(4,935,9,180)
w(0,903,9,180)
r(6,0,9,180)
r(18,1,9,180)
r(17,2,9,180)
w(14,893,9,180)
r(5,2,9,180)
w(0,904,9,181)
r(11,1,9,181)
r(19,2,9,181)
w(14,894,9,181)
r(12,0,9,181)
r(8,1,9,181)
w(1,877,9,181)
r(6,217,9,181)
r(13,2,9,181)
r(10,2,9,181)
w(4,936,9,181)
w(15,913,9,181)
w(9,861,9,181)
r(17,2,9,181)
w(7,909,9,181)
w(3,932,9,181)
r(5,205,9,181)
r(18,206,9,181)
w(16,911,9,181)
w(2,872,9,181)
r(11,1,9,182)
r(18,206,9,182)
w(1,878,9,182)
r(15,2,9,182)
w(10,901,9,182)
w(12,903,9,182)
r(9,185,9,182)
r(7,204,9,182)
r(13,2,9,182)
r(0,192,9,182)
r(2,172,9,182)
w(16,912,9,182)
w(19,904,9,182)
r(5,205,9,182)
r(3,193,9,182)
w(6,928,9,182)
r(4,200,9,182)
w(14,895,9,182)
r(17,2,9,182)
w(8,874,9,182)
w(1,879,9,183)
r(16,525,9,183)
w(19,905,9,183)
w(15,914,9,183)
w(14,896,9,183)
r(3,517,9,183)
w(17,858,9,183)
r(4,515,9,183)
w(13,888,9,183)
r(6,509,9,183)
w(11,881,9,183)
w(5,924,9,183)
r(7,204,9,183)
r(8,470,9,183)
w(12,904,9,183)
w(2,873,9,183)
r(10,507,9,183)
r(18,516,9,183)
w(0,905,9,183)
w(9,862,9,183)
w(1,880,9,184)
r(8,470,9,184)
r(4,515,9,184)
r(7,204,9,184)
w(13,889,9,184)
r(16,525,9,184)
r(5,518,9,184)
w(12,905,9,184)
r(11,510,9,184)
w(15,915,9,184)
r(0,503,9,184)
r(2,475,9,184)
w(14,897,9,184)
w(18,908,9,184)
w(19,906,9,184)
w(17,859,9,184)
r(9,467,9,184)
r(3,517,9,184)
w(6,929,9,184)
w(10,902,9,184)
r(16,3,9,185)
w(7,910,9,185)
w(15,916,9,185)
r(11,510,9,185)
w(18,909,9,185)
r(1,4,9,185)
r(14,3,9,185)
w(4,937,9,185)
r(6,509,9,185)
r(19,502,9,185)
r(10,507,9,185)
r(5,5,9,185)
w(3,933,9,185)
r(8,470,9,185)
w(2,874,9,185)
w(0,906,9,185)
r(9,467,9,185)
r(17,5,9,185)
w(13,890,9,185)
w(12,906,9,185)
w(1,881,9,186)
r(18,421,9,186)
r(4,204,9,186)
w(14,898,9,186)
r(19,196,9,186)
w(12,907,9,186)
r(9,187,9,186)
w(5,925,9,186)
w(3,934,9,186)
r(16,222,9,186)
w(17,860,9,186)
w(10,903,9,186)
r(8,470,9,186)
r(13,4,9,186)
r(2,2,9,186)
w(6,930,9,186)
r(0,194,9,186)
w(7,911,9,186)
r(11,510,9,186)
w(15,917,9,186)
w(0,907,9,187)
r(14,193,9,187)
r(10,507,9,187)
r(2,2,9,187)
r(13,4,9,187)
r(16,222,9,187)
r(9,187,9,187)
w(7,912,9,187)
w(8,875,9,187)
r(4,204,9,187)
w(6,931,9,187)
r(5,207,9,187)
r(11,510,9,187)
r(17,181,9,187)
r(3,196,9,187)
w(12,908,9,187)
w(1,882,9,187)
w(18,910,9,187)
w(19,907,9,187)
w(15,918,9,187)
r(10,507,9,188)
r(17,181,9,188)
r(18,421,9,188)
r(16,222,9,188)
w(4,938,9,188)
w(5,926,9,188)
r(12,387,9,188)
r(11,510,9,188)
w(3,935,9,188)
w(13,891,9,188)
w(7,913,9,188)
r(8,470,9,188)
r(9,187,9,188)
r(19,196,9,188)
w(2,875,9,188)
w(14,899,9,188)
w(1,883,9,188)
w(15,919,9,188)
r(0,194,9,188)
w(6,932,9,188)
r(8,7,9,189)
w(5,927,9,189)
w(9,863,9,189)
w(1,884,9,189)
w(2,876,9,189)
r(12,6,9,189)
w(0,908,9,189)
r(14,510,9,189)
r(16,8,9,189)
r(3,8,9,189)
r(15,215,9,189)
r(19,196,9,189)
r(6,220,9,189)
r(17,470,9,189)
r(4,205,9,189)
w(11,882,9,189)
w(7,914,9,189)
r(18,9,9,189)
w(13,892,9,189)
w(10,904,9,189)
w(6,933,9,190)
r(17,278,9,190)
r(18,316,9,190)
r(0,194,9,190)
r(5,314,9,190)
r(12,295,9,190)
w(4,939,9,190)
r(7,10,9,190)
w(16,913,9,190)
r(13,315,9,190)
r(10,5,9,190)
r(15,215,9,190)
r(19,196,9,190)
r(3,303,9,190)
w(9,864,9,190)
w(2,877,9,190)
r(11,11,9,190)
w(14,900,9,190)
r(1,9,9,190)
r(8,287,9,190)
w(1,885,9,191)
w(6,934,9,191)
w(3,936,9,191)
r(16,324,9,191)
w(9,865,9,191)
r(8,287,9,191)
w(7,915,9,191)
r(2,8,9,191)
w(13,893,9,191)
w(5,928,9,191)
w(17,861,9,191)
w(14,901,9,191)
w(12,909,9,191)
w(18,911,9,191)
r(10,9,9,191)
w(19,908,9,191)
w(4,940,9,191)
w(11,883,9,191)
r(0,194,9,191)
w(15,920,9,191)
r(16,324,9,192)
w(11,884,9,192)
r(8,287,9,192)
w(13,894,9,192)
r(2,8,9,192)
w(3,937,9,192)
w(4,941,9,192)
w(17,862,9,192)
w(1,886,9,192)
w(12,910,9,192)
r(0,194,9,192)
r(10,9,9,192)
r(14,301,9,192)
w(5,929,9,192)
r(19,196,9,192)
w(15,921,9,192)
r(6,220,9,192)
r(7,13,9,192)
r(9,8,9,192)
r(18,316,9,192)
w(6,935,9,193)
r(7,13,9,193)
r(12,295,9,193)
r(9,100,9,193)
w(13,895,9,193)
w(2,878,9,193)
r(18,316,9,193)
r(16,118,9,193)
w(14,902,9,193)
r(10,105,9,193)
w(0,909,9,193)
r(15,108,9,193)
r(8,94,9,193)
r(17,9,9,193)
r(4,109,9,193)
r(1,99,9,193)
w(3,938,9,193)
r(5,314,9,193)
r(19,111,9,193)
r(11,15,9,193)
w(12,911,9,194)
w(17,863,9,194)
w(11,885,9,194)
w(6,936,9,194)
r(4,109,9,194)
r(19,111,9,194)
w(10,905,9,194)
r(1,99,9,194)
w(18,912,9,194)
r(15,108,9,194)
r(14,301,9,194)
r(7,13,9,194)
w(5,930,9,194)
r(2,8,9,194)
r(9,100,9,194)
r(0,97,9,194)
r(13,12,9,194)
r(16,118,9,194)
r(8,94,9,194)
w(3,939,9,194)
w(18,913,9,195)
w(7,916,9,195)
r(17,567,9,195)
w(4,942,9,195)
r(13,590,9,195)
w(2,879,9,195)
r(19,616,9,195)
r(14,604,9,195)
w(0,910,9,195)
w(10,906,9,195)
r(1,99,9,195)
w(11,886,9,195)
w(3,940,9,195)
w(12,912,9,195)
w(15,922,9,195)
r(6,628,9,195)
w(8,876,9,195)
w(9,866,9,195)
r(16,629,9,195)
w(5,931,9,195)
w(9,867,9,196)
w(8,877,9,196)
r(2,585,9,196)
w(1,887,9,196)
r(12,602,9,196)
w(6,937,9,196)
w(4,943,9,196)
r(7,611,9,196)
w(11,887,9,196)
w(14,903,9,196)
r(0,617,9,196)
w(3,941,9,196)
r(16,629,9,196)
w(15,923,9,196)
r(19,616,9,196)
r(18,625,9,196)
w(10,907,9,196)
r(5,636,9,196)
w(17,864,9,196)
r(13,590,9,196)
w(9,868,9,197)
w(6,938,9,197)
w(8,878,9,197)
w(5,932,9,197)
w(10,908,9,197)
w(19,909,9,197)
r(3,611,9,197)
r(14,604,9,197)
w(0,911,9,197)
w(17,865,9,197)
r(7,611,9,197)
r(15,624,9,197)
r(16,629,9,197)
r(4,626,9,197)
w(1,888,9,197)
r(11,611,9,197)
w(12,913,9,197)
w(2,880,9,197)
r(18,625,9,197)
w(13,896,9,197)
r(12,913,9,198)
r(16,629,9,198)
w(1,889,9,198)
w(15,924,9,198)
r(17,865,9,198)
w(4,944,9,198)
r(6,938,9,198)
r(0,911,9,198)
r(2,880,9,198)
r(5,932,9,198)
w(19,910,9,198)
r(9,868,9,198)
w(18,914,9,198)
w(13,897,9,198)
w(3,942,9,198)
w(14,904,9,198)
r(11,611,9,198)
r(7,611,9,198)
r(8,878,9,198)
w(10,909,9,198)
w(5,933,9,199)
r(17,865,9,199)
w(10,910,9,199)
r(2,880,9,199)
w(18,915,9,199)
w(4,945,9,199)
w(7,917,9,199)
w(0,912,9,199)
r(3,611,9,199)
r(19,909,9,199)
r(11,611,9,199)
r(12,913,9,199)
r(16,629,9,199)
w(8,879,9,199)
w(6,939,9,199)
w(9,869,9,199)
r(13,896,9,199)
r(14,604,9,199)
r(15,624,9,199)
w(1,890,9,199)
