r(7,307,0,0)
w(3,1,0,0)
w(19,1,0,0)
w(1,1,0,0)
r(13,306,0,0)
r(5,299,0,0)
r(8,300,0,0)
w(11,1,0,0)
w(14,1,0,0)
r(10,107,0,0)
w(2,1,0,0)
w(15,1,0,0)
r(6,110,0,0)
r(4,106,0,0)
w(17,1,0,0)
w(12,1,0,0)
w(16,1,0,0)
r(9,299,0,0)
r(18,280,0,0)
r(0,309,0,0)
r(0,309,0,1)
w(17,2,0,1)
w(13,1,0,1)
w(14,2,0,1)
w(15,2,0,1)
r(16,1,0,1)
w(3,2,0,1)
w(11,2,0,1)
r(10,107,0,1)
w(6,1,0,1)
w(18,1,0,1)
r(12,1,0,1)
r(5,299,0,1)
w(7,1,0,1)
r(19,1,0,1)
w(2,2,0,1)
r(8,300,0,1)
w(4,1,0,1)
r(9,299,0,1)
r(1,1,0,1)
r(15,1,0,2)
r(18,280,0,2)
r(7,307,0,2)
w(9,1,0,2)
r(16,1,0,2)
r(19,1,0,2)
r(14,1,0,2)
w(11,3,0,2)
r(5,299,0,2)
r(12,1,0,2)
w(1,2,0,2)
w(0,1,0,2)
r(13,306,0,2)
w(10,1,0,2)
w(2,3,0,2)
w(17,3,0,2)
r(6,110,0,2)
w(3,3,0,2)
w(4,2,0,2)
w(8,1,0,2)
w(9,2,0,3)
w(7,2,0,3)
r(16,885,0,3)
r(8,300,0,3)
w(5,1,0,3)
w(4,3,0,3)
r(17,1,0,3)
r(15,884,0,3)
r(18,861,0,3)
w(14,3,0,3)
w(19,2,0,3)
r(2,912,0,3)
w(0,2,0,3)
w(12,2,0,3)
r(11,927,0,3)
r(10,899,0,3)
w(3,4,0,3)
w(6,2,0,3)
w(13,2,0,3)
r(1,874,0,3)
r(9,299,0,4)
r(13,902,0,4)
w(6,3,0,4)
r(12,1,0,4)
r(19,1,0,4)
w(14,4,0,4)
w(10,2,0,4)
r(16,773,0,4)
w(0,3,0,4)
w(5,2,0,4)
r(11,831,0,4)
r(17,795,0,4)
w(2,4,0,4)
w(1,3,0,4)
w(15,3,0,4)
r(7,307,0,4)
w(4,4,0,4)
w(3,5,0,4)
w(18,2,0,4)
r(8,789,0,4)
r(2,414,0,5)
w(19,3,0,5)
r(17,397,0,5)
r(16,393,0,5)
r(4,432,0,5)
r(12,388,0,5)
w(15,4,0,5)
r(13,902,0,5)
r(0,412,0,5)
w(3,6,0,5)
r(18,774,0,5)
w(9,3,0,5)
r(7,307,0,5)
r(8,789,0,5)
w(6,4,0,5)
w(5,3,0,5)
r(14,394,0,5)
r(11,432,0,5)
w(10,3,0,5)
w(1,4,0,5)
r(10,515,0,6)
w(16,2,0,6)
r(12,506,0,6)
w(5,4,0,6)
r(9,496,0,6)
r(14,581,0,6)
w(19,4,0,6)
r(1,490,0,6)
w(17,4,0,6)
r(18,776,0,6)
w(8,2,0,6)
w(7,3,0,6)
w(0,4,0,6)
w(2,5,0,6)
r(11,524,0,6)
r(3,510,0,6)
r(4,535,0,6)
w(6,5,0,6)
r(13,510,0,6)
r(15,499,0,6)
r(8,204,0,7)
r(1,185,0,7)
r(11,223,0,7)
w(17,5,0,7)
w(4,5,0,7)
w(19,5,0,7)
r(18,776,0,7)
r(13,907,0,7)
r(2,917,0,7)
w(14,5,0,7)
w(16,3,0,7)
w(5,5,0,7)
r(7,212,0,7)
w(3,7,0,7)
w(15,5,0,7)
r(12,899,0,7)
w(0,5,0,7)
r(6,509,0,7)
r(10,208,0,7)
r(9,496,0,7)
r(7,212,0,8)
r(14,880,0,8)
r(2,917,0,8)
w(0,6,0,8)
w(12,3,0,8)
r(9,496,0,8)
r(17,895,0,8)
w(3,8,0,8)
w(10,4,0,8)
r(1,185,0,8)
w(5,6,0,8)
r(6,509,0,8)
r(16,211,0,8)
r(13,907,0,8)
r(18,776,0,8)
r(8,204,0,8)
r(4,220,0,8)
r(15,185,0,8)
r(19,792,0,8)
r(11,223,0,8)
r(2,421,0,9)
w(1,5,0,9)
w(15,6,0,9)
w(18,3,0,9)
w(9,4,0,9)
r(10,420,0,9)
w(14,6,0,9)
r(11,529,0,9)
w(6,6,0,9)
w(3,9,0,9)
w(5,7,0,9)
r(0,417,0,9)
r(13,420,0,9)
w(16,4,0,9)
r(4,853,0,9)
r(17,401,0,9)
w(8,3,0,9)
w(12,4,0,9)
w(19,6,0,9)
w(7,4,0,9)
r(14,401,0,10)
w(19,7,0,10)
w(8,4,0,10)
w(7,5,0,10)
r(10,420,0,10)
r(3,411,0,10)
w(1,6,0,10)
r(18,381,0,10)
w(2,6,0,10)
w(12,5,0,10)
r(17,401,0,10)
w(11,4,0,10)
r(6,407,0,10)
w(16,5,0,10)
r(13,420,0,10)
w(5,8,0,10)
w(0,7,0,10)
r(9,407,0,10)
w(15,7,0,10)
r(4,853,0,10)
w(8,5,0,11)
r(5,403,0,11)
w(1,7,0,11)
w(3,10,0,11)
w(11,5,0,11)
w(10,5,0,11)
w(0,8,0,11)
r(18,381,0,11)
r(2,421,0,11)
r(4,853,0,11)
r(7,850,0,11)
r(6,407,0,11)
r(13,420,0,11)
r(15,391,0,11)
r(12,393,0,11)
w(14,7,0,11)
r(9,407,0,11)
w(17,6,0,11)
r(16,401,0,11)
w(19,8,0,11)
w(9,5,0,12)
r(6,309,0,12)
r(14,208,0,12)
w(0,9,0,12)
r(17,308,0,12)
r(5,307,0,12)
r(15,292,0,12)
r(1,185,0,12)
w(19,9,0,12)
r(12,298,0,12)
w(13,3,0,12)
r(11,338,0,12)
w(4,6,0,12)
w(8,6,0,12)
w(7,6,0,12)
r(10,311,0,12)
r(2,322,0,12)
w(3,11,0,12)
r(18,283,0,12)
w(16,6,0,12)
w(8,7,0,13)
w(10,6,0,13)
w(14,8,0,13)
r(16,590,0,13)
w(17,7,0,13)
w(11,6,0,13)
w(15,8,0,13)
r(1,600,0,13)
r(7,311,0,13)
r(12,607,0,13)
w(13,4,0,13)
w(2,7,0,13)
r(0,600,0,13)
r(19,581,0,13)
r(4,325,0,13)
r(6,624,0,13)
w(5,9,0,13)
r(18,594,0,13)
r(9,604,0,13)
r(3,610,0,13)
w(11,7,0,14)
w(7,7,0,14)
r(12,607,0,14)
w(6,7,0,14)
w(5,10,0,14)
r(18,594,0,14)
r(19,581,0,14)
w(4,7,0,14)
r(13,314,0,14)
w(0,10,0,14)
r(10,311,0,14)
r(16,590,0,14)
r(14,589,0,14)
r(3,610,0,14)
w(2,8,0,14)
w(9,6,0,14)
r(15,292,0,14)
w(1,8,0,14)
r(8,598,0,14)
r(17,308,0,14)
w(17,8,0,15)
w(5,11,0,15)
w(7,8,0,15)
r(6,625,0,15)
w(13,5,0,15)
w(4,8,0,15)
w(11,8,0,15)
w(9,7,0,15)
r(8,599,0,15)
r(16,590,0,15)
w(14,9,0,15)
w(1,9,0,15)
w(3,12,0,15)
w(0,11,0,15)
w(12,6,0,15)
w(2,9,0,15)
w(10,7,0,15)
r(18,595,0,15)
r(15,292,0,15)
w(19,10,0,15)
r(1,9,0,16)
w(3,13,0,16)
r(10,7,0,16)
w(9,8,0,16)
w(4,9,0,16)
w(11,9,0,16)
w(13,6,0,16)
w(15,9,0,16)
w(17,9,0,16)
r(5,609,0,16)
r(6,625,0,16)
r(16,591,0,16)
w(2,10,0,16)
r(12,609,0,16)
r(0,602,0,16)
w(8,8,0,16)
r(14,9,0,16)
w(19,11,0,16)
w(18,4,0,16)
w(7,9,0,16)
r(11,340,0,17)
r(18,384,0,17)
r(19,302,0,17)
w(16,7,0,17)
w(9,9,0,17)
r(7,412,0,17)
r(14,307,0,17)
r(5,310,0,17)
r(13,316,0,17)
r(2,425,0,17)
w(0,12,0,17)
w(3,14,0,17)
r(1,387,0,17)
r(17,198,0,17)
w(10,8,0,17)
r(8,209,0,17)
r(4,328,0,17)
r(15,295,0,17)
r(12,204,0,17)
w(6,8,0,17)
w(5,12,0,18)
r(2,216,0,18)
r(19,200,0,18)
w(0,13,0,18)
w(16,8,0,18)
r(18,192,0,18)
w(1,10,0,18)
r(15,295,0,18)
r(11,340,0,18)
r(4,328,0,18)
r(12,204,0,18)
w(13,7,0,18)
r(10,8,0,18)
w(17,10,0,18)
r(3,14,0,18)
w(7,10,0,18)
r(6,8,0,18)
r(9,203,0,18)
w(14,10,0,18)
r(8,209,0,18)
r(13,7,0,19)
w(5,13,0,19)
r(10,8,0,19)
w(16,9,0,19)
r(15,295,0,19)
w(6,9,0,19)
w(9,10,0,19)
w(11,10,0,19)
w(7,11,0,19)
r(14,10,0,19)
w(12,7,0,19)
r(4,328,0,19)
r(3,14,0,19)
w(18,5,0,19)
w(1,11,0,19)
w(8,9,0,19)
r(19,200,0,19)
r(2,216,0,19)
r(17,10,0,19)
w(0,14,0,19)
w(1,97,1,20)
r(7,0,1,20)
w(8,102,1,20)
r(2,0,1,20)
r(6,0,1,20)
r(16,0,1,20)
w(15,91,1,20)
r(10,0,1,20)
r(11,0,1,20)
r(14,0,1,20)
r(0,0,1,20)
w(13,95,1,20)
r(4,0,1,20)
w(12,92,1,20)
w(3,115,1,20)
w(5,101,1,20)
w(9,104,1,20)
r(18,0,1,20)
r(17,0,1,20)
r(19,0,1,20)
w(18,95,1,21)
r(9,104,1,21)
r(19,0,1,21)
r(15,91,1,21)
w(8,103,1,21)
r(3,115,1,21)
r(12,92,1,21)
r(17,0,1,21)
w(16,101,1,21)
r(11,0,1,21)
r(4,0,1,21)
r(0,0,1,21)
w(2,122,1,21)
r(14,0,1,21)
r(13,95,1,21)
w(7,100,1,21)
r(6,0,1,21)
r(1,97,1,21)
w(5,102,1,21)
r(10,0,1,21)
w(5,103,1,22)
r(17,0,1,22)
r(13,95,1,22)
w(18,96,1,22)
w(6,109,1,22)
w(4,106,1,22)
w(3,116,1,22)
r(1,97,1,22)
w(15,92,1,22)
w(12,93,1,22)
w(10,106,1,22)
w(9,105,1,22)
w(16,102,1,22)
w(2,123,1,22)
w(14,105,1,22)
w(0,105,1,22)
w(11,119,1,22)
w(7,101,1,22)
w(19,99,1,22)
w(8,104,1,22)
w(7,102,1,23)
r(3,116,1,23)
r(15,92,1,23)
r(5,103,1,23)
w(16,103,1,23)
w(19,100,1,23)
r(2,123,1,23)
r(13,95,1,23)
r(9,105,1,23)
r(14,105,1,23)
w(10,107,1,23)
r(6,109,1,23)
w(18,97,1,23)
r(8,104,1,23)
r(17,0,1,23)
r(12,93,1,23)
w(0,106,1,23)
r(1,97,1,23)
r(11,119,1,23)
r(4,106,1,23)
r(1,97,1,24)
w(14,106,1,24)
w(7,103,1,24)
r(16,103,1,24)
r(17,0,1,24)
r(12,93,1,24)
w(10,108,1,24)
r(3,116,1,24)
r(18,97,1,24)
r(9,105,1,24)
w(19,101,1,24)
r(15,92,1,24)
w(5,104,1,24)
w(13,96,1,24)
r(2,123,1,24)
r(11,119,1,24)
w(8,105,1,24)
r(4,106,1,24)
r(6,109,1,24)
r(0,106,1,24)
r(14,105,1,25)
r(11,119,1,25)
w(13,97,1,25)
r(2,123,1,25)
r(3,116,1,25)
w(12,94,1,25)
r(5,103,1,25)
w(7,104,1,25)
r(18,97,1,25)
w(8,106,1,25)
w(6,110,1,25)
w(16,104,1,25)
w(9,106,1,25)
r(1,97,1,25)
r(17,0,1,25)
r(4,106,1,25)
w(15,93,1,25)
r(19,100,1,25)
w(0,107,1,25)
r(10,107,1,25)
w(8,107,1,26)
r(3,116,1,26)
w(12,95,1,26)
r(16,104,1,26)
r(17,0,1,26)
w(15,94,1,26)
r(5,103,1,26)
r(14,105,1,26)
r(1,97,1,26)
r(10,107,1,26)
w(6,111,1,26)
r(4,106,1,26)
r(7,104,1,26)
r(18,97,1,26)
r(11,119,1,26)
w(13,98,1,26)
w(9,107,1,26)
r(2,123,1,26)
w(19,102,1,26)
r(0,107,1,26)
r(18,97,1,27)
r(17,0,1,27)
r(16,104,1,27)
r(1,97,1,27)
r(14,105,1,27)
w(9,108,1,27)
w(7,105,1,27)
w(8,108,1,27)
w(12,96,1,27)
w(13,99,1,27)
r(6,110,1,27)
w(15,95,1,27)
w(19,103,1,27)
r(3,116,1,27)
w(10,109,1,27)
w(5,105,1,27)
r(4,106,1,27)
w(0,108,1,27)
r(11,119,1,27)
w(2,124,1,27)
r(8,300,1,28)
r(17,300,1,28)
r(15,93,1,28)
r(13,306,1,28)
w(10,110,1,28)
w(9,109,1,28)
w(3,117,1,28)
r(18,280,1,28)
r(0,309,1,28)
w(7,106,1,28)
w(6,112,1,28)
w(12,97,1,28)
w(4,107,1,28)
w(14,107,1,28)
r(19,100,1,28)
r(1,285,1,28)
w(16,105,1,28)
r(5,299,1,28)
w(2,125,1,28)
r(11,330,1,28)
r(2,1,1,29)
r(15,1,1,29)
r(19,1,1,29)
r(13,306,1,29)
w(3,118,1,29)
r(4,106,1,29)
r(7,307,1,29)
w(14,108,1,29)
r(1,1,1,29)
r(0,309,1,29)
w(10,111,1,29)
w(11,120,1,29)
w(8,109,1,29)
r(18,280,1,29)
r(6,110,1,29)
w(9,110,1,29)
r(5,299,1,29)
w(16,106,1,29)
w(12,98,1,29)
w(17,102,1,29)
r(17,1,1,30)
r(15,1,1,30)
w(14,109,1,30)
r(3,1,1,30)
w(12,99,1,30)
w(19,104,1,30)
w(4,108,1,30)
w(9,111,1,30)
w(10,112,1,30)
w(13,100,1,30)
r(18,280,1,30)
r(11,1,1,30)
r(2,1,1,30)
w(1,98,1,30)
w(7,107,1,30)
r(8,300,1,30)
w(0,109,1,30)
r(5,299,1,30)
r(6,110,1,30)
r(16,1,1,30)
r(13,510,1,31)
w(15,96,1,31)
w(7,108,1,31)
w(2,126,1,31)
w(17,103,1,31)
w(11,121,1,31)
w(14,110,1,31)
w(9,112,1,31)
w(12,100,1,31)
w(1,99,1,31)
r(18,776,1,31)
w(5,106,1,31)
w(10,113,1,31)
w(6,113,1,31)
r(8,792,1,31)
r(3,406,1,31)
r(4,847,1,31)
w(0,110,1,31)
w(16,107,1,31)
r(19,792,1,31)
w(14,111,1,32)
r(6,509,1,32)
w(10,114,1,32)
r(17,799,1,32)
r(13,510,1,32)
r(12,505,1,32)
w(16,108,1,32)
r(9,496,1,32)
r(15,496,1,32)
r(8,792,1,32)
r(7,844,1,32)
r(19,792,1,32)
w(5,107,1,32)
r(1,787,1,32)
w(2,127,1,32)
w(4,109,1,32)
r(0,507,1,32)
w(18,98,1,32)
r(3,406,1,32)
w(11,122,1,32)
w(12,101,1,33)
r(10,801,1,33)
r(8,792,1,33)
r(4,847,1,33)
w(15,97,1,33)
w(2,128,1,33)
w(0,111,1,33)
r(16,777,1,33)
r(17,799,1,33)
r(1,787,1,33)
w(11,123,1,33)
w(13,101,1,33)
w(5,108,1,33)
r(14,581,1,33)
w(19,105,1,33)
w(18,99,1,33)
r(7,844,1,33)
w(9,113,1,33)
r(3,406,1,33)
w(6,114,1,33)
w(19,106,1,34)
r(0,507,1,34)
w(4,110,1,34)
r(2,810,1,34)
w(16,109,1,34)
r(10,801,1,34)
r(8,792,1,34)
r(1,787,1,34)
r(11,835,1,34)
w(3,119,1,34)
r(6,509,1,34)
w(5,109,1,34)
r(12,505,1,34)
r(9,496,1,34)
r(18,776,1,34)
w(14,112,1,34)
w(7,109,1,34)
w(13,102,1,34)
r(17,799,1,34)
r(15,496,1,34)
w(17,104,1,35)
w(13,103,1,35)
w(5,110,1,35)
w(7,110,1,35)
r(8,496,1,35)
r(12,506,1,35)
r(16,777,1,35)
w(9,114,1,35)
r(1,490,1,35)
w(3,120,1,35)
r(18,776,1,35)
r(10,515,1,35)
r(0,507,1,35)
w(6,115,1,35)
r(4,535,1,35)
w(15,98,1,35)
w(19,107,1,35)
r(11,524,1,35)
r(2,810,1,35)
r(14,581,1,35)
r(13,907,1,36)
w(1,100,1,36)
w(12,102,1,36)
r(14,880,1,36)
w(15,99,1,36)
r(5,899,1,36)
r(0,507,1,36)
r(2,917,1,36)
w(10,115,1,36)
w(19,108,1,36)
w(7,111,1,36)
r(11,932,1,36)
r(6,509,1,36)
w(8,110,1,36)
w(18,100,1,36)
w(4,111,1,36)
r(16,888,1,36)
w(9,115,1,36)
r(17,895,1,36)
w(3,121,1,36)
r(6,509,1,37)
r(10,208,1,37)
r(13,907,1,37)
w(7,112,1,37)
w(17,105,1,37)
w(4,112,1,37)
r(8,204,1,37)
w(2,129,1,37)
r(14,880,1,37)
w(0,112,1,37)
w(19,109,1,37)
r(12,899,1,37)
w(3,122,1,37)
w(9,116,1,37)
w(11,124,1,37)
w(16,110,1,37)
w(1,101,1,37)
r(18,776,1,37)
w(15,100,1,37)
w(5,111,1,37)
r(18,776,1,38)
r(19,792,1,38)
w(13,104,1,38)
r(12,899,1,38)
w(7,113,1,38)
r(0,507,1,38)
r(2,917,1,38)
r(4,220,1,38)
r(17,895,1,38)
w(11,125,1,38)
r(3,207,1,38)
r(5,217,1,38)
r(8,204,1,38)
r(9,496,1,38)
w(1,102,1,38)
w(15,101,1,38)
w(6,116,1,38)
r(10,208,1,38)
w(16,111,1,38)
w(14,113,1,38)
w(6,117,1,39)
w(18,101,1,39)
w(19,110,1,39)
r(17,500,1,39)
r(0,507,1,39)
r(8,499,1,39)
w(4,113,1,39)
r(13,514,1,39)
r(1,185,1,39)
w(3,123,1,39)
r(5,501,1,39)
w(11,126,1,39)
w(7,114,1,39)
r(12,508,1,39)
r(14,880,1,39)
w(16,112,1,39)
r(15,185,1,39)
w(9,117,1,39)
r(10,208,1,39)
r(2,917,1,39)
w(7,209,2,40)
w(0,205,2,40)
r(15,92,2,40)
w(9,197,2,40)
r(10,107,2,40)
r(11,119,2,40)
w(1,183,2,40)
w(5,213,2,40)
r(4,106,2,40)
w(16,207,2,40)
r(12,93,2,40)
r(2,123,2,40)
r(8,104,2,40)
r(13,95,2,40)
r(14,105,2,40)
w(19,195,2,40)
w(6,210,2,40)
w(17,187,2,40)
w(18,186,2,40)
r(3,116,2,40)
r(19,100,2,41)
r(2,123,2,41)
r(10,107,2,41)
w(17,188,2,41)
r(14,105,2,41)
r(1,97,2,41)
w(15,183,2,41)
w(5,214,2,41)
w(16,208,2,41)
w(4,215,2,41)
r(18,97,2,41)
r(3,116,2,41)
w(9,198,2,41)
r(13,95,2,41)
w(11,219,2,41)
w(7,210,2,41)
w(6,211,2,41)
r(0,106,2,41)
r(12,93,2,41)
w(8,200,2,41)
r(3,889,2,42)
r(17,795,2,42)
r(15,782,2,42)
r(12,1,2,42)
r(10,798,2,42)
w(4,216,2,42)
w(11,220,2,42)
w(9,199,2,42)
w(16,209,2,42)
w(18,187,2,42)
r(14,878,2,42)
r(6,918,2,42)
w(19,196,2,42)
w(2,207,2,42)
w(5,215,2,42)
r(7,307,2,42)
r(13,902,2,42)
w(8,201,2,42)
r(0,309,2,42)
w(1,184,2,42)
r(3,406,2,43)
w(12,197,2,43)
r(0,590,2,43)
r(10,617,2,43)
r(5,895,2,43)
w(2,208,2,43)
w(17,189,2,43)
r(9,597,2,43)
r(15,597,2,43)
r(16,586,2,43)
w(14,205,2,43)
w(19,197,2,43)
r(11,619,2,43)
w(4,217,2,43)
w(6,212,2,43)
r(1,592,2,43)
r(7,629,2,43)
w(13,195,2,43)
w(18,188,2,43)
w(8,202,2,43)
r(16,586,2,44)
w(2,209,2,44)
w(0,206,2,44)
w(7,211,2,44)
w(14,206,2,44)
r(9,597,2,44)
w(13,196,2,44)
w(4,218,2,44)
r(10,617,2,44)
w(3,205,2,44)
r(12,599,2,44)
w(15,184,2,44)
w(17,190,2,44)
w(6,213,2,44)
w(8,203,2,44)
r(19,1,2,44)
r(1,592,2,44)
r(18,774,2,44)
w(5,216,2,44)
w(11,221,2,44)
r(15,496,2,45)
w(17,191,2,45)
w(3,206,2,45)
w(18,189,2,45)
r(0,507,2,45)
r(19,792,2,45)
w(11,222,2,45)
r(9,496,2,45)
r(1,787,2,45)
r(7,844,2,45)
w(4,219,2,45)
w(2,210,2,45)
r(8,792,2,45)
r(6,509,2,45)
r(5,795,2,45)
r(12,505,2,45)
w(16,210,2,45)
r(13,510,2,45)
r(14,581,2,45)
r(10,801,2,45)
r(0,507,2,46)
r(17,895,2,46)
r(9,496,2,46)
w(8,204,2,46)
r(14,880,2,46)
w(7,212,2,46)
r(2,917,2,46)
w(1,185,2,46)
r(6,509,2,46)
w(3,207,2,46)
w(11,223,2,46)
w(4,220,2,46)
r(12,899,2,46)
r(13,907,2,46)
w(5,217,2,46)
r(18,776,2,46)
w(10,208,2,46)
w(16,211,2,46)
r(19,792,2,46)
w(15,185,2,46)
r(11,529,2,47)
r(1,185,2,47)
w(15,186,2,47)
r(4,539,2,47)
w(13,197,2,47)
r(12,508,2,47)
w(0,207,2,47)
r(3,207,2,47)
w(10,209,2,47)
r(14,880,2,47)
w(17,192,2,47)
r(6,515,2,47)
r(7,212,2,47)
r(2,917,2,47)
r(16,500,2,47)
r(19,488,2,47)
r(5,501,2,47)
r(8,499,2,47)
r(9,496,2,47)
r(18,479,2,47)
w(10,210,2,48)
w(1,186,2,48)
r(2,817,2,48)
w(19,198,2,48)
r(18,781,2,48)
r(16,399,2,48)
r(7,850,2,48)
r(11,529,2,48)
w(3,208,2,48)
w(8,205,2,48)
r(13,813,2,48)
r(15,791,2,48)
w(5,218,2,48)
w(17,193,2,48)
r(6,405,2,48)
w(4,221,2,48)
w(14,207,2,48)
w(0,208,2,48)
r(9,788,2,48)
w(12,198,2,48)
w(6,214,2,49)
r(1,185,2,49)
w(11,224,2,49)
r(15,391,2,49)
w(12,199,2,49)
r(5,403,2,49)
r(18,481,2,49)
r(3,513,2,49)
w(7,213,2,49)
w(2,211,2,49)
r(10,420,2,49)
w(13,198,2,49)
w(14,208,2,49)
w(0,209,2,49)
w(9,200,2,49)
w(4,222,2,49)
w(19,199,2,49)
w(8,206,2,49)
w(17,194,2,49)
w(16,212,2,49)
r(5,609,2,50)
w(3,209,2,50)
w(2,212,2,50)
w(4,223,2,50)
r(7,8,2,50)
r(19,10,2,50)
r(11,8,2,50)
w(15,187,2,50)
r(18,595,2,50)
w(16,213,2,50)
w(10,211,2,50)
w(9,201,2,50)
w(0,210,2,50)
w(13,199,2,50)
w(1,187,2,50)
w(12,200,2,50)
r(6,625,2,50)
w(14,209,2,50)
w(17,195,2,50)
r(8,600,2,50)
r(14,9,2,51)
w(18,190,2,51)
w(16,214,2,51)
w(12,201,2,51)
w(10,212,2,51)
r(5,609,2,51)
w(8,207,2,51)
r(9,7,2,51)
w(2,213,2,51)
w(3,210,2,51)
w(4,224,2,51)
r(6,625,2,51)
r(0,602,2,51)
r(19,10,2,51)
r(11,8,2,51)
w(17,196,2,51)
w(7,214,2,51)
r(1,9,2,51)
r(15,602,2,51)
w(13,200,2,51)
w(6,215,2,52)
r(4,9,2,52)
w(12,202,2,52)
r(16,591,2,52)
r(14,9,2,52)
w(2,214,2,52)
w(17,197,2,52)
w(13,201,2,52)
r(0,602,2,52)
r(8,8,2,52)
r(15,9,2,52)
r(9,8,2,52)
w(7,215,2,52)
w(1,188,2,52)
r(19,11,2,52)
r(5,609,2,52)
r(18,4,2,52)
w(3,211,2,52)
r(10,7,2,52)
w(11,225,2,52)
w(9,202,2,53)
r(11,437,2,53)
r(19,401,2,53)
r(5,405,2,53)
w(16,215,2,53)
w(12,203,2,53)
r(3,13,2,53)
r(17,403,2,53)
w(8,208,2,53)
w(0,211,2,53)
r(7,411,2,53)
r(15,394,2,53)
r(1,386,2,53)
r(18,383,2,53)
r(10,7,2,53)
r(4,437,2,53)
w(6,216,2,53)
r(13,423,2,53)
r(2,424,2,53)
w(14,210,2,53)
r(6,625,2,54)
r(15,394,2,54)
w(3,212,2,54)
w(18,191,2,54)
w(11,226,2,54)
r(13,423,2,54)
w(8,209,2,54)
w(17,198,2,54)
w(14,211,2,54)
w(1,189,2,54)
w(7,216,2,54)
r(9,410,2,54)
r(19,401,2,54)
w(0,212,2,54)
w(12,204,2,54)
r(16,403,2,54)
r(10,7,2,54)
w(2,215,2,54)
w(4,225,2,54)
r(5,405,2,54)
r(4,328,2,55)
w(14,212,2,55)
r(12,204,2,55)
r(11,340,2,55)
w(9,203,2,55)
w(18,192,2,55)
w(5,219,2,55)
r(7,412,2,55)
r(1,387,2,55)
r(3,14,2,55)
w(13,202,2,55)
w(2,216,2,55)
r(10,8,2,55)
r(6,8,2,55)
r(16,7,2,55)
r(15,295,2,55)
r(0,12,2,55)
w(19,200,2,55)
r(8,209,2,55)
r(17,198,2,55)
w(11,227,2,56)
r(5,13,2,56)
r(2,216,2,56)
w(19,201,2,56)
w(16,216,2,56)
r(8,9,2,56)
w(3,213,2,56)
r(14,10,2,56)
r(15,295,2,56)
r(18,5,2,56)
w(10,213,2,56)
w(7,217,2,56)
r(6,9,2,56)
r(4,328,2,56)
w(9,204,2,56)
r(0,14,2,56)
r(12,7,2,56)
r(17,10,2,56)
r(13,7,2,56)
r(1,11,2,56)
w(6,217,2,57)
r(15,295,2,57)
r(0,14,2,57)
r(9,204,2,57)
w(12,205,2,57)
r(18,5,2,57)
r(13,7,2,57)
r(1,11,2,57)
w(5,220,2,57)
r(4,328,2,57)
r(8,9,2,57)
w(14,213,2,57)
w(3,214,2,57)
w(16,217,2,57)
r(19,201,2,57)
r(11,227,2,57)
w(10,214,2,57)
w(2,217,2,57)
r(17,10,2,57)
w(7,218,2,57)
w(0,213,2,58)
w(1,190,2,58)
w(2,218,2,58)
r(15,295,2,58)
r(14,10,2,58)
r(16,216,2,58)
w(17,199,2,58)
r(6,9,2,58)
r(19,201,2,58)
r(8,9,2,58)
w(12,206,2,58)
r(9,204,2,58)
w(18,193,2,58)
r(4,328,2,58)
w(7,219,2,58)
w(3,215,2,58)
w(11,228,2,58)
r(10,213,2,58)
w(5,221,2,58)
w(13,203,2,58)
r(3,215,2,59)
w(0,214,2,59)
w(17,200,2,59)
w(13,204,2,59)
w(15,188,2,59)
r(10,213,2,59)
r(2,218,2,59)
r(19,201,2,59)
r(12,206,2,59)
r(5,221,2,59)
w(8,210,2,59)
w(6,218,2,59)
r(16,216,2,59)
r(9,204,2,59)
r(4,328,2,59)
r(14,10,2,59)
r(7,219,2,59)
r(18,193,2,59)
r(11,228,2,59)
r(1,190,2,59)
r(19,100,3,60)
w(4,318,3,60)
r(14,105,3,60)
w(8,299,3,60)
r(0,107,3,60)
w(15,288,3,60)
r(7,104,3,60)
r(10,107,3,60)
w(5,298,3,60)
w(18,279,3,60)
r(3,116,3,60)
r(6,110,3,60)
r(9,106,3,60)
r(12,94,3,60)
w(11,329,3,60)
r(2,123,3,60)
r(1,97,3,60)
r(16,104,3,60)
w(13,305,3,60)
r(17,0,3,60)
w(17,300,3,61)
w(11,330,3,61)
r(2,123,3,61)
r(4,106,3,61)
w(1,285,3,61)
w(14,295,3,61)
w(8,300,3,61)
w(18,280,3,61)
r(10,107,3,61)
r(16,104,3,61)
w(13,306,3,61)
w(0,309,3,61)
r(6,110,3,61)
w(5,299,3,61)
w(9,299,3,61)
r(12,94,3,61)
r(15,93,3,61)
r(19,100,3,61)
r(3,116,3,61)
w(7,307,3,61)
r(1,874,3,62)
w(12,293,3,62)
r(0,309,3,62)
r(8,789,3,62)
r(13,902,3,62)
r(10,798,3,62)
r(19,1,3,62)
r(3,889,3,62)
w(9,300,3,62)
w(2,317,3,62)
r(14,878,3,62)
w(11,331,3,62)
w(15,289,3,62)
w(16,299,3,62)
w(5,300,3,62)
w(6,301,3,62)
r(17,795,3,62)
w(4,319,3,62)
r(18,774,3,62)
w(7,308,3,62)
r(5,895,3,63)
r(18,774,3,63)
r(12,388,3,63)
r(9,299,3,63)
w(16,300,3,63)
r(7,307,3,63)
r(13,902,3,63)
r(10,798,3,63)
r(14,394,3,63)
w(6,302,3,63)
r(4,432,3,63)
r(19,1,3,63)
r(0,412,3,63)
w(1,286,3,63)
w(11,332,3,63)
r(3,406,3,63)
r(15,384,3,63)
r(8,789,3,63)
w(2,318,3,63)
w(17,301,3,63)
r(7,523,3,64)
r(2,810,3,64)
r(11,833,3,64)
r(18,473,3,64)
r(17,493,3,64)
r(12,505,3,64)
r(0,507,3,64)
w(14,296,3,64)
r(10,799,3,64)
w(4,320,3,64)
r(9,496,3,64)
r(8,494,3,64)
r(19,1,3,64)
w(3,299,3,64)
w(1,287,3,64)
r(5,795,3,64)
r(15,496,3,64)
r(16,496,3,64)
w(13,307,3,64)
r(6,509,3,64)
w(13,308,3,65)
w(8,301,3,65)
r(12,505,3,65)
r(4,847,3,65)
r(5,795,3,65)
r(16,777,3,65)
w(10,306,3,65)
r(7,844,3,65)
w(19,291,3,65)
w(17,302,3,65)
w(3,300,3,65)
w(2,319,3,65)
w(14,297,3,65)
w(1,288,3,65)
r(6,509,3,65)
r(0,507,3,65)
r(15,496,3,65)
w(11,333,3,65)
r(18,776,3,65)
w(9,301,3,65)
w(10,307,3,66)
r(7,526,3,66)
w(2,320,3,66)
r(4,535,3,66)
w(15,290,3,66)
w(1,289,3,66)
w(3,301,3,66)
w(6,303,3,66)
r(17,799,3,66)
w(5,301,3,66)
w(14,298,3,66)
r(8,496,3,66)
w(19,292,3,66)
w(9,302,3,66)
r(13,510,3,66)
w(0,310,3,66)
r(12,506,3,66)
w(16,301,3,66)
r(18,776,3,66)
r(11,524,3,66)
w(5,302,3,67)
w(14,299,3,67)
r(6,509,3,67)
r(15,499,3,67)
r(3,510,3,67)
w(19,293,3,67)
w(17,303,3,67)
r(1,490,3,67)
r(18,776,3,67)
w(10,308,3,67)
w(16,302,3,67)
r(9,496,3,67)
r(2,810,3,67)
r(11,524,3,67)
w(0,311,3,67)
r(4,535,3,67)
r(13,510,3,67)
r(12,506,3,67)
r(7,526,3,67)
r(8,496,3,67)
w(7,309,3,68)
r(19,792,3,68)
w(12,294,3,68)
w(8,302,3,68)
w(0,312,3,68)
w(18,281,3,68)
r(9,496,3,68)
w(10,309,3,68)
w(1,290,3,68)
w(14,300,3,68)
r(17,895,3,68)
r(15,890,3,68)
w(16,303,3,68)
w(4,321,3,68)
w(2,321,3,68)
w(6,304,3,68)
w(3,302,3,68)
w(5,303,3,68)
w(11,334,3,68)
w(13,309,3,68)
w(13,310,3,69)
w(4,322,3,69)
r(16,888,3,69)
w(12,295,3,69)
r(10,515,3,69)
r(9,496,3,69)
r(18,776,3,69)
r(2,917,3,69)
r(14,880,3,69)
w(8,303,3,69)
w(19,294,3,69)
w(11,335,3,69)
r(1,875,3,69)
r(0,507,3,69)
r(15,890,3,69)
w(6,305,3,69)
r(5,899,3,69)
w(3,303,3,69)
w(17,304,3,69)
r(7,960,3,69)
w(13,311,3,70)
w(5,304,3,70)
w(17,305,3,70)
r(18,776,3,70)
w(1,291,3,70)
r(0,507,3,70)
r(16,211,3,70)
r(15,185,3,70)
w(4,323,3,70)
r(2,917,3,70)
r(19,792,3,70)
w(9,303,3,70)
r(8,204,3,70)
r(10,208,3,70)
r(12,899,3,70)
w(6,306,3,70)
w(11,336,3,70)
w(3,304,3,70)
w(14,301,3,70)
w(7,310,3,70)
w(16,304,3,71)
w(13,312,3,71)
w(6,307,3,71)
w(12,296,3,71)
w(5,305,3,71)
r(19,488,3,71)
r(10,208,3,71)
r(8,499,3,71)
r(18,380,3,71)
w(1,292,3,71)
r(7,410,3,71)
r(9,405,3,71)
w(4,324,3,71)
w(3,305,3,71)
r(11,529,3,71)
r(2,917,3,71)
w(15,291,3,71)
w(17,306,3,71)
w(0,313,3,71)
w(14,302,3,71)
w(3,306,3,72)
w(0,314,3,72)
w(14,303,3,72)
r(9,405,3,72)
r(2,917,3,72)
r(15,390,3,72)
w(18,282,3,72)
r(10,208,3,72)
w(19,295,3,72)
w(5,306,3,72)
r(13,514,3,72)
r(4,435,3,72)
r(16,399,3,72)
w(12,297,3,72)
w(8,304,3,72)
w(1,293,3,72)
r(6,405,3,72)
w(17,307,3,72)
r(11,529,3,72)
r(7,410,3,72)
r(5,403,3,73)
r(2,421,3,73)
r(3,411,3,73)
r(0,417,3,73)
r(17,401,3,73)
r(9,407,3,73)
r(14,401,3,73)
r(12,393,3,73)
w(11,337,3,73)
w(6,308,3,73)
r(18,381,3,73)
w(19,296,3,73)
r(7,850,3,73)
w(1,294,3,73)
r(15,391,3,73)
r(4,853,3,73)
w(8,305,3,73)
r(16,401,3,73)
w(13,313,3,73)
w(10,310,3,73)
w(5,307,3,74)
w(18,283,3,74)
r(14,208,3,74)
r(16,212,3,74)
r(0,209,3,74)
w(17,308,3,74)
r(9,200,3,74)
w(12,298,3,74)
w(13,314,3,74)
w(7,311,3,74)
r(8,206,3,74)
w(6,309,3,74)
w(2,322,3,74)
w(4,325,3,74)
r(1,185,3,74)
w(11,338,3,74)
w(15,292,3,74)
r(3,513,3,74)
w(10,311,3,74)
w(19,297,3,74)
w(7,312,3,75)
r(16,212,3,75)
w(4,326,3,75)
w(14,304,3,75)
r(8,206,3,75)
w(19,298,3,75)
r(5,307,3,75)
w(10,312,3,75)
r(17,308,3,75)
w(6,310,3,75)
w(0,315,3,75)
w(12,299,3,75)
w(2,323,3,75)
r(9,200,3,75)
r(13,314,3,75)
w(18,284,3,75)
w(1,295,3,75)
w(3,307,3,75)
r(15,292,3,75)
r(11,338,3,75)
r(0,209,3,76)
w(14,305,3,76)
w(10,313,3,76)
r(12,298,3,76)
w(19,299,3,76)
w(9,304,3,76)
w(7,313,3,76)
r(3,513,3,76)
r(4,325,3,76)
r(18,283,3,76)
w(1,296,3,76)
r(8,206,3,76)
r(13,314,3,76)
r(11,338,3,76)
w(6,311,3,76)
w(17,309,3,76)
r(2,322,3,76)
r(5,307,3,76)
w(16,305,3,76)
r(15,292,3,76)
r(6,625,3,77)
w(8,306,3,77)
w(10,314,3,77)
w(13,315,3,77)
w(14,306,3,77)
r(16,591,3,77)
w(5,308,3,77)
r(3,612,3,77)
r(1,9,3,77)
w(7,314,3,77)
r(9,7,3,77)
r(12,609,3,77)
r(18,595,3,77)
w(0,316,3,77)
w(17,310,3,77)
r(4,8,3,77)
r(11,8,3,77)
r(2,9,3,77)
w(15,293,3,77)
w(19,300,3,77)
r(10,7,3,78)
w(15,294,3,78)
r(16,591,3,78)
w(19,301,3,78)
r(1,9,3,78)
r(6,625,3,78)
w(7,315,3,78)
w(3,308,3,78)
w(4,327,3,78)
w(11,339,3,78)
w(0,317,3,78)
w(5,309,3,78)
r(18,4,3,78)
r(14,9,3,78)
r(8,8,3,78)
r(9,8,3,78)
w(17,311,3,78)
r(13,6,3,78)
w(12,300,3,78)
r(2,10,3,78)
w(19,302,3,79)
r(18,384,3,79)
r(12,204,3,79)
w(14,307,3,79)
r(17,198,3,79)
w(6,312,3,79)
w(11,340,3,79)
w(5,310,3,79)
w(4,328,3,79)
w(10,315,3,79)
r(7,412,3,79)
w(15,295,3,79)
w(9,305,3,79)
r(1,387,3,79)
w(13,316,3,79)
w(0,318,3,79)
r(16,404,3,79)
r(8,209,3,79)
r(2,425,3,79)
r(3,212,3,79)
w(10,414,4,80)
w(6,399,4,80)
w(13,411,4,80)
r(9,299,4,80)
r(5,299,4,80)
w(15,382,4,80)
w(3,404,4,80)
r(1,285,4,80)
w(18,377,4,80)
r(19,100,4,80)
r(4,106,4,80)
w(14,393,4,80)
w(0,410,4,80)
w(16,390,4,80)
r(8,300,4,80)
w(12,386,4,80)
w(2,412,4,80)
w(17,395,4,80)
r(7,307,4,80)
r(11,330,4,80)
w(16,391,4,81)
r(0,309,4,81)
r(18,774,4,81)
r(11,831,4,81)
w(2,413,4,81)
r(17,795,4,81)
w(10,415,4,81)
r(3,889,4,81)
r(12,1,4,81)
r(5,895,4,81)
r(7,307,4,81)
w(8,399,4,81)
w(15,383,4,81)
w(9,399,4,81)
w(6,400,4,81)
r(14,878,4,81)
r(4,946,4,81)
r(13,902,4,81)
w(19,392,4,81)
w(1,376,4,81)
w(5,398,4,82)
w(17,396,4,82)
r(10,798,4,82)
w(6,401,4,82)
w(0,411,4,82)
w(1,377,4,82)
r(3,889,4,82)
w(13,412,4,82)
r(15,782,4,82)
w(4,431,4,82)
r(18,774,4,82)
r(2,808,4,82)
r(7,307,4,82)
w(12,387,4,82)
w(16,392,4,82)
r(14,878,4,82)
r(19,1,4,82)
r(8,789,4,82)
w(11,430,4,82)
r(9,299,4,82)
w(6,402,4,83)
w(3,405,4,83)
w(7,405,4,83)
r(12,1,4,83)
w(13,413,4,83)
w(1,378,4,83)
r(2,808,4,83)
w(19,393,4,83)
r(15,782,4,83)
w(5,399,4,83)
r(8,789,4,83)
r(10,798,4,83)
w(18,378,4,83)
r(14,878,4,83)
r(4,946,4,83)
w(11,431,4,83)
r(17,795,4,83)
r(0,309,4,83)
r(16,773,4,83)
r(9,299,4,83)
r(13,902,4,84)
w(2,414,4,84)
r(19,1,4,84)
w(12,388,4,84)
r(8,789,4,84)
w(3,406,4,84)
r(18,774,4,84)
w(15,384,4,84)
r(10,798,4,84)
w(16,393,4,84)
w(11,432,4,84)
w(14,394,4,84)
w(0,412,4,84)
r(5,895,4,84)
r(7,307,4,84)
w(1,379,4,84)
w(17,397,4,84)
r(6,918,4,84)
w(4,432,4,84)
r(9,299,4,84)
r(4,432,4,85)
r(2,414,4,85)
r(0,590,4,85)
w(15,385,4,85)
w(5,400,4,85)
r(3,406,4,85)
r(6,615,4,85)
r(12,599,4,85)
w(1,380,4,85)
w(7,406,4,85)
r(11,619,4,85)
w(16,394,4,85)
w(13,414,4,85)
r(8,590,4,85)
w(9,400,4,85)
r(18,774,4,85)
w(17,398,4,85)
r(19,1,4,85)
w(14,395,4,85)
r(10,617,4,85)
r(3,406,4,86)
w(9,401,4,86)
r(14,581,4,86)
w(4,433,4,86)
w(15,386,4,86)
w(10,416,4,86)
r(1,787,4,86)
r(12,505,4,86)
w(2,415,4,86)
w(5,401,4,86)
w(13,415,4,86)
r(7,844,4,86)
w(19,394,4,86)
w(17,399,4,86)
w(0,413,4,86)
w(16,395,4,86)
r(18,776,4,86)
r(8,792,4,86)
r(11,835,4,86)
r(6,509,4,86)
r(1,787,4,87)
w(14,396,4,87)
r(9,496,4,87)
r(19,792,4,87)
r(5,795,4,87)
w(15,387,4,87)
r(13,510,4,87)
w(6,403,4,87)
w(0,414,4,87)
w(12,389,4,87)
r(11,835,4,87)
r(4,847,4,87)
r(18,776,4,87)
w(10,417,4,87)
r(2,810,4,87)
w(16,396,4,87)
r(8,792,4,87)
r(17,799,4,87)
w(7,407,4,87)
r(3,406,4,87)
r(18,776,4,88)
r(15,499,4,88)
r(6,509,4,88)
w(12,390,4,88)
r(13,510,4,88)
w(11,433,4,88)
r(7,526,4,88)
w(8,400,4,88)
r(14,581,4,88)
w(9,402,4,88)
r(5,795,4,88)
r(0,507,4,88)
r(1,490,4,88)
w(19,395,4,88)
w(17,400,4,88)
w(3,407,4,88)
r(10,515,4,88)
w(16,397,4,88)
w(4,434,4,88)
w(2,416,4,88)
r(4,952,4,89)
r(16,888,4,89)
r(11,932,4,89)
r(17,895,4,89)
w(2,417,4,89)
w(5,402,4,89)
r(0,507,4,89)
r(6,509,4,89)
w(7,408,4,89)
w(19,396,4,89)
r(8,496,4,89)
w(13,416,4,89)
r(15,890,4,89)
r(18,776,4,89)
w(1,381,4,89)
r(12,899,4,89)
r(10,515,4,89)
w(9,403,4,89)
w(14,397,4,89)
r(3,510,4,89)
r(12,899,4,90)
r(9,496,4,90)
r(8,204,4,90)
r(3,207,4,90)
r(5,217,4,90)
w(1,382,4,90)
r(6,509,4,90)
w(14,398,4,90)
r(17,895,4,90)
w(16,398,4,90)
w(11,434,4,90)
w(10,418,4,90)
r(7,212,4,90)
w(18,379,4,90)
w(13,417,4,90)
w(2,418,4,90)
w(15,388,4,90)
r(4,220,4,90)
r(19,792,4,90)
w(0,415,4,90)
w(15,389,4,91)
r(18,479,4,91)
w(7,409,4,91)
r(8,499,4,91)
w(12,391,4,91)
w(19,397,4,91)
r(17,500,4,91)
w(10,419,4,91)
w(0,416,4,91)
r(4,539,4,91)
w(2,419,4,91)
r(1,185,4,91)
w(9,404,4,91)
w(13,418,4,91)
w(11,435,4,91)
r(16,500,4,91)
w(3,408,4,91)
r(14,880,4,91)
r(5,501,4,91)
w(6,404,4,91)
w(9,405,4,92)
r(1,185,4,92)
w(4,435,4,92)
r(8,499,4,92)
w(3,409,4,92)
r(0,507,4,92)
w(18,380,4,92)
w(14,399,4,92)
r(13,514,4,92)
r(17,500,4,92)
r(10,208,4,92)
w(7,410,4,92)
r(2,917,4,92)
w(12,392,4,92)
r(11,529,4,92)
w(6,405,4,92)
r(19,488,4,92)
w(16,399,4,92)
r(5,501,4,92)
w(15,390,4,92)
w(2,420,4,93)
w(13,419,4,93)
w(14,400,4,93)
w(16,400,4,93)
r(5,501,4,93)
r(4,853,4,93)
w(8,401,4,93)
w(9,406,4,93)
r(7,850,4,93)
w(6,406,4,93)
r(10,208,4,93)
r(17,806,4,93)
w(19,398,4,93)
r(11,529,4,93)
w(3,410,4,93)
r(1,185,4,93)
r(15,791,4,93)
w(12,393,4,93)
w(0,417,4,93)
r(18,781,4,93)
w(17,401,4,94)
w(8,402,4,94)
r(4,853,4,94)
w(9,407,4,94)
w(5,403,4,94)
w(16,401,4,94)
w(14,401,4,94)
w(3,411,4,94)
w(13,420,4,94)
w(18,381,4,94)
w(2,421,4,94)
r(0,417,4,94)
r(19,398,4,94)
r(1,185,4,94)
w(6,407,4,94)
r(11,529,4,94)
r(12,393,4,94)
r(7,850,4,94)
w(15,391,4,94)
w(10,420,4,94)
r(10,420,4,95)
r(2,421,4,95)
w(15,392,4,95)
w(13,421,4,95)
w(9,408,4,95)
w(3,412,4,95)
r(16,401,4,95)
r(7,850,4,95)
w(19,399,4,95)
r(12,393,4,95)
w(11,436,4,95)
w(5,404,4,95)
w(1,383,4,95)
w(0,418,4,95)
w(4,436,4,95)
r(6,407,4,95)
r(17,401,4,95)
r(18,381,4,95)
r(14,401,4,95)
w(8,403,4,95)
r(14,401,4,96)
r(8,402,4,96)
r(5,403,4,96)
r(7,850,4,96)
w(2,422,4,96)
r(10,420,4,96)
w(3,413,4,96)
r(4,853,4,96)
w(16,402,4,96)
r(19,398,4,96)
r(17,401,4,96)
w(13,422,4,96)
w(6,408,4,96)
r(11,529,4,96)
r(18,381,4,96)
w(1,384,4,96)
w(0,419,4,96)
r(9,407,4,96)
r(15,391,4,96)
w(12,394,4,96)
r(7,9,4,97)
r(10,7,4,97)
r(3,13,4,97)
r(0,602,4,97)
w(19,400,4,97)
w(12,395,4,97)
w(9,409,4,97)
w(18,382,4,97)
r(11,9,4,97)
w(1,385,4,97)
w(2,423,4,97)
w(15,393,4,97)
w(17,402,4,97)
r(5,609,4,97)
w(6,409,4,97)
r(16,591,4,97)
w(14,402,4,97)
r(4,9,4,97)
r(13,6,4,97)
r(8,8,4,97)
w(17,403,4,98)
w(7,411,4,98)
w(9,410,4,98)
w(19,401,4,98)
w(2,424,4,98)
w(4,437,4,98)
w(16,403,4,98)
w(18,383,4,98)
r(10,7,4,98)
w(11,437,4,98)
r(12,609,4,98)
r(3,13,4,98)
w(0,420,4,98)
w(5,405,4,98)
r(14,9,4,98)
w(15,394,4,98)
r(8,8,4,98)
r(6,625,4,98)
w(1,386,4,98)
w(13,423,4,98)
w(11,438,4,99)
w(0,421,4,99)
w(2,425,4,99)
w(15,395,4,99)
w(18,384,4,99)
r(13,423,4,99)
r(10,7,4,99)
w(7,412,4,99)
w(1,387,4,99)
r(17,198,4,99)
r(8,209,4,99)
w(4,438,4,99)
r(12,204,4,99)
r(3,212,4,99)
w(19,402,4,99)
r(6,625,4,99)
r(5,405,4,99)
w(9,411,4,99)
w(14,403,4,99)
w(16,404,4,99)
r(13,306,5,100)
w(6,505,5,100)
r(3,1,5,100)
r(15,1,5,100)
r(4,106,5,100)
r(2,1,5,100)
r(19,1,5,100)
w(16,494,5,100)
w(12,502,5,100)
r(18,280,5,100)
r(9,299,5,100)
r(0,309,5,100)
w(10,511,5,100)
w(7,520,5,100)
w(14,482,5,100)
r(5,299,5,100)
w(8,491,5,100)
r(17,1,5,100)
r(11,1,5,100)
r(1,1,5,100)
r(0,309,5,101)
w(5,496,5,101)
r(4,106,5,101)
r(18,280,5,101)
r(9,299,5,101)
r(13,306,5,101)
w(1,487,5,101)
w(6,506,5,101)
w(14,483,5,101)
w(2,518,5,101)
w(10,512,5,101)
r(19,1,5,101)
w(11,521,5,101)
r(3,1,5,101)
r(7,307,5,101)
r(16,1,5,101)
w(8,492,5,101)
w(15,494,5,101)
r(12,1,5,101)
w(17,492,5,101)
w(19,483,5,102)
w(10,513,5,102)
r(0,309,5,102)
w(7,521,5,102)
w(12,503,5,102)
r(1,874,5,102)
r(9,299,5,102)
r(2,912,5,102)
w(14,484,5,102)
w(3,507,5,102)
w(6,507,5,102)
r(11,927,5,102)
r(17,1,5,102)
w(8,493,5,102)
r(5,895,5,102)
w(15,495,5,102)
w(16,495,5,102)
r(4,946,5,102)
r(13,902,5,102)
r(18,861,5,102)
r(19,1,5,103)
w(18,472,5,103)
r(17,795,5,103)
w(7,522,5,103)
w(1,488,5,103)
w(4,531,5,103)
r(16,773,5,103)
w(12,504,5,103)
r(14,878,5,103)
r(10,798,5,103)
r(8,789,5,103)
w(2,519,5,103)
r(11,831,5,103)
w(13,509,5,103)
r(15,782,5,103)
w(6,508,5,103)
w(3,508,5,103)
r(0,309,5,103)
r(9,299,5,103)
r(5,895,5,103)
r(2,810,5,104)
r(19,1,5,104)
w(16,496,5,104)
w(18,473,5,104)
r(14,581,5,104)
r(11,833,5,104)
w(6,509,5,104)
r(10,799,5,104)
w(12,505,5,104)
w(13,510,5,104)
w(0,507,5,104)
w(7,523,5,104)
w(9,496,5,104)
w(8,494,5,104)
w(15,496,5,104)
r(3,406,5,104)
r(5,795,5,104)
r(1,786,5,104)
w(4,532,5,104)
w(17,493,5,104)
w(11,522,5,105)
w(0,508,5,105)
w(6,510,5,105)
w(18,474,5,105)
r(19,1,5,105)
w(16,497,5,105)
r(10,799,5,105)
r(14,581,5,105)
r(5,795,5,105)
r(8,494,5,105)
r(13,510,5,105)
w(7,524,5,105)
w(4,533,5,105)
r(12,505,5,105)
r(17,493,5,105)
r(3,406,5,105)
w(2,520,5,105)
r(9,496,5,105)
w(15,497,5,105)
r(1,786,5,105)
w(0,509,5,106)
r(18,473,5,106)
r(19,1,5,106)
w(17,494,5,106)
r(2,810,5,106)
r(12,505,5,106)
r(9,496,5,106)
w(11,523,5,106)
r(7,523,5,106)
r(13,510,5,106)
r(16,496,5,106)
w(15,498,5,106)
r(5,795,5,106)
w(6,511,5,106)
r(4,532,5,106)
w(3,509,5,106)
w(14,485,5,106)
w(8,495,5,106)
r(1,786,5,106)
w(10,514,5,106)
r(2,810,5,107)
w(1,489,5,107)
w(6,512,5,107)
w(0,510,5,107)
r(15,496,5,107)
r(12,505,5,107)
r(19,792,5,107)
w(16,498,5,107)
w(9,497,5,107)
w(17,495,5,107)
r(14,581,5,107)
r(8,792,5,107)
r(13,510,5,107)
r(11,835,5,107)
w(7,525,5,107)
r(10,801,5,107)
r(3,406,5,107)
w(18,475,5,107)
w(4,534,5,107)
w(5,497,5,107)
w(15,499,5,108)
r(2,810,5,108)
r(6,509,5,108)
w(1,490,5,108)
r(13,510,5,108)
w(12,506,5,108)
w(7,526,5,108)
r(17,799,5,108)
r(9,496,5,108)
w(8,496,5,108)
w(11,524,5,108)
w(3,510,5,108)
r(18,776,5,108)
r(14,581,5,108)
w(10,515,5,108)
w(4,535,5,108)
r(16,777,5,108)
r(0,507,5,108)
r(5,795,5,108)
r(19,792,5,108)
r(7,526,5,109)
w(14,486,5,109)
w(10,516,5,109)
r(8,496,5,109)
w(9,498,5,109)
w(18,476,5,109)
w(19,484,5,109)
r(0,507,5,109)
r(4,535,5,109)
r(15,499,5,109)
r(16,777,5,109)
w(11,525,5,109)
w(6,513,5,109)
w(12,507,5,109)
w(13,511,5,109)
w(3,511,5,109)
w(17,496,5,109)
r(1,490,5,109)
r(2,810,5,109)
w(5,498,5,109)
w(14,487,5,110)
r(6,509,5,110)
r(2,917,5,110)
w(5,499,5,110)
r(18,776,5,110)
r(16,888,5,110)
w(13,512,5,110)
r(1,875,5,110)
r(7,960,5,110)
w(19,485,5,110)
w(17,497,5,110)
w(9,499,5,110)
w(8,497,5,110)
r(15,890,5,110)
r(10,515,5,110)
w(4,536,5,110)
r(0,507,5,110)
r(3,510,5,110)
w(11,526,5,110)
r(12,899,5,110)
r(14,880,5,111)
w(13,513,5,111)
r(5,217,5,111)
w(8,498,5,111)
w(16,499,5,111)
w(18,477,5,111)
w(0,511,5,111)
w(11,527,5,111)
w(17,498,5,111)
w(19,486,5,111)
w(10,517,5,111)
r(15,185,5,111)
w(1,491,5,111)
w(4,537,5,111)
w(7,527,5,111)
r(2,917,5,111)
w(6,514,5,111)
r(12,899,5,111)
r(3,207,5,111)
r(9,496,5,111)
r(12,899,5,112)
r(0,507,5,112)
w(5,500,5,112)
r(16,211,5,112)
w(9,500,5,112)
w(19,487,5,112)
r(7,212,5,112)
r(15,185,5,112)
w(1,492,5,112)
w(17,499,5,112)
r(2,917,5,112)
w(11,528,5,112)
w(18,478,5,112)
w(14,488,5,112)
r(13,907,5,112)
r(8,204,5,112)
r(6,509,5,112)
r(3,207,5,112)
w(10,518,5,112)
w(4,538,5,112)
r(10,208,5,113)
r(2,917,5,113)
r(0,507,5,113)
w(12,508,5,113)
w(13,514,5,113)
r(3,207,5,113)
r(15,185,5,113)
w(16,500,5,113)
w(6,515,5,113)
w(8,499,5,113)
r(7,212,5,113)
r(14,880,5,113)
w(18,479,5,113)
w(4,539,5,113)
r(1,185,5,113)
w(19,488,5,113)
r(9,496,5,113)
w(11,529,5,113)
w(5,501,5,113)
w(17,500,5,113)
w(15,500,5,114)
w(0,512,5,114)
w(5,502,5,114)
w(1,493,5,114)
w(18,480,5,114)
w(6,516,5,114)
r(10,208,5,114)
w(7,528,5,114)
r(8,499,5,114)
r(16,399,5,114)
w(11,530,5,114)
w(17,501,5,114)
w(14,489,5,114)
r(3,409,5,114)
r(19,488,5,114)
r(13,514,5,114)
r(2,917,5,114)
w(9,501,5,114)
w(4,540,5,114)
r(12,392,5,114)
w(12,509,5,115)
w(11,531,5,115)
w(9,502,5,115)
r(15,390,5,115)
w(6,517,5,115)
w(1,494,5,115)
w(14,490,5,115)
r(7,410,5,115)
w(3,512,5,115)
w(4,541,5,115)
r(16,399,5,115)
r(13,514,5,115)
r(5,501,5,115)
r(17,500,5,115)
r(19,488,5,115)
w(8,500,5,115)
r(18,380,5,115)
r(10,208,5,115)
r(0,507,5,115)
r(2,917,5,115)
r(10,420,5,116)
r(14,401,5,116)
w(9,503,5,116)
w(3,513,5,116)
r(15,391,5,116)
r(19,398,5,116)
r(0,417,5,116)
w(2,521,5,116)
r(17,401,5,116)
r(1,185,5,116)
r(13,420,5,116)
w(7,529,5,116)
w(11,532,5,116)
w(18,481,5,116)
w(4,542,5,116)
r(12,393,5,116)
w(8,501,5,116)
r(5,403,5,116)
r(16,401,5,116)
w(6,518,5,116)
r(11,9,5,117)
r(17,9,5,117)
r(3,13,5,117)
w(8,502,5,117)
r(13,6,5,117)
r(19,11,5,117)
r(15,9,5,117)
w(7,530,5,117)
w(16,501,5,117)
w(0,513,5,117)
r(14,9,5,117)
w(2,522,5,117)
w(5,503,5,117)
w(9,504,5,117)
r(6,625,5,117)
w(18,482,5,117)
r(4,9,5,117)
w(10,519,5,117)
w(12,510,5,117)
w(1,495,5,117)
r(2,425,5,118)
r(9,9,5,118)
w(3,514,5,118)
r(12,204,5,118)
w(14,491,5,118)
w(7,531,5,118)
w(15,501,5,118)
w(16,502,5,118)
w(18,483,5,118)
r(4,328,5,118)
w(8,503,5,118)
r(10,8,5,118)
r(17,198,5,118)
r(13,316,5,118)
r(0,12,5,118)
r(5,310,5,118)
w(1,496,5,118)
w(19,489,5,118)
w(6,519,5,118)
r(11,340,5,118)
r(0,213,5,119)
r(5,221,5,119)
w(11,533,5,119)
r(17,199,5,119)
r(15,295,5,119)
r(6,9,5,119)
r(3,215,5,119)
w(14,492,5,119)
w(12,511,5,119)
r(2,218,5,119)
r(18,193,5,119)
r(19,201,5,119)
w(10,520,5,119)
w(9,505,5,119)
w(16,503,5,119)
w(8,504,5,119)
w(7,532,5,119)
r(13,203,5,119)
r(4,328,5,119)
w(1,497,5,119)
w(8,587,6,120)
r(14,295,6,120)
w(7,626,6,120)
r(10,107,6,120)
w(3,603,6,120)
w(6,613,6,120)
w(18,586,6,120)
w(17,600,6,120)
w(16,584,6,120)
w(5,602,6,120)
r(1,285,6,120)
w(2,617,6,120)
r(15,93,6,120)
r(19,100,6,120)
r(13,306,6,120)
w(12,596,6,120)
w(11,617,6,120)
w(9,595,6,120)
r(0,309,6,120)
w(4,631,6,120)
w(7,627,6,121)
w(1,590,6,121)
r(19,1,6,121)
w(11,618,6,121)
w(17,601,6,121)
r(4,432,6,121)
w(8,588,6,121)
r(13,902,6,121)
w(12,597,6,121)
r(3,406,6,121)
w(16,585,6,121)
r(0,412,6,121)
r(15,384,6,121)
w(9,596,6,121)
r(5,895,6,121)
r(18,774,6,121)
r(6,918,6,121)
w(10,616,6,121)
w(2,618,6,121)
w(14,579,6,121)
w(8,589,6,122)
w(6,614,6,122)
r(19,1,6,122)
w(1,591,6,122)
r(10,798,6,122)
w(5,603,6,122)
w(12,598,6,122)
r(18,774,6,122)
r(3,406,6,122)
r(4,432,6,122)
r(0,412,6,122)
w(7,628,6,122)
r(9,299,6,122)
r(17,397,6,122)
r(2,414,6,122)
r(16,393,6,122)
r(11,432,6,122)
r(13,902,6,122)
r(15,384,6,122)
w(14,580,6,122)
r(18,774,6,123)
w(15,597,6,123)
w(12,599,6,123)
r(5,895,6,123)
r(13,902,6,123)
r(4,432,6,123)
w(6,615,6,123)
w(17,602,6,123)
r(19,1,6,123)
w(0,590,6,123)
w(7,629,6,123)
w(8,590,6,123)
w(9,597,6,123)
r(2,414,6,123)
w(11,619,6,123)
w(10,617,6,123)
w(16,586,6,123)
r(3,406,6,123)
w(1,592,6,123)
w(14,581,6,123)
w(10,618,6,124)
r(4,432,6,124)
w(11,620,6,124)
r(3,406,6,124)
w(14,582,6,124)
w(13,603,6,124)
w(9,598,6,124)
w(6,616,6,124)
r(17,602,6,124)
w(19,574,6,124)
w(1,593,6,124)
r(15,597,6,124)
r(8,590,6,124)
w(7,630,6,124)
w(18,587,6,124)
r(16,586,6,124)
w(0,591,6,124)
r(5,895,6,124)
w(2,619,6,124)
r(12,599,6,124)
r(10,617,6,125)
w(6,617,6,125)
r(5,895,6,125)
w(14,583,6,125)
w(13,604,6,125)
r(3,406,6,125)
r(2,414,6,125)
r(7,629,6,125)
r(18,774,6,125)
w(15,598,6,125)
r(11,619,6,125)
r(0,590,6,125)
r(12,599,6,125)
w(9,599,6,125)
r(16,586,6,125)
r(19,1,6,125)
w(8,591,6,125)
r(17,602,6,125)
r(4,432,6,125)
w(1,594,6,125)
w(10,619,6,126)
r(16,586,6,126)
r(7,629,6,126)
w(3,604,6,126)
w(11,621,6,126)
r(6,615,6,126)
r(14,581,6,126)
w(2,620,6,126)
r(15,597,6,126)
r(1,592,6,126)
w(9,600,6,126)
r(4,432,6,126)
w(12,600,6,126)
r(18,774,6,126)
w(17,603,6,126)
w(19,575,6,126)
w(8,592,6,126)
w(13,605,6,126)
w(0,592,6,126)
r(5,895,6,126)
w(9,601,6,127)
w(7,631,6,127)
w(19,576,6,127)
w(17,604,6,127)
r(11,833,6,127)
w(16,587,6,127)
w(13,606,6,127)
r(5,795,6,127)
r(8,494,6,127)
r(1,786,6,127)
r(4,532,6,127)
w(3,605,6,127)
r(10,799,6,127)
w(14,584,6,127)
r(12,505,6,127)
r(15,496,6,127)
w(0,593,6,127)
r(2,810,6,127)
w(18,588,6,127)
w(6,618,6,127)
w(17,605,6,128)
w(18,589,6,128)
r(15,496,6,128)
w(8,593,6,128)
r(11,835,6,128)
w(7,632,6,128)
r(4,847,6,128)
r(16,777,6,128)
w(19,577,6,128)
r(14,581,6,128)
r(3,406,6,128)
r(5,795,6,128)
w(2,621,6,128)
w(13,607,6,128)
r(6,509,6,128)
r(10,801,6,128)
w(1,595,6,128)
w(12,601,6,128)
r(0,507,6,128)
w(9,602,6,128)
r(16,777,6,129)
w(4,632,6,129)
w(9,603,6,129)
w(19,578,6,129)
r(13,510,6,129)
w(8,594,6,129)
w(10,620,6,129)
w(5,604,6,129)
w(18,590,6,129)
w(12,602,6,129)
r(17,799,6,129)
w(7,633,6,129)
w(0,594,6,129)
w(3,606,6,129)
r(2,810,6,129)
r(15,499,6,129)
w(6,619,6,129)
w(14,585,6,129)
r(11,524,6,129)
w(1,596,6,129)
r(1,185,6,130)
r(11,529,6,130)
w(8,595,6,130)
r(12,508,6,130)
r(17,500,6,130)
r(5,501,6,130)
r(15,185,6,130)
w(4,633,6,130)
r(10,208,6,130)
w(19,579,6,130)
w(18,591,6,130)
w(13,608,6,130)
r(14,880,6,130)
w(7,634,6,130)
w(2,622,6,130)
r(6,515,6,130)
r(9,496,6,130)
r(3,207,6,130)
w(0,595,6,130)
w(16,588,6,130)
w(15,599,6,131)
r(9,407,6,131)
r(19,398,6,131)
w(0,596,6,131)
w(6,620,6,131)
r(13,420,6,131)
r(16,401,6,131)
r(17,401,6,131)
w(10,621,6,131)
r(7,850,6,131)
w(14,586,6,131)
r(5,403,6,131)
w(4,634,6,131)
w(1,597,6,131)
w(11,622,6,131)
w(12,603,6,131)
w(2,623,6,131)
r(3,411,6,131)
w(8,596,6,131)
r(18,381,6,131)
w(17,606,6,132)
w(15,600,6,132)
w(7,635,6,132)
r(16,401,6,132)
r(18,381,6,132)
w(13,609,6,132)
r(8,402,6,132)
w(0,597,6,132)
w(10,622,6,132)
r(2,421,6,132)
r(14,401,6,132)
w(6,621,6,132)
r(4,853,6,132)
w(19,580,6,132)
w(3,607,6,132)
r(1,185,6,132)
w(5,605,6,132)
w(12,604,6,132)
w(11,623,6,132)
r(9,407,6,132)
r(18,381,6,133)
r(11,529,6,133)
r(17,401,6,133)
w(13,610,6,133)
w(3,608,6,133)
r(9,407,6,133)
w(4,635,6,133)
r(7,850,6,133)
r(19,398,6,133)
w(15,601,6,133)
w(0,598,6,133)
w(1,598,6,133)
w(5,606,6,133)
w(10,623,6,133)
w(14,587,6,133)
w(6,622,6,133)
r(16,401,6,133)
r(8,402,6,133)
w(2,624,6,133)
w(12,605,6,133)
w(3,609,6,134)
w(2,625,6,134)
r(0,417,6,134)
r(4,853,6,134)
w(5,607,6,134)
w(18,592,6,134)
r(13,420,6,134)
w(14,588,6,134)
r(16,401,6,134)
w(17,607,6,134)
r(15,391,6,134)
w(10,624,6,134)
w(12,606,6,134)
w(1,599,6,134)
w(11,624,6,134)
w(8,597,6,134)
r(6,407,6,134)
r(9,407,6,134)
r(19,398,6,134)
w(7,636,6,134)
r(8,206,6,135)
r(11,338,6,135)
r(14,208,6,135)
r(1,185,6,135)
w(10,625,6,135)
r(9,200,6,135)
r(2,322,6,135)
w(13,611,6,135)
w(17,608,6,135)
w(0,599,6,135)
w(6,623,6,135)
r(15,292,6,135)
r(12,298,6,135)
r(4,325,6,135)
r(7,311,6,135)
w(16,589,6,135)
r(3,513,6,135)
w(18,593,6,135)
r(5,307,6,135)
r(19,297,6,135)
r(13,314,6,136)
w(18,594,6,136)
r(10,311,6,136)
r(15,292,6,136)
r(5,307,6,136)
w(9,604,6,136)
w(3,610,6,136)
w(12,607,6,136)
w(11,625,6,136)
w(19,581,6,136)
w(16,590,6,136)
r(17,308,6,136)
w(0,600,6,136)
w(14,589,6,136)
w(2,626,6,136)
w(6,624,6,136)
w(1,600,6,136)
w(8,598,6,136)
r(4,325,6,136)
r(7,311,6,136)
w(3,611,6,137)
w(9,605,6,137)
w(18,595,6,137)
w(2,627,6,137)
w(11,626,6,137)
r(15,292,6,137)
w(13,612,6,137)
w(7,637,6,137)
w(6,625,6,137)
w(12,608,6,137)
w(19,582,6,137)
w(5,608,6,137)
r(17,308,6,137)
r(16,590,6,137)
w(14,590,6,137)
r(4,7,6,137)
w(10,626,6,137)
w(8,599,6,137)
w(1,601,6,137)
w(0,601,6,137)
w(16,591,6,138)
w(12,609,6,138)
w(5,609,6,138)
r(10,7,6,138)
r(6,625,6,138)
w(8,600,6,138)
r(9,7,6,138)
w(15,602,6,138)
r(11,8,6,138)
r(18,595,6,138)
r(14,9,6,138)
r(17,8,6,138)
r(4,8,6,138)
r(7,8,6,138)
r(13,5,6,138)
w(3,612,6,138)
r(1,9,6,138)
r(19,10,6,138)
r(2,9,6,138)
w(0,602,6,138)
r(16,591,6,139)
w(19,583,6,139)
r(17,9,6,139)
w(15,603,6,139)
w(6,626,6,139)
r(13,6,6,139)
r(4,9,6,139)
w(9,606,6,139)
w(0,603,6,139)
w(18,596,6,139)
w(8,601,6,139)
w(3,613,6,139)
r(1,9,6,139)
w(14,591,6,139)
r(2,10,6,139)
w(7,638,6,139)
r(12,609,6,139)
w(11,627,6,139)
r(5,609,6,139)
w(10,627,6,139)
r(9,299,7,140)
w(4,742,7,140)
w(2,714,7,140)
w(1,693,7,140)
r(18,280,7,140)
w(16,676,7,140)
w(10,705,7,140)
r(11,1,7,140)
r(8,300,7,140)
w(5,701,7,140)
r(14,1,7,140)
r(13,306,7,140)
r(3,1,7,140)
r(12,1,7,140)
r(15,1,7,140)
r(6,110,7,140)
r(7,307,7,140)
r(19,1,7,140)
r(17,1,7,140)
r(0,309,7,140)
w(5,702,7,141)
r(9,299,7,141)
r(4,946,7,141)
r(0,309,7,141)
w(12,702,7,141)
w(11,726,7,141)
w(2,715,7,141)
w(6,716,7,141)
r(13,902,7,141)
w(8,693,7,141)
r(19,1,7,141)
r(7,307,7,141)
r(1,874,7,141)
w(16,677,7,141)
r(10,798,7,141)
r(3,889,7,141)
w(14,685,7,141)
w(15,683,7,141)
r(17,795,7,141)
w(18,683,7,141)
r(17,397,7,142)
w(7,741,7,142)
w(14,686,7,142)
r(10,798,7,142)
w(5,703,7,142)
r(0,412,7,142)
w(19,687,7,142)
r(3,406,7,142)
r(15,384,7,142)
w(6,717,7,142)
w(11,727,7,142)
w(8,694,7,142)
r(13,902,7,142)
r(9,299,7,142)
w(12,703,7,142)
r(16,393,7,142)
w(2,716,7,142)
r(18,774,7,142)
w(1,694,7,142)
r(4,432,7,142)
r(15,597,7,143)
r(12,599,7,143)
w(7,742,7,143)
r(19,1,7,143)
w(3,694,7,143)
w(10,706,7,143)
r(6,615,7,143)
w(5,704,7,143)
r(13,902,7,143)
w(11,728,7,143)
r(1,592,7,143)
w(9,687,7,143)
w(18,684,7,143)
r(14,581,7,143)
r(17,602,7,143)
r(4,432,7,143)
r(8,590,7,143)
r(2,414,7,143)
w(16,678,7,143)
r(0,590,7,143)
w(13,701,7,144)
r(10,801,7,144)
r(18,776,7,144)
w(3,695,7,144)
r(2,810,7,144)
w(6,718,7,144)
w(11,729,7,144)
w(5,705,7,144)
r(7,844,7,144)
r(16,777,7,144)
w(14,687,7,144)
w(19,688,7,144)
r(9,496,7,144)
r(15,496,7,144)
w(8,695,7,144)
w(1,695,7,144)
w(12,704,7,144)
w(4,743,7,144)
r(17,799,7,144)
r(0,507,7,144)
w(17,694,7,145)
r(16,888,7,145)
r(5,899,7,145)
w(4,744,7,145)
r(2,917,7,145)
w(0,700,7,145)
r(3,510,7,145)
w(11,730,7,145)
r(13,907,7,145)
r(7,960,7,145)
w(9,688,7,145)
r(10,515,7,145)
w(6,719,7,145)
r(8,496,7,145)
w(14,688,7,145)
w(19,689,7,145)
w(18,685,7,145)
r(12,899,7,145)
w(1,696,7,145)
w(15,684,7,145)
w(11,731,7,146)
w(10,707,7,146)
r(8,204,7,146)
r(2,917,7,146)
r(9,496,7,146)
w(1,697,7,146)
r(4,220,7,146)
r(0,507,7,146)
w(16,679,7,146)
r(12,899,7,146)
r(15,185,7,146)
w(17,695,7,146)
w(19,690,7,146)
w(7,743,7,146)
r(14,880,7,146)
r(5,217,7,146)
r(6,509,7,146)
w(18,686,7,146)
r(3,207,7,146)
w(13,702,7,146)
r(4,220,7,147)
w(5,706,7,147)
w(0,701,7,147)
r(10,208,7,147)
w(17,696,7,147)
w(9,689,7,147)
r(18,776,7,147)
r(12,899,7,147)
w(16,680,7,147)
r(14,880,7,147)
r(3,207,7,147)
w(11,732,7,147)
w(8,696,7,147)
r(6,509,7,147)
w(19,691,7,147)
r(2,917,7,147)
w(13,703,7,147)
w(1,698,7,147)
w(7,744,7,147)
r(15,185,7,147)
w(17,697,7,148)
w(6,720,7,148)
w(16,681,7,148)
r(9,496,7,148)
r(0,507,7,148)
r(13,907,7,148)
w(1,699,7,148)
w(15,685,7,148)
w(14,689,7,148)
w(4,745,7,148)
r(10,208,7,148)
r(8,204,7,148)
w(12,705,7,148)
r(11,223,7,148)
w(3,696,7,148)
w(5,707,7,148)
w(2,717,7,148)
r(18,776,7,148)
w(7,745,7,148)
w(19,692,7,148)
w(11,733,7,149)
r(6,515,7,149)
r(5,501,7,149)
w(7,746,7,149)
r(16,500,7,149)
w(10,708,7,149)
r(14,880,7,149)
w(2,718,7,149)
w(15,686,7,149)
w(17,698,7,149)
r(3,207,7,149)
r(1,185,7,149)
r(9,496,7,149)
r(13,514,7,149)
r(0,507,7,149)
r(4,539,7,149)
r(19,488,7,149)
r(18,479,7,149)
w(8,697,7,149)
w(12,706,7,149)
r(3,411,7,150)
r(13,420,7,150)
w(16,682,7,150)
r(11,529,7,150)
r(12,393,7,150)
w(17,699,7,150)
r(6,407,7,150)
r(9,407,7,150)
w(18,687,7,150)
w(10,709,7,150)
r(2,421,7,150)
w(14,690,7,150)
r(1,185,7,150)
r(4,853,7,150)
w(0,702,7,150)
w(8,698,7,150)
r(7,850,7,150)
w(5,708,7,150)
r(19,398,7,150)
r(15,391,7,150)
r(16,401,7,151)
w(3,697,7,151)
w(11,734,7,151)
r(1,185,7,151)
r(5,403,7,151)
w(7,747,7,151)
w(8,699,7,151)
w(0,703,7,151)
w(10,710,7,151)
w(13,704,7,151)
r(18,381,7,151)
w(4,746,7,151)
r(15,391,7,151)
r(17,401,7,151)
r(14,401,7,151)
r(19,398,7,151)
r(9,407,7,151)
r(6,407,7,151)
w(2,719,7,151)
r(12,393,7,151)
r(2,521,7,152)
w(9,690,7,152)
w(16,683,7,152)
w(15,687,7,152)
r(0,417,7,152)
w(14,691,7,152)
r(6,518,7,152)
w(5,709,7,152)
r(1,185,7,152)
w(12,707,7,152)
r(8,501,7,152)
w(7,748,7,152)
w(3,698,7,152)
w(11,735,7,152)
w(13,705,7,152)
r(18,481,7,152)
w(17,700,7,152)
r(10,420,7,152)
w(19,693,7,152)
r(4,542,7,152)
r(7,311,7,153)
r(2,322,7,153)
r(6,309,7,153)
w(17,701,7,153)
r(12,298,7,153)
w(8,700,7,153)
w(9,691,7,153)
w(11,736,7,153)
r(4,325,7,153)
r(10,311,7,153)
r(0,209,7,153)
r(16,212,7,153)
r(13,314,7,153)
r(19,297,7,153)
w(15,688,7,153)
r(5,307,7,153)
w(14,692,7,153)
w(3,699,7,153)
w(1,700,7,153)
r(18,283,7,153)
r(1,185,7,154)
r(19,297,7,154)
r(17,308,7,154)
w(15,689,7,154)
r(14,208,7,154)
w(7,749,7,154)
w(6,721,7,154)
r(3,513,7,154)
w(0,704,7,154)
r(12,298,7,154)
w(10,711,7,154)
w(13,706,7,154)
w(18,688,7,154)
r(5,307,7,154)
r(16,212,7,154)
w(11,737,7,154)
r(2,322,7,154)
w(8,701,7,154)
w(9,692,7,154)
r(4,325,7,154)
r(3,513,7,155)
w(0,705,7,155)
w(8,702,7,155)
r(9,200,7,155)
w(1,701,7,155)
r(7,311,7,155)
r(2,322,7,155)
w(15,690,7,155)
w(10,712,7,155)
w(4,747,7,155)
r(11,338,7,155)
r(5,307,7,155)
r(18,283,7,155)
r(6,309,7,155)
r(12,298,7,155)
w(16,684,7,155)
w(19,694,7,155)
r(17,308,7,155)
w(13,707,7,155)
r(14,208,7,155)
w(0,706,7,156)
r(16,590,7,156)
w(2,720,7,156)
w(12,708,7,156)
w(7,750,7,156)
r(14,9,7,156)
w(10,713,7,156)
r(15,292,7,156)
w(19,695,7,156)
r(6,625,7,156)
r(3,12,7,156)
r(5,11,7,156)
w(4,748,7,156)
w(13,708,7,156)
w(11,738,7,156)
r(18,595,7,156)
w(1,702,7,156)
w(8,703,7,156)
w(9,693,7,156)
r(17,8,7,156)
r(9,8,7,157)
w(1,703,7,157)
w(12,709,7,157)
r(4,9,7,157)
w(7,751,7,157)
r(2,10,7,157)
w(10,714,7,157)
r(18,4,7,157)
w(14,693,7,157)
r(8,8,7,157)
r(0,602,7,157)
r(6,625,7,157)
r(5,609,7,157)
w(3,700,7,157)
w(19,696,7,157)
w(11,739,7,157)
r(16,591,7,157)
r(13,6,7,157)
r(17,9,7,157)
r(15,9,7,157)
w(15,691,7,158)
w(14,694,7,158)
w(1,704,7,158)
w(3,701,7,158)
r(6,625,7,158)
w(11,740,7,158)
r(19,11,7,158)
w(12,710,7,158)
r(17,9,7,158)
r(8,8,7,158)
w(5,710,7,158)
w(10,715,7,158)
r(13,6,7,158)
r(0,602,7,158)
r(9,8,7,158)
w(18,689,7,158)
r(2,10,7,158)
r(7,9,7,158)
r(4,9,7,158)
w(16,685,7,158)
w(17,702,7,159)
w(1,705,7,159)
w(10,716,7,159)
r(16,403,7,159)
r(0,420,7,159)
r(4,437,7,159)
w(6,722,7,159)
r(15,394,7,159)
w(8,704,7,159)
w(19,697,7,159)
r(5,405,7,159)
r(14,9,7,159)
r(11,437,7,159)
r(9,410,7,159)
w(7,752,7,159)
r(12,609,7,159)
w(2,721,7,159)
w(13,709,7,159)
w(3,702,7,159)
w(18,690,7,159)
r(5,895,8,160)
w(18,774,8,160)
w(8,789,8,160)
r(13,902,8,160)
w(15,782,8,160)
w(17,795,8,160)
r(19,1,8,160)
r(0,309,8,160)
r(6,918,8,160)
w(10,798,8,160)
r(1,874,8,160)
r(3,889,8,160)
w(2,808,8,160)
w(16,773,8,160)
w(11,831,8,160)
r(4,946,8,160)
r(9,299,8,160)
r(7,307,8,160)
r(14,878,8,160)
r(12,1,8,160)
r(5,895,8,161)
w(6,814,8,161)
w(11,832,8,161)
r(2,808,8,161)
w(9,778,8,161)
r(14,878,8,161)
w(0,811,8,161)
w(15,783,8,161)
w(16,774,8,161)
w(12,798,8,161)
r(1,874,8,161)
r(19,1,8,161)
r(3,889,8,161)
r(10,798,8,161)
r(8,789,8,161)
w(7,843,8,161)
w(17,796,8,161)
w(4,845,8,161)
w(18,775,8,161)
w(13,806,8,161)
r(7,307,8,162)
w(0,812,8,162)
r(10,798,8,162)
r(16,393,8,162)
r(1,379,8,162)
r(18,774,8,162)
w(19,790,8,162)
w(17,797,8,162)
r(8,789,8,162)
w(13,807,8,162)
w(9,779,8,162)
w(2,809,8,162)
w(6,815,8,162)
r(14,394,8,162)
r(4,432,8,162)
w(5,794,8,162)
r(11,432,8,162)
r(3,406,8,162)
r(15,384,8,162)
w(12,799,8,162)
w(13,808,8,163)
w(9,780,8,163)
r(3,406,8,163)
r(15,597,8,163)
r(18,774,8,163)
w(1,786,8,163)
w(5,795,8,163)
r(7,629,8,163)
w(16,775,8,163)
r(6,615,8,163)
w(10,799,8,163)
w(4,846,8,163)
w(0,813,8,163)
r(14,581,8,163)
w(11,833,8,163)
r(19,1,8,163)
r(12,599,8,163)
w(2,810,8,163)
w(17,798,8,163)
w(8,790,8,163)
w(10,800,8,164)
w(3,789,8,164)
r(15,597,8,164)
r(13,808,8,164)
r(1,786,8,164)
w(12,800,8,164)
r(18,774,8,164)
r(9,780,8,164)
w(11,834,8,164)
w(6,816,8,164)
r(2,810,8,164)
r(17,798,8,164)
w(16,776,8,164)
w(19,791,8,164)
r(14,581,8,164)
w(5,796,8,164)
r(4,846,8,164)
w(8,791,8,164)
r(0,813,8,164)
r(7,629,8,164)
w(17,799,8,165)
r(0,507,8,165)
w(1,787,8,165)
w(19,792,8,165)
r(3,406,8,165)
r(9,496,8,165)
r(12,505,8,165)
w(7,844,8,165)
r(13,510,8,165)
r(14,581,8,165)
w(8,792,8,165)
r(15,496,8,165)
r(2,810,8,165)
r(6,509,8,165)
w(18,776,8,165)
w(10,801,8,165)
w(4,847,8,165)
w(16,777,8,165)
w(11,835,8,165)
r(5,795,8,165)
w(19,793,8,166)
w(5,797,8,166)
r(17,799,8,166)
r(18,776,8,166)
w(3,790,8,166)
r(13,510,8,166)
r(15,496,8,166)
r(2,810,8,166)
r(8,792,8,166)
r(4,847,8,166)
r(14,581,8,166)
w(10,802,8,166)
r(11,835,8,166)
w(6,817,8,166)
r(7,844,8,166)
r(0,507,8,166)
r(9,496,8,166)
r(1,787,8,166)
w(16,778,8,166)
r(12,505,8,166)
w(0,814,8,167)
w(3,791,8,167)
w(1,788,8,167)
w(19,794,8,167)
r(8,792,8,167)
r(7,844,8,167)
w(9,781,8,167)
r(5,795,8,167)
w(2,811,8,167)
r(13,510,8,167)
w(4,848,8,167)
r(12,505,8,167)
r(14,581,8,167)
r(11,835,8,167)
w(18,777,8,167)
w(17,800,8,167)
w(15,784,8,167)
w(10,803,8,167)
w(16,779,8,167)
r(6,509,8,167)
r(7,844,8,168)
r(2,810,8,168)
r(10,801,8,168)
r(19,792,8,168)
r(12,505,8,168)
r(18,776,8,168)
w(17,801,8,168)
r(16,777,8,168)
w(15,785,8,168)
r(4,847,8,168)
w(0,815,8,168)
r(1,787,8,168)
w(3,792,8,168)
w(5,798,8,168)
r(11,835,8,168)
w(6,818,8,168)
w(8,793,8,168)
w(13,809,8,168)
r(9,496,8,168)
w(14,781,8,168)
w(15,786,8,169)
r(16,777,8,169)
r(1,490,8,169)
r(0,507,8,169)
r(14,581,8,169)
r(3,510,8,169)
r(5,795,8,169)
r(19,792,8,169)
w(18,778,8,169)
w(2,812,8,169)
r(10,515,8,169)
w(11,836,8,169)
w(17,802,8,169)
w(13,810,8,169)
r(9,496,8,169)
w(6,819,8,169)
w(8,794,8,169)
w(7,845,8,169)
r(4,535,8,169)
r(12,506,8,169)
w(4,849,8,170)
r(15,890,8,170)
r(13,907,8,170)
w(8,795,8,170)
r(19,792,8,170)
r(11,932,8,170)
r(17,895,8,170)
w(10,804,8,170)
r(3,510,8,170)
w(12,801,8,170)
w(9,782,8,170)
w(18,779,8,170)
w(2,813,8,170)
w(1,789,8,170)
r(6,509,8,170)
w(0,816,8,170)
r(5,899,8,170)
r(14,880,8,170)
w(16,780,8,170)
w(7,846,8,170)
w(13,811,8,171)
w(3,793,8,171)
r(14,880,8,171)
w(2,814,8,171)
w(18,780,8,171)
r(11,932,8,171)
r(0,507,8,171)
w(9,783,8,171)
r(1,875,8,171)
r(17,895,8,171)
r(16,888,8,171)
w(6,820,8,171)
w(15,787,8,171)
w(8,796,8,171)
r(7,960,8,171)
r(12,899,8,171)
r(5,899,8,171)
w(10,805,8,171)
w(19,795,8,171)
w(4,850,8,171)
r(13,907,8,172)
r(6,509,8,172)
w(16,781,8,172)
w(7,847,8,172)
w(17,803,8,172)
r(8,204,8,172)
r(14,880,8,172)
r(15,185,8,172)
r(18,776,8,172)
w(11,837,8,172)
r(1,185,8,172)
w(19,796,8,172)
r(3,207,8,172)
w(9,784,8,172)
r(2,917,8,172)
r(12,899,8,172)
r(5,217,8,172)
r(4,220,8,172)
r(10,208,8,172)
w(0,817,8,172)
w(0,818,8,173)
w(17,804,8,173)
w(5,799,8,173)
w(15,788,8,173)
w(7,848,8,173)
w(1,790,8,173)
r(13,907,8,173)
r(10,208,8,173)
w(12,802,8,173)
w(3,794,8,173)
w(14,782,8,173)
w(4,851,8,173)
r(18,776,8,173)
r(11,223,8,173)
r(8,204,8,173)
w(6,821,8,173)
w(9,785,8,173)
w(16,782,8,173)
w(2,815,8,173)
w(19,797,8,173)
r(17,895,8,174)
w(7,849,8,174)
r(18,776,8,174)
r(0,507,8,174)
r(1,185,8,174)
r(5,217,8,174)
w(14,783,8,174)
w(9,786,8,174)
w(10,806,8,174)
r(3,207,8,174)
w(13,812,8,174)
w(2,816,8,174)
w(15,789,8,174)
w(16,783,8,174)
r(6,509,8,174)
r(19,792,8,174)
r(12,899,8,174)
w(11,838,8,174)
r(8,204,8,174)
r(4,220,8,174)
r(0,507,8,175)
r(18,380,8,175)
r(5,501,8,175)
r(1,185,8,175)
r(3,409,8,175)
r(6,405,8,175)
w(8,797,8,175)
r(12,392,8,175)
r(13,514,8,175)
w(15,790,8,175)
r(16,399,8,175)
r(14,399,8,175)
w(10,807,8,175)
r(7,410,8,175)
w(4,852,8,175)
w(9,787,8,175)
w(11,839,8,175)
r(2,917,8,175)
w(17,805,8,175)
r(19,488,8,175)
w(19,798,8,176)
r(5,501,8,176)
w(13,813,8,176)
w(17,806,8,176)
r(6,405,8,176)
w(15,791,8,176)
r(1,185,8,176)
r(8,499,8,176)
w(2,817,8,176)
r(11,529,8,176)
w(9,788,8,176)
w(0,819,8,176)
w(4,853,8,176)
w(18,781,8,176)
w(7,850,8,176)
r(16,399,8,176)
r(14,399,8,176)
r(10,208,8,176)
w(12,803,8,176)
w(3,795,8,176)
r(6,405,8,177)
w(16,784,8,177)
r(14,399,8,177)
r(19,798,8,177)
w(11,840,8,177)
w(18,782,8,177)
w(10,808,8,177)
r(12,803,8,177)
w(9,789,8,177)
r(5,501,8,177)
r(0,819,8,177)
r(7,850,8,177)
w(3,796,8,177)
w(4,854,8,177)
w(8,798,8,177)
r(2,817,8,177)
w(13,814,8,177)
r(15,791,8,177)
r(1,185,8,177)
r(17,806,8,177)
r(12,298,8,178)
r(10,311,8,178)
w(6,822,8,178)
w(18,783,8,178)
r(0,209,8,178)
r(2,322,8,178)
r(17,308,8,178)
w(11,841,8,178)
w(14,784,8,178)
r(16,212,8,178)
r(7,311,8,178)
r(9,200,8,178)
w(3,797,8,178)
r(19,297,8,178)
r(15,292,8,178)
w(13,815,8,178)
w(1,791,8,178)
w(5,800,8,178)
r(8,206,8,178)
r(4,325,8,178)
r(7,311,8,179)
w(19,799,8,179)
r(17,308,8,179)
w(0,820,8,179)
w(2,818,8,179)
r(4,325,8,179)
w(8,799,8,179)
r(18,594,8,179)
w(13,816,8,179)
r(9,604,8,179)
r(10,311,8,179)
r(12,607,8,179)
w(5,801,8,179)
r(16,590,8,179)
w(6,823,8,179)
r(3,610,8,179)
w(15,792,8,179)
r(1,600,8,179)
r(11,625,8,179)
r(14,589,8,179)
r(10,107,9,180)
r(11,1,9,180)
r(7,307,9,180)
w(19,881,9,180)
w(18,860,9,180)
w(16,884,9,180)
w(1,873,9,180)
r(4,106,9,180)
w(0,909,9,180)
r(15,1,9,180)
r(5,299,9,180)
w(2,911,9,180)
w(3,888,9,180)
w(12,894,9,180)
r(17,1,9,180)
w(6,917,9,180)
r(9,299,9,180)
w(13,901,9,180)
r(14,1,9,180)
w(8,897,9,180)
w(1,874,9,181)
w(4,946,9,181)
w(18,861,9,181)
w(3,889,9,181)
w(2,912,9,181)
r(17,1,9,181)
w(13,902,9,181)
r(12,1,9,181)
w(11,927,9,181)
w(6,918,9,181)
r(7,307,9,181)
r(19,1,9,181)
w(16,885,9,181)
w(15,884,9,181)
w(10,899,9,181)
w(5,895,9,181)
r(9,299,9,181)
r(0,309,9,181)
r(8,300,9,181)
w(14,878,9,181)
w(17,892,9,182)
w(4,947,9,182)
w(16,886,9,182)
w(14,879,9,182)
w(5,896,9,182)
r(1,874,9,182)
w(18,862,9,182)
w(3,890,9,182)
w(12,895,9,182)
w(10,900,9,182)
w(19,882,9,182)
w(0,910,9,182)
r(7,307,9,182)
r(6,918,9,182)
w(8,898,9,182)
w(2,913,9,182)
w(15,885,9,182)
r(13,902,9,182)
r(9,299,9,182)
w(11,928,9,182)
r(16,773,9,183)
w(17,893,9,183)
w(5,897,9,183)
r(10,798,9,183)
r(7,307,9,183)
r(15,782,9,183)
w(9,869,9,183)
r(4,946,9,183)
r(18,774,9,183)
w(2,914,9,183)
w(19,883,9,183)
r(6,918,9,183)
r(13,902,9,183)
r(1,874,9,183)
r(3,889,9,183)
r(14,878,9,183)
r(12,1,9,183)
r(8,789,9,183)
r(0,309,9,183)
r(11,831,9,183)
w(12,896,9,184)
w(19,884,9,184)
w(4,948,9,184)
w(8,899,9,184)
r(17,602,9,184)
r(16,586,9,184)
r(3,406,9,184)
w(15,886,9,184)
r(14,581,9,184)
r(7,629,9,184)
r(18,774,9,184)
w(13,903,9,184)
r(6,615,9,184)
w(9,870,9,184)
w(10,901,9,184)
r(2,414,9,184)
r(0,590,9,184)
r(1,592,9,184)
r(11,619,9,184)
w(5,898,9,184)
r(16,586,9,185)
w(6,919,9,185)
r(10,617,9,185)
w(11,929,9,185)
w(13,904,9,185)
r(14,581,9,185)
r(19,1,9,185)
w(4,949,9,185)
w(0,911,9,185)
r(12,599,9,185)
w(3,891,9,185)
r(15,597,9,185)
r(8,590,9,185)
w(9,871,9,185)
r(2,414,9,185)
w(7,956,9,185)
r(17,602,9,185)
w(18,863,9,185)
r(1,592,9,185)
r(5,895,9,185)
w(12,897,9,186)
w(8,900,9,186)
w(18,864,9,186)
r(2,810,9,186)
w(11,930,9,186)
r(15,496,9,186)
r(13,510,9,186)
r(14,581,9,186)
w(3,892,9,186)
w(19,885,9,186)
w(4,950,9,186)
w(0,912,9,186)
r(9,496,9,186)
r(1,787,9,186)
w(16,887,9,186)
r(5,795,9,186)
r(10,801,9,186)
w(7,957,9,186)
w(6,920,9,186)
r(17,799,9,186)
w(12,898,9,187)
r(6,509,9,187)
w(10,902,9,187)
r(14,581,9,187)
r(5,795,9,187)
w(0,913,9,187)
w(7,958,9,187)
w(2,915,9,187)
r(1,787,9,187)
r(4,847,9,187)
w(13,905,9,187)
r(16,777,9,187)
w(15,887,9,187)
w(11,931,9,187)
w(3,893,9,187)
r(17,799,9,187)
r(9,496,9,187)
r(8,792,9,187)
w(19,886,9,187)
w(18,865,9,187)
w(0,914,9,188)
r(11,524,9,188)
r(14,581,9,188)
r(1,490,9,188)
w(4,951,9,188)
r(13,510,9,188)
w(19,887,9,188)
r(9,496,9,188)
r(7,526,9,188)
r(3,510,9,188)
w(10,903,9,188)
r(5,795,9,188)
w(2,916,9,188)
w(15,888,9,188)
w(6,921,9,188)
r(18,776,9,188)
r(16,777,9,188)
w(17,894,9,188)
r(12,506,9,188)
w(8,901,9,188)
r(11,524,9,189)
w(7,959,9,189)
w(15,889,9,189)
r(14,581,9,189)
w(9,872,9,189)
r(6,509,9,189)
r(4,535,9,189)
w(3,894,9,189)
r(10,515,9,189)
r(12,506,9,189)
w(13,906,9,189)
w(19,888,9,189)
r(17,799,9,189)
r(2,810,9,189)
r(0,507,9,189)
r(18,776,9,189)
w(8,902,9,189)
r(5,795,9,189)
r(16,777,9,189)
r(1,490,9,189)
r(8,496,9,190)
w(2,917,9,190)
r(3,510,9,190)
w(12,899,9,190)
w(15,890,9,190)
r(0,507,9,190)
w(1,875,9,190)
r(6,509,9,190)
r(10,515,9,190)
w(14,880,9,190)
w(5,899,9,190)
r(9,496,9,190)
w(16,888,9,190)
r(19,792,9,190)
w(13,907,9,190)
w(17,895,9,190)
w(11,932,9,190)
w(4,952,9,190)
w(7,960,9,190)
r(18,776,9,190)
r(14,880,9,191)
r(17,895,9,191)
r(8,496,9,191)
r(10,515,9,191)
r(16,888,9,191)
r(19,792,9,191)
w(5,900,9,191)
w(7,961,9,191)
w(18,866,9,191)
r(11,932,9,191)
r(0,507,9,191)
r(9,496,9,191)
r(1,875,9,191)
r(12,899,9,191)
w(3,895,9,191)
w(15,891,9,191)
w(13,908,9,191)
w(4,953,9,191)
r(6,509,9,191)
r(2,917,9,191)
w(8,903,9,192)
r(19,792,9,192)
w(3,896,9,192)
r(1,185,9,192)
w(12,900,9,192)
r(16,211,9,192)
w(18,867,9,192)
w(5,901,9,192)
r(7,212,9,192)
r(10,208,9,192)
r(15,185,9,192)
r(14,880,9,192)
w(2,918,9,192)
r(11,223,9,192)
r(13,907,9,192)
r(6,509,9,192)
w(9,873,9,192)
w(4,954,9,192)
w(0,915,9,192)
w(17,896,9,192)
r(19,792,9,193)
w(6,922,9,193)
r(16,211,9,193)
r(9,496,9,193)
r(14,880,9,193)
w(17,897,9,193)
r(4,220,9,193)
w(12,901,9,193)
r(15,185,9,193)
w(11,933,9,193)
w(18,868,9,193)
w(10,904,9,193)
r(13,907,9,193)
r(5,217,9,193)
w(0,916,9,193)
r(3,207,9,193)
w(1,876,9,193)
r(2,917,9,193)
r(7,212,9,193)
w(8,904,9,193)
r(9,496,9,194)
w(16,889,9,194)
r(5,217,9,194)
r(19,792,9,194)
r(12,899,9,194)
w(7,962,9,194)
w(13,909,9,194)
r(6,509,9,194)
r(10,208,9,194)
w(4,955,9,194)
r(0,507,9,194)
r(17,895,9,194)
w(8,905,9,194)
w(18,869,9,194)
w(11,934,9,194)
w(1,877,9,194)
r(15,185,9,194)
w(3,897,9,194)
w(2,919,9,194)
r(14,880,9,194)
r(3,207,9,195)
r(16,500,9,195)
r(1,185,9,195)
w(6,923,9,195)
w(10,905,9,195)
w(9,874,9,195)
w(2,920,9,195)
w(7,963,9,195)
r(15,185,9,195)
r(0,507,9,195)
w(17,898,9,195)
w(13,910,9,195)
r(8,499,9,195)
r(12,508,9,195)
w(14,881,9,195)
w(19,889,9,195)
r(4,539,9,195)
r(18,479,9,195)
w(11,935,9,195)
r(5,501,9,195)
w(3,898,9,196)
r(11,529,9,196)
r(9,405,9,196)
w(8,906,9,196)
r(4,435,9,196)
w(17,899,9,196)
w(12,902,9,196)
r(0,507,9,196)
w(14,882,9,196)
w(10,906,9,196)
w(5,902,9,196)
r(18,380,9,196)
w(19,890,9,196)
w(13,911,9,196)
r(15,390,9,196)
w(2,921,9,196)
r(6,405,9,196)
r(16,399,9,196)
w(7,964,9,196)
w(1,878,9,196)
w(10,907,9,197)
w(2,922,9,197)
w(9,875,9,197)
w(18,870,9,197)
w(11,936,9,197)
r(1,185,9,197)
r(15,390,9,197)
w(16,890,9,197)
w(6,924,9,197)
r(3,409,9,197)
w(0,917,9,197)
w(19,891,9,197)
w(5,903,9,197)
r(13,514,9,197)
r(7,410,9,197)
r(4,435,9,197)
r(8,499,9,197)
w(12,903,9,197)
r(17,500,9,197)
w(14,883,9,197)
r(2,917,9,198)
w(0,918,9,198)
r(16,399,9,198)
w(5,904,9,198)
r(15,390,9,198)
r(10,208,9,198)
w(13,912,9,198)
w(4,956,9,198)
r(7,410,9,198)
r(12,392,9,198)
w(1,879,9,198)
w(6,925,9,198)
r(8,499,9,198)
w(3,899,9,198)
w(19,892,9,198)
w(11,937,9,198)
w(17,900,9,198)
r(9,405,9,198)
r(18,380,9,198)
w(14,884,9,198)
r(19,398,9,199)
r(5,403,9,199)
w(14,885,9,199)
r(9,407,9,199)
r(12,393,9,199)
r(3,411,9,199)
w(6,926,9,199)
w(11,938,9,199)
w(7,965,9,199)
r(8,402,9,199)
r(16,401,9,199)
w(13,913,9,199)
w(0,919,9,199)
w(17,901,9,199)
r(4,853,9,199)
w(15,892,9,199)
r(1,185,9,199)
r(10,420,9,199)
w(18,871,9,199)
r(2,421,9,199)
