r(11,203,0,0)
w(3,1,0,0)
w(0,1,0,0)
w(19,1,0,0)
w(5,1,0,0)
w(15,1,0,0)
w(16,1,0,0)
w(18,1,0,0)
r(6,216,0,0)
r(17,219,0,0)
r(10,195,0,0)
r(14,192,0,0)
r(4,207,0,0)
w(12,1,0,0)
w(1,1,0,0)
w(13,1,0,0)
w(2,1,0,0)
w(8,1,0,0)
r(7,195,0,0)
w(9,1,0,0)
r(10,195,0,1)
r(9,196,0,1)
w(1,2,0,1)
w(17,1,0,1)
w(15,2,0,1)
r(3,211,0,1)
w(19,2,0,1)
r(18,197,0,1)
w(7,1,0,1)
r(2,194,0,1)
w(13,2,0,1)
r(0,198,0,1)
r(11,203,0,1)
w(14,1,0,1)
r(16,214,0,1)
r(4,207,0,1)
w(8,2,0,1)
r(5,210,0,1)
w(6,1,0,1)
w(12,2,0,1)
w(7,2,0,2)
r(14,780,0,2)
w(8,3,0,2)
w(19,3,0,2)
w(13,3,0,2)
r(15,200,0,2)
w(0,2,0,2)
r(9,793,0,2)
w(1,3,0,2)
w(16,2,0,2)
w(3,2,0,2)
r(5,210,0,2)
w(4,1,0,2)
r(6,216,0,2)
r(11,203,0,2)
w(18,2,0,2)
w(2,2,0,2)
r(10,195,0,2)
w(17,2,0,2)
r(12,184,0,2)
w(8,4,0,3)
r(4,303,0,3)
r(16,312,0,3)
w(6,2,0,3)
w(7,3,0,3)
r(18,2,0,3)
r(19,3,0,3)
r(12,274,0,3)
w(15,3,0,3)
r(10,291,0,3)
w(11,1,0,3)
w(9,2,0,3)
r(2,2,0,3)
r(14,780,0,3)
w(0,3,0,3)
w(5,2,0,3)
w(1,4,0,3)
w(13,4,0,3)
w(17,3,0,3)
w(3,3,0,3)
w(9,3,0,4)
w(7,4,0,4)
r(16,312,0,4)
r(13,608,0,4)
w(17,4,0,4)
r(12,575,0,4)
r(3,643,0,4)
r(1,314,0,4)
w(11,2,0,4)
r(15,200,0,4)
w(19,4,0,4)
w(8,5,0,4)
w(14,2,0,4)
w(2,3,0,4)
r(10,291,0,4)
r(5,314,0,4)
w(18,3,0,4)
r(0,2,0,4)
w(6,3,0,4)
w(4,2,0,4)
r(13,608,0,5)
r(14,2,0,5)
r(19,4,0,5)
w(7,5,0,5)
w(10,1,0,5)
w(11,3,0,5)
w(1,5,0,5)
r(4,2,0,5)
w(6,4,0,5)
w(18,4,0,5)
w(2,4,0,5)
w(9,4,0,5)
w(3,4,0,5)
w(15,4,0,5)
w(16,3,0,5)
r(5,314,0,5)
w(12,3,0,5)
r(0,2,0,5)
w(8,6,0,5)
w(17,5,0,5)
w(11,4,0,6)
w(8,7,0,6)
w(3,5,0,6)
r(6,517,0,6)
w(4,3,0,6)
w(12,4,0,6)
w(2,5,0,6)
w(13,5,0,6)
r(7,520,0,6)
w(5,3,0,6)
r(10,482,0,6)
w(1,6,0,6)
r(14,2,0,6)
r(18,4,0,6)
w(17,6,0,6)
r(0,2,0,6)
w(15,5,0,6)
w(9,5,0,6)
r(16,522,0,6)
w(19,5,0,6)
w(3,6,0,7)
r(15,4,0,7)
w(10,2,0,7)
r(7,520,0,7)
r(11,500,0,7)
w(13,6,0,7)
r(19,510,0,7)
w(2,6,0,7)
w(6,5,0,7)
w(14,3,0,7)
w(12,5,0,7)
w(4,4,0,7)
r(9,499,0,7)
w(0,4,0,7)
w(1,7,0,7)
w(17,7,0,7)
r(16,522,0,7)
r(5,314,0,7)
r(18,4,0,7)
w(8,8,0,7)
w(16,4,0,8)
r(6,517,0,8)
w(7,6,0,8)
w(8,9,0,8)
w(1,8,0,8)
w(5,4,0,8)
w(18,5,0,8)
w(12,6,0,8)
r(0,2,0,8)
w(19,6,0,8)
w(10,3,0,8)
w(14,4,0,8)
w(9,6,0,8)
w(13,7,0,8)
r(4,485,0,8)
w(3,7,0,8)
r(15,4,0,8)
r(17,537,0,8)
w(11,5,0,8)
w(2,7,0,8)
r(11,5,0,9)
r(12,6,0,9)
w(6,6,0,9)
r(13,795,0,9)
r(18,797,0,9)
r(7,6,0,9)
w(10,4,0,9)
w(14,5,0,9)
r(2,7,0,9)
w(4,5,0,9)
w(0,5,0,9)
w(17,8,0,9)
w(1,9,0,9)
w(9,7,0,9)
r(15,96,0,9)
r(16,824,0,9)
r(8,9,0,9)
r(19,804,0,9)
w(3,8,0,9)
r(5,119,0,9)
w(14,6,0,10)
w(19,7,0,10)
r(1,8,0,10)
w(8,10,0,10)
r(3,856,0,10)
w(11,6,0,10)
w(2,8,0,10)
w(0,6,0,10)
w(10,5,0,10)
w(5,5,0,10)
r(4,769,0,10)
r(12,6,0,10)
w(9,8,0,10)
w(13,8,0,10)
r(16,824,0,10)
r(18,797,0,10)
w(7,7,0,10)
w(17,9,0,10)
w(6,7,0,10)
w(15,6,0,10)
r(4,769,0,11)
r(15,96,0,11)
r(13,795,0,11)
w(8,11,0,11)
r(7,6,0,11)
r(2,7,0,11)
r(3,856,0,11)
r(10,796,0,11)
w(0,7,0,11)
w(11,7,0,11)
r(16,824,0,11)
w(19,8,0,11)
w(12,7,0,11)
w(5,6,0,11)
w(1,10,0,11)
w(17,10,0,11)
r(6,113,0,11)
r(18,797,0,11)
r(9,796,0,11)
w(14,7,0,11)
w(3,9,0,12)
r(4,769,0,12)
r(12,6,0,12)
r(7,6,0,12)
r(18,797,0,12)
w(14,8,0,12)
w(19,9,0,12)
w(11,8,0,12)
w(0,8,0,12)
r(16,824,0,12)
r(10,796,0,12)
w(5,7,0,12)
r(8,9,0,12)
w(6,8,0,12)
r(17,825,0,12)
w(13,9,0,12)
r(15,96,0,12)
w(1,11,0,12)
r(2,7,0,12)
w(9,9,0,12)
w(8,12,0,13)
w(10,6,0,13)
w(17,11,0,13)
w(14,9,0,13)
w(0,9,0,13)
w(12,8,0,13)
r(9,107,0,13)
r(5,119,0,13)
r(3,109,0,13)
r(19,109,0,13)
w(13,10,0,13)
w(6,9,0,13)
r(7,103,0,13)
w(16,5,0,13)
w(18,6,0,13)
r(1,118,0,13)
w(15,7,0,13)
r(4,100,0,13)
w(11,9,0,13)
w(2,9,0,13)
w(13,11,0,14)
w(18,7,0,14)
r(3,953,0,14)
r(1,527,0,14)
w(14,10,0,14)
r(8,517,0,14)
w(12,9,0,14)
r(16,929,0,14)
r(11,912,0,14)
w(9,10,0,14)
w(15,8,0,14)
w(17,12,0,14)
w(5,8,0,14)
w(19,10,0,14)
r(4,885,0,14)
r(10,485,0,14)
r(7,525,0,14)
w(6,10,0,14)
w(2,10,0,14)
w(0,10,0,14)
r(11,119,0,15)
w(19,11,0,15)
r(16,119,0,15)
w(18,8,0,15)
r(8,126,0,15)
r(12,681,0,15)
w(3,10,0,15)
w(9,11,0,15)
w(17,13,0,15)
w(13,12,0,15)
r(14,105,0,15)
w(2,11,0,15)
w(7,8,0,15)
w(15,9,0,15)
r(0,696,0,15)
w(1,12,0,15)
r(10,105,0,15)
w(4,6,0,15)
w(5,9,0,15)
w(6,11,0,15)
r(10,711,0,16)
r(17,544,0,16)
r(2,291,0,16)
w(11,10,0,16)
w(0,11,0,16)
r(19,708,0,16)
w(12,10,0,16)
r(4,495,0,16)
r(9,705,0,16)
w(3,11,0,16)
r(7,529,0,16)
w(1,13,0,16)
r(8,715,0,16)
r(13,294,0,16)
w(18,9,0,16)
r(14,696,0,16)
r(16,324,0,16)
w(6,12,0,16)
w(15,10,0,16)
r(5,523,0,16)
w(10,7,0,17)
r(15,10,0,17)
r(8,715,0,17)
w(3,12,0,17)
r(13,294,0,17)
r(1,13,0,17)
r(12,10,0,17)
w(18,10,0,17)
w(17,14,0,17)
r(9,705,0,17)
r(14,696,0,17)
w(2,12,0,17)
w(11,11,0,17)
w(19,12,0,17)
w(6,13,0,17)
r(16,324,0,17)
r(5,523,0,17)
w(4,7,0,17)
r(0,11,0,17)
r(7,529,0,17)
r(14,493,0,18)
r(19,519,0,18)
w(9,12,0,18)
r(13,294,0,18)
w(6,14,0,18)
w(11,12,0,18)
r(5,524,0,18)
w(7,9,0,18)
r(0,11,0,18)
r(15,10,0,18)
w(12,11,0,18)
w(2,13,0,18)
r(3,533,0,18)
r(4,495,0,18)
r(1,531,0,18)
r(18,516,0,18)
r(8,715,0,18)
r(17,544,0,18)
w(10,8,0,18)
r(16,528,0,18)
r(9,12,0,19)
w(14,11,0,19)
w(18,11,0,19)
w(17,15,0,19)
r(0,11,0,19)
w(2,14,0,19)
w(7,10,0,19)
r(13,294,0,19)
r(4,495,0,19)
w(8,13,0,19)
w(16,6,0,19)
r(6,14,0,19)
w(3,13,0,19)
w(10,9,0,19)
r(11,12,0,19)
w(19,13,0,19)
w(12,12,0,19)
r(1,531,0,19)
r(15,10,0,19)
r(5,524,0,19)
r(11,203,1,20)
r(19,3,1,20)
w(7,100,1,20)
r(10,291,1,20)
w(0,101,1,20)
r(13,3,1,20)
r(18,2,1,20)
r(1,314,1,20)
w(15,91,1,20)
w(8,115,1,20)
w(4,93,1,20)
w(9,101,1,20)
r(2,2,1,20)
r(12,274,1,20)
w(16,111,1,20)
w(6,109,1,20)
r(17,333,1,20)
r(14,780,1,20)
w(3,102,1,20)
w(5,113,1,20)
w(7,101,1,21)
w(19,102,1,21)
r(16,312,1,21)
w(11,112,1,21)
w(6,110,1,21)
r(10,291,1,21)
w(13,94,1,21)
w(0,102,1,21)
r(17,626,1,21)
w(9,102,1,21)
r(12,575,1,21)
w(3,103,1,21)
r(2,2,1,21)
w(5,114,1,21)
r(1,314,1,21)
w(15,92,1,21)
r(18,2,1,21)
w(8,116,1,21)
r(4,577,1,21)
r(14,593,1,21)
r(13,608,1,22)
r(6,4,1,22)
w(19,103,1,22)
w(3,104,1,22)
r(7,5,1,22)
r(17,5,1,22)
w(12,98,1,22)
w(1,114,1,22)
w(11,113,1,22)
w(16,112,1,22)
w(18,94,1,22)
r(10,1,1,22)
r(15,4,1,22)
r(8,6,1,22)
r(0,2,1,22)
w(14,97,1,22)
r(2,4,1,22)
r(4,2,1,22)
w(5,115,1,22)
w(9,103,1,22)
r(16,3,1,23)
w(13,95,1,23)
w(12,99,1,23)
w(4,94,1,23)
w(11,114,1,23)
r(10,1,1,23)
r(14,2,1,23)
w(18,95,1,23)
r(17,5,1,23)
w(19,104,1,23)
w(0,103,1,23)
w(15,93,1,23)
r(7,5,1,23)
r(3,4,1,23)
r(5,314,1,23)
r(1,5,1,23)
w(2,100,1,23)
w(6,111,1,23)
r(8,6,1,23)
r(9,4,1,23)
r(7,5,1,24)
r(16,3,1,24)
w(9,104,1,24)
w(10,99,1,24)
r(17,5,1,24)
r(13,608,1,24)
r(18,4,1,24)
r(1,5,1,24)
w(2,101,1,24)
r(3,4,1,24)
r(6,4,1,24)
w(15,94,1,24)
r(12,3,1,24)
w(19,105,1,24)
r(8,6,1,24)
w(14,98,1,24)
r(0,2,1,24)
w(4,95,1,24)
r(11,3,1,24)
w(5,116,1,24)
r(3,7,1,25)
r(6,517,1,25)
w(13,96,1,25)
w(9,105,1,25)
w(8,117,1,25)
w(15,95,1,25)
w(4,96,1,25)
w(18,96,1,25)
r(19,6,1,25)
r(16,4,1,25)
r(2,7,1,25)
r(1,8,1,25)
r(10,3,1,25)
w(17,125,1,25)
w(12,100,1,25)
r(14,4,1,25)
r(0,2,1,25)
r(11,5,1,25)
w(5,117,1,25)
r(7,6,1,25)
r(10,3,1,26)
w(4,97,1,26)
w(14,99,1,26)
r(13,7,1,26)
w(19,106,1,26)
w(11,115,1,26)
w(8,118,1,26)
w(3,105,1,26)
w(18,97,1,26)
w(0,104,1,26)
r(15,4,1,26)
w(6,112,1,26)
r(9,6,1,26)
w(2,102,1,26)
w(1,115,1,26)
r(7,6,1,26)
r(16,4,1,26)
w(5,118,1,26)
r(12,6,1,26)
r(17,537,1,26)
r(7,6,1,27)
r(17,537,1,27)
r(2,7,1,27)
w(6,113,1,27)
r(0,2,1,27)
r(13,7,1,27)
w(3,106,1,27)
w(18,98,1,27)
r(14,4,1,27)
w(5,119,1,27)
r(12,6,1,27)
w(9,106,1,27)
r(19,6,1,27)
w(15,96,1,27)
r(1,8,1,27)
w(10,100,1,27)
r(8,9,1,27)
r(4,485,1,27)
r(11,5,1,27)
w(16,113,1,27)
r(1,8,1,28)
w(4,98,1,28)
r(12,6,1,28)
r(2,7,1,28)
r(9,796,1,28)
w(14,100,1,28)
r(17,825,1,28)
r(16,824,1,28)
r(5,119,1,28)
r(11,5,1,28)
w(6,114,1,28)
r(15,96,1,28)
w(18,99,1,28)
w(13,97,1,28)
r(3,856,1,28)
w(19,107,1,28)
r(7,6,1,28)
w(8,119,1,28)
w(10,101,1,28)
w(0,105,1,28)
r(5,119,1,29)
w(3,107,1,29)
r(17,825,1,29)
r(4,769,1,29)
r(16,824,1,29)
r(11,5,1,29)
r(9,796,1,29)
r(19,804,1,29)
r(12,6,1,29)
r(0,2,1,29)
w(8,120,1,29)
w(13,98,1,29)
r(2,7,1,29)
r(14,784,1,29)
r(15,96,1,29)
w(7,102,1,29)
w(6,115,1,29)
w(18,100,1,29)
w(1,116,1,29)
w(10,102,1,29)
w(5,120,1,30)
r(7,6,1,30)
w(14,101,1,30)
w(4,99,1,30)
r(13,795,1,30)
w(19,108,1,30)
r(10,796,1,30)
w(0,106,1,30)
w(18,101,1,30)
r(9,796,1,30)
w(2,103,1,30)
r(11,5,1,30)
w(16,114,1,30)
r(8,9,1,30)
r(17,825,1,30)
r(3,856,1,30)
w(6,116,1,30)
w(12,101,1,30)
w(1,117,1,30)
r(15,96,1,30)
w(16,115,1,31)
w(8,121,1,31)
r(19,804,1,31)
r(11,5,1,31)
w(18,102,1,31)
w(5,121,1,31)
w(13,99,1,31)
w(3,108,1,31)
w(15,97,1,31)
r(7,6,1,31)
r(6,113,1,31)
r(9,796,1,31)
w(12,102,1,31)
r(17,825,1,31)
w(14,102,1,31)
r(4,769,1,31)
r(1,8,1,31)
w(10,103,1,31)
r(0,2,1,31)
r(2,7,1,31)
w(7,103,1,32)
r(15,96,1,32)
w(6,117,1,32)
w(18,103,1,32)
r(11,5,1,32)
w(10,104,1,32)
r(12,6,1,32)
r(2,7,1,32)
r(14,784,1,32)
w(1,118,1,32)
w(8,122,1,32)
w(19,109,1,32)
w(3,109,1,32)
w(16,116,1,32)
w(4,100,1,32)
w(9,107,1,32)
r(13,795,1,32)
r(5,119,1,32)
w(0,107,1,32)
r(17,825,1,32)
r(8,122,1,33)
r(10,104,1,33)
r(1,118,1,33)
w(0,108,1,33)
w(19,110,1,33)
w(6,118,1,33)
r(4,100,1,33)
w(13,100,1,33)
w(9,108,1,33)
r(12,6,1,33)
r(5,119,1,33)
r(2,7,1,33)
r(14,784,1,33)
w(17,126,1,33)
w(18,104,1,33)
w(3,110,1,33)
r(7,103,1,33)
r(16,116,1,33)
w(11,116,1,33)
r(15,96,1,33)
r(2,483,1,34)
w(5,122,1,34)
w(4,101,1,34)
w(18,105,1,34)
w(16,117,1,34)
r(13,515,1,34)
r(10,485,1,34)
w(11,117,1,34)
w(7,104,1,34)
w(14,103,1,34)
w(0,109,1,34)
w(8,123,1,34)
w(6,119,1,34)
w(1,119,1,34)
r(19,209,1,34)
w(17,127,1,34)
r(3,528,1,34)
w(12,103,1,34)
r(15,205,1,34)
r(9,204,1,34)
w(13,101,1,35)
w(14,104,1,35)
w(0,110,1,35)
w(1,120,1,35)
w(3,111,1,35)
r(4,885,1,35)
r(19,10,1,35)
r(17,12,1,35)
w(7,105,1,35)
w(8,124,1,35)
r(15,8,1,35)
r(5,8,1,35)
r(10,485,1,35)
r(9,10,1,35)
r(16,929,1,35)
r(11,912,1,35)
w(12,104,1,35)
r(6,10,1,35)
r(18,7,1,35)
w(2,104,1,35)
w(1,121,1,36)
r(11,912,1,36)
r(6,724,1,36)
r(19,707,1,36)
r(5,8,1,36)
w(12,105,1,36)
r(3,953,1,36)
w(4,102,1,36)
w(17,128,1,36)
w(8,125,1,36)
w(18,106,1,36)
w(15,98,1,36)
r(9,10,1,36)
w(16,118,1,36)
r(14,10,1,36)
r(10,710,1,36)
r(13,11,1,36)
w(2,105,1,36)
r(0,696,1,36)
r(7,525,1,36)
r(6,724,1,37)
r(10,710,1,37)
w(13,102,1,37)
w(14,105,1,37)
r(0,696,1,37)
w(4,103,1,37)
r(9,303,1,37)
r(2,707,1,37)
r(17,12,1,37)
r(16,731,1,37)
r(1,738,1,37)
r(15,701,1,37)
r(7,311,1,37)
w(3,112,1,37)
r(5,8,1,37)
r(8,517,1,37)
w(19,111,1,37)
w(11,118,1,37)
w(18,107,1,37)
r(12,681,1,37)
r(2,707,1,38)
r(15,701,1,38)
w(9,109,1,38)
w(16,119,1,38)
w(19,112,1,38)
w(13,103,1,38)
w(5,123,1,38)
r(1,738,1,38)
w(10,105,1,38)
r(0,696,1,38)
w(8,126,1,38)
w(3,113,1,38)
r(12,681,1,38)
r(18,107,1,38)
w(17,129,1,38)
r(6,724,1,38)
r(14,105,1,38)
w(7,106,1,38)
w(4,104,1,38)
w(11,119,1,38)
w(9,110,1,39)
r(5,719,1,39)
r(18,709,1,39)
r(14,696,1,39)
r(6,321,1,39)
w(13,104,1,39)
w(12,106,1,39)
w(1,122,1,39)
r(10,711,1,39)
r(0,696,1,39)
r(19,708,1,39)
r(3,10,1,39)
w(8,127,1,39)
w(16,120,1,39)
r(2,11,1,39)
w(17,130,1,39)
w(7,107,1,39)
w(15,99,1,39)
w(11,120,1,39)
w(4,105,1,39)
r(19,0,2,40)
r(7,0,2,40)
w(18,195,2,40)
w(13,183,2,40)
r(11,0,2,40)
r(10,0,2,40)
w(14,189,2,40)
w(17,217,2,40)
w(16,212,2,40)
r(9,0,2,40)
r(2,0,2,40)
r(4,0,2,40)
r(6,0,2,40)
r(8,0,2,40)
r(1,0,2,40)
r(12,0,2,40)
r(5,0,2,40)
r(3,0,2,40)
w(15,198,2,40)
w(0,197,2,40)
r(18,195,2,41)
r(10,0,2,41)
w(4,203,2,41)
r(14,189,2,41)
r(0,197,2,41)
w(16,213,2,41)
w(9,196,2,41)
r(3,0,2,41)
w(13,184,2,41)
r(1,0,2,41)
r(2,0,2,41)
r(11,0,2,41)
r(17,217,2,41)
r(19,0,2,41)
w(5,209,2,41)
w(12,183,2,41)
r(7,0,2,41)
w(15,199,2,41)
r(6,0,2,41)
r(8,0,2,41)
r(0,197,2,42)
w(4,204,2,42)
w(8,210,2,42)
w(13,185,2,42)
w(7,194,2,42)
r(18,195,2,42)
r(9,196,2,42)
w(12,184,2,42)
w(2,193,2,42)
r(10,0,2,42)
w(3,210,2,42)
r(1,0,2,42)
r(16,213,2,42)
w(6,215,2,42)
w(17,218,2,42)
w(11,202,2,42)
w(14,190,2,42)
w(5,210,2,42)
r(19,0,2,42)
w(15,200,2,42)
w(8,211,2,43)
r(13,185,2,43)
r(17,218,2,43)
r(12,184,2,43)
w(1,208,2,43)
r(0,197,2,43)
w(14,191,2,43)
w(4,205,2,43)
r(19,0,2,43)
r(5,210,2,43)
r(18,195,2,43)
r(15,200,2,43)
r(9,196,2,43)
r(3,210,2,43)
w(10,195,2,43)
r(6,215,2,43)
w(11,203,2,43)
r(16,213,2,43)
r(7,194,2,43)
r(2,193,2,43)
r(11,203,2,44)
w(16,214,2,44)
r(2,193,2,44)
r(3,210,2,44)
w(1,209,2,44)
r(15,200,2,44)
w(18,196,2,44)
r(5,210,2,44)
r(9,196,2,44)
w(4,206,2,44)
r(13,185,2,44)
r(10,195,2,44)
w(14,192,2,44)
r(12,184,2,44)
r(8,211,2,44)
r(6,215,2,44)
w(17,219,2,44)
r(7,194,2,44)
w(0,198,2,44)
r(19,0,2,44)
w(19,200,2,45)
r(15,200,2,45)
w(3,211,2,45)
r(11,203,2,45)
r(17,219,2,45)
w(8,212,2,45)
w(2,194,2,45)
r(0,198,2,45)
r(12,184,2,45)
r(14,192,2,45)
w(18,197,2,45)
r(9,196,2,45)
w(7,195,2,45)
r(5,210,2,45)
w(6,216,2,45)
r(13,185,2,45)
w(1,210,2,45)
r(10,195,2,45)
w(4,207,2,45)
r(16,214,2,45)
r(2,2,2,46)
w(12,185,2,46)
r(3,643,2,46)
w(17,220,2,46)
w(9,197,2,46)
r(10,291,2,46)
r(18,2,2,46)
w(6,217,2,46)
w(13,186,2,46)
r(7,613,2,46)
w(0,199,2,46)
r(14,593,2,46)
w(19,201,2,46)
w(8,213,2,46)
w(4,208,2,46)
r(11,610,2,46)
r(16,312,2,46)
w(1,211,2,46)
r(15,200,2,46)
w(5,211,2,46)
w(3,212,2,47)
r(5,314,2,47)
w(19,202,2,47)
w(1,212,2,47)
r(16,3,2,47)
w(7,196,2,47)
r(11,3,2,47)
r(8,6,2,47)
w(14,193,2,47)
w(12,186,2,47)
r(15,4,2,47)
r(4,2,2,47)
r(6,4,2,47)
w(17,221,2,47)
w(10,196,2,47)
w(13,187,2,47)
w(18,198,2,47)
r(9,4,2,47)
w(0,200,2,47)
w(2,195,2,47)
r(13,7,2,48)
r(17,537,2,48)
w(11,204,2,48)
r(5,4,2,48)
w(12,187,2,48)
r(0,2,2,48)
w(15,201,2,48)
r(1,8,2,48)
w(7,197,2,48)
w(2,196,2,48)
w(9,198,2,48)
w(6,218,2,48)
w(18,199,2,48)
r(8,9,2,48)
w(4,209,2,48)
r(14,4,2,48)
r(16,4,2,48)
r(10,3,2,48)
r(3,7,2,48)
r(19,6,2,48)
r(19,804,2,49)
r(2,7,2,49)
r(6,113,2,49)
r(4,769,2,49)
r(11,5,2,49)
w(3,213,2,49)
w(10,197,2,49)
w(13,188,2,49)
r(15,96,2,49)
r(14,784,2,49)
r(9,796,2,49)
w(5,212,2,49)
w(17,222,2,49)
w(18,200,2,49)
r(16,824,2,49)
r(7,6,2,49)
w(8,214,2,49)
w(1,213,2,49)
r(12,6,2,49)
w(0,201,2,49)
w(3,214,2,50)
w(17,223,2,50)
r(2,7,2,50)
w(1,214,2,50)
r(6,113,2,50)
w(9,199,2,50)
w(12,188,2,50)
r(15,96,2,50)
r(13,795,2,50)
w(19,203,2,50)
r(16,824,2,50)
w(14,194,2,50)
w(4,210,2,50)
w(5,213,2,50)
r(0,2,2,50)
r(7,6,2,50)
w(18,201,2,50)
w(8,215,2,50)
w(10,198,2,50)
w(11,205,2,50)
r(9,796,2,51)
r(15,96,2,51)
r(14,784,2,51)
r(18,797,2,51)
r(0,2,2,51)
w(7,198,2,51)
r(4,769,2,51)
w(16,215,2,51)
w(12,189,2,51)
r(11,5,2,51)
r(6,113,2,51)
w(3,215,2,51)
w(17,224,2,51)
r(1,8,2,51)
w(2,197,2,51)
r(13,795,2,51)
w(8,216,2,51)
r(10,796,2,51)
r(5,119,2,51)
w(19,204,2,51)
w(4,211,2,52)
r(5,119,2,52)
w(2,198,2,52)
w(8,217,2,52)
r(9,796,2,52)
r(6,113,2,52)
r(10,796,2,52)
r(16,824,2,52)
r(3,856,2,52)
w(15,202,2,52)
r(7,6,2,52)
r(12,6,2,52)
w(14,195,2,52)
r(1,8,2,52)
w(13,189,2,52)
r(18,797,2,52)
r(0,2,2,52)
w(17,225,2,52)
r(19,804,2,52)
r(11,5,2,52)
w(12,190,2,53)
w(11,206,2,53)
r(2,7,2,53)
r(6,113,2,53)
w(16,216,2,53)
w(18,202,2,53)
w(1,215,2,53)
r(4,769,2,53)
r(8,9,2,53)
w(5,214,2,53)
w(9,200,2,53)
r(13,795,2,53)
w(15,203,2,53)
w(19,205,2,53)
w(7,199,2,53)
w(10,199,2,53)
r(3,856,2,53)
w(17,226,2,53)
r(0,2,2,53)
r(14,784,2,53)
r(12,6,2,54)
w(10,200,2,54)
w(14,196,2,54)
w(9,201,2,54)
r(15,96,2,54)
r(18,103,2,54)
w(11,207,2,54)
w(17,227,2,54)
w(16,217,2,54)
r(3,109,2,54)
w(13,190,2,54)
r(8,122,2,54)
r(1,118,2,54)
w(4,212,2,54)
r(6,117,2,54)
r(5,119,2,54)
r(2,7,2,54)
r(0,107,2,54)
w(19,206,2,54)
w(7,200,2,54)
r(1,118,2,55)
r(5,119,2,55)
r(16,116,2,55)
r(15,96,2,55)
r(13,795,2,55)
w(9,202,2,55)
w(17,228,2,55)
r(10,104,2,55)
r(14,784,2,55)
w(19,207,2,55)
w(12,191,2,55)
r(2,7,2,55)
w(11,208,2,55)
w(8,218,2,55)
w(3,216,2,55)
r(18,103,2,55)
r(6,117,2,55)
w(0,202,2,55)
w(4,213,2,55)
w(7,201,2,55)
w(7,202,2,56)
r(16,116,2,56)
r(8,122,2,56)
r(3,109,2,56)
w(10,201,2,56)
r(1,118,2,56)
w(17,229,2,56)
w(18,203,2,56)
r(11,5,2,56)
r(0,107,2,56)
w(5,215,2,56)
r(9,107,2,56)
w(13,191,2,56)
w(19,208,2,56)
r(2,7,2,56)
r(6,117,2,56)
w(4,214,2,56)
r(12,6,2,56)
r(14,784,2,56)
w(15,204,2,56)
w(4,215,2,57)
w(1,216,2,57)
r(6,519,2,57)
r(13,514,2,57)
w(3,217,2,57)
w(17,230,2,57)
r(2,482,2,57)
r(15,96,2,57)
r(10,801,2,57)
r(8,807,2,57)
r(18,512,2,57)
w(5,216,2,57)
r(19,109,2,57)
w(12,192,2,57)
r(16,116,2,57)
w(14,197,2,57)
r(0,491,2,57)
r(7,523,2,57)
w(9,203,2,57)
r(11,504,2,57)
r(5,417,2,58)
w(17,231,2,58)
w(18,204,2,58)
w(9,204,2,58)
w(12,193,2,58)
r(0,382,2,58)
w(10,202,2,58)
w(15,205,2,58)
r(6,415,2,58)
r(7,409,2,58)
w(4,216,2,58)
w(14,198,2,58)
w(11,209,2,58)
w(1,217,2,58)
r(16,116,2,58)
r(3,420,2,58)
w(8,219,2,58)
r(2,482,2,58)
w(13,192,2,58)
w(19,209,2,58)
w(14,199,2,59)
r(19,209,2,59)
r(6,415,2,59)
w(18,205,2,59)
w(16,218,2,59)
w(3,218,2,59)
w(13,193,2,59)
r(12,193,2,59)
r(15,205,2,59)
r(1,217,2,59)
w(11,210,2,59)
w(4,217,2,59)
w(2,199,2,59)
r(17,231,2,59)
w(0,203,2,59)
w(8,220,2,59)
w(10,203,2,59)
r(5,417,2,59)
w(9,205,2,59)
w(7,203,2,59)
w(9,295,3,60)
r(7,2,3,60)
r(14,780,3,60)
w(1,314,3,60)
r(3,2,3,60)
r(11,203,3,60)
w(12,274,3,60)
r(18,2,3,60)
r(2,2,3,60)
w(5,314,3,60)
r(0,2,3,60)
r(13,3,3,60)
w(10,291,3,60)
w(4,303,3,60)
r(6,216,3,60)
w(16,312,3,60)
r(15,200,3,60)
w(17,333,3,60)
r(19,3,3,60)
w(8,307,3,60)
w(2,283,3,61)
r(17,333,3,61)
w(13,282,3,61)
w(19,306,3,61)
w(5,315,3,61)
w(4,304,3,61)
w(0,287,3,61)
r(14,780,3,61)
w(1,315,3,61)
r(8,307,3,61)
w(15,303,3,61)
w(11,298,3,61)
w(6,317,3,61)
r(3,2,3,61)
w(9,296,3,61)
w(12,275,3,61)
w(16,313,3,61)
w(10,292,3,61)
w(18,299,3,61)
w(7,300,3,61)
w(12,276,3,62)
w(10,293,3,62)
w(16,314,3,62)
r(3,643,3,62)
r(17,4,3,62)
w(14,290,3,62)
w(13,283,3,62)
w(5,316,3,62)
w(7,301,3,62)
r(2,3,3,62)
r(11,2,3,62)
r(9,3,3,62)
w(0,288,3,62)
r(18,3,3,62)
r(1,314,3,62)
w(15,304,3,62)
w(8,308,3,62)
w(19,307,3,62)
r(4,2,3,62)
r(6,3,3,62)
r(7,6,3,63)
w(6,318,3,63)
r(2,7,3,63)
r(4,485,3,63)
w(3,310,3,63)
r(10,3,3,63)
w(1,316,3,63)
w(8,309,3,63)
w(14,291,3,63)
r(5,4,3,63)
w(15,305,3,63)
w(16,315,3,63)
w(18,300,3,63)
w(13,284,3,63)
r(12,6,3,63)
w(19,308,3,63)
r(17,537,3,63)
w(11,299,3,63)
r(0,2,3,63)
w(9,297,3,63)
w(8,310,3,64)
w(2,284,3,64)
r(14,4,3,64)
w(5,317,3,64)
r(11,5,3,64)
w(13,285,3,64)
r(19,6,3,64)
w(9,298,3,64)
r(7,6,3,64)
r(3,7,3,64)
w(10,294,3,64)
w(6,319,3,64)
w(0,289,3,64)
w(12,277,3,64)
r(15,4,3,64)
w(1,317,3,64)
w(4,305,3,64)
r(18,5,3,64)
w(16,316,3,64)
w(17,334,3,64)
w(8,311,3,65)
r(9,796,3,65)
r(2,7,3,65)
w(13,286,3,65)
w(19,309,3,65)
r(5,119,3,65)
r(15,96,3,65)
r(1,8,3,65)
w(18,301,3,65)
r(12,6,3,65)
r(11,5,3,65)
w(0,290,3,65)
w(4,306,3,65)
w(10,295,3,65)
r(6,113,3,65)
w(16,317,3,65)
w(7,302,3,65)
w(3,311,3,65)
r(17,825,3,65)
w(14,292,3,65)
w(8,312,3,66)
r(13,795,3,66)
r(1,8,3,66)
r(14,784,3,66)
r(10,796,3,66)
w(0,291,3,66)
r(11,5,3,66)
r(18,797,3,66)
w(7,303,3,66)
w(9,299,3,66)
r(12,6,3,66)
r(6,113,3,66)
w(2,285,3,66)
w(17,335,3,66)
w(3,312,3,66)
w(16,318,3,66)
w(15,306,3,66)
r(4,769,3,66)
w(5,318,3,66)
r(19,804,3,66)
r(14,784,3,67)
r(17,825,3,67)
r(3,856,3,67)
w(7,304,3,67)
w(1,318,3,67)
r(6,113,3,67)
w(13,287,3,67)
r(10,796,3,67)
w(2,286,3,67)
r(15,96,3,67)
r(9,796,3,67)
w(0,292,3,67)
w(19,310,3,67)
r(5,119,3,67)
w(4,307,3,67)
w(16,319,3,67)
r(12,6,3,67)
r(11,5,3,67)
r(8,9,3,67)
w(18,302,3,67)
w(15,307,3,68)
w(1,319,3,68)
r(0,2,3,68)
r(5,119,3,68)
r(2,7,3,68)
w(17,336,3,68)
r(9,796,3,68)
r(6,113,3,68)
w(10,296,3,68)
w(12,278,3,68)
w(16,320,3,68)
r(14,784,3,68)
w(13,288,3,68)
w(18,303,3,68)
r(3,856,3,68)
w(19,311,3,68)
w(4,308,3,68)
w(7,305,3,68)
w(11,300,3,68)
w(8,313,3,68)
w(4,309,3,69)
r(13,795,3,69)
r(10,796,3,69)
w(14,293,3,69)
r(11,5,3,69)
w(0,293,3,69)
w(2,287,3,69)
r(3,856,3,69)
r(5,119,3,69)
r(17,825,3,69)
r(16,824,3,69)
w(1,320,3,69)
w(8,314,3,69)
w(7,306,3,69)
w(19,312,3,69)
w(12,279,3,69)
r(6,113,3,69)
w(18,304,3,69)
w(15,308,3,69)
r(9,796,3,69)
r(19,109,3,70)
r(15,96,3,70)
w(13,289,3,70)
r(12,6,3,70)
w(0,294,3,70)
r(1,118,3,70)
r(8,122,3,70)
w(3,313,3,70)
w(5,319,3,70)
w(14,294,3,70)
r(2,7,3,70)
w(10,297,3,70)
r(17,825,3,70)
w(9,300,3,70)
w(18,305,3,70)
w(7,307,3,70)
r(11,5,3,70)
r(4,100,3,70)
r(6,117,3,70)
r(16,116,3,70)
w(3,314,3,71)
r(15,96,3,71)
w(10,298,3,71)
w(16,321,3,71)
w(19,313,3,71)
w(6,320,3,71)
r(2,7,3,71)
r(13,795,3,71)
w(11,301,3,71)
r(14,784,3,71)
r(18,103,3,71)
r(12,6,3,71)
r(5,119,3,71)
w(0,295,3,71)
r(17,825,3,71)
w(7,308,3,71)
r(4,100,3,71)
w(1,321,3,71)
w(8,315,3,71)
w(9,301,3,71)
w(18,306,3,72)
w(7,309,3,72)
r(6,117,3,72)
w(13,290,3,72)
w(16,322,3,72)
w(19,314,3,72)
w(11,302,3,72)
w(12,280,3,72)
r(1,118,3,72)
w(5,320,3,72)
w(2,288,3,72)
r(4,100,3,72)
w(9,302,3,72)
r(14,784,3,72)
w(0,296,3,72)
r(17,825,3,72)
r(3,109,3,72)
r(8,122,3,72)
r(10,104,3,72)
r(15,96,3,72)
r(9,107,3,73)
w(1,322,3,73)
w(17,337,3,73)
w(5,321,3,73)
r(16,116,3,73)
r(10,104,3,73)
r(11,5,3,73)
r(4,100,3,73)
w(15,309,3,73)
r(7,103,3,73)
w(0,297,3,73)
w(12,281,3,73)
r(6,117,3,73)
r(13,795,3,73)
w(8,316,3,73)
r(19,109,3,73)
r(14,784,3,73)
w(2,289,3,73)
w(3,315,3,73)
w(18,307,3,73)
r(18,708,3,74)
r(4,687,3,74)
r(5,8,3,74)
r(8,517,3,74)
r(0,696,3,74)
r(3,953,3,74)
w(7,310,3,74)
w(10,299,3,74)
w(15,310,3,74)
w(1,323,3,74)
r(19,707,3,74)
r(9,10,3,74)
w(16,323,3,74)
w(12,282,3,74)
r(6,724,3,74)
w(2,290,3,74)
w(17,338,3,74)
w(13,291,3,74)
r(11,912,3,74)
w(14,295,3,74)
w(13,292,3,75)
w(18,308,3,75)
r(6,724,3,75)
r(2,707,3,75)
r(0,696,3,75)
w(4,310,3,75)
r(15,701,3,75)
w(3,316,3,75)
w(9,303,3,75)
r(1,738,3,75)
w(19,315,3,75)
r(8,517,3,75)
r(10,710,3,75)
w(11,303,3,75)
r(5,8,3,75)
r(17,12,3,75)
r(14,10,3,75)
w(7,311,3,75)
r(16,731,3,75)
r(12,681,3,75)
r(9,11,3,76)
r(12,681,3,76)
w(8,317,3,76)
w(6,321,3,76)
w(18,309,3,76)
r(19,11,3,76)
w(7,312,3,76)
w(17,339,3,76)
r(1,12,3,76)
w(14,296,3,76)
r(2,11,3,76)
w(13,293,3,76)
w(16,324,3,76)
r(3,10,3,76)
r(15,9,3,76)
r(0,696,3,76)
r(4,6,3,76)
w(10,300,3,76)
r(5,9,3,76)
r(11,119,3,76)
w(7,313,3,77)
r(4,688,3,77)
r(8,715,3,77)
w(12,283,3,77)
r(14,696,3,77)
w(2,291,3,77)
w(11,304,3,77)
r(16,324,3,77)
w(1,324,3,77)
w(6,322,3,77)
r(10,711,3,77)
w(5,322,3,77)
w(3,317,3,77)
r(19,708,3,77)
r(15,702,3,77)
w(13,294,3,77)
r(17,735,3,77)
w(18,310,3,77)
r(9,705,3,77)
r(0,696,3,77)
r(16,324,3,78)
r(9,705,3,78)
r(3,317,3,78)
r(18,310,3,78)
r(15,702,3,78)
w(19,316,3,78)
w(10,301,3,78)
r(1,324,3,78)
w(13,295,3,78)
w(2,292,3,78)
w(17,340,3,78)
r(5,322,3,78)
r(7,313,3,78)
w(14,297,3,78)
r(12,283,3,78)
r(8,715,3,78)
r(6,322,3,78)
w(4,311,3,78)
w(0,298,3,78)
r(11,304,3,78)
r(19,708,3,79)
r(9,705,3,79)
r(12,10,3,79)
r(0,11,3,79)
r(15,10,3,79)
w(3,318,3,79)
r(16,324,3,79)
r(5,523,3,79)
w(11,305,3,79)
w(1,325,3,79)
w(2,293,3,79)
w(4,312,3,79)
r(8,715,3,79)
r(10,711,3,79)
w(14,298,3,79)
r(13,294,3,79)
r(17,544,3,79)
w(7,314,3,79)
r(6,12,3,79)
w(18,311,3,79)
r(4,207,4,80)
w(15,406,4,80)
w(0,380,4,80)
w(8,414,4,80)
r(1,210,4,80)
r(10,195,4,80)
r(11,203,4,80)
w(19,410,4,80)
w(12,369,4,80)
r(14,192,4,80)
w(18,397,4,80)
w(2,384,4,80)
r(9,196,4,80)
w(7,407,4,80)
r(17,219,4,80)
w(6,411,4,80)
w(5,412,4,80)
w(3,416,4,80)
w(16,425,4,80)
w(13,391,4,80)
r(9,4,4,81)
r(0,2,4,81)
r(2,4,4,81)
r(19,4,4,81)
w(13,392,4,81)
w(5,413,4,81)
r(18,4,4,81)
w(15,407,4,81)
w(3,417,4,81)
r(11,3,4,81)
w(10,389,4,81)
w(7,408,4,81)
r(16,3,4,81)
w(4,395,4,81)
w(1,431,4,81)
w(17,439,4,81)
w(6,412,4,81)
w(14,393,4,81)
r(8,6,4,81)
r(12,3,4,81)
w(6,413,4,82)
w(5,414,4,82)
w(4,396,4,82)
w(17,440,4,82)
r(1,524,4,82)
r(2,4,4,82)
r(16,522,4,82)
r(7,520,4,82)
r(3,525,4,82)
r(11,500,4,82)
r(0,2,4,82)
r(14,2,4,82)
w(12,370,4,82)
w(9,391,4,82)
r(8,6,4,82)
w(19,411,4,82)
r(18,4,4,82)
w(10,390,4,82)
w(15,408,4,82)
r(13,511,4,82)
r(4,769,4,83)
r(12,6,4,83)
w(18,398,4,83)
r(14,784,4,83)
r(0,2,4,83)
r(1,8,4,83)
w(3,418,4,83)
w(13,393,4,83)
w(5,415,4,83)
r(10,796,4,83)
r(7,6,4,83)
w(6,414,4,83)
r(8,9,4,83)
r(9,796,4,83)
w(15,409,4,83)
w(19,412,4,83)
w(16,426,4,83)
w(11,393,4,83)
r(17,825,4,83)
r(2,7,4,83)
r(18,797,4,84)
w(11,394,4,84)
w(12,371,4,84)
w(3,419,4,84)
w(10,391,4,84)
w(16,427,4,84)
r(6,113,4,84)
w(17,441,4,84)
w(15,410,4,84)
w(5,416,4,84)
r(13,795,4,84)
w(8,415,4,84)
w(2,385,4,84)
r(0,2,4,84)
r(4,769,4,84)
w(9,392,4,84)
r(1,8,4,84)
r(7,6,4,84)
w(14,394,4,84)
w(19,413,4,84)
w(8,416,4,85)
r(12,6,4,85)
w(13,394,4,85)
r(14,784,4,85)
w(11,395,4,85)
r(7,103,4,85)
w(4,397,4,85)
r(15,96,4,85)
r(17,825,4,85)
w(18,399,4,85)
w(10,392,4,85)
r(5,119,4,85)
r(6,117,4,85)
w(9,393,4,85)
r(19,109,4,85)
w(1,432,4,85)
w(0,381,4,85)
r(16,116,4,85)
r(3,109,4,85)
w(2,386,4,85)
r(2,482,4,86)
r(12,483,4,86)
r(16,116,4,86)
w(18,400,4,86)
w(6,415,4,86)
w(13,395,4,86)
w(0,382,4,86)
w(1,433,4,86)
w(8,417,4,86)
w(7,409,4,86)
w(4,398,4,86)
r(10,801,4,86)
r(11,504,4,86)
w(9,394,4,86)
w(19,414,4,86)
w(3,420,4,86)
w(17,442,4,86)
w(5,417,4,86)
w(15,411,4,86)
r(14,784,4,86)
r(7,409,4,87)
r(11,209,4,87)
r(16,116,4,87)
r(2,482,4,87)
w(3,421,4,87)
w(4,399,4,87)
r(15,205,4,87)
r(10,202,4,87)
r(8,219,4,87)
w(6,416,4,87)
r(17,231,4,87)
r(12,193,4,87)
w(1,434,4,87)
w(0,383,4,87)
r(9,204,4,87)
r(18,204,4,87)
r(19,209,4,87)
w(13,396,4,87)
r(14,198,4,87)
r(5,417,4,87)
r(9,204,4,88)
w(2,387,4,88)
w(17,443,4,88)
r(15,205,4,88)
r(6,520,4,88)
w(3,422,4,88)
w(1,435,4,88)
w(8,418,4,88)
w(11,396,4,88)
r(13,515,4,88)
w(5,418,4,88)
r(16,116,4,88)
w(0,384,4,88)
r(18,204,4,88)
r(19,209,4,88)
r(4,491,4,88)
w(12,372,4,88)
r(7,525,4,88)
w(14,395,4,88)
r(10,485,4,88)
r(5,519,4,89)
w(19,415,4,89)
w(8,419,4,89)
w(7,410,4,89)
w(17,444,4,89)
r(12,485,4,89)
w(13,397,4,89)
r(2,483,4,89)
r(15,205,4,89)
w(11,397,4,89)
r(3,528,4,89)
r(4,491,4,89)
w(14,396,4,89)
r(18,204,4,89)
r(16,116,4,89)
w(10,393,4,89)
w(0,385,4,89)
w(6,417,4,89)
w(1,436,4,89)
w(9,395,4,89)
r(6,321,4,90)
w(18,401,4,90)
w(11,398,4,90)
w(16,428,4,90)
w(12,373,4,90)
w(10,394,4,90)
r(5,719,4,90)
w(8,420,4,90)
r(13,706,4,90)
w(14,397,4,90)
r(19,708,4,90)
r(15,702,4,90)
r(0,696,4,90)
r(4,688,4,90)
r(9,705,4,90)
r(17,735,4,90)
w(3,423,4,90)
r(1,739,4,90)
w(2,388,4,90)
r(7,716,4,90)
w(12,374,4,91)
r(13,706,4,91)
r(5,719,4,91)
w(0,386,4,91)
r(11,713,4,91)
r(10,711,4,91)
w(19,416,4,91)
r(9,705,4,91)
r(15,702,4,91)
r(18,709,4,91)
w(14,398,4,91)
w(2,389,4,91)
w(8,421,4,91)
r(4,688,4,91)
r(6,321,4,91)
w(16,429,4,91)
w(1,437,4,91)
r(7,716,4,91)
r(17,735,4,91)
w(3,424,4,91)
r(2,291,4,92)
r(10,711,4,92)
r(11,10,4,92)
w(3,425,4,92)
r(14,696,4,92)
r(7,529,4,92)
w(12,375,4,92)
w(8,422,4,92)
r(0,11,4,92)
r(15,10,4,92)
w(13,398,4,92)
w(16,430,4,92)
w(18,402,4,92)
r(19,708,4,92)
w(17,445,4,92)
r(4,495,4,92)
w(5,419,4,92)
r(1,13,4,92)
w(9,396,4,92)
w(6,418,4,92)
w(5,420,4,93)
r(6,523,4,93)
w(13,399,4,93)
r(11,10,4,93)
r(17,544,4,93)
w(7,411,4,93)
w(12,376,4,93)
r(1,531,4,93)
r(9,705,4,93)
w(10,395,4,93)
r(8,715,4,93)
w(19,417,4,93)
w(4,400,4,93)
r(15,10,4,93)
r(2,291,4,93)
w(3,426,4,93)
w(0,387,4,93)
w(14,399,4,93)
w(16,431,4,93)
r(18,516,4,93)
r(8,715,4,94)
r(0,11,4,94)
r(5,524,4,94)
w(7,412,4,94)
w(4,401,4,94)
w(1,438,4,94)
w(11,399,4,94)
w(10,396,4,94)
w(15,412,4,94)
w(17,446,4,94)
w(13,400,4,94)
w(6,419,4,94)
r(2,13,4,94)
w(18,403,4,94)
r(9,12,4,94)
r(12,11,4,94)
r(16,528,4,94)
r(19,519,4,94)
r(3,533,4,94)
w(14,400,4,94)
w(12,377,4,95)
r(10,9,4,95)
w(7,413,4,95)
w(11,400,4,95)
r(14,11,4,95)
w(4,402,4,95)
r(2,14,4,95)
r(16,6,4,95)
r(19,612,4,95)
w(18,404,4,95)
w(15,413,4,95)
w(17,447,4,95)
w(6,420,4,95)
r(1,631,4,95)
r(9,12,4,95)
w(5,421,4,95)
r(0,11,4,95)
r(13,294,4,95)
r(3,13,4,95)
r(8,615,4,95)
w(11,401,4,96)
w(7,414,4,96)
w(0,388,4,96)
w(13,401,4,96)
r(18,404,4,96)
w(1,439,4,96)
r(5,626,4,96)
r(8,616,4,96)
w(19,418,4,96)
r(4,584,4,96)
w(17,448,4,96)
w(16,432,4,96)
r(15,413,4,96)
r(9,599,4,96)
w(6,421,4,96)
r(14,602,4,96)
r(10,9,4,96)
r(2,14,4,96)
r(3,652,4,96)
r(12,377,4,96)
r(4,584,4,97)
w(14,401,4,97)
w(7,415,4,97)
w(13,402,4,97)
r(12,377,4,97)
w(17,449,4,97)
r(9,599,4,97)
w(18,405,4,97)
w(0,389,4,97)
r(6,421,4,97)
w(5,422,4,97)
r(2,14,4,97)
r(1,632,4,97)
w(11,402,4,97)
r(8,616,4,97)
w(3,427,4,97)
w(19,419,4,97)
w(15,414,4,97)
r(10,598,4,97)
w(16,433,4,97)
r(19,418,4,98)
w(5,423,4,98)
w(12,378,4,98)
r(8,616,4,98)
r(11,401,4,98)
r(0,587,4,98)
w(9,397,4,98)
r(15,413,4,98)
r(3,652,4,98)
w(4,403,4,98)
r(10,598,4,98)
r(6,421,4,98)
r(18,404,4,98)
w(2,390,4,98)
r(16,622,4,98)
w(14,402,4,98)
r(1,632,4,98)
w(7,416,4,98)
w(13,403,4,98)
r(17,448,4,98)
r(14,402,4,99)
w(12,379,4,99)
w(6,422,4,99)
w(10,397,4,99)
r(5,628,4,99)
w(4,404,4,99)
w(1,440,4,99)
w(11,403,4,99)
r(9,397,4,99)
w(13,404,4,99)
w(16,434,4,99)
r(19,418,4,99)
r(0,587,4,99)
r(15,413,4,99)
r(17,635,4,99)
w(3,428,4,99)
r(7,621,4,99)
w(8,423,4,99)
w(18,406,4,99)
r(2,593,4,99)
r(1,5,5,100)
r(15,4,5,100)
r(14,2,5,100)
w(3,524,5,100)
r(5,314,5,100)
w(6,516,5,100)
r(8,6,5,100)
w(17,536,5,100)
r(12,3,5,100)
w(13,510,5,100)
r(11,3,5,100)
w(0,486,5,100)
w(10,481,5,100)
w(18,507,5,100)
r(19,4,5,100)
w(9,498,5,100)
w(2,478,5,100)
r(4,2,5,100)
w(7,519,5,100)
r(16,3,5,100)
r(8,6,5,101)
w(16,522,5,101)
w(17,537,5,101)
r(18,4,5,101)
w(13,511,5,101)
r(2,4,5,101)
w(4,485,5,101)
w(9,499,5,101)
r(0,2,5,101)
w(1,524,5,101)
w(12,481,5,101)
r(14,2,5,101)
w(11,500,5,101)
w(19,510,5,101)
w(10,482,5,101)
w(3,525,5,101)
w(7,520,5,101)
w(6,517,5,101)
r(5,314,5,101)
r(15,4,5,101)
r(2,7,5,102)
r(5,119,5,102)
r(3,856,5,102)
w(10,483,5,102)
r(0,2,5,102)
r(17,825,5,102)
r(12,6,5,102)
w(1,525,5,102)
w(4,486,5,102)
r(6,113,5,102)
r(15,96,5,102)
w(11,501,5,102)
w(19,511,5,102)
w(18,508,5,102)
w(13,512,5,102)
r(16,824,5,102)
r(9,796,5,102)
w(8,514,5,102)
w(14,484,5,102)
r(7,6,5,102)
w(4,487,5,103)
r(15,96,5,103)
w(5,515,5,103)
w(16,523,5,103)
r(19,804,5,103)
r(8,9,5,103)
r(18,797,5,103)
r(17,825,5,103)
r(6,113,5,103)
r(13,795,5,103)
r(11,5,5,103)
r(3,856,5,103)
r(10,796,5,103)
w(9,500,5,103)
w(7,521,5,103)
r(12,6,5,103)
w(2,479,5,103)
r(1,8,5,103)
w(0,487,5,103)
w(14,485,5,103)
w(9,501,5,104)
w(14,486,5,104)
w(15,487,5,104)
w(19,512,5,104)
r(8,9,5,104)
r(5,119,5,104)
w(16,524,5,104)
w(3,526,5,104)
r(11,5,5,104)
w(7,522,5,104)
w(0,488,5,104)
r(13,795,5,104)
w(4,488,5,104)
w(10,484,5,104)
r(6,113,5,104)
w(2,480,5,104)
w(12,482,5,104)
w(18,509,5,104)
r(1,8,5,104)
w(17,538,5,104)
r(3,856,5,105)
r(13,795,5,105)
w(5,516,5,105)
w(16,525,5,105)
r(17,825,5,105)
r(10,796,5,105)
w(1,526,5,105)
r(12,6,5,105)
r(11,5,5,105)
r(14,784,5,105)
r(6,113,5,105)
w(4,489,5,105)
w(2,481,5,105)
w(19,513,5,105)
r(15,96,5,105)
w(8,515,5,105)
w(18,510,5,105)
r(7,6,5,105)
r(9,796,5,105)
w(0,489,5,105)
r(4,100,5,106)
w(8,516,5,106)
w(11,502,5,106)
w(5,517,5,106)
r(7,103,5,106)
r(10,104,5,106)
r(9,107,5,106)
w(13,513,5,106)
r(2,7,5,106)
r(1,118,5,106)
w(19,514,5,106)
w(16,526,5,106)
r(12,6,5,106)
w(15,488,5,106)
w(3,527,5,106)
w(18,511,5,106)
w(6,518,5,106)
w(0,490,5,106)
w(14,487,5,106)
w(17,539,5,106)
w(2,482,5,107)
r(16,116,5,107)
w(5,518,5,107)
r(19,109,5,107)
w(12,483,5,107)
r(10,801,5,107)
w(11,503,5,107)
r(8,807,5,107)
r(14,784,5,107)
r(1,432,5,107)
r(6,117,5,107)
r(7,103,5,107)
w(9,502,5,107)
r(15,96,5,107)
r(4,775,5,107)
w(18,512,5,107)
r(3,863,5,107)
w(17,540,5,107)
w(0,491,5,107)
w(13,514,5,107)
r(18,512,5,108)
w(6,519,5,108)
w(4,490,5,108)
r(16,116,5,108)
r(12,483,5,108)
w(9,503,5,108)
r(15,96,5,108)
r(19,109,5,108)
r(2,482,5,108)
r(13,514,5,108)
r(10,801,5,108)
r(3,863,5,108)
w(7,523,5,108)
r(1,432,5,108)
r(14,784,5,108)
w(11,504,5,108)
w(17,541,5,108)
r(8,807,5,108)
r(0,491,5,108)
r(5,518,5,108)
w(7,524,5,109)
r(10,801,5,109)
r(2,482,5,109)
r(4,398,5,109)
r(15,411,5,109)
w(14,488,5,109)
r(3,420,5,109)
r(13,395,5,109)
w(17,542,5,109)
r(8,417,5,109)
w(12,484,5,109)
w(19,515,5,109)
r(6,415,5,109)
w(16,527,5,109)
w(0,492,5,109)
r(1,433,5,109)
w(18,513,5,109)
w(11,505,5,109)
r(5,417,5,109)
w(9,504,5,109)
w(4,491,5,110)
w(5,519,5,110)
w(8,517,5,110)
w(7,525,5,110)
r(0,383,5,110)
r(14,198,5,110)
w(11,506,5,110)
r(18,204,5,110)
w(12,485,5,110)
w(6,520,5,110)
w(10,485,5,110)
r(19,209,5,110)
w(2,483,5,110)
r(16,116,5,110)
w(1,527,5,110)
w(13,515,5,110)
r(17,231,5,110)
r(9,204,5,110)
r(15,205,5,110)
w(3,528,5,110)
r(10,485,5,111)
r(16,929,5,111)
w(4,492,5,111)
r(18,7,5,111)
r(13,11,5,111)
w(5,520,5,111)
w(7,526,5,111)
r(2,10,5,111)
r(3,953,5,111)
w(8,518,5,111)
r(17,12,5,111)
r(1,527,5,111)
w(9,505,5,111)
w(12,486,5,111)
w(19,516,5,111)
r(0,10,5,111)
w(6,521,5,111)
w(14,489,5,111)
w(11,507,5,111)
r(15,8,5,111)
w(10,486,5,112)
w(17,543,5,112)
r(0,696,5,112)
r(12,681,5,112)
w(7,527,5,112)
r(16,324,5,112)
w(14,490,5,112)
r(6,321,5,112)
w(8,519,5,112)
w(13,516,5,112)
r(18,709,5,112)
r(19,708,5,112)
w(3,529,5,112)
w(5,521,5,112)
w(15,489,5,112)
w(4,493,5,112)
r(1,739,5,112)
r(2,11,5,112)
r(9,705,5,112)
w(11,508,5,112)
w(12,487,5,113)
r(14,696,5,113)
r(8,715,5,113)
r(17,735,5,113)
w(0,493,5,113)
w(13,517,5,113)
r(7,716,5,113)
r(16,324,5,113)
r(4,688,5,113)
r(11,713,5,113)
r(1,739,5,113)
r(6,321,5,113)
r(3,10,5,113)
w(5,522,5,113)
w(15,490,5,113)
r(2,11,5,113)
w(10,487,5,113)
r(18,709,5,113)
w(19,517,5,113)
r(9,705,5,113)
w(0,494,5,114)
r(8,715,5,114)
w(13,518,5,114)
r(16,324,5,114)
r(10,711,5,114)
r(18,310,5,114)
r(15,702,5,114)
w(9,506,5,114)
w(3,530,5,114)
r(17,735,5,114)
w(7,528,5,114)
r(19,708,5,114)
w(14,491,5,114)
w(2,484,5,114)
w(11,509,5,114)
r(6,322,5,114)
r(12,283,5,114)
w(4,494,5,114)
w(1,528,5,114)
r(5,322,5,114)
w(5,523,5,115)
w(3,531,5,115)
r(2,291,5,115)
w(0,495,5,115)
r(14,696,5,115)
r(13,294,5,115)
r(9,705,5,115)
r(6,322,5,115)
r(16,324,5,115)
w(15,491,5,115)
w(17,544,5,115)
r(19,708,5,115)
w(7,529,5,115)
w(1,529,5,115)
w(4,495,5,115)
r(8,715,5,115)
r(10,711,5,115)
r(12,283,5,115)
w(18,514,5,115)
w(11,510,5,115)
r(10,711,5,116)
w(6,522,5,116)
r(0,11,5,116)
w(17,545,5,116)
w(14,492,5,116)
w(18,515,5,116)
w(13,519,5,116)
r(12,10,5,116)
w(3,532,5,116)
r(11,10,5,116)
w(19,518,5,116)
w(15,492,5,116)
w(8,520,5,116)
r(5,523,5,116)
w(1,530,5,116)
w(2,485,5,116)
r(7,529,5,116)
r(9,705,5,116)
w(4,496,5,116)
r(16,324,5,116)
w(16,528,5,117)
r(11,10,5,117)
w(10,488,5,117)
w(19,519,5,117)
r(7,529,5,117)
w(1,531,5,117)
w(6,523,5,117)
w(14,493,5,117)
r(15,10,5,117)
w(5,524,5,117)
r(0,11,5,117)
w(18,516,5,117)
r(13,294,5,117)
r(8,715,5,117)
r(4,495,5,117)
r(12,10,5,117)
w(3,533,5,117)
r(9,705,5,117)
r(2,291,5,117)
r(17,544,5,117)
r(16,528,5,118)
r(15,10,5,118)
w(1,532,5,118)
w(10,489,5,118)
w(9,507,5,118)
r(12,10,5,118)
r(13,294,5,118)
r(2,291,5,118)
w(4,497,5,118)
w(6,524,5,118)
w(8,521,5,118)
w(0,496,5,118)
r(17,544,5,118)
r(3,533,5,118)
r(18,516,5,118)
r(14,493,5,118)
r(11,10,5,118)
r(7,529,5,118)
r(19,519,5,118)
r(5,524,5,118)
r(7,529,5,119)
w(11,511,5,119)
w(0,497,5,119)
w(8,522,5,119)
r(18,516,5,119)
r(9,705,5,119)
w(13,520,5,119)
r(1,531,5,119)
w(10,490,5,119)
r(3,533,5,119)
w(2,486,5,119)
w(4,498,5,119)
r(6,523,5,119)
r(12,10,5,119)
w(5,525,5,119)
w(19,520,5,119)
w(15,493,5,119)
w(17,546,5,119)
r(14,493,5,119)
r(16,528,5,119)
r(11,203,6,120)
w(2,584,6,120)
w(12,573,6,120)
r(19,3,6,120)
r(3,2,6,120)
r(15,200,6,120)
w(16,615,6,120)
r(6,216,6,120)
r(18,2,6,120)
r(0,2,6,120)
w(14,592,6,120)
r(9,295,6,120)
r(17,333,6,120)
w(4,576,6,120)
r(5,314,6,120)
r(10,291,6,120)
r(1,314,6,120)
r(13,3,6,120)
w(7,612,6,120)
r(8,307,6,120)
w(6,611,6,121)
w(15,584,6,121)
r(9,295,6,121)
w(1,626,6,121)
r(7,2,6,121)
r(14,780,6,121)
r(17,333,6,121)
r(11,203,6,121)
r(2,2,6,121)
r(5,314,6,121)
r(10,291,6,121)
w(0,585,6,121)
r(4,303,6,121)
r(16,312,6,121)
w(3,642,6,121)
w(8,610,6,121)
w(12,574,6,121)
w(13,607,6,121)
w(19,607,6,121)
r(18,2,6,121)
w(11,610,6,122)
r(6,216,6,122)
r(15,200,6,122)
w(4,577,6,122)
w(14,593,6,122)
w(7,613,6,122)
r(18,2,6,122)
r(16,312,6,122)
w(3,643,6,122)
r(0,2,6,122)
w(12,575,6,122)
r(2,2,6,122)
r(8,307,6,122)
r(1,314,6,122)
w(9,591,6,122)
w(13,608,6,122)
w(19,608,6,122)
r(5,314,6,122)
w(17,626,6,122)
r(10,291,6,122)
r(17,4,6,123)
r(18,3,6,123)
r(4,2,6,123)
w(2,585,6,123)
r(16,312,6,123)
r(5,314,6,123)
w(8,611,6,123)
w(9,592,6,123)
r(7,4,6,123)
r(1,314,6,123)
r(6,3,6,123)
r(3,643,6,123)
r(11,2,6,123)
r(0,2,6,123)
w(14,594,6,123)
r(12,575,6,123)
w(15,585,6,123)
w(13,609,6,123)
r(19,4,6,123)
r(10,291,6,123)
r(0,2,6,124)
w(17,627,6,124)
r(1,314,6,124)
w(9,593,6,124)
w(4,578,6,124)
r(8,5,6,124)
w(3,644,6,124)
w(19,609,6,124)
w(10,591,6,124)
r(16,312,6,124)
w(18,602,6,124)
w(12,576,6,124)
w(13,610,6,124)
r(7,4,6,124)
w(6,612,6,124)
w(2,586,6,124)
w(15,586,6,124)
r(11,2,6,124)
r(5,314,6,124)
w(14,595,6,124)
r(1,524,6,125)
r(12,481,6,125)
r(15,4,6,125)
r(17,537,6,125)
r(0,2,6,125)
r(9,499,6,125)
w(2,587,6,125)
r(18,4,6,125)
r(8,6,6,125)
w(11,611,6,125)
w(14,596,6,125)
w(5,621,6,125)
r(19,510,6,125)
r(7,520,6,125)
r(10,482,6,125)
w(16,616,6,125)
r(4,485,6,125)
w(6,613,6,125)
r(3,525,6,125)
r(13,511,6,125)
w(8,612,6,126)
w(10,592,6,126)
w(15,587,6,126)
w(1,627,6,126)
w(4,579,6,126)
r(0,2,6,126)
w(12,577,6,126)
r(9,796,6,126)
w(5,622,6,126)
w(3,645,6,126)
w(19,610,6,126)
w(6,614,6,126)
r(18,797,6,126)
r(16,824,6,126)
w(7,614,6,126)
w(14,597,6,126)
w(11,612,6,126)
r(17,825,6,126)
r(2,7,6,126)
r(13,795,6,126)
r(1,8,6,127)
w(17,628,6,127)
w(12,578,6,127)
w(14,598,6,127)
r(5,119,6,127)
w(18,603,6,127)
r(13,795,6,127)
w(11,613,6,127)
r(19,804,6,127)
w(7,615,6,127)
w(4,580,6,127)
w(15,588,6,127)
w(6,615,6,127)
w(3,646,6,127)
r(16,824,6,127)
r(2,7,6,127)
w(10,593,6,127)
w(9,594,6,127)
r(0,2,6,127)
r(8,9,6,127)
w(9,595,6,128)
r(15,96,6,128)
w(6,616,6,128)
w(17,629,6,128)
r(19,109,6,128)
w(12,579,6,128)
w(18,604,6,128)
r(0,107,6,128)
w(3,647,6,128)
r(4,100,6,128)
w(11,614,6,128)
w(2,588,6,128)
w(16,617,6,128)
r(5,119,6,128)
r(8,122,6,128)
w(10,594,6,128)
r(13,795,6,128)
w(7,616,6,128)
r(1,118,6,128)
w(14,599,6,128)
r(19,109,6,129)
w(12,580,6,129)
r(7,103,6,129)
w(6,617,6,129)
w(16,618,6,129)
r(0,107,6,129)
w(17,630,6,129)
r(3,109,6,129)
w(13,611,6,129)
w(11,615,6,129)
w(2,589,6,129)
w(14,600,6,129)
r(5,119,6,129)
r(8,122,6,129)
w(18,605,6,129)
r(15,96,6,129)
r(4,100,6,129)
w(9,596,6,129)
w(10,595,6,129)
r(1,118,6,129)
r(19,109,6,130)
w(6,618,6,130)
r(17,825,6,130)
r(0,107,6,130)
w(4,581,6,130)
r(14,784,6,130)
r(9,107,6,130)
w(1,628,6,130)
w(13,612,6,130)
w(16,619,6,130)
r(5,119,6,130)
w(18,606,6,130)
r(10,104,6,130)
w(3,648,6,130)
r(12,6,6,130)
w(2,590,6,130)
w(15,589,6,130)
w(11,616,6,130)
r(7,103,6,130)
w(8,613,6,130)
r(2,11,6,131)
r(0,696,6,131)
r(12,681,6,131)
w(13,613,6,131)
w(8,614,6,131)
w(10,596,6,131)
w(5,623,6,131)
r(6,321,6,131)
w(14,601,6,131)
r(11,713,6,131)
w(9,597,6,131)
w(3,649,6,131)
r(16,324,6,131)
w(4,582,6,131)
w(18,607,6,131)
w(19,611,6,131)
w(17,631,6,131)
w(15,590,6,131)
w(1,629,6,131)
w(7,617,6,131)
w(12,581,6,132)
r(14,493,6,132)
w(5,624,6,132)
r(7,529,6,132)
w(10,597,6,132)
r(13,294,6,132)
w(16,620,6,132)
r(8,715,6,132)
w(15,591,6,132)
w(18,608,6,132)
r(4,495,6,132)
r(1,531,6,132)
w(17,632,6,132)
r(11,10,6,132)
r(9,705,6,132)
r(19,519,6,132)
r(0,11,6,132)
w(3,650,6,132)
r(6,523,6,132)
w(2,591,6,132)
w(3,651,6,133)
w(18,609,6,133)
w(0,586,6,133)
r(14,493,6,133)
r(7,9,6,133)
w(13,614,6,133)
w(4,583,6,133)
r(19,519,6,133)
r(6,14,6,133)
w(15,592,6,133)
w(9,598,6,133)
w(2,592,6,133)
w(11,617,6,133)
w(16,621,6,133)
r(12,11,6,133)
r(8,715,6,133)
r(10,8,6,133)
w(5,625,6,133)
w(1,630,6,133)
w(17,633,6,133)
r(10,9,6,134)
w(19,612,6,134)
r(5,524,6,134)
r(16,6,6,134)
r(3,13,6,134)
r(11,12,6,134)
r(9,12,6,134)
r(4,495,6,134)
w(17,634,6,134)
r(18,11,6,134)
w(12,582,6,134)
r(13,294,6,134)
r(15,10,6,134)
w(1,631,6,134)
w(8,615,6,134)
w(7,618,6,134)
r(2,14,6,134)
r(0,11,6,134)
r(14,11,6,134)
w(6,619,6,134)
w(4,584,6,135)
r(10,9,6,135)
w(11,618,6,135)
r(2,14,6,135)
w(19,613,6,135)
r(18,404,6,135)
r(1,631,6,135)
r(16,6,6,135)
r(12,377,6,135)
r(15,413,6,135)
w(13,615,6,135)
r(0,11,6,135)
w(5,626,6,135)
w(14,602,6,135)
r(17,447,6,135)
w(6,620,6,135)
w(7,619,6,135)
w(3,652,6,135)
w(8,616,6,135)
w(9,599,6,135)
r(15,413,6,136)
r(4,584,6,136)
r(12,377,6,136)
w(0,587,6,136)
r(17,448,6,136)
w(5,627,6,136)
w(1,632,6,136)
r(6,421,6,136)
w(10,598,6,136)
r(19,418,6,136)
r(18,404,6,136)
w(13,616,6,136)
r(9,599,6,136)
r(14,602,6,136)
w(16,622,6,136)
r(3,652,6,136)
r(7,414,6,136)
r(11,401,6,136)
r(8,616,6,136)
r(2,14,6,136)
w(6,621,6,137)
r(16,622,6,137)
r(9,599,6,137)
r(12,377,6,137)
r(3,652,6,137)
w(15,593,6,137)
r(18,404,6,137)
r(11,401,6,137)
r(1,632,6,137)
r(10,598,6,137)
w(0,588,6,137)
w(14,603,6,137)
w(13,617,6,137)
r(2,14,6,137)
r(4,584,6,137)
w(7,620,6,137)
w(8,617,6,137)
r(17,448,6,137)
w(19,614,6,137)
r(5,627,6,137)
r(0,587,6,138)
r(18,404,6,138)
w(2,593,6,138)
w(12,583,6,138)
r(10,598,6,138)
r(9,397,6,138)
r(6,421,6,138)
w(13,618,6,138)
r(4,403,6,138)
r(14,402,6,138)
r(8,616,6,138)
r(11,401,6,138)
r(15,413,6,138)
r(19,418,6,138)
r(1,632,6,138)
w(17,635,6,138)
r(3,652,6,138)
w(5,628,6,138)
w(16,623,6,138)
w(7,621,6,138)
w(2,594,6,139)
r(12,379,6,139)
w(3,653,6,139)
w(17,636,6,139)
w(15,594,6,139)
r(19,418,6,139)
w(14,604,6,139)
r(6,422,6,139)
w(16,624,6,139)
r(9,397,6,139)
w(1,633,6,139)
r(7,621,6,139)
w(4,585,6,139)
w(10,599,6,139)
r(11,403,6,139)
w(8,618,6,139)
r(13,404,6,139)
r(5,628,6,139)
r(18,406,6,139)
w(0,589,6,139)
w(16,720,7,140)
r(4,1,7,140)
w(15,692,7,140)
w(11,703,7,140)
r(9,793,7,140)
w(13,700,7,140)
w(17,725,7,140)
w(14,686,7,140)
r(7,2,7,140)
r(0,2,7,140)
r(2,2,7,140)
r(3,2,7,140)
r(18,2,7,140)
r(8,3,7,140)
r(19,3,7,140)
r(12,184,7,140)
w(5,711,7,140)
w(1,729,7,140)
r(10,195,7,140)
w(6,716,7,140)
r(4,303,7,141)
w(16,721,7,141)
r(6,216,7,141)
r(7,2,7,141)
w(1,730,7,141)
r(3,2,7,141)
r(17,333,7,141)
w(18,700,7,141)
w(8,708,7,141)
r(15,200,7,141)
r(14,780,7,141)
r(10,291,7,141)
w(9,694,7,141)
w(12,669,7,141)
w(11,704,7,141)
r(19,3,7,141)
w(2,702,7,141)
r(13,3,7,141)
w(5,712,7,141)
w(0,687,7,141)
w(10,702,7,142)
r(13,3,7,142)
r(6,216,7,142)
w(19,700,7,142)
w(5,713,7,142)
w(3,756,7,142)
w(14,687,7,142)
r(9,295,7,142)
r(2,2,7,142)
r(17,333,7,142)
r(11,203,7,142)
r(1,314,7,142)
w(18,701,7,142)
r(4,303,7,142)
w(8,709,7,142)
r(0,2,7,142)
r(15,200,7,142)
r(16,312,7,142)
r(7,2,7,142)
r(12,274,7,142)
w(7,708,7,143)
r(1,314,7,143)
r(13,608,7,143)
r(16,312,7,143)
w(15,693,7,143)
r(17,4,7,143)
w(9,695,7,143)
r(10,291,7,143)
r(5,314,7,143)
r(4,2,7,143)
r(8,5,7,143)
w(11,705,7,143)
r(2,3,7,143)
r(19,4,7,143)
r(18,3,7,143)
r(14,2,7,143)
w(0,688,7,143)
r(12,575,7,143)
r(6,3,7,143)
w(3,757,7,143)
w(18,702,7,144)
r(6,4,7,144)
r(11,3,7,144)
r(15,4,7,144)
w(19,701,7,144)
r(16,3,7,144)
w(3,758,7,144)
r(0,2,7,144)
w(10,703,7,144)
r(13,608,7,144)
r(4,2,7,144)
r(5,314,7,144)
r(2,4,7,144)
w(9,696,7,144)
r(1,5,7,144)
w(12,670,7,144)
r(8,6,7,144)
r(14,2,7,144)
w(17,726,7,144)
w(7,709,7,144)
r(2,4,7,145)
w(16,722,7,145)
r(19,510,7,145)
r(13,511,7,145)
w(6,717,7,145)
w(10,704,7,145)
r(18,4,7,145)
w(7,710,7,145)
r(11,500,7,145)
w(12,671,7,145)
w(14,688,7,145)
r(8,6,7,145)
w(17,727,7,145)
w(0,689,7,145)
w(9,697,7,145)
w(4,678,7,145)
r(15,4,7,145)
w(1,731,7,145)
r(3,525,7,145)
w(5,714,7,145)
w(11,706,7,146)
w(14,689,7,146)
w(2,703,7,146)
r(13,7,7,146)
w(7,711,7,146)
r(3,7,7,146)
w(0,690,7,146)
r(5,4,7,146)
w(4,679,7,146)
r(15,4,7,146)
w(6,718,7,146)
w(12,672,7,146)
r(18,5,7,146)
w(9,698,7,146)
w(1,732,7,146)
r(17,537,7,146)
w(8,710,7,146)
r(19,6,7,146)
r(16,4,7,146)
r(10,3,7,146)
r(9,6,7,147)
w(19,702,7,147)
w(3,759,7,147)
r(11,5,7,147)
r(2,7,7,147)
r(14,4,7,147)
w(8,711,7,147)
r(15,4,7,147)
w(7,712,7,147)
w(17,728,7,147)
r(5,4,7,147)
w(16,723,7,147)
r(13,7,7,147)
r(10,3,7,147)
r(6,517,7,147)
r(1,8,7,147)
r(0,2,7,147)
w(18,703,7,147)
r(4,485,7,147)
w(12,673,7,147)
r(9,796,7,148)
r(14,784,7,148)
w(17,729,7,148)
r(6,113,7,148)
r(8,9,7,148)
r(19,804,7,148)
r(2,7,7,148)
w(4,680,7,148)
w(12,674,7,148)
w(11,707,7,148)
w(1,733,7,148)
r(10,796,7,148)
r(0,2,7,148)
r(5,119,7,148)
r(3,856,7,148)
w(13,701,7,148)
w(15,694,7,148)
r(18,797,7,148)
w(16,724,7,148)
r(7,6,7,148)
r(9,796,7,149)
w(17,730,7,149)
w(3,760,7,149)
r(14,784,7,149)
w(1,734,7,149)
w(16,725,7,149)
r(18,797,7,149)
w(6,719,7,149)
r(7,6,7,149)
r(8,9,7,149)
r(0,2,7,149)
w(12,675,7,149)
w(2,704,7,149)
w(15,695,7,149)
w(4,681,7,149)
r(13,795,7,149)
r(19,804,7,149)
r(11,5,7,149)
w(10,705,7,149)
r(5,119,7,149)
w(0,691,7,150)
w(19,703,7,150)
r(11,5,7,150)
r(18,797,7,150)
r(2,7,7,150)
w(3,761,7,150)
r(10,796,7,150)
w(14,690,7,150)
r(8,9,7,150)
r(5,119,7,150)
w(9,699,7,150)
r(12,6,7,150)
r(1,8,7,150)
r(6,113,7,150)
r(7,6,7,150)
w(17,731,7,150)
w(4,682,7,150)
r(15,96,7,150)
r(16,824,7,150)
w(13,702,7,150)
w(1,735,7,151)
r(6,113,7,151)
r(9,796,7,151)
w(15,696,7,151)
w(7,713,7,151)
r(17,825,7,151)
w(11,708,7,151)
w(14,691,7,151)
w(18,704,7,151)
w(10,706,7,151)
w(16,726,7,151)
w(4,683,7,151)
r(2,7,7,151)
w(3,762,7,151)
w(12,676,7,151)
r(8,9,7,151)
w(5,715,7,151)
r(13,795,7,151)
w(19,704,7,151)
w(0,692,7,151)
r(14,784,7,152)
w(18,705,7,152)
r(6,113,7,152)
w(19,705,7,152)
w(9,700,7,152)
w(17,732,7,152)
w(13,703,7,152)
r(11,5,7,152)
w(0,693,7,152)
w(12,677,7,152)
r(2,7,7,152)
w(8,712,7,152)
w(10,707,7,152)
r(7,6,7,152)
w(16,727,7,152)
w(4,684,7,152)
r(5,119,7,152)
w(1,736,7,152)
w(15,697,7,152)
w(3,763,7,152)
w(13,704,7,153)
r(2,7,7,153)
w(17,733,7,153)
r(19,804,7,153)
w(5,716,7,153)
r(1,8,7,153)
w(7,714,7,153)
w(16,728,7,153)
w(8,713,7,153)
r(10,796,7,153)
w(11,709,7,153)
r(14,784,7,153)
r(0,2,7,153)
r(18,797,7,153)
w(3,764,7,153)
w(9,701,7,153)
w(15,698,7,153)
r(4,769,7,153)
r(6,113,7,153)
r(12,6,7,153)
w(12,678,7,154)
w(4,685,7,154)
w(10,708,7,154)
w(3,765,7,154)
r(1,118,7,154)
w(16,729,7,154)
r(7,103,7,154)
w(18,706,7,154)
w(9,702,7,154)
w(14,692,7,154)
w(13,705,7,154)
r(15,96,7,154)
w(2,705,7,154)
r(0,107,7,154)
w(6,720,7,154)
r(5,119,7,154)
r(19,109,7,154)
r(17,825,7,154)
r(8,122,7,154)
r(11,5,7,154)
w(12,679,7,155)
w(19,706,7,155)
w(6,721,7,155)
w(5,717,7,155)
w(3,766,7,155)
r(17,231,7,155)
r(10,485,7,155)
w(9,703,7,155)
r(4,491,7,155)
w(14,693,7,155)
w(18,707,7,155)
r(1,527,7,155)
w(2,706,7,155)
w(7,715,7,155)
w(11,710,7,155)
w(0,694,7,155)
r(13,515,7,155)
w(15,699,7,155)
r(16,116,7,155)
w(8,714,7,155)
r(2,483,7,156)
r(7,525,7,156)
w(12,680,7,156)
r(16,116,7,156)
r(13,515,7,156)
w(5,718,7,156)
w(10,709,7,156)
w(14,694,7,156)
w(6,722,7,156)
r(1,527,7,156)
w(15,700,7,156)
r(8,517,7,156)
r(17,231,7,156)
r(4,491,7,156)
w(3,767,7,156)
r(0,383,7,156)
w(11,711,7,156)
r(18,204,7,156)
w(9,704,7,156)
r(19,209,7,156)
w(0,695,7,157)
w(14,695,7,157)
r(2,10,7,157)
r(15,8,7,157)
r(5,8,7,157)
w(1,737,7,157)
r(12,9,7,157)
r(9,10,7,157)
w(11,712,7,157)
w(17,734,7,157)
w(16,730,7,157)
r(8,517,7,157)
r(7,525,7,157)
w(6,723,7,157)
r(19,10,7,157)
r(10,485,7,157)
w(4,686,7,157)
r(13,11,7,157)
r(18,7,7,157)
r(3,953,7,157)
w(0,696,7,158)
w(12,681,7,158)
w(19,707,7,158)
w(18,708,7,158)
r(3,953,7,158)
r(11,912,7,158)
w(10,710,7,158)
w(4,687,7,158)
w(2,707,7,158)
w(1,738,7,158)
w(6,724,7,158)
r(9,10,7,158)
w(15,701,7,158)
r(14,10,7,158)
r(17,12,7,158)
r(5,8,7,158)
r(8,517,7,158)
r(13,11,7,158)
r(7,525,7,158)
w(16,731,7,158)
w(11,713,7,159)
w(14,696,7,159)
w(7,716,7,159)
w(19,708,7,159)
w(9,705,7,159)
w(4,688,7,159)
w(8,715,7,159)
r(6,321,7,159)
w(1,739,7,159)
r(2,11,7,159)
r(16,324,7,159)
r(0,696,7,159)
w(13,706,7,159)
w(15,702,7,159)
w(18,709,7,159)
w(10,711,7,159)
w(5,719,7,159)
w(17,735,7,159)
r(3,10,7,159)
r(12,681,7,159)
r(1,210,8,160)
w(13,792,8,160)
w(19,803,8,160)
r(0,198,8,160)
w(3,854,8,160)
r(12,184,8,160)
r(5,210,8,160)
w(7,806,8,160)
r(10,195,8,160)
w(16,822,8,160)
r(6,216,8,160)
w(18,794,8,160)
r(11,203,8,160)
w(2,806,8,160)
r(8,212,8,160)
r(15,200,8,160)
w(14,780,8,160)
r(17,219,8,160)
w(9,793,8,160)
r(4,207,8,160)
w(12,774,8,161)
r(16,2,8,161)
w(18,795,8,161)
w(2,807,8,161)
r(0,2,8,161)
r(4,1,8,161)
r(7,2,8,161)
r(5,210,8,161)
w(15,799,8,161)
r(19,3,8,161)
w(11,806,8,161)
r(8,3,8,161)
w(10,795,8,161)
w(17,824,8,161)
w(13,793,8,161)
r(9,793,8,161)
w(6,818,8,161)
w(3,855,8,161)
w(14,781,8,161)
r(1,3,8,161)
r(11,2,8,162)
r(1,314,8,162)
r(18,3,8,162)
r(7,4,8,162)
w(2,808,8,162)
r(15,200,8,162)
r(17,4,8,162)
w(6,819,8,162)
w(9,794,8,162)
w(16,823,8,162)
w(5,813,8,162)
w(4,767,8,162)
w(8,800,8,162)
r(3,643,8,162)
w(14,782,8,162)
r(19,4,8,162)
r(0,2,8,162)
r(10,291,8,162)
w(13,794,8,162)
w(12,775,8,162)
w(5,814,8,163)
r(13,608,8,163)
w(4,768,8,163)
r(17,4,8,163)
r(0,2,8,163)
w(18,796,8,163)
r(19,4,8,163)
r(1,314,8,163)
w(15,800,8,163)
w(11,807,8,163)
w(9,795,8,163)
r(2,3,8,163)
w(7,807,8,163)
r(3,643,8,163)
w(6,820,8,163)
r(16,312,8,163)
w(12,776,8,163)
w(14,783,8,163)
r(8,5,8,163)
r(10,291,8,163)
r(0,2,8,164)
w(4,769,8,164)
w(3,856,8,164)
w(16,824,8,164)
r(12,6,8,164)
r(7,6,8,164)
w(17,825,8,164)
w(19,804,8,164)
w(14,784,8,164)
w(9,796,8,164)
r(5,119,8,164)
r(8,9,8,164)
r(15,96,8,164)
r(1,8,8,164)
r(2,7,8,164)
w(10,796,8,164)
r(11,5,8,164)
w(18,797,8,164)
r(6,113,8,164)
w(13,795,8,164)
r(9,796,8,165)
w(18,798,8,165)
w(13,796,8,165)
r(0,2,8,165)
r(15,96,8,165)
r(4,769,8,165)
r(7,6,8,165)
w(14,785,8,165)
r(17,825,8,165)
w(8,801,8,165)
w(2,809,8,165)
w(16,825,8,165)
r(6,113,8,165)
r(12,6,8,165)
w(11,808,8,165)
r(5,119,8,165)
w(3,857,8,165)
r(10,796,8,165)
r(1,8,8,165)
w(19,805,8,165)
r(6,113,8,166)
w(7,808,8,166)
r(12,6,8,166)
r(13,795,8,166)
r(0,2,8,166)
r(2,7,8,166)
w(11,809,8,166)
r(16,824,8,166)
w(4,770,8,166)
w(9,797,8,166)
r(8,9,8,166)
w(14,786,8,166)
r(17,825,8,166)
w(19,806,8,166)
w(15,801,8,166)
r(5,119,8,166)
r(10,796,8,166)
r(18,797,8,166)
r(1,8,8,166)
r(3,856,8,166)
w(12,777,8,167)
w(11,810,8,167)
r(2,7,8,167)
w(18,799,8,167)
r(4,769,8,167)
w(19,807,8,167)
w(3,858,8,167)
w(0,787,8,167)
r(5,119,8,167)
r(15,96,8,167)
w(9,798,8,167)
w(7,809,8,167)
w(10,797,8,167)
r(13,795,8,167)
r(17,825,8,167)
w(14,787,8,167)
w(1,823,8,167)
w(8,802,8,167)
w(6,821,8,167)
w(16,826,8,167)
r(13,795,8,168)
r(6,113,8,168)
r(1,8,8,168)
r(2,7,8,168)
w(0,788,8,168)
w(17,826,8,168)
r(7,6,8,168)
w(5,815,8,168)
w(12,778,8,168)
w(8,803,8,168)
r(3,856,8,168)
r(15,96,8,168)
r(9,796,8,168)
r(11,5,8,168)
w(14,788,8,168)
w(4,771,8,168)
r(19,804,8,168)
r(10,796,8,168)
w(16,827,8,168)
r(18,797,8,168)
w(3,859,8,169)
r(1,8,8,169)
w(6,822,8,169)
w(0,789,8,169)
w(4,772,8,169)
w(15,802,8,169)
w(14,789,8,169)
w(5,816,8,169)
w(11,811,8,169)
w(9,799,8,169)
w(13,797,8,169)
r(10,796,8,169)
w(2,810,8,169)
w(16,828,8,169)
r(18,797,8,169)
r(17,825,8,169)
r(8,9,8,169)
w(7,810,8,169)
w(19,808,8,169)
r(12,6,8,169)
r(4,769,8,170)
r(9,796,8,170)
w(14,790,8,170)
r(11,5,8,170)
w(3,860,8,170)
r(0,2,8,170)
w(2,811,8,170)
w(8,804,8,170)
r(10,796,8,170)
w(15,803,8,170)
w(1,824,8,170)
r(12,6,8,170)
w(17,827,8,170)
w(6,823,8,170)
w(5,817,8,170)
w(19,809,8,170)
w(16,829,8,170)
r(18,797,8,170)
r(13,795,8,170)
w(7,811,8,170)
w(7,812,8,171)
r(19,804,8,171)
w(3,861,8,171)
r(11,5,8,171)
r(4,769,8,171)
r(1,8,8,171)
r(0,2,8,171)
r(2,7,8,171)
w(5,818,8,171)
w(16,830,8,171)
w(10,798,8,171)
r(15,96,8,171)
w(14,791,8,171)
w(12,779,8,171)
w(9,800,8,171)
w(6,824,8,171)
w(17,828,8,171)
w(13,798,8,171)
r(18,797,8,171)
r(8,9,8,171)
w(6,825,8,172)
w(8,805,8,172)
w(10,799,8,172)
r(12,6,8,172)
w(14,792,8,172)
w(2,812,8,172)
w(4,773,8,172)
w(17,829,8,172)
w(13,799,8,172)
r(3,856,8,172)
w(0,790,8,172)
w(1,825,8,172)
r(16,824,8,172)
r(11,5,8,172)
w(15,804,8,172)
r(19,804,8,172)
r(9,796,8,172)
r(5,119,8,172)
r(18,797,8,172)
r(7,6,8,172)
w(10,800,8,173)
w(4,774,8,173)
r(19,804,8,173)
w(2,813,8,173)
r(17,825,8,173)
w(3,862,8,173)
w(16,831,8,173)
r(6,113,8,173)
r(0,2,8,173)
w(8,806,8,173)
w(13,800,8,173)
r(18,797,8,173)
r(9,796,8,173)
w(1,826,8,173)
w(15,805,8,173)
w(11,812,8,173)
r(7,6,8,173)
r(12,6,8,173)
w(5,819,8,173)
r(14,784,8,173)
r(7,103,8,174)
r(16,116,8,174)
w(18,800,8,174)
w(9,801,8,174)
w(11,813,8,174)
w(2,814,8,174)
w(4,775,8,174)
r(6,117,8,174)
r(0,381,8,174)
r(5,119,8,174)
r(19,109,8,174)
w(12,780,8,174)
r(15,96,8,174)
r(14,784,8,174)
r(17,825,8,174)
r(1,432,8,174)
w(8,807,8,174)
w(10,801,8,174)
w(3,863,8,174)
r(13,394,8,174)
r(2,10,8,175)
r(16,929,8,175)
w(6,826,8,175)
w(12,781,8,175)
w(7,813,8,175)
r(4,885,8,175)
r(15,8,8,175)
w(1,827,8,175)
w(0,791,8,175)
w(18,801,8,175)
r(17,12,8,175)
w(11,814,8,175)
w(10,802,8,175)
r(19,10,8,175)
w(14,793,8,175)
r(9,10,8,175)
w(5,820,8,175)
r(3,953,8,175)
r(13,11,8,175)
w(8,808,8,175)
w(15,806,8,176)
w(3,864,8,176)
r(9,10,8,176)
w(5,821,8,176)
w(13,801,8,176)
r(1,738,8,176)
r(19,707,8,176)
r(6,724,8,176)
w(17,830,8,176)
w(14,794,8,176)
w(4,776,8,176)
w(0,792,8,176)
w(16,832,8,176)
r(8,517,8,176)
w(2,815,8,176)
r(18,708,8,176)
w(12,782,8,176)
w(11,815,8,176)
w(7,814,8,176)
r(10,710,8,176)
w(9,802,8,177)
r(8,126,8,177)
w(17,831,8,177)
r(2,707,8,177)
r(19,112,8,177)
r(14,105,8,177)
r(5,123,8,177)
r(15,701,8,177)
w(0,793,8,177)
r(18,107,8,177)
r(1,738,8,177)
w(11,816,8,177)
w(16,833,8,177)
r(4,104,8,177)
w(6,827,8,177)
w(10,803,8,177)
w(13,802,8,177)
r(12,681,8,177)
w(3,865,8,177)
w(7,815,8,177)
r(3,10,8,178)
w(2,816,8,178)
w(13,803,8,178)
r(11,119,8,178)
r(7,8,8,178)
w(1,828,8,178)
r(12,681,8,178)
r(15,9,8,178)
r(17,13,8,178)
r(6,11,8,178)
w(5,822,8,178)
r(19,11,8,178)
w(9,803,8,178)
r(18,8,8,178)
r(4,6,8,178)
w(16,834,8,178)
w(14,795,8,178)
w(0,794,8,178)
w(10,804,8,178)
w(8,809,8,178)
r(2,291,8,179)
r(15,10,8,179)
r(18,9,8,179)
w(0,795,8,179)
w(17,832,8,179)
w(4,777,8,179)
w(13,804,8,179)
r(6,12,8,179)
r(14,696,8,179)
w(10,805,8,179)
r(12,10,8,179)
w(8,810,8,179)
w(3,866,8,179)
r(1,13,8,179)
r(16,324,8,179)
w(5,823,8,179)
w(9,804,8,179)
r(19,708,8,179)
w(7,816,8,179)
r(11,10,8,179)
r(19,4,9,180)
w(7,902,9,180)
w(9,893,9,180)
w(10,902,9,180)
r(3,4,9,180)
w(15,886,9,180)
w(6,920,9,180)
r(1,5,9,180)
r(11,3,9,180)
r(18,4,9,180)
w(17,919,9,180)
r(14,2,9,180)
r(2,4,9,180)
w(4,878,9,180)
r(0,2,9,180)
w(8,900,9,180)
w(12,862,9,180)
w(5,933,9,180)
w(13,888,9,180)
w(16,924,9,180)
r(14,2,9,181)
w(1,920,9,181)
w(12,863,9,181)
r(3,525,9,181)
r(13,511,9,181)
r(9,499,9,181)
w(10,903,9,181)
w(17,920,9,181)
r(16,522,9,181)
r(2,4,9,181)
r(11,500,9,181)
w(19,903,9,181)
w(0,873,9,181)
w(5,934,9,181)
r(8,6,9,181)
r(6,517,9,181)
w(18,895,9,181)
r(15,4,9,181)
r(4,485,9,181)
r(7,520,9,181)
w(9,894,9,182)
r(15,4,9,182)
w(17,921,9,182)
r(2,4,9,182)
r(16,522,9,182)
w(8,901,9,182)
r(7,520,9,182)
w(4,879,9,182)
r(19,510,9,182)
r(10,482,9,182)
w(18,896,9,182)
w(12,864,9,182)
r(14,2,9,182)
w(1,921,9,182)
r(11,500,9,182)
w(13,889,9,182)
r(6,517,9,182)
r(5,314,9,182)
w(0,874,9,182)
w(3,947,9,182)
r(5,4,9,183)
r(9,6,9,183)
w(0,875,9,183)
w(10,904,9,183)
r(13,7,9,183)
w(2,902,9,183)
r(12,6,9,183)
w(17,922,9,183)
w(4,880,9,183)
r(11,5,9,183)
w(6,921,9,183)
r(16,4,9,183)
w(8,902,9,183)
w(3,948,9,183)
r(1,8,9,183)
r(7,6,9,183)
r(15,4,9,183)
r(14,4,9,183)
r(18,5,9,183)
w(19,904,9,183)
r(1,8,9,184)
w(19,905,9,184)
w(11,902,9,184)
w(8,903,9,184)
w(5,935,9,184)
r(14,4,9,184)
r(4,485,9,184)
w(17,923,9,184)
w(0,876,9,184)
w(12,865,9,184)
w(18,897,9,184)
r(9,6,9,184)
w(6,922,9,184)
r(3,7,9,184)
r(10,3,9,184)
w(16,925,9,184)
w(7,903,9,184)
r(15,4,9,184)
w(13,890,9,184)
r(2,7,9,184)
r(6,113,9,185)
w(12,866,9,185)
w(15,887,9,185)
w(0,877,9,185)
w(7,904,9,185)
r(19,6,9,185)
r(13,7,9,185)
r(8,9,9,185)
w(5,936,9,185)
w(4,881,9,185)
w(10,905,9,185)
w(11,903,9,185)
r(3,106,9,185)
r(18,98,9,185)
w(9,895,9,185)
w(14,886,9,185)
w(17,924,9,185)
w(2,903,9,185)
w(1,922,9,185)
r(16,113,9,185)
w(10,906,9,186)
r(11,5,9,186)
w(15,888,9,186)
w(3,949,9,186)
w(0,878,9,186)
r(16,824,9,186)
w(17,925,9,186)
r(9,796,9,186)
w(12,867,9,186)
w(7,905,9,186)
r(14,784,9,186)
r(8,9,9,186)
r(4,769,9,186)
r(2,7,9,186)
r(19,804,9,186)
w(5,937,9,186)
w(1,923,9,186)
w(13,891,9,186)
w(18,898,9,186)
r(6,113,9,186)
w(11,904,9,187)
r(4,769,9,187)
w(17,926,9,187)
r(2,7,9,187)
w(12,868,9,187)
r(14,784,9,187)
w(13,892,9,187)
w(15,889,9,187)
r(1,8,9,187)
r(18,797,9,187)
w(7,906,9,187)
w(5,938,9,187)
w(0,879,9,187)
w(19,906,9,187)
r(10,796,9,187)
w(8,904,9,187)
r(16,824,9,187)
r(9,796,9,187)
w(6,923,9,187)
w(3,950,9,187)
w(14,887,9,188)
w(0,880,9,188)
w(9,896,9,188)
w(2,904,9,188)
r(3,856,9,188)
r(13,795,9,188)
w(12,869,9,188)
r(17,825,9,188)
w(11,905,9,188)
w(18,899,9,188)
w(10,907,9,188)
w(15,890,9,188)
r(7,6,9,188)
w(6,924,9,188)
w(1,924,9,188)
r(5,119,9,188)
r(4,769,9,188)
w(16,926,9,188)
r(8,9,9,188)
r(19,804,9,188)
w(2,905,9,189)
w(13,893,9,189)
w(17,927,9,189)
r(3,856,9,189)
w(8,905,9,189)
w(4,882,9,189)
w(9,897,9,189)
r(5,119,9,189)
w(15,891,9,189)
w(1,925,9,189)
r(14,784,9,189)
w(11,906,9,189)
w(6,925,9,189)
w(0,881,9,189)
r(16,824,9,189)
r(12,6,9,189)
r(19,804,9,189)
r(10,796,9,189)
r(7,6,9,189)
w(18,900,9,189)
w(5,939,9,190)
w(10,908,9,190)
r(11,5,9,190)
w(4,883,9,190)
r(6,113,9,190)
r(19,804,9,190)
r(18,797,9,190)
w(14,888,9,190)
w(8,906,9,190)
r(12,6,9,190)
w(1,926,9,190)
r(2,7,9,190)
w(0,882,9,190)
r(16,824,9,190)
w(17,928,9,190)
w(7,907,9,190)
r(9,796,9,190)
w(15,892,9,190)
r(3,856,9,190)
w(13,894,9,190)
w(19,907,9,191)
w(12,870,9,191)
r(9,796,9,191)
w(1,927,9,191)
r(8,9,9,191)
r(6,113,9,191)
r(4,769,9,191)
w(18,901,9,191)
r(0,2,9,191)
w(10,909,9,191)
w(13,895,9,191)
w(11,907,9,191)
w(16,927,9,191)
w(3,951,9,191)
r(2,7,9,191)
w(15,893,9,191)
w(17,929,9,191)
r(7,6,9,191)
r(5,119,9,191)
r(14,784,9,191)
r(19,109,9,192)
r(7,103,9,192)
r(4,100,9,192)
r(16,116,9,192)
r(5,119,9,192)
r(14,784,9,192)
w(17,930,9,192)
w(15,894,9,192)
w(2,906,9,192)
w(9,898,9,192)
w(1,928,9,192)
r(6,117,9,192)
w(3,952,9,192)
w(11,908,9,192)
r(18,103,9,192)
w(12,871,9,192)
w(8,907,9,192)
r(13,795,9,192)
w(0,883,9,192)
w(10,910,9,192)
w(1,929,9,193)
r(10,104,9,193)
w(11,909,9,193)
w(15,895,9,193)
r(16,116,9,193)
w(2,907,9,193)
r(7,103,9,193)
r(17,825,9,193)
w(0,884,9,193)
r(4,100,9,193)
w(5,940,9,193)
w(13,896,9,193)
w(8,908,9,193)
w(9,899,9,193)
w(19,908,9,193)
w(6,926,9,193)
w(18,902,9,193)
r(12,6,9,193)
r(3,109,9,193)
r(14,784,9,193)
w(0,885,9,194)
r(13,795,9,194)
r(7,103,9,194)
r(18,103,9,194)
w(9,900,9,194)
r(14,784,9,194)
w(10,911,9,194)
w(5,941,9,194)
w(4,884,9,194)
r(16,116,9,194)
w(11,910,9,194)
r(3,109,9,194)
w(1,930,9,194)
w(15,896,9,194)
w(19,909,9,194)
w(12,872,9,194)
w(6,927,9,194)
w(2,908,9,194)
r(8,122,9,194)
w(17,931,9,194)
w(13,897,9,195)
w(16,928,9,195)
r(14,198,9,195)
r(15,205,9,195)
r(3,528,9,195)
w(18,903,9,195)
w(5,942,9,195)
w(2,909,9,195)
r(8,517,9,195)
w(9,901,9,195)
r(10,485,9,195)
w(17,932,9,195)
r(12,485,9,195)
w(1,931,9,195)
w(7,908,9,195)
w(6,928,9,195)
w(19,910,9,195)
r(4,491,9,195)
w(0,886,9,195)
w(11,911,9,195)
w(14,889,9,196)
r(18,204,9,196)
w(4,885,9,196)
r(7,525,9,196)
w(5,943,9,196)
w(3,953,9,196)
r(8,517,9,196)
w(17,933,9,196)
w(11,912,9,196)
w(16,929,9,196)
w(2,910,9,196)
w(6,929,9,196)
r(15,205,9,196)
w(0,887,9,196)
w(19,911,9,196)
r(10,485,9,196)
w(13,898,9,196)
w(9,902,9,196)
r(12,485,9,196)
r(1,527,9,196)
r(0,10,9,197)
w(4,886,9,197)
w(2,911,9,197)
r(17,12,9,197)
r(9,10,9,197)
r(5,8,9,197)
r(6,10,9,197)
w(10,912,9,197)
r(1,527,9,197)
w(15,897,9,197)
r(7,525,9,197)
w(3,954,9,197)
r(12,9,9,197)
r(16,929,9,197)
w(14,890,9,197)
w(19,912,9,197)
w(18,904,9,197)
w(13,899,9,197)
w(8,909,9,197)
w(11,913,9,197)
w(6,930,9,198)
w(17,934,9,198)
w(8,910,9,198)
w(11,914,9,198)
w(7,909,9,198)
r(14,10,9,198)
r(13,11,9,198)
w(5,944,9,198)
r(9,10,9,198)
r(2,10,9,198)
w(15,898,9,198)
w(3,955,9,198)
w(1,932,9,198)
w(0,888,9,198)
w(16,930,9,198)
r(18,7,9,198)
r(10,485,9,198)
r(19,10,9,198)
r(4,885,9,198)
r(12,9,9,198)
w(12,873,9,199)
w(13,900,9,199)
r(10,485,9,199)
w(7,910,9,199)
r(11,912,9,199)
w(8,911,9,199)
r(5,8,9,199)
w(0,889,9,199)
r(16,929,9,199)
r(9,10,9,199)
w(14,891,9,199)
w(4,887,9,199)
w(19,913,9,199)
r(6,10,9,199)
r(18,7,9,199)
r(2,10,9,199)
w(17,935,9,199)
w(15,899,9,199)
r(1,527,9,199)
r(3,953,9,199)
