w(4,1,0,0)
w(2,1,0,0)
w(19,1,0,0)
r(15,101,0,0)
r(18,97,0,0)
w(1,1,0,0)
r(3,113,0,0)
r(9,107,0,0)
w(5,1,0,0)
w(12,1,0,0)
w(8,1,0,0)
r(6,96,0,0)
w(13,1,0,0)
w(16,1,0,0)
r(11,98,0,0)
r(14,93,0,0)
r(7,101,0,0)
r(0,99,0,0)
r(17,107,0,0)
w(10,1,0,0)
w(15,1,0,1)
w(6,1,0,1)
w(1,2,0,1)
r(13,1,0,1)
w(17,1,0,1)
w(12,2,0,1)
w(0,1,0,1)
r(9,107,0,1)
r(3,113,0,1)
w(10,2,0,1)
r(19,1,0,1)
r(7,101,0,1)
r(2,1,0,1)
w(11,1,0,1)
r(18,97,0,1)
r(4,1,0,1)
r(14,93,0,1)
r(8,1,0,1)
w(16,2,0,1)
w(5,2,0,1)
r(7,101,0,2)
r(15,101,0,2)
w(11,2,0,2)
w(3,1,0,2)
w(1,3,0,2)
r(5,1,0,2)
r(13,814,0,2)
w(19,2,0,2)
r(18,97,0,2)
r(10,806,0,2)
r(14,820,0,2)
w(8,2,0,2)
r(4,820,0,2)
r(6,801,0,2)
w(0,2,0,2)
r(17,107,0,2)
r(9,795,0,2)
w(12,3,0,2)
w(16,3,0,2)
r(2,1,0,2)
w(15,2,0,3)
w(16,4,0,3)
r(12,1,0,3)
r(17,107,0,3)
w(19,3,0,3)
w(1,4,0,3)
w(2,2,0,3)
r(14,820,0,3)
r(11,98,0,3)
w(13,2,0,3)
w(18,1,0,3)
r(8,1,0,3)
w(9,1,0,3)
w(7,1,0,3)
w(5,3,0,3)
w(10,3,0,3)
r(4,820,0,3)
w(6,2,0,3)
w(0,3,0,3)
r(3,113,0,3)
w(5,4,0,4)
r(17,107,0,4)
w(9,2,0,4)
r(14,820,0,4)
r(15,101,0,4)
w(8,3,0,4)
r(6,801,0,4)
w(3,2,0,4)
w(1,5,0,4)
r(18,97,0,4)
r(4,820,0,4)
r(13,814,0,4)
w(2,3,0,4)
r(0,817,0,4)
w(16,5,0,4)
r(19,825,0,4)
r(12,1,0,4)
w(11,3,0,4)
w(10,4,0,4)
w(7,2,0,4)
r(1,818,0,5)
w(10,5,0,5)
w(0,4,0,5)
w(9,3,0,5)
r(8,1,0,5)
r(17,107,0,5)
r(4,820,0,5)
r(3,113,0,5)
w(14,1,0,5)
r(15,101,0,5)
r(12,1,0,5)
w(16,6,0,5)
r(7,101,0,5)
r(2,1,0,5)
r(13,814,0,5)
r(5,1,0,5)
r(6,801,0,5)
w(19,4,0,5)
w(11,4,0,5)
w(18,2,0,5)
r(17,605,0,6)
r(9,610,0,6)
r(19,825,0,6)
w(1,6,0,6)
r(12,610,0,6)
r(8,599,0,6)
r(3,113,0,6)
r(5,1,0,6)
r(16,593,0,6)
r(18,97,0,6)
w(4,2,0,6)
r(11,98,0,6)
r(13,617,0,6)
w(10,6,0,6)
r(0,817,0,6)
r(2,1,0,6)
w(15,3,0,6)
r(7,600,0,6)
r(14,820,0,6)
w(6,3,0,6)
w(4,3,0,7)
r(7,600,0,7)
r(2,1,0,7)
r(10,601,0,7)
r(3,113,0,7)
r(1,611,0,7)
r(15,101,0,7)
w(18,3,0,7)
w(19,5,0,7)
w(0,5,0,7)
r(9,610,0,7)
r(6,801,0,7)
r(12,610,0,7)
r(16,593,0,7)
r(5,1,0,7)
w(13,3,0,7)
w(14,2,0,7)
r(11,98,0,7)
r(8,599,0,7)
r(17,605,0,7)
w(4,4,0,8)
r(16,487,0,8)
w(11,5,0,8)
r(5,477,0,8)
r(10,510,0,8)
r(0,514,0,8)
r(2,502,0,8)
r(1,502,0,8)
w(18,4,0,8)
r(19,513,0,8)
w(13,4,0,8)
r(17,706,0,8)
w(15,4,0,8)
r(7,705,0,8)
w(9,4,0,8)
r(12,508,0,8)
r(3,718,0,8)
w(14,3,0,8)
w(8,4,0,8)
w(6,4,0,8)
w(1,7,0,9)
r(12,508,0,9)
r(9,513,0,9)
r(4,518,0,9)
w(18,5,0,9)
r(2,502,0,9)
r(15,522,0,9)
w(16,7,0,9)
w(6,5,0,9)
r(10,510,0,9)
w(11,6,0,9)
r(8,498,0,9)
r(3,718,0,9)
r(19,513,0,9)
r(7,705,0,9)
r(17,706,0,9)
w(14,4,0,9)
r(13,514,0,9)
w(5,5,0,9)
r(0,514,0,9)
w(1,8,0,10)
r(14,719,0,10)
r(19,513,0,10)
r(12,408,0,10)
w(2,4,0,10)
w(18,6,0,10)
r(10,510,0,10)
r(5,394,0,10)
r(4,411,0,10)
r(3,410,0,10)
r(0,411,0,10)
w(15,5,0,10)
r(16,487,0,10)
r(7,705,0,10)
r(6,508,0,10)
w(13,5,0,10)
r(8,401,0,10)
w(9,5,0,10)
r(11,501,0,10)
r(17,406,0,10)
w(19,6,0,11)
w(5,6,0,11)
r(9,513,0,11)
r(0,411,0,11)
r(12,617,0,11)
r(6,606,0,11)
r(11,501,0,11)
r(4,411,0,11)
r(13,624,0,11)
w(2,5,0,11)
w(16,8,0,11)
w(7,3,0,11)
r(18,596,0,11)
w(3,3,0,11)
r(17,610,0,11)
w(14,5,0,11)
w(1,9,0,11)
w(10,7,0,11)
w(8,5,0,11)
r(15,628,0,11)
r(1,400,0,12)
r(4,411,0,12)
w(16,9,0,12)
r(6,606,0,12)
r(10,510,0,12)
w(8,6,0,12)
w(12,4,0,12)
r(7,604,0,12)
r(15,628,0,12)
w(0,6,0,12)
r(19,627,0,12)
r(9,513,0,12)
w(2,6,0,12)
r(5,394,0,12)
w(17,2,0,12)
r(3,626,0,12)
w(13,6,0,12)
w(11,7,0,12)
r(14,621,0,12)
w(18,7,0,12)
w(9,6,0,13)
w(14,6,0,13)
r(16,487,0,13)
r(2,502,0,13)
r(8,605,0,13)
r(17,610,0,13)
w(6,6,0,13)
w(12,5,0,13)
r(18,596,0,13)
w(1,10,0,13)
w(7,4,0,13)
r(10,510,0,13)
w(19,7,0,13)
w(5,7,0,13)
r(4,411,0,13)
w(13,7,0,13)
r(15,628,0,13)
w(11,8,0,13)
w(3,4,0,13)
r(0,411,0,13)
w(11,9,0,14)
w(14,7,0,14)
r(7,604,0,14)
r(10,510,0,14)
w(8,7,0,14)
w(17,3,0,14)
r(4,411,0,14)
w(3,5,0,14)
w(16,10,0,14)
r(18,596,0,14)
r(13,624,0,14)
w(19,8,0,14)
w(5,8,0,14)
w(6,7,0,14)
r(9,513,0,14)
r(15,628,0,14)
r(1,400,0,14)
w(2,7,0,14)
w(0,7,0,14)
r(12,617,0,14)
r(8,605,0,15)
r(4,411,0,15)
w(12,6,0,15)
r(6,606,0,15)
r(15,628,0,15)
r(9,513,0,15)
r(19,627,0,15)
w(1,11,0,15)
w(2,8,0,15)
w(0,8,0,15)
r(5,394,0,15)
r(10,510,0,15)
r(13,624,0,15)
w(17,4,0,15)
w(3,6,0,15)
w(14,8,0,15)
w(11,10,0,15)
w(7,5,0,15)
r(18,596,0,15)
r(16,487,0,15)
r(4,411,0,16)
w(2,9,0,16)
r(17,610,0,16)
r(10,510,0,16)
r(16,487,0,16)
w(8,8,0,16)
w(11,11,0,16)
r(1,400,0,16)
w(19,9,0,16)
w(12,7,0,16)
w(3,7,0,16)
w(0,9,0,16)
r(14,621,0,16)
w(13,8,0,16)
w(7,6,0,16)
r(18,596,0,16)
w(15,6,0,16)
r(6,606,0,16)
r(9,513,0,16)
w(5,9,0,16)
r(14,621,0,17)
w(11,12,0,17)
w(13,9,0,17)
r(8,605,0,17)
r(9,513,0,17)
w(0,10,0,17)
r(16,487,0,17)
r(1,400,0,17)
r(12,617,0,17)
r(15,628,0,17)
w(3,8,0,17)
r(4,411,0,17)
w(18,8,0,17)
w(10,8,0,17)
w(7,7,0,17)
w(17,5,0,17)
r(5,394,0,17)
w(6,8,0,17)
r(2,502,0,17)
r(19,627,0,17)
r(18,596,0,18)
w(8,9,0,18)
r(2,502,0,18)
r(5,394,0,18)
w(1,12,0,18)
w(9,7,0,18)
w(19,10,0,18)
w(12,8,0,18)
r(3,626,0,18)
r(10,510,0,18)
r(6,606,0,18)
r(14,621,0,18)
w(15,7,0,18)
r(4,411,0,18)
w(7,8,0,18)
r(13,624,0,18)
r(0,411,0,18)
r(17,610,0,18)
w(16,11,0,18)
w(11,13,0,18)
w(13,10,0,19)
w(19,11,0,19)
r(18,100,0,19)
w(2,10,0,19)
w(3,9,0,19)
r(11,501,0,19)
w(17,6,0,19)
r(7,604,0,19)
w(10,9,0,19)
r(6,101,0,19)
r(1,110,0,19)
w(15,8,0,19)
w(8,10,0,19)
w(14,9,0,19)
r(0,106,0,19)
r(4,107,0,19)
w(5,10,0,19)
w(12,9,0,19)
w(9,8,0,19)
r(16,487,0,19)
r(2,0,1,20)
r(15,0,1,20)
w(18,94,1,20)
r(13,0,1,20)
w(9,105,1,20)
r(8,0,1,20)
r(16,0,1,20)
w(3,110,1,20)
w(1,102,1,20)
r(19,0,1,20)
r(14,0,1,20)
w(4,100,1,20)
r(10,0,1,20)
w(17,106,1,20)
r(11,0,1,20)
r(7,0,1,20)
w(6,93,1,20)
w(0,97,1,20)
r(5,0,1,20)
r(12,0,1,20)
w(2,93,1,21)
w(6,94,1,21)
r(19,0,1,21)
w(10,99,1,21)
r(11,0,1,21)
r(4,100,1,21)
r(7,0,1,21)
w(8,88,1,21)
r(16,0,1,21)
w(17,107,1,21)
r(18,94,1,21)
w(0,98,1,21)
w(12,99,1,21)
w(9,106,1,21)
w(5,88,1,21)
r(14,0,1,21)
r(13,0,1,21)
w(1,103,1,21)
r(15,0,1,21)
w(3,111,1,21)
w(2,94,1,22)
r(10,99,1,22)
w(11,97,1,22)
w(12,100,1,22)
r(15,0,1,22)
r(16,0,1,22)
w(7,101,1,22)
r(17,107,1,22)
w(6,95,1,22)
w(8,89,1,22)
r(19,0,1,22)
r(0,98,1,22)
w(13,105,1,22)
w(3,112,1,22)
w(1,104,1,22)
w(14,93,1,22)
r(5,88,1,22)
r(4,100,1,22)
w(18,95,1,22)
r(9,106,1,22)
r(17,107,1,23)
w(9,107,1,23)
r(14,93,1,23)
w(11,98,1,23)
r(16,0,1,23)
r(7,101,1,23)
r(19,0,1,23)
r(12,100,1,23)
w(15,101,1,23)
r(0,98,1,23)
w(2,95,1,23)
r(1,104,1,23)
w(8,90,1,23)
w(10,100,1,23)
w(6,96,1,23)
r(13,105,1,23)
w(3,113,1,23)
r(4,100,1,23)
r(5,88,1,23)
w(18,96,1,23)
r(15,101,1,24)
w(2,96,1,24)
r(3,113,1,24)
w(5,89,1,24)
r(7,101,1,24)
w(18,97,1,24)
r(19,0,1,24)
r(14,93,1,24)
r(11,98,1,24)
r(16,0,1,24)
r(17,107,1,24)
w(1,105,1,24)
w(10,101,1,24)
w(12,101,1,24)
r(6,96,1,24)
r(9,107,1,24)
w(13,106,1,24)
r(4,100,1,24)
r(8,90,1,24)
w(0,99,1,24)
w(7,102,1,25)
w(15,102,1,25)
r(1,1,1,25)
w(16,108,1,25)
r(12,1,1,25)
w(9,108,1,25)
r(10,1,1,25)
w(2,97,1,25)
w(19,94,1,25)
r(5,1,1,25)
r(18,97,1,25)
r(17,107,1,25)
r(0,99,1,25)
w(6,97,1,25)
w(13,107,1,25)
w(3,114,1,25)
w(14,94,1,25)
w(4,101,1,25)
r(8,1,1,25)
r(11,98,1,25)
r(16,790,1,26)
w(4,102,1,26)
w(8,91,1,26)
w(7,103,1,26)
r(18,97,1,26)
r(17,107,1,26)
r(10,806,1,26)
r(1,818,1,26)
r(15,101,1,26)
r(3,113,1,26)
r(12,1,1,26)
r(5,1,1,26)
w(19,95,1,26)
r(0,817,1,26)
w(13,108,1,26)
w(9,109,1,26)
r(14,820,1,26)
w(2,98,1,26)
r(11,98,1,26)
r(6,801,1,26)
r(17,107,1,27)
r(18,97,1,27)
r(5,1,1,27)
w(6,98,1,27)
w(1,106,1,27)
r(11,98,1,27)
r(15,101,1,27)
r(9,795,1,27)
r(10,806,1,27)
r(16,790,1,27)
r(4,820,1,27)
w(0,100,1,27)
w(12,102,1,27)
w(2,99,1,27)
w(7,104,1,27)
w(3,115,1,27)
r(14,820,1,27)
w(8,92,1,27)
w(13,109,1,27)
w(19,96,1,27)
w(7,105,1,28)
w(15,103,1,28)
w(3,116,1,28)
r(12,1,1,28)
r(13,814,1,28)
r(1,818,1,28)
r(5,1,1,28)
r(14,820,1,28)
r(17,107,1,28)
r(4,820,1,28)
r(9,795,1,28)
w(2,100,1,28)
w(0,101,1,28)
w(19,97,1,28)
w(11,99,1,28)
w(6,99,1,28)
r(16,790,1,28)
r(10,806,1,28)
r(8,1,1,28)
w(18,98,1,28)
r(18,490,1,29)
r(15,522,1,29)
r(17,706,1,29)
r(9,513,1,29)
r(19,513,1,29)
r(10,510,1,29)
r(13,514,1,29)
r(3,718,1,29)
r(1,502,1,29)
w(12,103,1,29)
w(0,102,1,29)
r(5,477,1,29)
w(6,100,1,29)
w(7,106,1,29)
r(11,501,1,29)
w(8,93,1,29)
w(14,95,1,29)
w(16,109,1,29)
w(4,103,1,29)
w(2,101,1,29)
w(11,100,1,30)
r(8,605,1,30)
r(19,627,1,30)
r(3,626,1,30)
r(9,513,1,30)
w(4,104,1,30)
r(10,510,1,30)
w(17,108,1,30)
r(14,621,1,30)
r(18,596,1,30)
r(15,628,1,30)
w(1,107,1,30)
w(5,90,1,30)
r(7,604,1,30)
w(16,110,1,30)
r(0,411,1,30)
w(13,110,1,30)
r(6,606,1,30)
r(2,502,1,30)
r(12,617,1,30)
r(10,510,1,31)
r(6,606,1,31)
r(19,627,1,31)
w(15,104,1,31)
r(14,621,1,31)
r(4,411,1,31)
r(8,605,1,31)
r(18,596,1,31)
w(1,108,1,31)
w(3,117,1,31)
w(13,111,1,31)
w(9,110,1,31)
w(16,111,1,31)
w(7,107,1,31)
r(11,501,1,31)
r(17,610,1,31)
w(12,104,1,31)
w(5,91,1,31)
r(2,502,1,31)
w(0,103,1,31)
r(5,394,1,32)
w(8,94,1,32)
r(1,400,1,32)
w(18,99,1,32)
w(16,112,1,32)
w(14,96,1,32)
r(13,624,1,32)
r(6,606,1,32)
w(11,101,1,32)
r(3,626,1,32)
r(10,510,1,32)
w(7,108,1,32)
r(15,628,1,32)
w(17,109,1,32)
w(12,105,1,32)
w(0,104,1,32)
r(2,502,1,32)
r(9,513,1,32)
w(4,105,1,32)
w(19,98,1,32)
w(12,106,1,33)
w(9,111,1,33)
w(10,102,1,33)
w(13,112,1,33)
w(4,106,1,33)
w(17,110,1,33)
w(19,99,1,33)
w(1,109,1,33)
w(0,105,1,33)
r(2,502,1,33)
r(6,606,1,33)
r(15,628,1,33)
w(14,97,1,33)
r(16,487,1,33)
w(7,109,1,33)
w(11,102,1,33)
w(5,92,1,33)
w(8,95,1,33)
r(18,596,1,33)
r(3,626,1,33)
w(15,105,1,34)
w(12,107,1,34)
r(11,501,1,34)
w(13,113,1,34)
r(5,394,1,34)
r(7,604,1,34)
w(19,100,1,34)
r(10,510,1,34)
w(18,100,1,34)
r(2,502,1,34)
w(8,96,1,34)
r(9,513,1,34)
w(3,118,1,34)
w(14,98,1,34)
w(1,110,1,34)
w(17,111,1,34)
w(6,101,1,34)
r(16,487,1,34)
w(4,107,1,34)
w(0,106,1,34)
w(15,106,1,35)
r(14,98,1,35)
r(12,107,1,35)
w(0,107,1,35)
w(6,102,1,35)
r(7,604,1,35)
r(3,118,1,35)
w(17,112,1,35)
r(11,501,1,35)
w(10,103,1,35)
w(5,93,1,35)
r(13,113,1,35)
r(16,487,1,35)
r(2,502,1,35)
r(4,107,1,35)
r(19,100,1,35)
w(1,111,1,35)
r(9,513,1,35)
r(18,100,1,35)
r(8,96,1,35)
w(2,102,1,36)
r(8,96,1,36)
r(10,510,1,36)
w(12,108,1,36)
r(7,604,1,36)
w(17,113,1,36)
w(16,113,1,36)
r(14,98,1,36)
w(9,112,1,36)
w(11,103,1,36)
r(3,118,1,36)
w(15,107,1,36)
w(6,103,1,36)
w(0,108,1,36)
r(5,394,1,36)
w(4,108,1,36)
w(13,114,1,36)
w(18,101,1,36)
r(19,100,1,36)
w(1,112,1,36)
w(19,101,1,37)
w(6,104,1,37)
w(0,109,1,37)
w(12,109,1,37)
w(9,113,1,37)
w(3,119,1,37)
w(4,109,1,37)
r(11,501,1,37)
r(14,98,1,37)
w(5,94,1,37)
w(15,108,1,37)
w(17,114,1,37)
w(8,97,1,37)
r(7,604,1,37)
w(2,103,1,37)
r(1,110,1,37)
w(16,114,1,37)
w(18,102,1,37)
r(13,113,1,37)
w(10,104,1,37)
r(10,510,1,38)
w(17,115,1,38)
w(3,120,1,38)
w(1,113,1,38)
w(14,99,1,38)
r(15,630,1,38)
r(19,629,1,38)
w(2,104,1,38)
w(4,110,1,38)
r(12,907,1,38)
r(18,884,1,38)
w(0,110,1,38)
r(13,627,1,38)
w(6,105,1,38)
w(9,114,1,38)
r(16,597,1,38)
r(11,619,1,38)
w(5,95,1,38)
w(7,110,1,38)
r(8,607,1,38)
r(13,627,1,39)
r(6,105,1,39)
r(10,510,1,39)
r(17,115,1,39)
r(7,110,1,39)
w(19,102,1,39)
r(4,110,1,39)
w(0,111,1,39)
w(1,114,1,39)
w(11,104,1,39)
r(15,630,1,39)
r(14,99,1,39)
r(8,607,1,39)
r(5,95,1,39)
r(2,104,1,39)
r(3,120,1,39)
r(9,114,1,39)
r(18,884,1,39)
w(12,110,1,39)
r(16,597,1,39)
w(16,207,2,40)
r(19,1,2,40)
r(14,93,2,40)
r(10,1,2,40)
w(1,206,2,40)
w(18,184,2,40)
r(3,113,2,40)
w(11,196,2,40)
w(2,197,2,40)
w(7,196,2,40)
w(13,213,2,40)
w(5,179,2,40)
w(15,207,2,40)
r(9,107,2,40)
w(0,207,2,40)
w(12,205,2,40)
r(6,96,2,40)
r(4,1,2,40)
w(17,205,2,40)
w(8,190,2,40)
w(19,195,2,41)
r(18,97,2,41)
r(16,790,2,41)
w(17,206,2,41)
r(1,818,2,41)
w(3,214,2,41)
w(4,200,2,41)
r(9,795,2,41)
w(2,198,2,41)
r(14,820,2,41)
r(6,801,2,41)
r(13,814,2,41)
r(11,98,2,41)
r(15,101,2,41)
r(12,1,2,41)
r(5,1,2,41)
w(0,208,2,41)
r(10,806,2,41)
w(8,191,2,41)
w(7,197,2,41)
w(2,199,2,42)
w(5,180,2,42)
w(10,203,2,42)
r(12,1,2,42)
w(8,192,2,42)
r(6,801,2,42)
r(17,107,2,42)
r(9,795,2,42)
w(14,184,2,42)
r(4,820,2,42)
r(3,113,2,42)
r(11,98,2,42)
w(19,196,2,42)
w(15,208,2,42)
r(16,790,2,42)
r(7,101,2,42)
r(0,817,2,42)
w(13,214,2,42)
r(1,818,2,42)
w(18,185,2,42)
r(9,795,2,43)
w(13,215,2,43)
r(15,101,2,43)
w(0,209,2,43)
r(12,1,2,43)
w(4,201,2,43)
r(10,806,2,43)
r(3,113,2,43)
r(1,818,2,43)
w(14,185,2,43)
r(6,801,2,43)
r(5,1,2,43)
w(2,200,2,43)
w(18,186,2,43)
w(8,193,2,43)
r(19,825,2,43)
r(17,107,2,43)
r(11,98,2,43)
w(16,208,2,43)
r(7,101,2,43)
r(7,101,2,44)
w(9,202,2,44)
w(17,207,2,44)
r(2,1,2,44)
w(18,187,2,44)
w(19,197,2,44)
w(8,194,2,44)
r(3,113,2,44)
w(15,209,2,44)
w(5,181,2,44)
r(1,818,2,44)
r(6,801,2,44)
w(13,216,2,44)
w(11,197,2,44)
w(10,204,2,44)
w(12,206,2,44)
r(0,817,2,44)
w(14,186,2,44)
r(16,790,2,44)
w(4,202,2,44)
r(13,814,2,45)
r(14,820,2,45)
r(3,113,2,45)
w(19,198,2,45)
r(16,790,2,45)
r(17,107,2,45)
w(7,198,2,45)
w(15,210,2,45)
w(10,205,2,45)
w(4,203,2,45)
w(11,198,2,45)
w(0,210,2,45)
r(12,1,2,45)
r(8,1,2,45)
r(6,801,2,45)
r(9,795,2,45)
r(2,1,2,45)
w(1,207,2,45)
w(5,182,2,45)
w(18,188,2,45)
r(6,801,2,46)
w(2,201,2,46)
r(1,818,2,46)
w(16,209,2,46)
r(15,101,2,46)
w(0,211,2,46)
r(3,113,2,46)
w(19,199,2,46)
r(18,97,2,46)
r(10,806,2,46)
w(5,183,2,46)
r(9,795,2,46)
r(13,814,2,46)
w(4,204,2,46)
r(11,98,2,46)
r(8,1,2,46)
r(17,107,2,46)
w(12,207,2,46)
r(7,101,2,46)
r(14,820,2,46)
w(8,195,2,47)
w(4,205,2,47)
w(19,200,2,47)
w(12,208,2,47)
w(3,215,2,47)
r(17,605,2,47)
w(15,211,2,47)
w(5,184,2,47)
r(10,601,2,47)
r(14,820,2,47)
r(7,600,2,47)
w(18,189,2,47)
r(1,611,2,47)
w(6,193,2,47)
w(2,202,2,47)
r(9,610,2,47)
w(11,199,2,47)
w(0,212,2,47)
w(13,217,2,47)
w(16,210,2,47)
w(4,206,2,48)
r(6,801,2,48)
r(11,98,2,48)
r(17,605,2,48)
w(3,216,2,48)
r(16,593,2,48)
r(5,1,2,48)
r(8,599,2,48)
r(10,601,2,48)
r(14,820,2,48)
r(13,617,2,48)
r(0,817,2,48)
w(9,203,2,48)
r(7,600,2,48)
w(15,212,2,48)
w(2,203,2,48)
w(19,201,2,48)
w(12,209,2,48)
r(18,97,2,48)
w(1,208,2,48)
r(5,477,2,49)
w(2,204,2,49)
w(15,213,2,49)
r(1,502,2,49)
w(13,218,2,49)
r(7,705,2,49)
r(14,719,2,49)
w(0,213,2,49)
w(4,207,2,49)
r(6,508,2,49)
w(3,217,2,49)
w(16,211,2,49)
r(18,490,2,49)
r(8,498,2,49)
w(11,200,2,49)
r(12,508,2,49)
w(17,208,2,49)
r(19,513,2,49)
w(9,204,2,49)
w(10,206,2,49)
w(9,205,2,50)
r(8,498,2,50)
r(17,706,2,50)
w(2,205,2,50)
w(10,207,2,50)
r(5,477,2,50)
r(7,705,2,50)
w(11,201,2,50)
w(1,209,2,50)
w(13,219,2,50)
r(0,514,2,50)
w(19,202,2,50)
r(18,490,2,50)
r(4,518,2,50)
r(15,522,2,50)
w(3,218,2,50)
w(14,187,2,50)
r(6,508,2,50)
r(12,508,2,50)
w(16,212,2,50)
r(17,706,2,51)
r(0,514,2,51)
w(19,203,2,51)
w(1,210,2,51)
r(7,705,2,51)
w(18,190,2,51)
r(4,518,2,51)
w(9,206,2,51)
w(5,185,2,51)
w(2,206,2,51)
r(15,522,2,51)
r(13,514,2,51)
w(6,194,2,51)
w(11,202,2,51)
w(3,219,2,51)
r(8,498,2,51)
w(10,208,2,51)
w(16,213,2,51)
r(14,719,2,51)
w(12,210,2,51)
r(3,626,2,52)
r(8,605,2,52)
w(0,214,2,52)
w(7,199,2,52)
r(18,596,2,52)
r(13,624,2,52)
r(10,510,2,52)
w(9,207,2,52)
r(6,606,2,52)
r(2,502,2,52)
w(4,208,2,52)
w(11,203,2,52)
r(19,627,2,52)
r(15,628,2,52)
w(17,209,2,52)
r(12,617,2,52)
w(14,188,2,52)
r(5,394,2,52)
r(1,400,2,52)
w(16,214,2,52)
w(15,214,2,53)
w(10,209,2,53)
w(14,189,2,53)
w(7,200,2,53)
r(16,487,2,53)
r(6,606,2,53)
r(9,513,2,53)
w(12,211,2,53)
r(2,502,2,53)
w(4,209,2,53)
r(19,627,2,53)
r(11,501,2,53)
r(18,596,2,53)
r(5,394,2,53)
w(8,196,2,53)
r(3,626,2,53)
r(0,411,2,53)
r(1,400,2,53)
r(17,610,2,53)
w(13,220,2,53)
r(6,606,2,54)
w(16,215,2,54)
w(19,204,2,54)
w(10,210,2,54)
r(3,626,2,54)
w(9,208,2,54)
r(11,501,2,54)
r(12,617,2,54)
r(18,596,2,54)
r(1,400,2,54)
r(2,502,2,54)
r(14,621,2,54)
w(13,221,2,54)
w(5,186,2,54)
r(0,411,2,54)
w(7,201,2,54)
w(17,210,2,54)
w(15,215,2,54)
w(8,197,2,54)
w(4,210,2,54)
r(19,831,2,55)
r(1,921,2,55)
r(15,827,2,55)
w(18,191,2,55)
r(0,819,2,55)
r(3,816,2,55)
r(4,825,2,55)
w(14,190,2,55)
r(6,305,2,55)
w(2,207,2,55)
w(12,212,2,55)
w(9,209,2,55)
w(16,216,2,55)
w(8,198,2,55)
r(13,819,2,55)
r(10,814,2,55)
w(11,204,2,55)
w(7,202,2,55)
w(5,187,2,55)
r(17,805,2,55)
w(7,203,2,56)
w(6,195,2,56)
w(0,215,2,56)
w(11,205,2,56)
w(4,211,2,56)
r(8,198,2,56)
r(13,819,2,56)
w(10,211,2,56)
w(19,205,2,56)
r(17,805,2,56)
w(2,208,2,56)
w(3,220,2,56)
w(18,192,2,56)
r(15,827,2,56)
r(9,209,2,56)
w(1,211,2,56)
r(16,216,2,56)
r(12,212,2,56)
r(5,187,2,56)
w(14,191,2,56)
w(19,206,2,57)
w(2,209,2,57)
r(5,187,2,57)
w(15,216,2,57)
r(16,216,2,57)
w(12,213,2,57)
r(14,191,2,57)
r(8,198,2,57)
w(17,211,2,57)
r(0,822,2,57)
w(1,212,2,57)
w(4,212,2,57)
r(6,195,2,57)
r(11,793,2,57)
r(3,820,2,57)
w(13,222,2,57)
r(10,817,2,57)
w(18,193,2,57)
r(7,800,2,57)
r(9,800,2,57)
w(18,194,2,58)
w(13,223,2,58)
w(1,213,2,58)
r(6,195,2,58)
w(0,216,2,58)
w(7,204,2,58)
w(15,217,2,58)
w(3,221,2,58)
r(19,206,2,58)
w(9,210,2,58)
w(17,212,2,58)
r(16,216,2,58)
w(4,213,2,58)
w(12,214,2,58)
r(8,198,2,58)
w(5,188,2,58)
r(14,191,2,58)
w(10,212,2,58)
w(11,206,2,58)
w(2,210,2,58)
w(15,218,2,59)
w(5,189,2,59)
r(16,216,2,59)
w(14,192,2,59)
w(2,211,2,59)
r(19,206,2,59)
w(8,199,2,59)
w(6,196,2,59)
w(10,213,2,59)
r(13,223,2,59)
w(0,217,2,59)
r(18,194,2,59)
w(17,213,2,59)
w(11,207,2,59)
w(4,214,2,59)
r(7,204,2,59)
w(1,214,2,59)
r(3,221,2,59)
r(12,214,2,59)
r(9,210,2,59)
r(12,1,3,60)
r(10,1,3,60)
w(7,299,3,60)
r(15,101,3,60)
r(16,1,3,60)
r(3,113,3,60)
w(19,297,3,60)
w(11,305,3,60)
w(1,304,3,60)
w(18,283,3,60)
w(0,311,3,60)
r(8,1,3,60)
r(6,96,3,60)
w(9,307,3,60)
r(5,1,3,60)
w(2,308,3,60)
w(14,286,3,60)
w(4,305,3,60)
w(13,319,3,60)
r(17,107,3,60)
r(13,1,3,61)
w(15,302,3,61)
r(19,1,3,61)
w(1,305,3,61)
r(7,101,3,61)
r(18,97,3,61)
w(12,300,3,61)
r(3,113,3,61)
r(11,98,3,61)
w(2,309,3,61)
w(17,304,3,61)
r(8,1,3,61)
w(9,308,3,61)
w(4,306,3,61)
w(5,275,3,61)
w(14,287,3,61)
w(0,312,3,61)
r(10,1,3,61)
w(16,291,3,61)
w(6,296,3,61)
w(18,284,3,62)
w(15,303,3,62)
r(14,820,3,62)
r(0,817,3,62)
w(2,310,3,62)
r(3,113,3,62)
w(6,297,3,62)
r(1,818,3,62)
w(7,300,3,62)
r(4,820,3,62)
w(9,309,3,62)
r(16,790,3,62)
w(11,306,3,62)
r(19,825,3,62)
w(12,301,3,62)
w(5,276,3,62)
r(10,806,3,62)
w(13,320,3,62)
w(17,305,3,62)
w(8,291,3,62)
r(9,610,3,63)
r(12,610,3,63)
w(3,306,3,63)
r(4,622,3,63)
r(0,817,3,63)
w(17,306,3,63)
w(19,298,3,63)
w(6,298,3,63)
r(2,1,3,63)
w(14,288,3,63)
w(13,321,3,63)
w(1,306,3,63)
w(7,301,3,63)
w(5,277,3,63)
w(8,292,3,63)
r(16,593,3,63)
r(18,97,3,63)
w(11,307,3,63)
r(10,601,3,63)
w(15,304,3,63)
w(12,302,3,64)
r(11,501,3,64)
r(16,487,3,64)
w(13,322,3,64)
w(19,299,3,64)
w(7,302,3,64)
w(5,278,3,64)
w(2,311,3,64)
w(15,305,3,64)
r(17,706,3,64)
w(9,310,3,64)
r(18,490,3,64)
w(8,293,3,64)
w(3,307,3,64)
w(10,304,3,64)
w(0,313,3,64)
r(4,518,3,64)
r(1,502,3,64)
w(6,299,3,64)
w(14,289,3,64)
r(6,508,3,65)
r(7,705,3,65)
w(19,300,3,65)
r(12,508,3,65)
w(3,308,3,65)
w(2,312,3,65)
w(10,305,3,65)
r(8,498,3,65)
r(1,502,3,65)
w(16,292,3,65)
w(5,279,3,65)
r(0,514,3,65)
r(18,490,3,65)
r(13,514,3,65)
w(17,307,3,65)
w(11,308,3,65)
r(4,518,3,65)
w(15,306,3,65)
r(9,513,3,65)
r(14,719,3,65)
w(8,294,3,66)
w(18,285,3,66)
r(13,514,3,66)
r(5,477,3,66)
r(17,706,3,66)
w(10,306,3,66)
w(14,290,3,66)
r(2,502,3,66)
r(11,501,3,66)
w(0,314,3,66)
r(1,502,3,66)
w(19,301,3,66)
r(3,718,3,66)
w(15,307,3,66)
w(12,303,3,66)
w(6,300,3,66)
r(9,513,3,66)
w(16,293,3,66)
r(4,518,3,66)
r(7,705,3,66)
w(7,303,3,67)
r(19,627,3,67)
w(15,308,3,67)
r(5,394,3,67)
r(2,502,3,67)
r(0,411,3,67)
r(1,400,3,67)
w(18,286,3,67)
w(12,304,3,67)
r(17,610,3,67)
r(14,621,3,67)
w(6,301,3,67)
w(3,309,3,67)
w(4,307,3,67)
r(16,487,3,67)
r(10,510,3,67)
w(13,323,3,67)
r(9,513,3,67)
w(11,309,3,67)
r(8,605,3,67)
w(8,295,3,68)
r(6,606,3,68)
r(18,596,3,68)
w(7,304,3,68)
w(12,305,3,68)
r(16,487,3,68)
r(2,502,3,68)
r(9,513,3,68)
w(5,280,3,68)
r(1,400,3,68)
w(11,310,3,68)
w(17,308,3,68)
w(15,309,3,68)
w(19,302,3,68)
r(10,510,3,68)
r(0,411,3,68)
r(13,624,3,68)
r(4,411,3,68)
r(14,621,3,68)
r(3,626,3,68)
r(9,513,3,69)
r(2,502,3,69)
w(14,291,3,69)
w(0,315,3,69)
w(3,310,3,69)
w(18,287,3,69)
r(17,610,3,69)
w(11,311,3,69)
w(10,307,3,69)
w(19,303,3,69)
r(1,400,3,69)
r(15,628,3,69)
r(12,617,3,69)
r(13,624,3,69)
w(6,302,3,69)
r(16,487,3,69)
r(4,411,3,69)
r(7,604,3,69)
w(5,281,3,69)
w(8,296,3,69)
w(4,308,3,70)
r(3,626,3,70)
w(17,309,3,70)
w(0,316,3,70)
r(14,621,3,70)
w(12,306,3,70)
r(10,510,3,70)
r(6,606,3,70)
r(2,502,3,70)
r(11,501,3,70)
r(7,604,3,70)
w(18,288,3,70)
r(8,605,3,70)
w(1,307,3,70)
r(16,487,3,70)
r(15,628,3,70)
w(5,282,3,70)
w(9,311,3,70)
r(19,627,3,70)
r(13,624,3,70)
w(10,308,3,71)
r(17,610,3,71)
w(18,289,3,71)
r(14,621,3,71)
r(6,606,3,71)
r(7,604,3,71)
w(8,297,3,71)
r(0,411,3,71)
r(3,626,3,71)
r(2,502,3,71)
r(4,411,3,71)
w(19,304,3,71)
w(9,312,3,71)
w(15,310,3,71)
r(16,487,3,71)
w(12,307,3,71)
r(1,400,3,71)
r(13,624,3,71)
r(5,394,3,71)
w(11,312,3,71)
r(0,411,3,72)
r(10,510,3,72)
w(18,290,3,72)
w(17,310,3,72)
w(16,294,3,72)
r(7,604,3,72)
w(9,313,3,72)
w(15,311,3,72)
r(3,626,3,72)
w(8,298,3,72)
r(5,394,3,72)
r(2,502,3,72)
r(4,411,3,72)
w(19,305,3,72)
w(12,308,3,72)
r(6,606,3,72)
w(13,324,3,72)
w(1,308,3,72)
w(14,292,3,72)
w(11,313,3,72)
r(14,98,3,73)
w(4,309,3,73)
r(5,394,3,73)
w(19,306,3,73)
r(18,100,3,73)
r(6,101,3,73)
w(12,309,3,73)
w(8,299,3,73)
r(2,502,3,73)
r(11,501,3,73)
r(9,513,3,73)
r(7,604,3,73)
w(15,312,3,73)
w(10,309,3,73)
w(3,311,3,73)
r(0,106,3,73)
w(13,325,3,73)
w(16,295,3,73)
r(1,110,3,73)
w(17,311,3,73)
r(1,110,3,74)
r(11,501,3,74)
w(13,326,3,74)
w(7,305,3,74)
r(6,101,3,74)
w(16,296,3,74)
r(9,513,3,74)
w(10,310,3,74)
r(3,118,3,74)
r(18,100,3,74)
w(14,293,3,74)
r(4,107,3,74)
w(17,312,3,74)
r(15,105,3,74)
r(19,100,3,74)
r(2,502,3,74)
w(5,283,3,74)
w(0,317,3,74)
r(12,107,3,74)
w(8,300,3,74)
w(7,306,3,75)
w(13,327,3,75)
r(4,627,3,75)
w(8,301,3,75)
r(11,619,3,75)
r(19,628,3,75)
w(5,284,3,75)
r(14,98,3,75)
r(3,118,3,75)
r(9,513,3,75)
w(2,313,3,75)
w(17,313,3,75)
w(12,310,3,75)
r(1,617,3,75)
w(18,291,3,75)
w(16,297,3,75)
r(0,106,3,75)
r(15,630,3,75)
w(6,303,3,75)
r(10,510,3,75)
w(14,294,3,76)
r(7,607,3,76)
r(2,601,3,76)
w(4,310,3,76)
r(13,627,3,76)
r(16,597,3,76)
w(12,311,3,76)
r(19,629,3,76)
r(1,618,3,76)
w(3,312,3,76)
r(10,510,3,76)
w(5,285,3,76)
r(0,621,3,76)
r(17,613,3,76)
w(8,302,3,76)
w(11,314,3,76)
w(6,304,3,76)
r(18,884,3,76)
w(15,313,3,76)
r(9,618,3,76)
w(5,286,3,77)
w(19,307,3,77)
r(4,110,3,77)
r(3,120,3,77)
w(6,305,3,77)
w(12,312,3,77)
w(13,328,3,77)
r(17,500,3,77)
r(1,507,3,77)
r(2,506,3,77)
w(16,298,3,77)
r(10,510,3,77)
r(8,607,3,77)
r(9,114,3,77)
w(18,292,3,77)
w(0,318,3,77)
w(15,314,3,77)
w(14,295,3,77)
r(7,110,3,77)
w(11,315,3,77)
w(11,316,3,78)
r(12,908,3,78)
r(18,793,3,78)
w(9,314,3,78)
r(5,760,3,78)
w(16,299,3,78)
r(6,305,3,78)
r(7,797,3,78)
w(4,311,3,78)
r(8,895,3,78)
w(13,329,3,78)
w(19,308,3,78)
r(17,805,3,78)
w(2,314,3,78)
r(15,827,3,78)
r(0,819,3,78)
r(10,814,3,78)
r(3,816,3,78)
r(14,823,3,78)
w(1,309,3,78)
r(17,212,3,79)
r(8,198,3,79)
r(7,204,3,79)
r(15,217,3,79)
w(9,315,3,79)
r(14,191,3,79)
r(4,213,3,79)
r(2,210,3,79)
r(16,216,3,79)
w(10,311,3,79)
w(1,310,3,79)
w(11,317,3,79)
r(18,194,3,79)
w(6,306,3,79)
w(19,309,3,79)
r(5,188,3,79)
w(13,330,3,79)
w(3,313,3,79)
r(0,216,3,79)
r(12,214,3,79)
w(10,407,4,80)
r(0,817,4,80)
r(8,1,4,80)
w(2,399,4,80)
r(7,101,4,80)
r(18,97,4,80)
r(19,825,4,80)
w(1,396,4,80)
w(9,410,4,80)
r(15,101,4,80)
r(5,1,4,80)
r(6,801,4,80)
w(14,394,4,80)
r(4,820,4,80)
r(3,113,4,80)
w(16,384,4,80)
r(11,98,4,80)
w(13,420,4,80)
r(17,107,4,80)
r(12,1,4,80)
r(4,820,4,81)
r(10,806,4,81)
r(18,97,4,81)
w(6,399,4,81)
r(2,1,4,81)
r(5,1,4,81)
r(15,101,4,81)
w(8,397,4,81)
w(7,390,4,81)
r(1,818,4,81)
r(0,817,4,81)
r(9,795,4,81)
w(17,401,4,81)
w(12,406,4,81)
r(19,825,4,81)
w(13,421,4,81)
w(11,410,4,81)
r(14,820,4,81)
r(3,113,4,81)
w(16,385,4,81)
r(5,1,4,82)
w(15,406,4,82)
r(14,820,4,82)
r(7,101,4,82)
r(9,795,4,82)
w(3,407,4,82)
r(2,1,4,82)
w(8,398,4,82)
w(19,412,4,82)
w(13,422,4,82)
w(0,406,4,82)
r(6,801,4,82)
w(12,407,4,82)
r(1,818,4,82)
w(11,411,4,82)
r(10,806,4,82)
w(4,406,4,82)
w(18,378,4,82)
r(17,107,4,82)
r(16,790,4,82)
w(17,402,4,83)
r(8,1,4,83)
w(6,400,4,83)
r(4,820,4,83)
w(18,379,4,83)
w(11,412,4,83)
r(12,1,4,83)
w(5,389,4,83)
w(0,407,4,83)
w(2,400,4,83)
r(13,814,4,83)
w(15,407,4,83)
w(16,386,4,83)
w(7,391,4,83)
r(10,806,4,83)
w(19,413,4,83)
w(14,395,4,83)
r(1,818,4,83)
r(3,113,4,83)
r(9,795,4,83)
w(16,387,4,84)
w(17,403,4,84)
r(18,490,4,84)
w(6,401,4,84)
r(12,508,4,84)
w(8,399,4,84)
w(7,392,4,84)
r(19,513,4,84)
r(11,501,4,84)
w(10,408,4,84)
r(2,502,4,84)
w(1,397,4,84)
r(5,477,4,84)
r(9,513,4,84)
r(4,518,4,84)
r(3,718,4,84)
r(13,514,4,84)
w(15,408,4,84)
w(14,396,4,84)
w(0,408,4,84)
w(11,413,4,85)
w(4,407,4,85)
r(7,705,4,85)
r(9,513,4,85)
r(19,513,4,85)
w(17,404,4,85)
r(1,502,4,85)
w(15,409,4,85)
r(13,514,4,85)
w(10,409,4,85)
r(6,508,4,85)
r(3,718,4,85)
r(8,498,4,85)
r(2,502,4,85)
r(0,514,4,85)
w(5,390,4,85)
w(18,380,4,85)
w(14,397,4,85)
r(12,508,4,85)
w(16,388,4,85)
w(14,398,4,86)
w(2,401,4,86)
r(5,477,4,86)
w(17,405,4,86)
w(16,389,4,86)
w(18,381,4,86)
r(10,510,4,86)
r(1,502,4,86)
r(9,513,4,86)
r(13,514,4,86)
r(12,508,4,86)
r(6,508,4,86)
w(11,414,4,86)
r(8,498,4,86)
w(19,414,4,86)
w(7,393,4,86)
w(4,408,4,86)
r(15,522,4,86)
w(0,409,4,86)
r(3,718,4,86)
r(0,514,4,87)
w(5,391,4,87)
r(7,705,4,87)
r(15,522,4,87)
w(1,398,4,87)
w(10,410,4,87)
r(14,719,4,87)
w(4,409,4,87)
r(19,513,4,87)
w(16,390,4,87)
w(2,402,4,87)
r(8,498,4,87)
w(6,402,4,87)
r(17,706,4,87)
r(3,718,4,87)
r(11,501,4,87)
w(13,423,4,87)
w(9,411,4,87)
r(12,508,4,87)
w(18,382,4,87)
r(11,501,4,88)
w(13,424,4,88)
r(8,498,4,88)
r(12,508,4,88)
w(0,410,4,88)
w(15,410,4,88)
w(5,392,4,88)
r(2,502,4,88)
w(9,412,4,88)
r(16,487,4,88)
r(4,518,4,88)
w(19,415,4,88)
w(3,408,4,88)
r(1,502,4,88)
r(6,508,4,88)
w(18,383,4,88)
r(17,706,4,88)
w(10,411,4,88)
r(7,705,4,88)
w(14,399,4,88)
w(5,393,4,89)
r(0,514,4,89)
w(18,384,4,89)
w(1,399,4,89)
r(10,510,4,89)
w(3,409,4,89)
r(15,522,4,89)
r(12,508,4,89)
w(14,400,4,89)
w(16,391,4,89)
w(13,425,4,89)
w(2,403,4,89)
r(19,513,4,89)
w(8,400,4,89)
r(11,501,4,89)
w(7,394,4,89)
w(4,410,4,89)
r(6,508,4,89)
w(9,413,4,89)
r(17,706,4,89)
w(1,400,4,90)
r(7,705,4,90)
r(11,501,4,90)
r(2,502,4,90)
r(9,513,4,90)
r(10,510,4,90)
r(19,513,4,90)
w(5,394,4,90)
w(8,401,4,90)
r(15,522,4,90)
r(13,514,4,90)
w(3,410,4,90)
r(6,508,4,90)
w(18,385,4,90)
w(12,408,4,90)
r(16,487,4,90)
w(0,411,4,90)
w(17,406,4,90)
r(14,719,4,90)
w(4,411,4,90)
r(6,606,4,91)
r(16,487,4,91)
r(13,624,4,91)
r(12,617,4,91)
w(1,401,4,91)
r(10,510,4,91)
w(15,411,4,91)
r(11,501,4,91)
r(2,502,4,91)
w(8,402,4,91)
r(9,513,4,91)
r(17,610,4,91)
w(4,412,4,91)
r(3,626,4,91)
r(5,394,4,91)
r(18,596,4,91)
r(0,411,4,91)
r(7,604,4,91)
w(19,416,4,91)
w(14,401,4,91)
r(0,411,4,92)
w(15,412,4,92)
r(16,487,4,92)
r(3,626,4,92)
w(2,404,4,92)
w(5,395,4,92)
r(14,621,4,92)
r(11,501,4,92)
w(19,417,4,92)
r(17,610,4,92)
r(12,617,4,92)
w(13,426,4,92)
w(7,395,4,92)
r(9,513,4,92)
r(1,400,4,92)
w(10,412,4,92)
w(8,403,4,92)
r(6,606,4,92)
w(18,386,4,92)
r(4,411,4,92)
w(16,392,4,93)
w(8,404,4,93)
w(3,411,4,93)
w(6,403,4,93)
w(17,407,4,93)
w(9,414,4,93)
r(1,110,4,93)
w(13,427,4,93)
r(11,501,4,93)
w(12,409,4,93)
w(10,413,4,93)
r(0,106,4,93)
w(18,387,4,93)
w(5,396,4,93)
w(14,402,4,93)
w(15,413,4,93)
w(19,418,4,93)
w(7,396,4,93)
w(4,413,4,93)
r(2,502,4,93)
w(8,405,4,94)
w(11,415,4,94)
r(5,394,4,94)
r(2,502,4,94)
w(17,408,4,94)
r(15,105,4,94)
w(6,404,4,94)
w(4,414,4,94)
r(14,98,4,94)
w(1,402,4,94)
r(13,113,4,94)
w(12,410,4,94)
r(18,100,4,94)
r(9,513,4,94)
r(3,118,4,94)
w(19,419,4,94)
r(7,604,4,94)
w(16,393,4,94)
r(10,510,4,94)
r(0,106,4,94)
r(18,192,4,95)
r(16,216,4,95)
w(1,403,4,95)
w(11,416,4,95)
w(8,406,4,95)
r(7,203,4,95)
r(5,187,4,95)
r(19,205,4,95)
r(14,191,4,95)
r(0,215,4,95)
r(12,212,4,95)
r(17,805,4,95)
w(4,415,4,95)
r(9,209,4,95)
w(2,405,4,95)
r(10,211,4,95)
r(13,819,4,95)
w(6,405,4,95)
w(3,412,4,95)
w(15,414,4,95)
w(16,394,4,96)
w(15,415,4,96)
r(12,517,4,96)
r(8,198,4,96)
r(2,507,4,96)
r(0,519,4,96)
w(19,420,4,96)
w(11,417,4,96)
w(7,397,4,96)
r(5,188,4,96)
r(9,210,4,96)
w(10,414,4,96)
r(3,511,4,96)
r(1,213,4,96)
r(6,511,4,96)
r(17,501,4,96)
r(13,223,4,96)
r(14,191,4,96)
r(4,213,4,96)
w(18,388,4,96)
r(10,818,4,97)
r(0,519,4,97)
r(13,928,4,97)
r(14,191,4,97)
w(5,397,4,97)
w(3,413,4,97)
r(15,935,4,97)
r(16,216,4,97)
w(12,411,4,97)
w(7,398,4,97)
r(11,898,4,97)
w(2,406,4,97)
r(17,909,4,97)
w(18,389,4,97)
w(6,406,4,97)
w(9,415,4,97)
r(8,897,4,97)
r(19,924,4,97)
w(1,404,4,97)
w(4,416,4,97)
w(14,403,4,98)
w(0,412,4,98)
w(5,398,4,98)
w(15,416,4,98)
r(18,886,4,98)
w(3,414,4,98)
w(11,418,4,98)
w(16,395,4,98)
w(7,399,4,98)
w(6,407,4,98)
w(4,417,4,98)
w(9,416,4,98)
w(2,407,4,98)
w(13,428,4,98)
r(12,910,4,98)
r(10,818,4,98)
r(8,897,4,98)
r(19,925,4,98)
w(17,409,4,98)
w(1,405,4,98)
w(0,413,4,99)
r(17,810,4,99)
r(14,922,4,99)
w(1,406,4,99)
w(10,415,4,99)
r(12,911,4,99)
r(9,921,4,99)
w(15,417,4,99)
w(4,418,4,99)
r(16,797,4,99)
w(2,408,4,99)
w(19,421,4,99)
r(6,905,4,99)
w(18,390,4,99)
w(7,400,4,99)
r(8,898,4,99)
w(5,399,4,99)
r(3,934,4,99)
r(13,824,4,99)
r(11,899,4,99)
w(11,500,5,100)
r(18,97,5,100)
r(8,1,5,100)
r(15,101,5,100)
r(1,1,5,100)
r(2,1,5,100)
w(5,475,5,100)
r(19,1,5,100)
r(6,96,5,100)
w(3,506,5,100)
r(13,1,5,100)
r(14,93,5,100)
r(7,101,5,100)
r(10,1,5,100)
w(12,506,5,100)
r(4,1,5,100)
w(0,512,5,100)
r(17,107,5,100)
r(9,107,5,100)
w(16,485,5,100)
r(11,98,5,101)
r(6,96,5,101)
r(7,101,5,101)
w(10,509,5,101)
w(19,512,5,101)
w(16,486,5,101)
r(18,97,5,101)
r(3,113,5,101)
w(12,507,5,101)
w(1,500,5,101)
r(13,1,5,101)
r(8,1,5,101)
r(4,1,5,101)
w(2,501,5,101)
w(14,502,5,101)
r(17,107,5,101)
w(0,513,5,101)
w(9,511,5,101)
w(5,476,5,101)
r(15,101,5,101)
w(17,493,5,102)
r(13,1,5,102)
r(0,99,5,102)
r(8,1,5,102)
w(1,501,5,102)
r(19,1,5,102)
w(14,503,5,102)
w(4,517,5,102)
r(12,1,5,102)
r(10,1,5,102)
r(7,101,5,102)
r(15,101,5,102)
r(11,98,5,102)
w(9,512,5,102)
w(18,489,5,102)
r(2,1,5,102)
r(5,1,5,102)
r(16,1,5,102)
r(3,113,5,102)
r(6,96,5,102)
w(16,487,5,103)
w(10,510,5,103)
w(19,513,5,103)
w(4,518,5,103)
r(7,705,5,103)
w(18,490,5,103)
w(8,498,5,103)
r(14,719,5,103)
w(2,502,5,103)
w(9,513,5,103)
r(3,718,5,103)
w(13,514,5,103)
w(1,502,5,103)
w(11,501,5,103)
w(6,508,5,103)
w(0,514,5,103)
w(5,477,5,103)
r(17,706,5,103)
w(15,522,5,103)
w(12,508,5,103)
w(7,489,5,104)
r(10,510,5,104)
r(8,498,5,104)
r(4,518,5,104)
r(0,514,5,104)
r(5,477,5,104)
w(16,488,5,104)
r(9,513,5,104)
r(15,522,5,104)
w(18,491,5,104)
r(17,706,5,104)
w(2,503,5,104)
r(11,501,5,104)
w(13,515,5,104)
w(1,503,5,104)
r(19,513,5,104)
r(3,718,5,104)
w(14,504,5,104)
w(12,509,5,104)
r(6,508,5,104)
r(6,508,5,105)
r(18,490,5,105)
w(9,514,5,105)
w(17,494,5,105)
r(5,477,5,105)
r(14,719,5,105)
r(1,502,5,105)
r(3,718,5,105)
w(8,499,5,105)
r(0,514,5,105)
r(7,705,5,105)
w(19,514,5,105)
r(2,502,5,105)
w(13,516,5,105)
r(15,522,5,105)
r(4,518,5,105)
r(11,501,5,105)
w(10,511,5,105)
w(12,510,5,105)
w(16,489,5,105)
r(13,624,5,106)
r(17,610,5,106)
r(1,400,5,106)
r(2,502,5,106)
w(5,478,5,106)
w(12,511,5,106)
r(16,487,5,106)
w(4,519,5,106)
w(14,505,5,106)
w(18,492,5,106)
w(0,515,5,106)
w(7,490,5,106)
w(3,507,5,106)
r(15,628,5,106)
r(8,605,5,106)
r(10,510,5,106)
w(9,515,5,106)
w(19,515,5,106)
r(11,501,5,106)
r(6,606,5,106)
w(18,493,5,107)
r(3,626,5,107)
w(19,516,5,107)
w(13,517,5,107)
r(12,617,5,107)
r(2,502,5,107)
w(5,479,5,107)
w(17,495,5,107)
r(0,411,5,107)
r(7,604,5,107)
r(9,513,5,107)
w(11,502,5,107)
w(4,520,5,107)
w(10,512,5,107)
r(6,606,5,107)
r(15,628,5,107)
w(16,490,5,107)
r(14,621,5,107)
w(8,500,5,107)
r(1,400,5,107)
w(14,506,5,108)
w(3,508,5,108)
r(15,628,5,108)
r(2,502,5,108)
w(10,513,5,108)
w(17,496,5,108)
r(5,394,5,108)
w(1,504,5,108)
r(9,513,5,108)
w(0,516,5,108)
w(18,494,5,108)
w(19,517,5,108)
w(4,521,5,108)
w(12,512,5,108)
r(8,605,5,108)
r(13,624,5,108)
r(11,501,5,108)
r(16,487,5,108)
r(6,606,5,108)
w(7,491,5,108)
w(2,504,5,109)
w(19,518,5,109)
r(17,610,5,109)
r(18,596,5,109)
r(5,394,5,109)
r(8,605,5,109)
w(12,513,5,109)
r(10,510,5,109)
r(1,400,5,109)
w(15,523,5,109)
r(13,624,5,109)
r(11,501,5,109)
r(0,411,5,109)
w(3,509,5,109)
w(7,492,5,109)
r(4,411,5,109)
w(9,516,5,109)
w(6,509,5,109)
w(14,507,5,109)
r(16,487,5,109)
r(15,628,5,110)
r(16,487,5,110)
w(0,517,5,110)
w(17,497,5,110)
r(11,501,5,110)
w(18,495,5,110)
w(10,514,5,110)
w(8,501,5,110)
w(13,518,5,110)
w(19,519,5,110)
w(3,510,5,110)
w(1,505,5,110)
w(12,514,5,110)
r(7,604,5,110)
r(4,411,5,110)
r(5,394,5,110)
r(2,502,5,110)
r(9,513,5,110)
r(14,621,5,110)
r(6,606,5,110)
r(13,627,5,111)
r(8,607,5,111)
w(9,517,5,111)
w(10,515,5,111)
w(5,480,5,111)
w(6,510,5,111)
w(1,506,5,111)
w(17,498,5,111)
r(0,621,5,111)
w(12,515,5,111)
w(2,505,5,111)
w(15,524,5,111)
r(3,118,5,111)
w(18,496,5,111)
w(7,493,5,111)
r(14,624,5,111)
r(4,922,5,111)
w(19,520,5,111)
r(16,597,5,111)
r(11,619,5,111)
w(4,522,5,112)
r(1,113,5,112)
r(2,104,5,112)
r(14,99,5,112)
w(11,503,5,112)
r(6,105,5,112)
w(15,525,5,112)
r(9,114,5,112)
r(7,110,5,112)
w(18,497,5,112)
r(5,95,5,112)
w(10,516,5,112)
w(16,491,5,112)
w(17,499,5,112)
w(8,502,5,112)
w(19,521,5,112)
w(12,516,5,112)
w(0,518,5,112)
w(13,519,5,112)
r(3,120,5,112)
w(17,500,5,113)
r(15,630,5,113)
r(10,510,5,113)
r(16,597,5,113)
r(19,629,5,113)
w(2,506,5,113)
r(12,907,5,113)
r(13,627,5,113)
r(18,884,5,113)
r(0,110,5,113)
w(11,504,5,113)
r(6,105,5,113)
r(9,114,5,113)
r(4,110,5,113)
w(1,507,5,113)
r(5,95,5,113)
w(14,508,5,113)
r(7,110,5,113)
r(8,607,5,113)
r(3,120,5,113)
r(19,206,5,114)
w(18,498,5,114)
r(4,213,5,114)
r(7,204,5,114)
r(9,210,5,114)
w(15,526,5,114)
r(11,206,5,114)
w(10,517,5,114)
r(1,213,5,114)
w(2,507,5,114)
w(12,517,5,114)
r(8,198,5,114)
w(6,511,5,114)
w(0,519,5,114)
w(3,511,5,114)
w(17,501,5,114)
r(5,188,5,114)
r(16,216,5,114)
r(14,191,5,114)
r(13,223,5,114)
w(18,499,5,115)
w(14,509,5,115)
w(10,518,5,115)
w(12,518,5,115)
r(19,206,5,115)
w(2,508,5,115)
w(8,503,5,115)
r(7,204,5,115)
r(17,501,5,115)
w(15,527,5,115)
r(9,210,5,115)
r(11,206,5,115)
r(3,511,5,115)
r(13,223,5,115)
r(0,519,5,115)
r(5,188,5,115)
w(16,492,5,115)
w(4,523,5,115)
r(1,213,5,115)
r(6,511,5,115)
w(18,500,5,116)
r(19,925,5,116)
w(3,512,5,116)
w(7,494,5,116)
w(11,505,5,116)
w(1,508,5,116)
w(13,520,5,116)
w(15,528,5,116)
w(6,512,5,116)
r(2,407,5,116)
r(0,412,5,116)
r(9,416,5,116)
r(14,403,5,116)
r(16,395,5,116)
w(10,519,5,116)
w(4,524,5,116)
w(12,519,5,116)
r(8,897,5,116)
r(17,409,5,116)
w(5,481,5,116)
r(5,481,5,117)
r(13,520,5,117)
r(14,403,5,117)
w(16,493,5,117)
w(15,529,5,117)
r(3,512,5,117)
w(18,501,5,117)
r(17,409,5,117)
w(6,513,5,117)
r(11,505,5,117)
r(19,925,5,117)
w(9,518,5,117)
w(0,520,5,117)
r(7,494,5,117)
w(12,520,5,117)
w(8,504,5,117)
r(2,407,5,117)
w(10,520,5,117)
w(4,525,5,117)
w(1,509,5,117)
w(0,521,5,118)
w(11,506,5,118)
w(6,514,5,118)
w(3,513,5,118)
w(4,526,5,118)
r(8,504,5,118)
r(13,823,5,118)
r(18,796,5,118)
w(14,510,5,118)
r(9,920,5,118)
w(19,522,5,118)
r(2,901,5,118)
w(16,494,5,118)
w(12,521,5,118)
r(15,937,5,118)
r(7,891,5,118)
r(10,915,5,118)
w(5,482,5,118)
r(17,409,5,118)
r(1,509,5,118)
r(11,899,5,119)
r(5,870,5,119)
w(12,522,5,119)
w(10,521,5,119)
w(14,511,5,119)
w(13,521,5,119)
r(3,934,5,119)
w(7,495,5,119)
w(2,509,5,119)
w(18,502,5,119)
w(6,515,5,119)
r(19,926,5,119)
w(0,522,5,119)
w(17,502,5,119)
w(1,510,5,119)
r(4,828,5,119)
r(16,797,5,119)
w(8,505,5,119)
r(9,921,5,119)
w(15,530,5,119)
w(11,610,6,120)
r(1,1,6,120)
r(8,1,6,120)
w(19,618,6,120)
r(0,99,6,120)
r(10,1,6,120)
r(16,1,6,120)
r(9,107,6,120)
w(3,621,6,120)
w(17,601,6,120)
w(14,613,6,120)
w(13,613,6,120)
w(5,560,6,120)
w(18,588,6,120)
r(12,1,6,120)
w(7,593,6,120)
w(4,618,6,120)
w(6,596,6,120)
w(15,620,6,120)
w(2,591,6,120)
r(13,814,6,121)
w(4,619,6,121)
r(5,1,6,121)
r(11,98,6,121)
w(8,595,6,121)
w(7,594,6,121)
r(12,1,6,121)
r(3,113,6,121)
w(2,592,6,121)
r(6,801,6,121)
w(10,599,6,121)
r(15,101,6,121)
r(19,825,6,121)
r(16,790,6,121)
r(9,795,6,121)
w(0,614,6,121)
r(18,97,6,121)
r(17,107,6,121)
w(14,614,6,121)
r(1,818,6,121)
w(9,608,6,122)
r(14,820,6,122)
w(2,593,6,122)
r(19,825,6,122)
r(5,1,6,122)
r(1,818,6,122)
r(16,790,6,122)
w(15,621,6,122)
w(12,606,6,122)
w(3,622,6,122)
w(18,589,6,122)
r(8,1,6,122)
r(10,806,6,122)
r(4,820,6,122)
w(13,614,6,122)
w(7,595,6,122)
w(11,611,6,122)
w(17,602,6,122)
w(6,597,6,122)
r(0,817,6,122)
w(12,607,6,123)
r(9,795,6,123)
w(7,596,6,123)
w(16,591,6,123)
r(14,820,6,123)
r(1,818,6,123)
r(11,98,6,123)
r(0,817,6,123)
r(17,107,6,123)
r(4,820,6,123)
w(19,619,6,123)
w(13,615,6,123)
w(15,622,6,123)
r(3,113,6,123)
w(6,598,6,123)
w(18,590,6,123)
r(10,806,6,123)
w(8,596,6,123)
w(5,561,6,123)
w(2,594,6,123)
r(15,101,6,124)
w(7,597,6,124)
r(1,818,6,124)
w(9,609,6,124)
r(3,113,6,124)
w(19,620,6,124)
w(5,562,6,124)
w(14,615,6,124)
r(11,98,6,124)
r(8,1,6,124)
r(13,814,6,124)
r(18,97,6,124)
w(16,592,6,124)
w(17,603,6,124)
r(2,1,6,124)
r(6,801,6,124)
w(4,620,6,124)
w(0,615,6,124)
r(10,806,6,124)
r(12,1,6,124)
w(14,616,6,125)
r(10,806,6,125)
w(15,623,6,125)
w(19,621,6,125)
w(4,621,6,125)
w(18,591,6,125)
r(11,98,6,125)
w(13,616,6,125)
r(17,107,6,125)
w(8,597,6,125)
r(1,818,6,125)
w(6,599,6,125)
w(3,623,6,125)
r(2,1,6,125)
r(16,790,6,125)
w(7,598,6,125)
w(5,563,6,125)
w(0,616,6,125)
w(12,608,6,125)
r(9,795,6,125)
w(10,600,6,126)
w(5,564,6,126)
w(17,604,6,126)
r(9,795,6,126)
r(4,820,6,126)
w(0,617,6,126)
r(13,814,6,126)
r(16,790,6,126)
w(11,612,6,126)
r(18,97,6,126)
r(1,818,6,126)
w(8,598,6,126)
w(6,600,6,126)
r(3,113,6,126)
w(19,622,6,126)
w(2,595,6,126)
w(12,609,6,126)
r(15,101,6,126)
w(14,617,6,126)
w(7,599,6,126)
r(15,101,6,127)
r(5,1,6,127)
w(7,600,6,127)
r(2,1,6,127)
r(19,825,6,127)
r(14,820,6,127)
r(3,113,6,127)
w(12,610,6,127)
w(1,611,6,127)
w(17,605,6,127)
w(4,622,6,127)
w(13,617,6,127)
r(18,97,6,127)
w(8,599,6,127)
r(6,801,6,127)
r(11,98,6,127)
w(9,610,6,127)
r(0,817,6,127)
w(16,593,6,127)
w(10,601,6,127)
r(1,611,6,128)
w(10,602,6,128)
w(6,601,6,128)
r(8,697,6,128)
r(15,721,6,128)
r(18,690,6,128)
w(12,611,6,128)
w(2,596,6,128)
r(3,718,6,128)
r(7,705,6,128)
w(5,565,6,128)
w(4,623,6,128)
w(11,613,6,128)
r(14,719,6,128)
w(17,606,6,128)
w(19,623,6,128)
w(9,611,6,128)
w(13,618,6,128)
w(0,618,6,128)
r(16,694,6,128)
r(12,610,6,129)
w(7,601,6,129)
r(9,696,6,129)
w(5,566,6,129)
w(6,602,6,129)
w(13,619,6,129)
w(14,618,6,129)
w(18,592,6,129)
w(8,600,6,129)
w(19,624,6,129)
r(4,622,6,129)
r(15,721,6,129)
r(16,694,6,129)
r(0,722,6,129)
r(17,706,6,129)
w(3,624,6,129)
r(2,1,6,129)
w(1,612,6,129)
r(10,699,6,129)
w(11,614,6,129)
w(15,624,6,130)
w(5,567,6,130)
r(1,502,6,130)
r(16,487,6,130)
r(10,510,6,130)
r(19,513,6,130)
r(4,518,6,130)
w(6,603,6,130)
r(2,502,6,130)
w(8,601,6,130)
r(0,514,6,130)
w(17,607,6,130)
w(12,612,6,130)
w(9,612,6,130)
w(13,620,6,130)
r(3,718,6,130)
r(18,490,6,130)
w(11,615,6,130)
w(14,619,6,130)
w(7,602,6,130)
r(8,498,6,131)
w(1,613,6,131)
r(19,513,6,131)
w(6,604,6,131)
r(10,510,6,131)
r(11,501,6,131)
w(13,621,6,131)
r(14,719,6,131)
w(0,619,6,131)
w(15,625,6,131)
r(4,518,6,131)
r(17,706,6,131)
r(16,487,6,131)
w(18,593,6,131)
w(12,613,6,131)
w(5,568,6,131)
w(9,613,6,131)
r(3,718,6,131)
r(2,502,6,131)
w(7,603,6,131)
r(13,514,6,132)
w(5,569,6,132)
w(9,614,6,132)
w(1,614,6,132)
w(2,597,6,132)
w(0,620,6,132)
w(17,608,6,132)
w(10,603,6,132)
w(3,625,6,132)
r(6,508,6,132)
r(16,487,6,132)
w(18,594,6,132)
r(14,719,6,132)
r(7,705,6,132)
r(15,522,6,132)
r(19,513,6,132)
w(8,602,6,132)
w(4,624,6,132)
w(12,614,6,132)
w(11,616,6,132)
w(15,626,6,133)
w(14,620,6,133)
r(3,410,6,133)
w(9,615,6,133)
w(8,603,6,133)
r(0,411,6,133)
w(10,604,6,133)
w(12,615,6,133)
r(6,508,6,133)
r(4,411,6,133)
w(18,595,6,133)
r(16,487,6,133)
w(5,570,6,133)
w(2,598,6,133)
r(7,705,6,133)
w(19,625,6,133)
r(11,501,6,133)
w(1,615,6,133)
w(13,622,6,133)
r(17,406,6,133)
w(15,627,6,134)
w(17,609,6,134)
r(4,411,6,134)
r(9,513,6,134)
r(14,719,6,134)
w(11,617,6,134)
w(19,626,6,134)
w(13,623,6,134)
r(16,487,6,134)
w(2,599,6,134)
r(10,510,6,134)
r(1,400,6,134)
r(5,394,6,134)
r(7,705,6,134)
w(12,616,6,134)
r(18,385,6,134)
w(8,604,6,134)
w(6,605,6,134)
r(0,411,6,134)
r(3,410,6,134)
r(11,501,6,135)
w(14,621,6,135)
w(18,596,6,135)
w(8,605,6,135)
r(10,510,6,135)
w(6,606,6,135)
r(9,513,6,135)
w(19,627,6,135)
r(1,400,6,135)
w(3,626,6,135)
r(4,411,6,135)
w(17,610,6,135)
r(0,411,6,135)
r(16,487,6,135)
w(12,617,6,135)
w(13,624,6,135)
r(5,394,6,135)
r(2,502,6,135)
w(7,604,6,135)
w(15,628,6,135)
w(1,616,6,136)
w(16,594,6,136)
w(9,616,6,136)
w(4,625,6,136)
w(11,618,6,136)
w(18,597,6,136)
w(10,605,6,136)
r(0,411,6,136)
w(15,629,6,136)
r(8,605,6,136)
w(3,627,6,136)
w(12,618,6,136)
w(14,622,6,136)
r(6,606,6,136)
r(5,394,6,136)
r(17,610,6,136)
r(2,502,6,136)
r(19,627,6,136)
w(7,605,6,136)
w(13,625,6,136)
r(5,394,6,137)
r(15,105,6,137)
w(6,607,6,137)
w(9,617,6,137)
r(1,110,6,137)
r(2,502,6,137)
w(17,611,6,137)
w(16,595,6,137)
w(18,598,6,137)
w(4,626,6,137)
w(10,606,6,137)
r(7,604,6,137)
w(3,628,6,137)
r(13,113,6,137)
r(8,96,6,137)
w(14,623,6,137)
r(19,100,6,137)
r(11,501,6,137)
r(0,106,6,137)
r(12,107,6,137)
w(2,600,6,138)
w(8,606,6,138)
w(13,626,6,138)
r(9,513,6,138)
w(15,630,6,138)
w(17,612,6,138)
r(18,100,6,138)
w(16,596,6,138)
w(4,627,6,138)
r(14,98,6,138)
r(0,106,6,138)
w(5,571,6,138)
w(12,619,6,138)
r(3,118,6,138)
w(6,608,6,138)
r(10,510,6,138)
w(19,628,6,138)
w(1,617,6,138)
w(11,619,6,138)
w(7,606,6,138)
w(19,629,6,139)
r(10,510,6,139)
w(1,618,6,139)
w(0,621,6,139)
r(12,907,6,139)
r(18,884,6,139)
r(11,619,6,139)
w(13,627,6,139)
w(6,609,6,139)
w(5,572,6,139)
r(4,922,6,139)
w(9,618,6,139)
w(17,613,6,139)
w(2,601,6,139)
w(14,624,6,139)
r(15,630,6,139)
w(16,597,6,139)
w(8,607,6,139)
w(7,607,6,139)
r(3,118,6,139)
r(5,1,7,140)
w(8,693,7,140)
w(4,718,7,140)
r(13,1,7,140)
w(9,695,7,140)
w(18,689,7,140)
r(14,93,7,140)
w(12,703,7,140)
w(16,691,7,140)
w(19,719,7,140)
w(2,693,7,140)
r(7,101,7,140)
w(3,715,7,140)
r(10,1,7,140)
w(15,719,7,140)
w(0,718,7,140)
r(11,98,7,140)
w(1,706,7,140)
w(6,700,7,140)
r(17,107,7,140)
r(10,806,7,141)
r(6,801,7,141)
w(1,707,7,141)
w(13,717,7,141)
w(4,719,7,141)
r(15,101,7,141)
w(17,703,7,141)
w(3,716,7,141)
r(18,97,7,141)
r(9,795,7,141)
w(2,694,7,141)
w(16,692,7,141)
w(14,716,7,141)
r(19,825,7,141)
w(11,702,7,141)
w(8,694,7,141)
r(7,101,7,141)
w(0,719,7,141)
w(5,656,7,141)
r(12,1,7,141)
w(1,708,7,142)
w(0,720,7,142)
w(8,695,7,142)
r(18,97,7,142)
w(19,720,7,142)
w(14,717,7,142)
r(10,601,7,142)
r(11,98,7,142)
r(9,610,7,142)
r(3,113,7,142)
w(17,704,7,142)
w(12,704,7,142)
w(16,693,7,142)
r(5,1,7,142)
r(6,801,7,142)
w(7,703,7,142)
r(4,622,7,142)
r(15,101,7,142)
r(13,617,7,142)
r(2,1,7,142)
w(1,709,7,143)
w(8,696,7,143)
w(17,705,7,143)
r(16,593,7,143)
w(0,721,7,143)
w(12,705,7,143)
w(15,720,7,143)
w(5,657,7,143)
r(9,610,7,143)
w(2,695,7,143)
w(14,718,7,143)
r(18,97,7,143)
r(11,98,7,143)
w(3,717,7,143)
w(6,701,7,143)
w(13,718,7,143)
r(10,601,7,143)
w(7,704,7,143)
w(19,721,7,143)
w(4,720,7,143)
w(7,705,7,144)
w(14,719,7,144)
w(16,694,7,144)
w(10,699,7,144)
w(15,721,7,144)
r(4,622,7,144)
w(18,690,7,144)
r(5,1,7,144)
w(8,697,7,144)
w(19,722,7,144)
r(1,611,7,144)
r(11,98,7,144)
r(13,617,7,144)
r(2,1,7,144)
r(6,801,7,144)
w(17,706,7,144)
r(12,610,7,144)
w(9,696,7,144)
w(3,718,7,144)
w(0,722,7,144)
w(16,695,7,145)
r(6,508,7,145)
r(14,719,7,145)
w(8,698,7,145)
r(13,514,7,145)
r(7,705,7,145)
r(11,501,7,145)
r(12,508,7,145)
w(0,723,7,145)
w(9,697,7,145)
r(2,502,7,145)
w(4,721,7,145)
w(15,722,7,145)
r(5,477,7,145)
r(18,490,7,145)
r(3,718,7,145)
w(1,710,7,145)
r(17,706,7,145)
w(10,700,7,145)
w(19,723,7,145)
w(3,719,7,146)
r(9,513,7,146)
w(1,711,7,146)
r(0,514,7,146)
r(7,705,7,146)
r(17,706,7,146)
w(6,702,7,146)
r(11,501,7,146)
r(12,508,7,146)
w(13,719,7,146)
r(19,513,7,146)
r(2,502,7,146)
w(4,722,7,146)
r(8,498,7,146)
r(10,510,7,146)
w(5,658,7,146)
w(14,720,7,146)
w(15,723,7,146)
r(16,487,7,146)
w(18,691,7,146)
r(16,487,7,147)
w(2,696,7,147)
w(12,706,7,147)
r(7,705,7,147)
r(9,513,7,147)
r(6,508,7,147)
w(18,692,7,147)
r(19,513,7,147)
w(10,701,7,147)
w(4,723,7,147)
w(5,659,7,147)
w(11,703,7,147)
r(3,718,7,147)
r(8,498,7,147)
w(13,720,7,147)
w(1,712,7,147)
r(14,719,7,147)
r(17,706,7,147)
r(15,522,7,147)
w(0,724,7,147)
r(16,487,7,148)
r(17,706,7,148)
w(6,703,7,148)
r(12,508,7,148)
r(2,502,7,148)
w(14,721,7,148)
r(4,518,7,148)
r(8,498,7,148)
r(7,705,7,148)
w(3,720,7,148)
w(9,698,7,148)
r(11,501,7,148)
r(1,502,7,148)
w(5,660,7,148)
w(0,725,7,148)
w(13,721,7,148)
w(10,702,7,148)
r(19,513,7,148)
w(18,693,7,148)
w(15,724,7,148)
r(5,477,7,149)
w(10,703,7,149)
w(0,726,7,149)
r(6,508,7,149)
w(8,699,7,149)
r(11,501,7,149)
w(14,722,7,149)
r(2,502,7,149)
w(15,725,7,149)
r(9,513,7,149)
r(19,513,7,149)
r(7,705,7,149)
w(18,694,7,149)
w(16,696,7,149)
w(17,707,7,149)
w(12,707,7,149)
w(3,721,7,149)
w(13,722,7,149)
r(1,502,7,149)
r(4,518,7,149)
w(4,724,7,150)
w(5,661,7,150)
w(8,700,7,150)
w(13,723,7,150)
r(6,606,7,150)
w(2,697,7,150)
w(12,708,7,150)
r(19,627,7,150)
r(11,501,7,150)
w(15,726,7,150)
r(16,487,7,150)
w(3,722,7,150)
r(1,400,7,150)
r(0,411,7,150)
w(18,695,7,150)
w(14,723,7,150)
r(9,513,7,150)
r(10,510,7,150)
w(7,706,7,150)
w(17,708,7,150)
w(13,724,7,151)
r(19,627,7,151)
w(18,696,7,151)
w(6,704,7,151)
w(14,724,7,151)
w(4,725,7,151)
w(1,713,7,151)
w(17,709,7,151)
w(15,727,7,151)
w(10,704,7,151)
w(7,707,7,151)
r(0,411,7,151)
r(8,605,7,151)
r(2,502,7,151)
r(16,487,7,151)
r(11,501,7,151)
r(3,626,7,151)
w(9,699,7,151)
r(12,617,7,151)
w(5,662,7,151)
r(0,411,7,152)
r(4,411,7,152)
r(6,606,7,152)
r(2,502,7,152)
w(11,704,7,152)
r(14,621,7,152)
w(10,705,7,152)
w(16,697,7,152)
w(7,708,7,152)
r(1,400,7,152)
w(17,710,7,152)
r(9,513,7,152)
r(12,617,7,152)
w(18,697,7,152)
w(19,724,7,152)
w(8,701,7,152)
r(15,628,7,152)
r(13,624,7,152)
r(5,394,7,152)
r(3,626,7,152)
w(8,702,7,153)
w(1,714,7,153)
r(4,411,7,153)
r(3,626,7,153)
r(16,487,7,153)
r(10,510,7,153)
r(18,596,7,153)
r(6,606,7,153)
r(12,617,7,153)
r(9,513,7,153)
r(14,621,7,153)
w(19,725,7,153)
r(5,394,7,153)
r(11,501,7,153)
w(15,728,7,153)
w(0,727,7,153)
w(7,709,7,153)
w(13,725,7,153)
r(2,502,7,153)
r(17,610,7,153)
w(6,705,7,154)
r(2,502,7,154)
r(19,627,7,154)
r(18,596,7,154)
w(10,706,7,154)
r(0,411,7,154)
w(5,663,7,154)
r(1,400,7,154)
r(15,628,7,154)
w(16,698,7,154)
r(13,624,7,154)
r(4,411,7,154)
r(11,501,7,154)
w(17,711,7,154)
r(8,605,7,154)
r(9,513,7,154)
r(3,626,7,154)
w(7,710,7,154)
r(12,617,7,154)
w(14,725,7,154)
w(7,711,7,155)
r(10,510,7,155)
w(4,726,7,155)
r(19,627,7,155)
r(9,513,7,155)
w(6,706,7,155)
r(13,624,7,155)
r(11,501,7,155)
w(0,728,7,155)
w(16,699,7,155)
r(17,610,7,155)
r(3,626,7,155)
r(2,502,7,155)
r(12,617,7,155)
w(1,715,7,155)
r(8,605,7,155)
w(14,726,7,155)
r(15,628,7,155)
w(5,664,7,155)
r(18,596,7,155)
w(18,698,7,156)
w(0,729,7,156)
r(14,98,7,156)
r(8,96,7,156)
r(2,502,7,156)
r(17,111,7,156)
w(3,723,7,156)
r(19,100,7,156)
r(4,107,7,156)
w(13,726,7,156)
r(5,394,7,156)
r(11,501,7,156)
r(15,105,7,156)
w(6,707,7,156)
r(12,107,7,156)
r(10,510,7,156)
w(1,716,7,156)
w(16,700,7,156)
w(9,700,7,156)
w(7,712,7,156)
w(17,712,7,157)
w(18,699,7,157)
w(11,705,7,157)
r(19,100,7,157)
r(13,113,7,157)
w(7,713,7,157)
r(4,107,7,157)
w(10,707,7,157)
r(15,105,7,157)
r(2,502,7,157)
w(5,665,7,157)
w(9,701,7,157)
r(3,118,7,157)
w(14,727,7,157)
r(8,96,7,157)
w(1,717,7,157)
w(12,709,7,157)
w(16,701,7,157)
w(6,708,7,157)
r(0,106,7,157)
r(12,619,7,158)
r(1,617,7,158)
r(11,619,7,158)
r(15,630,7,158)
r(6,608,7,158)
w(4,727,7,158)
r(7,606,7,158)
w(5,666,7,158)
w(14,728,7,158)
w(2,698,7,158)
w(9,702,7,158)
r(8,606,7,158)
r(19,628,7,158)
r(18,100,7,158)
r(0,106,7,158)
w(16,702,7,158)
w(3,724,7,158)
w(10,708,7,158)
r(13,626,7,158)
r(17,612,7,158)
r(13,627,7,159)
r(16,597,7,159)
r(2,601,7,159)
r(0,621,7,159)
r(19,629,7,159)
w(14,729,7,159)
w(17,713,7,159)
w(1,718,7,159)
r(11,619,7,159)
r(5,572,7,159)
r(8,607,7,159)
r(10,510,7,159)
w(15,729,7,159)
r(12,907,7,159)
r(9,618,7,159)
w(7,714,7,159)
w(6,709,7,159)
r(3,118,7,159)
r(18,884,7,159)
w(4,728,7,159)
w(8,795,8,160)
w(14,819,8,160)
w(16,789,8,160)
w(12,797,8,160)
r(17,107,8,160)
w(10,804,8,160)
r(15,101,8,160)
r(18,97,8,160)
w(5,754,8,160)
w(7,793,8,160)
r(1,1,8,160)
r(19,1,8,160)
r(0,99,8,160)
w(4,818,8,160)
r(2,1,8,160)
r(11,98,8,160)
r(13,1,8,160)
r(9,107,8,160)
r(6,96,8,160)
w(3,813,8,160)
r(9,107,8,161)
r(5,1,8,161)
r(19,1,8,161)
r(2,1,8,161)
r(16,1,8,161)
r(11,98,8,161)
w(1,817,8,161)
w(13,813,8,161)
w(10,805,8,161)
r(12,1,8,161)
w(4,819,8,161)
r(18,97,8,161)
r(6,96,8,161)
r(7,101,8,161)
r(8,1,8,161)
r(14,93,8,161)
r(3,113,8,161)
w(0,816,8,161)
r(15,101,8,161)
w(17,800,8,161)
w(10,806,8,162)
w(0,817,8,162)
w(13,814,8,162)
w(14,820,8,162)
w(9,795,8,162)
w(19,825,8,162)
w(16,790,8,162)
r(12,1,8,162)
r(17,107,8,162)
r(15,101,8,162)
w(1,818,8,162)
w(4,820,8,162)
r(8,1,8,162)
r(7,101,8,162)
r(18,97,8,162)
r(11,98,8,162)
r(2,1,8,162)
r(3,113,8,162)
r(5,1,8,162)
w(6,801,8,162)
w(10,807,8,163)
r(1,818,8,163)
w(11,786,8,163)
r(17,107,8,163)
r(15,101,8,163)
r(7,101,8,163)
r(16,790,8,163)
w(0,818,8,163)
w(6,802,8,163)
r(14,820,8,163)
w(12,798,8,163)
w(8,796,8,163)
w(2,789,8,163)
r(9,795,8,163)
w(5,755,8,163)
w(18,789,8,163)
w(4,821,8,163)
w(19,826,8,163)
r(3,113,8,163)
w(13,815,8,163)
w(18,790,8,164)
w(16,791,8,164)
r(12,1,8,164)
w(10,808,8,164)
w(9,796,8,164)
r(7,101,8,164)
r(3,113,8,164)
w(13,816,8,164)
r(5,1,8,164)
w(11,787,8,164)
w(14,821,8,164)
r(0,817,8,164)
w(4,822,8,164)
w(17,801,8,164)
w(1,819,8,164)
r(19,825,8,164)
r(15,101,8,164)
w(8,797,8,164)
r(6,801,8,164)
r(2,1,8,164)
w(13,817,8,165)
r(4,820,8,165)
w(8,798,8,165)
r(9,795,8,165)
w(5,756,8,165)
r(1,818,8,165)
r(0,817,8,165)
w(19,827,8,165)
w(18,791,8,165)
r(14,820,8,165)
w(3,814,8,165)
w(12,799,8,165)
w(17,802,8,165)
r(6,801,8,165)
r(15,101,8,165)
w(10,809,8,165)
w(16,792,8,165)
w(2,790,8,165)
w(11,788,8,165)
w(7,794,8,165)
r(0,514,8,166)
r(13,514,8,166)
r(4,518,8,166)
r(11,501,8,166)
w(10,810,8,166)
w(1,820,8,166)
w(12,800,8,166)
w(16,793,8,166)
r(8,498,8,166)
w(17,803,8,166)
r(15,522,8,166)
w(6,803,8,166)
w(2,791,8,166)
w(7,795,8,166)
r(14,719,8,166)
r(18,490,8,166)
w(19,828,8,166)
r(9,513,8,166)
r(3,718,8,166)
w(5,757,8,166)
w(8,799,8,167)
w(9,797,8,167)
r(6,508,8,167)
w(3,815,8,167)
w(15,825,8,167)
r(12,508,8,167)
r(0,514,8,167)
r(11,501,8,167)
r(7,705,8,167)
r(13,514,8,167)
r(16,487,8,167)
w(14,822,8,167)
w(2,792,8,167)
w(4,823,8,167)
w(5,758,8,167)
r(17,706,8,167)
r(1,502,8,167)
w(19,829,8,167)
w(10,811,8,167)
r(18,490,8,167)
w(10,812,8,168)
r(8,498,8,168)
r(6,508,8,168)
w(9,798,8,168)
r(4,518,8,168)
w(16,794,8,168)
r(0,514,8,168)
r(1,502,8,168)
w(12,801,8,168)
r(15,522,8,168)
w(7,796,8,168)
w(11,789,8,168)
w(19,830,8,168)
r(3,718,8,168)
w(17,804,8,168)
r(18,490,8,168)
r(2,502,8,168)
r(14,719,8,168)
w(5,759,8,168)
r(13,514,8,168)
r(17,115,8,169)
r(6,105,8,169)
r(8,607,8,169)
r(2,104,8,169)
r(7,110,8,169)
r(5,95,8,169)
w(4,824,8,169)
w(18,792,8,169)
w(10,813,8,169)
r(19,629,8,169)
w(13,818,8,169)
w(9,799,8,169)
r(3,120,8,169)
w(15,826,8,169)
r(12,907,8,169)
r(16,597,8,169)
w(11,790,8,169)
w(1,821,8,169)
r(0,110,8,169)
r(14,99,8,169)
r(16,298,8,170)
r(6,305,8,170)
w(4,825,8,170)
w(18,793,8,170)
w(2,793,8,170)
w(15,827,8,170)
w(14,823,8,170)
w(0,819,8,170)
w(10,814,8,170)
w(17,805,8,170)
w(13,819,8,170)
r(9,915,8,170)
w(7,797,8,170)
w(19,831,8,170)
r(8,895,8,170)
r(1,921,8,170)
w(5,760,8,170)
r(12,908,8,170)
w(11,791,8,170)
w(3,816,8,170)
r(14,823,8,171)
r(13,819,8,171)
w(10,815,8,171)
r(4,825,8,171)
w(6,804,8,171)
w(0,820,8,171)
r(7,797,8,171)
r(11,791,8,171)
w(18,794,8,171)
r(9,915,8,171)
w(2,794,8,171)
w(1,822,8,171)
r(16,298,8,171)
w(3,817,8,171)
w(17,806,8,171)
w(15,828,8,171)
w(5,761,8,171)
w(12,802,8,171)
w(8,800,8,171)
r(19,831,8,171)
r(8,198,8,172)
w(17,807,8,172)
w(11,792,8,172)
w(3,818,8,172)
r(16,216,8,172)
r(5,187,8,172)
r(6,305,8,172)
w(2,795,8,172)
r(1,921,8,172)
w(12,803,8,172)
r(14,190,8,172)
r(10,814,8,172)
r(9,209,8,172)
r(19,831,8,172)
r(0,819,8,172)
w(13,820,8,172)
w(15,829,8,172)
r(18,191,8,172)
w(7,798,8,172)
w(4,826,8,172)
r(1,921,8,173)
r(2,207,8,173)
w(3,819,8,173)
w(10,816,8,173)
r(9,209,8,173)
w(13,821,8,173)
r(15,827,8,173)
r(18,191,8,173)
w(8,801,8,173)
r(11,204,8,173)
r(12,212,8,173)
r(5,187,8,173)
w(19,832,8,173)
r(4,825,8,173)
r(14,190,8,173)
r(6,305,8,173)
r(17,805,8,173)
w(7,799,8,173)
w(16,795,8,173)
w(0,821,8,173)
w(4,827,8,174)
r(5,187,8,174)
w(11,793,8,174)
w(9,800,8,174)
w(17,808,8,174)
w(15,830,8,174)
w(2,796,8,174)
w(7,800,8,174)
w(3,820,8,174)
r(19,205,8,174)
r(6,195,8,174)
w(10,817,8,174)
r(8,198,8,174)
r(14,191,8,174)
r(1,211,8,174)
r(13,819,8,174)
r(16,216,8,174)
w(18,795,8,174)
r(12,212,8,174)
w(0,822,8,174)
w(17,809,8,175)
w(7,801,8,175)
r(16,216,8,175)
r(1,213,8,175)
r(9,210,8,175)
r(18,498,8,175)
r(0,519,8,175)
w(13,822,8,175)
r(4,213,8,175)
w(5,762,8,175)
w(8,802,8,175)
r(19,206,8,175)
w(10,818,8,175)
w(15,831,8,175)
r(11,206,8,175)
r(14,191,8,175)
r(6,511,8,175)
w(12,804,8,175)
r(2,507,8,175)
r(3,511,8,175)
r(7,494,8,176)
w(18,796,8,176)
w(3,821,8,176)
r(1,509,8,176)
r(10,520,8,176)
w(9,801,8,176)
w(13,823,8,176)
r(0,520,8,176)
r(5,481,8,176)
w(2,797,8,176)
r(17,409,8,176)
r(19,925,8,176)
r(4,525,8,176)
r(8,504,8,176)
w(11,794,8,176)
r(6,513,8,176)
r(12,520,8,176)
w(15,832,8,176)
r(14,403,8,176)
r(16,493,8,176)
w(8,803,8,177)
w(18,797,8,177)
r(7,891,8,177)
r(10,915,8,177)
w(11,795,8,177)
w(12,805,8,177)
w(13,824,8,177)
w(0,823,8,177)
r(3,513,8,177)
r(4,526,8,177)
w(9,802,8,177)
w(19,833,8,177)
w(15,833,8,177)
w(2,798,8,177)
w(1,823,8,177)
w(17,810,8,177)
w(14,824,8,177)
r(6,514,8,177)
r(5,482,8,177)
w(16,796,8,177)
w(18,798,8,178)
r(8,803,8,178)
w(11,796,8,178)
r(3,513,8,178)
r(15,833,8,178)
w(16,797,8,178)
r(13,824,8,178)
r(19,833,8,178)
w(9,803,8,178)
w(1,824,8,178)
r(5,482,8,178)
r(14,824,8,178)
w(4,828,8,178)
r(12,805,8,178)
w(6,805,8,178)
r(10,915,8,178)
r(17,810,8,178)
r(2,798,8,178)
r(7,891,8,178)
w(0,824,8,178)
w(13,825,8,179)
r(9,921,8,179)
w(5,763,8,179)
r(19,926,8,179)
r(17,502,8,179)
w(7,802,8,179)
r(12,522,8,179)
r(4,828,8,179)
r(6,515,8,179)
r(8,505,8,179)
w(11,797,8,179)
w(3,822,8,179)
w(18,799,8,179)
r(10,521,8,179)
w(0,825,8,179)
r(14,511,8,179)
w(1,825,8,179)
r(15,530,8,179)
w(16,798,8,179)
r(2,509,8,179)
r(2,1,9,180)
r(13,814,9,180)
r(4,820,9,180)
r(14,820,9,180)
w(10,906,9,180)
w(15,925,9,180)
w(7,882,9,180)
w(18,878,9,180)
r(5,1,9,180)
w(17,899,9,180)
w(1,915,9,180)
r(8,1,9,180)
r(9,795,9,180)
w(16,888,9,180)
w(6,895,9,180)
w(3,923,9,180)
r(11,98,9,180)
r(19,825,9,180)
w(12,901,9,180)
w(0,928,9,180)
r(12,1,9,181)
r(15,101,9,181)
r(17,107,9,181)
r(9,795,9,181)
r(10,806,9,181)
r(18,97,9,181)
w(8,892,9,181)
w(11,889,9,181)
r(16,790,9,181)
w(6,896,9,181)
r(1,818,9,181)
r(7,101,9,181)
w(0,929,9,181)
r(3,113,9,181)
w(2,890,9,181)
r(13,814,9,181)
w(14,914,9,181)
w(19,916,9,181)
w(4,918,9,181)
w(5,860,9,181)
r(17,107,9,182)
r(0,817,9,182)
r(16,790,9,182)
r(5,1,9,182)
r(13,814,9,182)
w(3,924,9,182)
w(12,902,9,182)
w(9,910,9,182)
w(7,883,9,182)
r(8,1,9,182)
r(19,825,9,182)
w(2,891,9,182)
w(18,879,9,182)
w(11,890,9,182)
w(14,915,9,182)
r(6,801,9,182)
r(15,101,9,182)
r(10,806,9,182)
r(1,818,9,182)
w(4,919,9,182)
r(19,513,9,183)
w(16,889,9,183)
w(0,930,9,183)
w(18,880,9,183)
r(3,718,9,183)
w(14,916,9,183)
r(7,705,9,183)
r(1,502,9,183)
w(10,907,9,183)
w(9,911,9,183)
w(6,897,9,183)
r(11,501,9,183)
w(2,892,9,183)
w(15,926,9,183)
w(4,920,9,183)
w(12,903,9,183)
w(5,861,9,183)
w(17,900,9,183)
r(13,514,9,183)
w(8,893,9,183)
w(15,927,9,184)
w(0,931,9,184)
r(7,705,9,184)
r(11,501,9,184)
w(10,908,9,184)
r(2,502,9,184)
w(13,923,9,184)
w(16,890,9,184)
r(6,508,9,184)
r(9,513,9,184)
w(14,917,9,184)
w(12,904,9,184)
w(4,921,9,184)
w(3,925,9,184)
w(5,862,9,184)
r(8,498,9,184)
w(19,917,9,184)
w(17,901,9,184)
r(1,502,9,184)
w(18,881,9,184)
r(8,498,9,185)
w(18,882,9,185)
w(15,928,9,185)
w(5,863,9,185)
w(1,916,9,185)
w(2,893,9,185)
w(13,924,9,185)
w(16,891,9,185)
w(0,932,9,185)
r(7,705,9,185)
w(12,905,9,185)
r(14,719,9,185)
r(6,508,9,185)
r(9,513,9,185)
r(3,718,9,185)
w(17,902,9,185)
w(11,891,9,185)
r(4,518,9,185)
w(10,909,9,185)
w(19,918,9,185)
w(1,917,9,186)
r(10,510,9,186)
w(2,894,9,186)
w(13,925,9,186)
w(7,884,9,186)
r(12,617,9,186)
w(9,912,9,186)
w(19,919,9,186)
w(11,892,9,186)
w(5,864,9,186)
r(0,411,9,186)
w(15,929,9,186)
r(16,487,9,186)
r(8,605,9,186)
w(3,926,9,186)
w(14,918,9,186)
r(17,610,9,186)
r(4,411,9,186)
w(6,898,9,186)
r(18,596,9,186)
r(18,596,9,187)
r(13,624,9,187)
w(16,892,9,187)
w(17,903,9,187)
w(12,906,9,187)
w(15,930,9,187)
w(3,927,9,187)
r(14,621,9,187)
w(10,910,9,187)
r(4,411,9,187)
w(11,893,9,187)
r(8,605,9,187)
w(2,895,9,187)
w(0,933,9,187)
r(7,604,9,187)
r(6,606,9,187)
r(9,513,9,187)
r(5,394,9,187)
w(1,918,9,187)
w(19,920,9,187)
w(15,931,9,188)
r(5,394,9,188)
w(13,926,9,188)
w(18,883,9,188)
w(7,885,9,188)
r(2,502,9,188)
w(0,934,9,188)
r(16,487,9,188)
r(1,400,9,188)
w(17,904,9,188)
r(10,510,9,188)
r(14,621,9,188)
r(3,626,9,188)
w(9,913,9,188)
r(4,411,9,188)
w(8,894,9,188)
r(11,501,9,188)
w(19,921,9,188)
w(6,899,9,188)
r(12,617,9,188)
w(7,886,9,189)
r(13,113,9,189)
r(6,101,9,189)
r(18,100,9,189)
w(17,905,9,189)
r(14,98,9,189)
r(15,105,9,189)
r(8,96,9,189)
r(12,107,9,189)
r(10,510,9,189)
r(3,118,9,189)
r(4,107,9,189)
r(16,487,9,189)
r(9,513,9,189)
w(0,935,9,189)
w(1,919,9,189)
w(19,922,9,189)
w(11,894,9,189)
w(2,896,9,189)
w(5,865,9,189)
w(6,900,9,190)
w(10,911,9,190)
r(18,100,9,190)
r(11,501,9,190)
w(0,936,9,190)
r(13,113,9,190)
w(7,887,9,190)
r(4,107,9,190)
r(12,107,9,190)
w(2,897,9,190)
r(19,100,9,190)
w(3,928,9,190)
r(1,110,9,190)
r(16,487,9,190)
r(15,105,9,190)
r(14,98,9,190)
r(17,111,9,190)
r(5,394,9,190)
r(9,513,9,190)
r(8,96,9,190)
r(9,513,9,191)
w(17,906,9,191)
r(13,113,9,191)
w(16,893,9,191)
w(7,888,9,191)
r(0,106,9,191)
w(10,912,9,191)
w(11,895,9,191)
r(14,98,9,191)
r(1,110,9,191)
w(3,929,9,191)
w(15,932,9,191)
w(6,901,9,191)
w(5,866,9,191)
r(12,107,9,191)
r(18,100,9,191)
r(19,100,9,191)
r(8,96,9,191)
w(2,898,9,191)
r(4,107,9,191)
w(7,889,9,192)
w(9,914,9,192)
r(16,596,9,192)
r(5,571,9,192)
w(12,907,9,192)
w(14,919,9,192)
w(17,907,9,192)
w(4,922,9,192)
w(0,937,9,192)
r(15,630,9,192)
r(8,606,9,192)
r(6,608,9,192)
w(2,899,9,192)
r(3,118,9,192)
w(1,920,9,192)
r(11,619,9,192)
r(10,510,9,192)
r(19,628,9,192)
w(13,927,9,192)
w(18,884,9,192)
r(17,500,9,193)
w(1,921,9,193)
r(15,314,9,193)
w(11,896,9,193)
w(12,908,9,193)
w(2,900,9,193)
r(3,120,9,193)
w(8,895,9,193)
w(9,915,9,193)
w(5,867,9,193)
r(13,328,9,193)
r(10,510,9,193)
r(6,305,9,193)
r(14,295,9,193)
w(18,885,9,193)
w(19,923,9,193)
r(16,298,9,193)
w(4,923,9,193)
r(0,318,9,193)
r(7,110,9,193)
w(4,924,9,194)
w(15,933,9,194)
r(19,205,9,194)
r(12,212,9,194)
r(7,800,9,194)
w(3,930,9,194)
w(17,908,9,194)
w(5,868,9,194)
w(16,894,9,194)
w(14,920,9,194)
w(8,896,9,194)
r(11,793,9,194)
w(10,913,9,194)
w(9,916,9,194)
r(18,795,9,194)
r(2,796,9,194)
r(13,819,9,194)
w(1,922,9,194)
r(6,195,9,194)
r(0,822,9,194)
w(16,895,9,195)
w(11,897,9,195)
w(6,902,9,195)
w(0,938,9,195)
w(14,921,9,195)
w(4,925,9,195)
r(8,198,9,195)
r(12,214,9,195)
r(18,194,9,195)
r(2,210,9,195)
w(5,869,9,195)
r(17,212,9,195)
r(13,223,9,195)
r(7,204,9,195)
w(10,914,9,195)
w(9,917,9,195)
w(15,934,9,195)
r(19,206,9,195)
w(1,923,9,195)
r(3,221,9,195)
r(1,213,9,196)
w(17,909,9,196)
w(15,935,9,196)
w(19,924,9,196)
w(4,926,9,196)
w(13,928,9,196)
r(18,498,9,196)
r(16,216,9,196)
w(12,909,9,196)
r(0,519,9,196)
r(2,507,9,196)
w(3,931,9,196)
r(10,818,9,196)
r(5,762,9,196)
r(6,511,9,196)
r(14,191,9,196)
r(7,801,9,196)
w(8,897,9,196)
w(11,898,9,196)
w(9,918,9,196)
w(19,925,9,197)
w(7,890,9,197)
w(17,910,9,197)
w(18,886,9,197)
w(4,927,9,197)
r(11,898,9,197)
r(14,191,9,197)
w(9,919,9,197)
r(10,818,9,197)
w(15,936,9,197)
w(3,932,9,197)
w(0,939,9,197)
w(12,910,9,197)
w(16,896,9,197)
w(6,903,9,197)
w(1,924,9,197)
r(8,897,9,197)
r(2,406,9,197)
r(5,397,9,197)
r(13,928,9,197)
w(0,940,9,198)
r(1,509,9,198)
w(10,915,9,198)
w(7,891,9,198)
r(14,403,9,198)
r(5,481,9,198)
r(18,796,9,198)
r(17,409,9,198)
r(13,823,9,198)
r(19,925,9,198)
w(16,897,9,198)
w(15,937,9,198)
r(12,520,9,198)
w(3,933,9,198)
w(9,920,9,198)
w(2,901,9,198)
w(4,928,9,198)
w(6,904,9,198)
r(11,794,9,198)
r(8,504,9,198)
r(1,824,9,199)
w(18,887,9,199)
w(12,911,9,199)
r(2,798,9,199)
w(0,941,9,199)
r(10,915,9,199)
r(13,824,9,199)
w(8,898,9,199)
w(9,921,9,199)
w(19,926,9,199)
w(14,922,9,199)
w(3,934,9,199)
w(5,870,9,199)
r(4,828,9,199)
w(7,892,9,199)
r(16,797,9,199)
r(15,833,9,199)
w(6,905,9,199)
r(17,810,9,199)
w(11,899,9,199)
