w(13,1,0,0)
r(12,0,0,0)
r(1,0,0,0)
r(9,0,0,0)
w(15,1,0,0)
r(6,0,0,0)
w(19,1,0,0)
w(16,1,0,0)
r(14,0,0,0)
r(3,0,0,0)
w(4,1,0,0)
w(10,1,0,0)
r(17,0,0,0)
r(11,0,0,0)
r(7,0,0,0)
w(0,1,0,0)
w(2,1,0,0)
w(5,1,0,0)
r(18,0,0,0)
w(8,1,0,0)
r(2,1,0,1)
w(15,2,0,1)
w(7,1,0,1)
r(3,0,0,1)
r(18,0,0,1)
w(13,2,0,1)
w(19,2,0,1)
w(9,1,0,1)
r(10,1,0,1)
r(11,0,0,1)
w(5,2,0,1)
r(1,0,0,1)
r(16,1,0,1)
w(17,1,0,1)
w(12,1,0,1)
r(0,1,0,1)
r(6,0,0,1)
r(4,1,0,1)
r(8,1,0,1)
w(14,1,0,1)
w(4,2,0,2)
r(6,0,0,2)
w(16,2,0,2)
r(2,1,0,2)
r(5,2,0,2)
r(15,2,0,2)
r(13,2,0,2)
w(7,2,0,2)
r(0,1,0,2)
w(19,3,0,2)
r(17,1,0,2)
w(12,2,0,2)
r(1,0,0,2)
w(11,1,0,2)
w(18,1,0,2)
w(3,1,0,2)
w(9,2,0,2)
w(10,2,0,2)
w(14,2,0,2)
w(8,2,0,2)
w(14,3,0,3)
r(12,2,0,3)
w(11,2,0,3)
w(13,3,0,3)
r(1,0,0,3)
r(6,0,0,3)
w(16,3,0,3)
w(19,4,0,3)
w(4,3,0,3)
w(9,3,0,3)
r(5,2,0,3)
w(17,2,0,3)
r(3,1,0,3)
r(10,2,0,3)
w(0,2,0,3)
r(18,1,0,3)
w(7,3,0,3)
w(15,3,0,3)
r(2,1,0,3)
r(8,2,0,3)
r(7,3,0,4)
r(11,2,0,4)
r(10,2,0,4)
w(2,2,0,4)
w(17,3,0,4)
w(15,4,0,4)
r(0,2,0,4)
w(16,4,0,4)
w(5,3,0,4)
r(9,94,0,4)
r(13,85,0,4)
r(14,109,0,4)
w(19,5,0,4)
w(12,3,0,4)
w(3,2,0,4)
w(18,2,0,4)
w(1,1,0,4)
r(8,109,0,4)
w(4,4,0,4)
w(6,1,0,4)
r(3,2,0,5)
r(4,4,0,5)
r(16,4,0,5)
w(8,3,0,5)
r(12,3,0,5)
r(13,85,0,5)
w(14,4,0,5)
r(2,2,0,5)
r(0,2,0,5)
w(10,3,0,5)
r(1,1,0,5)
w(18,3,0,5)
r(5,3,0,5)
w(19,6,0,5)
w(11,3,0,5)
r(9,94,0,5)
r(17,3,0,5)
r(15,4,0,5)
r(6,1,0,5)
w(7,4,0,5)
r(0,417,0,6)
r(15,592,0,6)
r(11,608,0,6)
w(4,5,0,6)
w(2,3,0,6)
r(10,615,0,6)
r(9,593,0,6)
w(3,3,0,6)
w(8,4,0,6)
r(1,403,0,6)
r(13,85,0,6)
w(14,5,0,6)
w(18,4,0,6)
w(16,5,0,6)
w(5,4,0,6)
w(17,4,0,6)
w(7,5,0,6)
w(6,2,0,6)
r(19,600,0,6)
w(12,4,0,6)
w(2,4,0,7)
r(0,417,0,7)
r(15,592,0,7)
r(14,418,0,7)
w(13,4,0,7)
w(7,6,0,7)
w(11,4,0,7)
w(16,6,0,7)
w(3,4,0,7)
w(4,6,0,7)
w(10,4,0,7)
r(17,584,0,7)
r(12,397,0,7)
r(6,616,0,7)
r(5,3,0,7)
w(8,5,0,7)
r(18,408,0,7)
r(1,403,0,7)
w(19,7,0,7)
r(9,593,0,7)
r(1,715,0,8)
r(17,795,0,8)
r(16,700,0,8)
w(14,6,0,8)
r(4,707,0,8)
r(5,797,0,8)
w(6,3,0,8)
w(7,7,0,8)
r(15,703,0,8)
w(0,3,0,8)
w(19,8,0,8)
w(12,5,0,8)
w(8,6,0,8)
w(10,5,0,8)
r(13,797,0,8)
r(2,792,0,8)
w(3,5,0,8)
w(18,5,0,8)
r(9,802,0,8)
w(11,5,0,8)
w(18,6,0,9)
r(4,707,0,9)
w(7,8,0,9)
r(0,738,0,9)
r(17,795,0,9)
r(16,700,0,9)
w(5,5,0,9)
r(15,703,0,9)
r(14,840,0,9)
r(12,397,0,9)
w(1,2,0,9)
r(19,600,0,9)
r(3,314,0,9)
r(6,789,0,9)
w(11,6,0,9)
w(10,6,0,9)
w(8,7,0,9)
r(13,797,0,9)
r(9,802,0,9)
w(2,5,0,9)
r(0,738,0,10)
r(3,314,0,10)
w(15,5,0,10)
r(11,788,0,10)
r(1,715,0,10)
r(6,789,0,10)
r(19,600,0,10)
r(16,700,0,10)
w(17,5,0,10)
w(12,6,0,10)
w(4,7,0,10)
r(9,802,0,10)
w(13,5,0,10)
r(18,309,0,10)
r(14,840,0,10)
r(10,615,0,10)
r(8,840,0,10)
r(7,299,0,10)
w(5,6,0,10)
r(2,792,0,10)
w(0,4,0,11)
r(6,789,0,11)
r(11,788,0,11)
r(5,504,0,11)
w(17,6,0,11)
w(9,4,0,11)
w(4,8,0,11)
r(12,505,0,11)
r(19,511,0,11)
r(1,516,0,11)
w(2,6,0,11)
w(14,7,0,11)
w(18,7,0,11)
w(15,6,0,11)
r(13,501,0,11)
r(8,840,0,11)
r(10,512,0,11)
w(3,6,0,11)
r(16,700,0,11)
r(7,299,0,11)
r(9,489,0,12)
r(17,491,0,12)
w(6,4,0,12)
w(2,7,0,12)
r(7,299,0,12)
w(1,3,0,12)
r(10,512,0,12)
w(8,8,0,12)
r(5,504,0,12)
r(4,707,0,12)
w(0,5,0,12)
r(14,526,0,12)
r(12,505,0,12)
w(3,7,0,12)
w(15,7,0,12)
w(19,9,0,12)
r(16,700,0,12)
w(13,6,0,12)
r(11,788,0,12)
w(18,8,0,12)
w(15,8,0,13)
r(10,512,0,13)
w(12,7,0,13)
r(7,299,0,13)
r(19,511,0,13)
w(14,8,0,13)
r(9,489,0,13)
w(8,9,0,13)
w(16,7,0,13)
w(1,4,0,13)
r(18,499,0,13)
r(2,792,0,13)
w(5,7,0,13)
w(3,8,0,13)
w(0,6,0,13)
w(6,5,0,13)
w(17,7,0,13)
w(4,9,0,13)
r(11,788,0,13)
r(13,501,0,13)
r(16,205,0,14)
r(11,788,0,14)
r(17,200,0,14)
w(12,8,0,14)
r(19,511,0,14)
r(13,195,0,14)
w(18,9,0,14)
w(1,5,0,14)
w(7,9,0,14)
r(14,217,0,14)
w(15,9,0,14)
w(6,6,0,14)
r(4,204,0,14)
w(10,7,0,14)
w(2,8,0,14)
w(8,10,0,14)
w(5,8,0,14)
w(0,7,0,14)
r(9,207,0,14)
r(3,314,0,14)
r(15,703,0,15)
w(6,7,0,15)
w(1,6,0,15)
w(4,10,0,15)
w(12,9,0,15)
r(8,215,0,15)
r(19,511,0,15)
w(7,10,0,15)
w(9,5,0,15)
r(14,217,0,15)
r(0,206,0,15)
r(10,512,0,15)
r(2,209,0,15)
w(3,9,0,15)
w(11,7,0,15)
w(17,8,0,15)
r(16,205,0,15)
w(5,9,0,15)
w(18,10,0,15)
w(13,7,0,15)
w(13,8,0,16)
w(6,8,0,16)
w(0,8,0,16)
r(16,205,0,16)
r(9,207,0,16)
r(14,217,0,16)
r(12,189,0,16)
r(17,200,0,16)
w(2,9,0,16)
r(7,207,0,16)
r(8,215,0,16)
w(15,10,0,16)
r(11,788,0,16)
r(18,203,0,16)
r(3,314,0,16)
r(19,511,0,16)
w(1,7,0,16)
r(10,512,0,16)
r(5,204,0,16)
r(4,204,0,16)
r(7,207,0,17)
w(10,8,0,17)
r(2,9,0,17)
r(18,203,0,17)
r(15,10,0,17)
w(0,9,0,17)
r(12,189,0,17)
r(3,314,0,17)
r(8,215,0,17)
r(9,207,0,17)
r(14,217,0,17)
r(6,8,0,17)
r(4,204,0,17)
r(13,8,0,17)
r(19,511,0,17)
r(1,7,0,17)
r(16,205,0,17)
r(17,200,0,17)
r(5,204,0,17)
r(11,788,0,17)
r(1,7,0,18)
w(9,6,0,18)
r(5,204,0,18)
w(18,11,0,18)
w(2,10,0,18)
r(17,200,0,18)
r(6,217,0,18)
w(12,10,0,18)
r(7,207,0,18)
r(19,220,0,18)
w(14,9,0,18)
w(0,10,0,18)
r(10,8,0,18)
w(4,11,0,18)
r(16,205,0,18)
r(8,215,0,18)
r(15,202,0,18)
r(3,314,0,18)
r(11,221,0,18)
r(13,8,0,18)
w(19,10,0,19)
w(9,7,0,19)
w(3,10,0,19)
w(12,11,0,19)
w(8,11,0,19)
w(2,11,0,19)
w(7,11,0,19)
w(6,9,0,19)
r(18,316,0,19)
w(17,9,0,19)
r(16,309,0,19)
w(1,8,0,19)
r(11,791,0,19)
r(5,301,0,19)
r(10,313,0,19)
w(0,11,0,19)
r(14,325,0,19)
w(15,11,0,19)
r(4,501,0,19)
r(13,801,0,19)
w(19,108,1,20)
r(0,2,1,20)
r(15,3,1,20)
w(1,87,1,20)
r(17,2,1,20)
w(3,101,1,20)
r(2,1,1,20)
w(9,94,1,20)
w(12,87,1,20)
r(4,3,1,20)
r(5,2,1,20)
r(10,2,1,20)
w(18,101,1,20)
w(8,109,1,20)
r(11,2,1,20)
r(6,0,1,20)
w(13,85,1,20)
r(7,3,1,20)
r(16,3,1,20)
w(14,109,1,20)
w(5,97,1,21)
w(4,97,1,21)
w(1,88,1,21)
w(10,98,1,21)
r(9,94,1,21)
w(13,86,1,21)
r(17,3,1,21)
w(14,110,1,21)
r(7,4,1,21)
r(0,2,1,21)
r(15,4,1,21)
r(19,6,1,21)
w(18,102,1,21)
w(12,88,1,21)
w(8,110,1,21)
r(2,2,1,21)
r(16,4,1,21)
r(11,3,1,21)
r(6,1,1,21)
r(3,2,1,21)
w(2,105,1,22)
r(18,408,1,22)
r(16,4,1,22)
r(1,403,1,22)
r(9,94,1,22)
w(15,99,1,22)
w(6,101,1,22)
w(13,87,1,22)
r(12,397,1,22)
w(11,110,1,22)
w(10,99,1,22)
w(5,98,1,22)
r(19,6,1,22)
w(7,95,1,22)
r(4,392,1,22)
w(8,111,1,22)
w(17,100,1,22)
w(0,97,1,22)
w(14,111,1,22)
r(3,413,1,22)
r(2,403,1,23)
r(18,408,1,23)
r(11,412,1,23)
w(17,101,1,23)
w(3,102,1,23)
r(14,418,1,23)
w(4,98,1,23)
r(8,3,1,23)
r(6,1,1,23)
r(7,4,1,23)
w(9,95,1,23)
w(13,88,1,23)
w(10,100,1,23)
r(1,403,1,23)
w(0,98,1,23)
r(5,3,1,23)
w(15,100,1,23)
r(19,6,1,23)
w(16,108,1,23)
r(12,397,1,23)
w(14,112,1,24)
r(16,4,1,24)
w(19,109,1,24)
r(5,3,1,24)
r(1,403,1,24)
r(0,417,1,24)
r(6,1,1,24)
r(18,408,1,24)
w(13,89,1,24)
w(11,111,1,24)
r(7,4,1,24)
r(15,4,1,24)
r(10,410,1,24)
w(8,112,1,24)
w(3,103,1,24)
r(4,392,1,24)
w(9,96,1,24)
w(12,89,1,24)
r(17,392,1,24)
r(2,403,1,24)
w(19,110,1,25)
r(7,566,1,25)
r(18,408,1,25)
r(9,593,1,25)
w(16,109,1,25)
r(5,3,1,25)
w(8,113,1,25)
r(12,397,1,25)
w(14,113,1,25)
r(15,592,1,25)
w(3,104,1,25)
r(1,403,1,25)
w(6,102,1,25)
w(0,99,1,25)
r(4,392,1,25)
r(17,584,1,25)
w(13,90,1,25)
r(11,608,1,25)
w(2,106,1,25)
r(10,615,1,25)
r(8,621,1,26)
r(2,603,1,26)
r(5,3,1,26)
r(0,417,1,26)
r(7,566,1,26)
w(6,103,1,26)
w(15,101,1,26)
w(13,91,1,26)
r(1,403,1,26)
r(9,593,1,26)
w(17,102,1,26)
r(10,615,1,26)
r(4,392,1,26)
r(19,600,1,26)
w(14,114,1,26)
r(16,590,1,26)
r(18,408,1,26)
r(11,608,1,26)
w(12,90,1,26)
r(3,413,1,26)
w(7,96,1,27)
w(2,107,1,27)
r(17,584,1,27)
w(16,110,1,27)
w(11,112,1,27)
r(12,397,1,27)
r(14,418,1,27)
r(4,392,1,27)
w(10,101,1,27)
r(8,621,1,27)
r(3,413,1,27)
w(15,102,1,27)
r(5,3,1,27)
w(19,111,1,27)
r(9,593,1,27)
w(0,100,1,27)
r(13,85,1,27)
w(1,89,1,27)
r(6,616,1,27)
r(18,408,1,27)
w(15,103,1,28)
r(10,615,1,28)
r(9,593,1,28)
w(19,112,1,28)
w(13,92,1,28)
w(1,90,1,28)
w(7,97,1,28)
w(3,105,1,28)
r(16,590,1,28)
w(8,114,1,28)
r(2,603,1,28)
w(17,103,1,28)
w(4,99,1,28)
r(12,397,1,28)
r(18,408,1,28)
w(0,101,1,28)
w(14,115,1,28)
w(5,99,1,28)
w(11,113,1,28)
w(6,104,1,28)
w(2,108,1,29)
r(12,397,1,29)
r(16,590,1,29)
r(8,621,1,29)
r(4,392,1,29)
r(1,403,1,29)
w(0,102,1,29)
w(17,104,1,29)
w(14,116,1,29)
r(19,600,1,29)
w(13,93,1,29)
r(11,608,1,29)
r(10,615,1,29)
r(5,3,1,29)
w(7,98,1,29)
w(18,103,1,29)
w(9,97,1,29)
w(6,105,1,29)
w(3,106,1,29)
r(15,592,1,29)
w(19,113,1,30)
w(2,109,1,30)
r(1,403,1,30)
w(17,105,1,30)
r(14,418,1,30)
w(12,91,1,30)
r(0,417,1,30)
r(8,621,1,30)
r(18,408,1,30)
w(7,99,1,30)
r(11,608,1,30)
r(3,413,1,30)
r(16,590,1,30)
r(13,85,1,30)
r(5,3,1,30)
w(6,106,1,30)
r(4,392,1,30)
r(15,592,1,30)
w(10,102,1,30)
r(9,593,1,30)
r(16,590,1,31)
w(11,114,1,31)
w(5,100,1,31)
w(12,92,1,31)
w(6,107,1,31)
w(17,106,1,31)
r(1,403,1,31)
r(0,417,1,31)
r(3,413,1,31)
r(8,621,1,31)
r(2,603,1,31)
w(18,104,1,31)
w(19,114,1,31)
w(4,100,1,31)
w(10,103,1,31)
r(15,592,1,31)
w(7,100,1,31)
w(13,94,1,31)
w(14,117,1,31)
r(9,593,1,31)
r(6,616,1,32)
r(4,392,1,32)
w(2,110,1,32)
w(11,115,1,32)
w(13,95,1,32)
w(5,101,1,32)
w(18,105,1,32)
r(15,592,1,32)
w(7,101,1,32)
r(0,417,1,32)
r(19,600,1,32)
w(12,93,1,32)
r(3,413,1,32)
w(17,107,1,32)
r(8,621,1,32)
w(10,104,1,32)
w(9,98,1,32)
r(16,590,1,32)
r(1,403,1,32)
w(14,118,1,32)
w(17,108,1,33)
w(9,99,1,33)
w(18,106,1,33)
w(1,91,1,33)
r(13,85,1,33)
r(3,314,1,33)
w(14,119,1,33)
r(10,615,1,33)
r(12,397,1,33)
r(7,299,1,33)
r(6,316,1,33)
r(16,590,1,33)
r(15,592,1,33)
r(0,417,1,33)
r(2,296,1,33)
w(5,102,1,33)
r(11,314,1,33)
r(8,305,1,33)
w(4,101,1,33)
w(19,115,1,33)
r(8,727,1,34)
w(7,102,1,34)
r(2,692,1,34)
r(12,397,1,34)
r(18,309,1,34)
w(13,96,1,34)
r(10,615,1,34)
w(9,100,1,34)
r(11,690,1,34)
r(17,686,1,34)
w(15,104,1,34)
w(14,120,1,34)
r(16,700,1,34)
w(0,103,1,34)
r(1,715,1,34)
r(5,688,1,34)
r(6,705,1,34)
r(3,314,1,34)
r(4,707,1,34)
w(19,116,1,34)
r(6,705,1,35)
r(17,686,1,35)
r(15,703,1,35)
r(16,700,1,35)
r(19,600,1,35)
w(14,121,1,35)
r(8,727,1,35)
r(2,692,1,35)
r(11,690,1,35)
w(1,92,1,35)
r(18,309,1,35)
w(3,107,1,35)
r(12,397,1,35)
r(9,295,1,35)
w(7,103,1,35)
r(10,615,1,35)
r(13,85,1,35)
w(5,103,1,35)
r(4,707,1,35)
w(0,104,1,35)
w(0,105,1,36)
w(2,111,1,36)
w(6,108,1,36)
w(8,115,1,36)
r(15,703,1,36)
r(7,299,1,36)
w(19,117,1,36)
r(9,489,1,36)
w(12,94,1,36)
w(18,107,1,36)
w(5,104,1,36)
w(4,102,1,36)
r(13,501,1,36)
w(1,93,1,36)
w(14,122,1,36)
w(3,108,1,36)
r(17,491,1,36)
w(16,111,1,36)
r(10,512,1,36)
r(11,788,1,36)
r(17,491,1,37)
w(18,108,1,37)
r(2,792,1,37)
r(6,789,1,37)
r(13,501,1,37)
w(8,116,1,37)
r(15,703,1,37)
w(7,104,1,37)
r(10,512,1,37)
r(12,505,1,37)
w(19,118,1,37)
w(14,123,1,37)
r(3,314,1,37)
r(1,516,1,37)
w(16,112,1,37)
r(4,707,1,37)
r(11,788,1,37)
w(0,106,1,37)
r(5,504,1,37)
r(9,489,1,37)
w(13,97,1,38)
r(1,197,1,38)
r(12,189,1,38)
r(14,217,1,38)
w(11,116,1,38)
w(6,109,1,38)
r(17,200,1,38)
r(0,206,1,38)
w(10,105,1,38)
r(7,207,1,38)
w(9,101,1,38)
r(18,203,1,38)
r(5,204,1,38)
w(3,109,1,38)
r(15,703,1,38)
w(16,113,1,38)
w(4,103,1,38)
w(8,117,1,38)
r(19,511,1,38)
w(2,112,1,38)
r(12,295,1,39)
r(9,305,1,39)
r(3,322,1,39)
w(6,110,1,39)
w(1,94,1,39)
r(19,516,1,39)
r(0,538,1,39)
w(14,124,1,39)
r(15,492,1,39)
w(2,113,1,39)
r(11,521,1,39)
w(16,114,1,39)
w(5,105,1,39)
r(8,314,1,39)
w(4,104,1,39)
r(10,517,1,39)
w(18,109,1,39)
r(17,800,1,39)
w(13,98,1,39)
r(7,310,1,39)
r(12,397,2,40)
w(11,217,2,40)
w(7,199,2,40)
r(3,413,2,40)
r(16,4,2,40)
w(14,212,2,40)
r(8,3,2,40)
w(9,201,2,40)
r(2,403,2,40)
r(17,392,2,40)
r(13,85,2,40)
r(18,408,2,40)
r(6,1,2,40)
w(15,196,2,40)
w(0,199,2,40)
r(4,392,2,40)
w(19,213,2,40)
w(5,195,2,40)
w(10,203,2,40)
w(1,187,2,40)
r(16,590,2,41)
r(15,592,2,41)
w(9,202,2,41)
r(2,603,2,41)
r(5,3,2,41)
r(19,600,2,41)
w(13,189,2,41)
r(3,413,2,41)
w(14,213,2,41)
w(8,206,2,41)
r(10,615,2,41)
w(18,197,2,41)
r(4,392,2,41)
r(11,608,2,41)
w(1,188,2,41)
r(0,417,2,41)
r(12,397,2,41)
w(7,200,2,41)
r(17,584,2,41)
r(6,616,2,41)
w(8,207,2,42)
w(18,198,2,42)
r(11,608,2,42)
w(5,196,2,42)
w(1,189,2,42)
r(17,584,2,42)
w(2,206,2,42)
w(3,200,2,42)
r(19,600,2,42)
r(7,566,2,42)
r(13,85,2,42)
w(4,195,2,42)
r(15,592,2,42)
r(16,590,2,42)
r(10,615,2,42)
r(9,593,2,42)
w(12,183,2,42)
r(6,616,2,42)
r(14,418,2,42)
r(0,417,2,42)
r(11,608,2,43)
w(16,200,2,43)
w(9,203,2,43)
r(15,592,2,43)
r(3,413,2,43)
w(5,197,2,43)
w(10,204,2,43)
r(7,566,2,43)
w(18,199,2,43)
w(0,200,2,43)
w(1,190,2,43)
r(14,418,2,43)
w(13,190,2,43)
w(4,196,2,43)
r(12,397,2,43)
r(19,600,2,43)
w(8,208,2,43)
r(17,584,2,43)
r(2,603,2,43)
r(6,616,2,43)
r(7,566,2,44)
r(17,584,2,44)
r(2,603,2,44)
w(5,198,2,44)
r(15,592,2,44)
w(0,201,2,44)
w(14,214,2,44)
w(1,191,2,44)
r(6,616,2,44)
w(4,197,2,44)
r(11,608,2,44)
w(16,201,2,44)
w(8,209,2,44)
r(9,593,2,44)
w(13,191,2,44)
w(12,184,2,44)
r(18,408,2,44)
r(10,615,2,44)
w(3,201,2,44)
r(19,600,2,44)
r(8,621,2,45)
w(9,204,2,45)
r(10,615,2,45)
w(13,192,2,45)
r(14,418,2,45)
r(15,592,2,45)
w(2,207,2,45)
w(1,192,2,45)
r(19,600,2,45)
r(16,590,2,45)
w(6,211,2,45)
w(0,202,2,45)
w(7,201,2,45)
w(17,195,2,45)
r(11,608,2,45)
w(12,185,2,45)
r(18,408,2,45)
r(5,3,2,45)
w(3,202,2,45)
w(4,198,2,45)
w(6,212,2,46)
w(3,203,2,46)
w(16,202,2,46)
w(15,197,2,46)
r(18,309,2,46)
w(8,210,2,46)
w(13,193,2,46)
r(14,418,2,46)
r(1,715,2,46)
r(7,299,2,46)
r(11,690,2,46)
r(0,738,2,46)
r(5,688,2,46)
r(2,692,2,46)
w(19,214,2,46)
w(10,205,2,46)
w(17,196,2,46)
r(9,295,2,46)
w(4,199,2,46)
w(12,186,2,46)
w(7,202,2,47)
r(14,418,2,47)
w(15,198,2,47)
w(19,215,2,47)
w(2,208,2,47)
r(11,690,2,47)
r(17,686,2,47)
r(8,727,2,47)
r(4,707,2,47)
r(18,309,2,47)
w(10,206,2,47)
w(1,193,2,47)
w(0,203,2,47)
r(6,705,2,47)
r(9,295,2,47)
r(16,700,2,47)
w(5,199,2,47)
r(3,314,2,47)
r(12,397,2,47)
r(13,85,2,47)
r(19,600,2,48)
w(7,203,2,48)
r(4,707,2,48)
w(5,200,2,48)
r(9,295,2,48)
r(0,738,2,48)
w(11,218,2,48)
r(2,692,2,48)
w(14,215,2,48)
w(10,207,2,48)
r(18,309,2,48)
r(17,686,2,48)
w(3,204,2,48)
w(8,211,2,48)
w(15,199,2,48)
r(1,715,2,48)
r(13,85,2,48)
r(16,700,2,48)
w(6,213,2,48)
w(12,187,2,48)
r(6,789,2,49)
w(13,194,2,49)
r(10,615,2,49)
r(17,795,2,49)
r(19,600,2,49)
r(12,397,2,49)
r(2,792,2,49)
w(18,200,2,49)
w(4,200,2,49)
w(8,212,2,49)
r(0,738,2,49)
w(1,194,2,49)
w(16,203,2,49)
w(7,204,2,49)
w(9,205,2,49)
w(11,219,2,49)
w(5,201,2,49)
w(3,205,2,49)
r(15,703,2,49)
r(14,840,2,49)
w(1,195,2,50)
w(10,208,2,50)
r(15,703,2,50)
r(12,505,2,50)
w(18,201,2,50)
r(14,526,2,50)
r(9,489,2,50)
w(6,214,2,50)
w(16,204,2,50)
w(17,197,2,50)
w(0,204,2,50)
r(2,792,2,50)
r(7,299,2,50)
w(3,206,2,50)
w(8,213,2,50)
r(5,504,2,50)
w(4,201,2,50)
r(11,788,2,50)
r(13,501,2,50)
w(19,216,2,50)
w(4,202,2,51)
r(15,703,2,51)
r(8,840,2,51)
w(5,202,2,51)
r(14,526,2,51)
w(1,196,2,51)
r(0,534,2,51)
r(6,789,2,51)
r(16,700,2,51)
w(3,207,2,51)
r(13,501,2,51)
w(10,209,2,51)
r(12,505,2,51)
w(17,198,2,51)
r(2,792,2,51)
w(19,217,2,51)
r(18,499,2,51)
r(11,788,2,51)
r(9,489,2,51)
w(7,205,2,51)
w(4,203,2,52)
r(13,501,2,52)
w(15,200,2,52)
r(10,512,2,52)
r(3,314,2,52)
w(11,220,2,52)
w(17,199,2,52)
w(14,216,2,52)
r(2,792,2,52)
w(0,205,2,52)
w(18,202,2,52)
w(7,206,2,52)
r(1,516,2,52)
w(6,215,2,52)
w(8,214,2,52)
w(12,188,2,52)
r(16,700,2,52)
w(5,203,2,52)
w(19,218,2,52)
w(9,206,2,52)
r(11,788,2,53)
w(4,204,2,53)
w(12,189,2,53)
w(14,217,2,53)
r(19,511,2,53)
w(7,207,2,53)
r(3,314,2,53)
r(15,703,2,53)
w(1,197,2,53)
w(5,204,2,53)
w(2,209,2,53)
w(9,207,2,53)
w(0,206,2,53)
w(17,200,2,53)
r(6,789,2,53)
w(16,205,2,53)
w(18,203,2,53)
w(8,215,2,53)
r(10,512,2,53)
w(13,195,2,53)
w(9,208,2,54)
w(1,198,2,54)
r(18,203,2,54)
r(3,314,2,54)
w(2,210,2,54)
w(8,216,2,54)
w(6,216,2,54)
r(13,195,2,54)
r(14,217,2,54)
r(19,511,2,54)
r(16,205,2,54)
w(0,207,2,54)
r(12,189,2,54)
r(17,200,2,54)
r(4,204,2,54)
w(5,205,2,54)
w(15,201,2,54)
w(7,208,2,54)
w(10,210,2,54)
r(11,788,2,54)
w(3,208,2,55)
r(15,703,2,55)
r(14,217,2,55)
w(16,206,2,55)
r(12,189,2,55)
r(18,203,2,55)
r(11,788,2,55)
r(0,206,2,55)
r(6,789,2,55)
r(8,215,2,55)
r(1,197,2,55)
w(4,205,2,55)
r(2,209,2,55)
w(19,219,2,55)
r(9,207,2,55)
r(10,512,2,55)
r(13,195,2,55)
w(7,209,2,55)
r(17,200,2,55)
r(5,204,2,55)
w(4,206,2,56)
r(18,203,2,56)
w(12,190,2,56)
r(16,205,2,56)
r(17,200,2,56)
r(5,204,2,56)
r(1,7,2,56)
w(14,218,2,56)
r(13,8,2,56)
r(7,207,2,56)
r(8,215,2,56)
w(9,209,2,56)
r(10,8,2,56)
w(15,202,2,56)
w(19,220,2,56)
r(3,314,2,56)
r(2,9,2,56)
w(0,208,2,56)
w(11,221,2,56)
w(6,217,2,56)
w(3,209,2,57)
w(0,209,2,57)
r(16,205,2,57)
r(9,209,2,57)
r(1,7,2,57)
r(2,9,2,57)
w(14,219,2,57)
r(19,220,2,57)
w(4,207,2,57)
r(15,202,2,57)
r(12,190,2,57)
w(13,196,2,57)
r(8,215,2,57)
w(11,222,2,57)
w(17,201,2,57)
r(18,203,2,57)
w(6,218,2,57)
w(10,211,2,57)
r(5,204,2,57)
r(7,207,2,57)
r(10,313,2,58)
w(8,217,2,58)
r(13,801,2,58)
r(5,301,2,58)
r(11,791,2,58)
r(12,810,2,58)
r(2,9,2,58)
r(17,800,2,58)
w(0,210,2,58)
w(15,203,2,58)
w(18,204,2,58)
r(9,910,2,58)
r(3,951,2,58)
w(1,199,2,58)
r(19,323,2,58)
w(4,208,2,58)
r(7,783,2,58)
r(6,321,2,58)
r(14,325,2,58)
r(16,309,2,58)
r(8,312,2,59)
r(0,316,2,59)
r(6,321,2,59)
r(16,309,2,59)
w(3,210,2,59)
w(18,205,2,59)
r(10,313,2,59)
w(7,210,2,59)
r(14,325,2,59)
r(9,910,2,59)
w(12,191,2,59)
w(2,211,2,59)
w(17,202,2,59)
w(13,197,2,59)
r(19,323,2,59)
r(1,521,2,59)
w(4,209,2,59)
w(5,206,2,59)
r(11,791,2,59)
r(15,294,2,59)
r(14,418,3,60)
r(13,85,3,60)
r(7,566,3,60)
r(16,590,3,60)
r(19,600,3,60)
r(5,3,3,60)
w(10,305,3,60)
w(2,295,3,60)
w(0,308,3,60)
w(17,297,3,60)
w(12,287,3,60)
w(9,294,3,60)
w(6,314,3,60)
r(15,592,3,60)
r(3,413,3,60)
r(4,392,3,60)
r(1,403,3,60)
w(18,307,3,60)
r(11,608,3,60)
w(8,303,3,60)
r(1,403,3,61)
w(6,315,3,61)
r(17,584,3,61)
w(19,319,3,61)
w(15,287,3,61)
w(8,304,3,61)
w(13,286,3,61)
r(10,615,3,61)
w(5,293,3,61)
r(3,413,3,61)
r(16,590,3,61)
w(14,319,3,61)
r(2,603,3,61)
r(0,417,3,61)
w(4,295,3,61)
r(11,608,3,61)
r(9,593,3,61)
r(12,397,3,61)
w(18,308,3,61)
r(7,566,3,61)
w(8,305,3,62)
w(4,296,3,62)
w(1,297,3,62)
w(7,299,3,62)
r(19,600,3,62)
w(5,294,3,62)
r(14,418,3,62)
r(10,615,3,62)
w(18,309,3,62)
w(3,314,3,62)
r(16,590,3,62)
r(13,85,3,62)
r(0,417,3,62)
w(6,316,3,62)
w(9,295,3,62)
w(11,314,3,62)
w(17,298,3,62)
w(2,296,3,62)
r(15,592,3,62)
r(12,397,3,62)
r(6,705,3,63)
r(11,690,3,63)
w(0,309,3,63)
w(15,288,3,63)
w(9,296,3,63)
w(16,304,3,63)
w(1,298,3,63)
w(2,297,3,63)
r(18,309,3,63)
r(8,727,3,63)
r(5,688,3,63)
w(10,306,3,63)
r(17,686,3,63)
w(3,315,3,63)
w(19,320,3,63)
w(4,297,3,63)
r(13,85,3,63)
r(7,299,3,63)
r(14,418,3,63)
r(12,397,3,63)
w(11,315,3,64)
w(1,299,3,64)
w(17,299,3,64)
r(10,615,3,64)
r(5,688,3,64)
r(19,600,3,64)
r(4,707,3,64)
w(12,288,3,64)
w(16,305,3,64)
r(9,295,3,64)
w(13,287,3,64)
w(8,306,3,64)
r(3,314,3,64)
r(0,738,3,64)
r(2,692,3,64)
r(15,703,3,64)
w(18,310,3,64)
w(6,317,3,64)
w(14,320,3,64)
w(7,300,3,64)
w(0,310,3,65)
r(2,792,3,65)
w(18,311,3,65)
r(4,707,3,65)
w(8,307,3,65)
w(11,316,3,65)
r(19,511,3,65)
w(5,295,3,65)
w(15,289,3,65)
w(14,321,3,65)
r(13,501,3,65)
r(10,512,3,65)
w(3,316,3,65)
r(6,789,3,65)
r(12,505,3,65)
w(7,301,3,65)
r(1,516,3,65)
r(17,491,3,65)
r(16,700,3,65)
w(9,297,3,65)
r(15,703,3,66)
r(14,526,3,66)
w(7,302,3,66)
w(8,308,3,66)
r(5,504,3,66)
r(16,700,3,66)
w(6,318,3,66)
w(1,300,3,66)
w(10,307,3,66)
w(4,298,3,66)
w(2,298,3,66)
r(12,505,3,66)
r(11,788,3,66)
w(19,321,3,66)
w(17,300,3,66)
w(0,311,3,66)
w(3,317,3,66)
r(9,489,3,66)
w(13,288,3,66)
w(18,312,3,66)
r(19,511,3,67)
w(0,312,3,67)
w(10,308,3,67)
r(9,489,3,67)
r(5,504,3,67)
w(7,303,3,67)
w(8,309,3,67)
r(2,792,3,67)
w(12,289,3,67)
w(17,301,3,67)
r(3,314,3,67)
w(16,306,3,67)
w(14,322,3,67)
r(18,499,3,67)
w(6,319,3,67)
r(1,516,3,67)
w(13,289,3,67)
r(4,707,3,67)
w(11,317,3,67)
r(15,703,3,67)
r(0,206,3,68)
r(6,789,3,68)
r(2,209,3,68)
r(12,189,3,68)
w(7,304,3,68)
r(8,215,3,68)
r(10,512,3,68)
r(13,195,3,68)
r(16,205,3,68)
w(9,298,3,68)
w(15,290,3,68)
w(14,323,3,68)
w(5,296,3,68)
r(17,200,3,68)
w(3,318,3,68)
w(11,318,3,68)
w(4,299,3,68)
r(1,197,3,68)
r(19,511,3,68)
r(18,203,3,68)
r(9,207,3,69)
r(1,197,3,69)
r(16,205,3,69)
r(2,209,3,69)
w(11,319,3,69)
w(3,319,3,69)
w(8,310,3,69)
w(10,309,3,69)
w(15,291,3,69)
r(5,204,3,69)
r(13,195,3,69)
w(7,305,3,69)
w(17,302,3,69)
w(4,300,3,69)
w(12,290,3,69)
w(0,313,3,69)
w(18,313,3,69)
r(6,789,3,69)
r(19,511,3,69)
r(14,217,3,69)
w(12,291,3,70)
w(11,320,3,70)
w(3,320,3,70)
w(9,299,3,70)
r(2,209,3,70)
w(4,301,3,70)
r(19,511,3,70)
w(0,314,3,70)
w(10,310,3,70)
w(1,301,3,70)
r(6,789,3,70)
r(17,200,3,70)
w(16,307,3,70)
w(5,297,3,70)
w(13,290,3,70)
w(18,314,3,70)
w(15,292,3,70)
r(7,207,3,70)
r(8,215,3,70)
r(14,217,3,70)
w(1,302,3,71)
w(5,298,3,71)
r(18,203,3,71)
w(0,315,3,71)
w(8,311,3,71)
r(2,209,3,71)
r(3,314,3,71)
r(19,511,3,71)
w(17,303,3,71)
r(14,217,3,71)
r(16,205,3,71)
w(11,321,3,71)
r(4,204,3,71)
w(10,311,3,71)
r(6,789,3,71)
r(15,703,3,71)
r(13,195,3,71)
w(12,292,3,71)
r(7,207,3,71)
r(9,207,3,71)
r(19,511,3,72)
w(5,299,3,72)
r(2,209,3,72)
w(17,304,3,72)
w(10,312,3,72)
r(11,788,3,72)
r(6,789,3,72)
r(0,206,3,72)
w(16,308,3,72)
r(3,314,3,72)
w(7,306,3,72)
r(4,204,3,72)
r(14,217,3,72)
r(12,189,3,72)
r(8,215,3,72)
w(13,291,3,72)
w(15,293,3,72)
r(1,197,3,72)
w(18,315,3,72)
w(9,300,3,72)
r(8,215,3,73)
w(5,300,3,73)
w(12,293,3,73)
w(6,320,3,73)
w(14,324,3,73)
r(10,8,3,73)
w(19,322,3,73)
r(7,207,3,73)
r(4,204,3,73)
r(15,10,3,73)
w(13,292,3,73)
r(18,203,3,73)
r(0,9,3,73)
w(9,301,3,73)
r(11,788,3,73)
r(2,9,3,73)
r(3,314,3,73)
r(17,200,3,73)
r(1,7,3,73)
r(16,205,3,73)
r(12,810,3,74)
r(3,951,3,74)
w(0,316,3,74)
w(8,312,3,74)
r(17,800,3,74)
r(7,783,3,74)
w(16,309,3,74)
w(5,301,3,74)
w(19,323,3,74)
w(18,316,3,74)
r(4,501,3,74)
r(1,521,3,74)
r(11,791,3,74)
r(9,910,3,74)
w(10,313,3,74)
r(2,9,3,74)
r(13,801,3,74)
w(15,294,3,74)
w(6,321,3,74)
w(14,325,3,74)
w(1,303,3,75)
r(3,951,3,75)
r(2,9,3,75)
w(9,302,3,75)
r(15,294,3,75)
w(6,322,3,75)
w(19,324,3,75)
w(7,307,3,75)
w(11,322,3,75)
w(8,313,3,75)
w(18,317,3,75)
w(14,326,3,75)
r(4,501,3,75)
r(0,316,3,75)
r(17,800,3,75)
w(13,293,3,75)
r(10,313,3,75)
r(12,810,3,75)
r(16,309,3,75)
w(5,302,3,75)
w(12,294,3,76)
w(17,305,3,76)
w(16,310,3,76)
w(1,304,3,76)
r(14,325,3,76)
w(11,323,3,76)
w(7,308,3,76)
r(4,501,3,76)
w(5,303,3,76)
w(6,323,3,76)
r(2,9,3,76)
r(0,316,3,76)
w(3,321,3,76)
r(10,313,3,76)
r(13,801,3,76)
r(19,323,3,76)
r(8,312,3,76)
r(15,294,3,76)
w(9,303,3,76)
w(18,318,3,76)
w(11,324,3,77)
w(17,306,3,77)
r(18,316,3,77)
w(5,304,3,77)
w(9,304,3,77)
r(14,532,3,77)
w(7,309,3,77)
w(0,317,3,77)
r(8,312,3,77)
w(15,295,3,77)
r(16,509,3,77)
r(4,501,3,77)
r(1,522,3,77)
w(13,294,3,77)
w(6,324,3,77)
r(2,9,3,77)
r(19,516,3,77)
r(12,810,3,77)
w(10,314,3,77)
r(3,532,3,77)
r(11,521,3,78)
w(6,325,3,78)
w(16,311,3,78)
r(0,538,3,78)
w(7,310,3,78)
r(4,501,3,78)
r(17,800,3,78)
r(1,522,3,78)
r(2,9,3,78)
r(18,316,3,78)
w(3,322,3,78)
r(15,492,3,78)
w(5,305,3,78)
w(14,327,3,78)
w(9,305,3,78)
w(12,295,3,78)
r(13,801,3,78)
w(8,314,3,78)
r(19,516,3,78)
r(10,517,3,78)
w(10,315,3,79)
w(5,306,3,79)
r(8,314,3,79)
r(7,310,3,79)
r(13,801,3,79)
r(18,316,3,79)
w(4,302,3,79)
r(9,305,3,79)
w(16,312,3,79)
w(14,328,3,79)
r(6,325,3,79)
w(11,325,3,79)
w(19,325,3,79)
w(2,299,3,79)
w(12,296,3,79)
r(17,800,3,79)
r(0,538,3,79)
w(1,305,3,79)
r(3,322,3,79)
r(15,492,3,79)
r(6,1,4,80)
w(3,413,4,80)
r(5,3,4,80)
w(0,417,4,80)
w(1,403,4,80)
r(19,6,4,80)
r(16,4,4,80)
w(12,397,4,80)
w(14,418,4,80)
r(13,85,4,80)
w(11,412,4,80)
w(4,392,4,80)
r(7,4,4,80)
w(17,392,4,80)
r(15,4,4,80)
w(18,408,4,80)
w(2,403,4,80)
r(8,3,4,80)
r(9,94,4,80)
w(10,410,4,80)
r(18,408,4,81)
w(15,390,4,81)
r(6,616,4,81)
r(12,397,4,81)
r(1,403,4,81)
r(5,3,4,81)
w(17,393,4,81)
r(11,608,4,81)
r(16,590,4,81)
r(9,593,4,81)
w(2,404,4,81)
w(0,418,4,81)
w(13,390,4,81)
r(7,566,4,81)
w(19,400,4,81)
r(10,615,4,81)
w(8,409,4,81)
w(14,419,4,81)
r(4,392,4,81)
w(3,414,4,81)
w(0,419,4,82)
w(5,391,4,82)
w(19,401,4,82)
w(11,413,4,82)
r(4,392,4,82)
w(1,404,4,82)
r(15,592,4,82)
r(9,593,4,82)
w(16,400,4,82)
r(3,413,4,82)
w(14,420,4,82)
w(12,398,4,82)
r(6,616,4,82)
w(18,409,4,82)
r(13,85,4,82)
w(17,394,4,82)
r(10,615,4,82)
w(7,379,4,82)
w(8,410,4,82)
r(2,603,4,82)
w(7,380,4,83)
w(13,391,4,83)
r(5,3,4,83)
w(18,410,4,83)
w(8,411,4,83)
w(12,399,4,83)
w(10,411,4,83)
w(6,414,4,83)
r(2,603,4,83)
w(1,405,4,83)
w(15,391,4,83)
w(11,414,4,83)
w(0,420,4,83)
r(16,590,4,83)
w(14,421,4,83)
r(9,593,4,83)
w(3,415,4,83)
r(4,392,4,83)
w(19,402,4,83)
r(17,584,4,83)
r(10,615,4,84)
r(6,616,4,84)
w(7,381,4,84)
w(14,422,4,84)
r(19,600,4,84)
w(11,415,4,84)
r(8,621,4,84)
r(1,403,4,84)
r(15,592,4,84)
w(5,392,4,84)
w(9,383,4,84)
w(4,393,4,84)
r(12,397,4,84)
r(18,408,4,84)
r(13,85,4,84)
w(17,395,4,84)
w(0,421,4,84)
r(16,590,4,84)
r(3,413,4,84)
w(2,405,4,84)
r(2,603,4,85)
w(6,415,4,85)
w(10,412,4,85)
w(19,403,4,85)
r(12,397,4,85)
r(18,408,4,85)
w(4,394,4,85)
w(7,382,4,85)
w(14,423,4,85)
w(15,392,4,85)
w(17,396,4,85)
r(11,608,4,85)
r(5,3,4,85)
w(13,392,4,85)
w(9,384,4,85)
r(8,621,4,85)
r(0,417,4,85)
w(16,401,4,85)
w(3,416,4,85)
r(1,403,4,85)
r(3,413,4,86)
w(0,422,4,86)
r(7,566,4,86)
r(12,397,4,86)
w(10,413,4,86)
w(6,416,4,86)
r(2,603,4,86)
w(5,393,4,86)
r(1,403,4,86)
r(15,592,4,86)
r(17,584,4,86)
r(11,608,4,86)
r(8,621,4,86)
w(13,393,4,86)
w(4,395,4,86)
r(19,600,4,86)
r(9,593,4,86)
r(18,408,4,86)
r(14,418,4,86)
r(16,590,4,86)
w(2,406,4,87)
w(7,383,4,87)
r(19,600,4,87)
r(18,309,4,87)
w(4,396,4,87)
w(8,412,4,87)
r(9,802,4,87)
w(15,393,4,87)
r(11,788,4,87)
w(13,394,4,87)
w(12,400,4,87)
r(1,715,4,87)
w(3,417,4,87)
w(10,414,4,87)
w(14,424,4,87)
w(17,397,4,87)
r(0,738,4,87)
r(5,797,4,87)
r(6,789,4,87)
r(16,700,4,87)
r(18,499,4,88)
w(6,417,4,88)
r(9,489,4,88)
r(19,511,4,88)
w(16,402,4,88)
w(4,397,4,88)
w(0,423,4,88)
w(13,395,4,88)
r(10,512,4,88)
w(5,394,4,88)
r(3,314,4,88)
r(17,491,4,88)
r(2,792,4,88)
r(14,526,4,88)
r(12,505,4,88)
r(1,516,4,88)
w(8,413,4,88)
r(7,299,4,88)
w(15,394,4,88)
r(11,788,4,88)
r(15,703,4,89)
r(18,203,4,89)
r(1,197,4,89)
w(19,404,4,89)
r(17,200,4,89)
r(4,204,4,89)
w(0,424,4,89)
r(5,204,4,89)
r(2,209,4,89)
r(11,788,4,89)
r(10,512,4,89)
r(14,217,4,89)
w(8,414,4,89)
w(7,384,4,89)
w(9,385,4,89)
w(13,396,4,89)
w(6,418,4,89)
w(16,403,4,89)
r(3,314,4,89)
r(12,189,4,89)
r(12,189,4,90)
r(1,197,4,90)
w(11,416,4,90)
w(7,385,4,90)
w(19,405,4,90)
w(6,419,4,90)
r(4,204,4,90)
r(3,314,4,90)
w(0,425,4,90)
r(16,205,4,90)
r(9,207,4,90)
r(14,217,4,90)
r(13,195,4,90)
w(15,395,4,90)
r(18,203,4,90)
r(17,200,4,90)
w(8,415,4,90)
r(5,204,4,90)
w(10,415,4,90)
w(2,407,4,90)
r(2,209,4,91)
r(18,203,4,91)
w(17,398,4,91)
r(8,215,4,91)
r(5,204,4,91)
w(14,425,4,91)
w(6,420,4,91)
w(3,418,4,91)
w(4,398,4,91)
w(16,404,4,91)
w(0,426,4,91)
w(1,406,4,91)
w(13,397,4,91)
r(12,189,4,91)
w(15,396,4,91)
w(9,386,4,91)
r(10,512,4,91)
w(19,406,4,91)
r(7,207,4,91)
r(11,788,4,91)
r(0,206,4,92)
w(10,416,4,92)
w(18,411,4,92)
w(16,405,4,92)
r(12,189,4,92)
r(7,207,4,92)
r(13,195,4,92)
r(6,789,4,92)
w(8,416,4,92)
w(11,417,4,92)
r(14,217,4,92)
w(19,407,4,92)
r(9,207,4,92)
r(1,197,4,92)
r(3,314,4,92)
w(5,395,4,92)
w(15,397,4,92)
w(17,399,4,92)
w(4,399,4,92)
r(2,209,4,92)
w(19,408,4,93)
w(3,419,4,93)
w(1,407,4,93)
r(0,9,4,93)
r(2,9,4,93)
w(13,398,4,93)
w(7,386,4,93)
w(14,426,4,93)
r(8,215,4,93)
w(11,418,4,93)
r(15,10,4,93)
r(17,200,4,93)
w(18,412,4,93)
w(16,406,4,93)
r(12,189,4,93)
w(6,421,4,93)
w(5,396,4,93)
r(10,8,4,93)
w(4,400,4,93)
r(9,207,4,93)
r(9,910,4,94)
r(8,843,4,94)
w(13,399,4,94)
r(2,9,4,94)
r(0,943,4,94)
w(11,419,4,94)
r(7,783,4,94)
r(15,921,4,94)
r(6,791,4,94)
r(14,935,4,94)
r(18,786,4,94)
r(5,800,4,94)
w(10,417,4,94)
r(4,501,4,94)
r(12,810,4,94)
w(3,420,4,94)
w(1,408,4,94)
w(16,407,4,94)
w(17,400,4,94)
r(19,898,4,94)
w(0,427,4,95)
r(15,492,4,95)
r(5,305,4,95)
w(17,401,4,95)
r(6,325,4,95)
w(13,400,4,95)
r(7,310,4,95)
r(2,9,4,95)
r(11,521,4,95)
w(14,427,4,95)
w(1,409,4,95)
r(4,501,4,95)
r(18,316,4,95)
w(9,387,4,95)
r(10,517,4,95)
w(19,409,4,95)
w(16,408,4,95)
r(12,295,4,95)
r(3,322,4,95)
w(8,417,4,95)
r(3,954,4,96)
r(12,907,4,96)
w(11,420,4,96)
w(17,402,4,96)
w(5,397,4,96)
r(18,885,4,96)
r(10,517,4,96)
w(9,388,4,96)
w(7,387,4,96)
w(6,422,4,96)
w(19,410,4,96)
w(8,418,4,96)
w(13,401,4,96)
w(15,398,4,96)
r(0,945,4,96)
w(4,401,4,96)
w(2,408,4,96)
w(1,410,4,96)
r(14,937,4,96)
w(16,409,4,96)
w(12,401,4,97)
r(19,900,4,97)
w(9,389,4,97)
r(13,910,4,97)
w(8,419,4,97)
r(17,908,4,97)
r(16,907,4,97)
w(1,411,4,97)
w(11,421,4,97)
r(18,885,4,97)
r(4,501,4,97)
r(14,937,4,97)
r(7,881,4,97)
w(10,418,4,97)
r(0,945,4,97)
r(6,325,4,97)
r(2,9,4,97)
r(5,892,4,97)
w(15,399,4,97)
w(3,421,4,97)
w(6,423,4,98)
w(7,388,4,98)
w(18,413,4,98)
r(17,908,4,98)
r(12,401,4,98)
w(4,402,4,98)
w(3,422,4,98)
w(11,422,4,98)
r(9,389,4,98)
r(16,907,4,98)
w(15,400,4,98)
w(0,428,4,98)
r(8,419,4,98)
r(19,900,4,98)
r(10,418,4,98)
w(1,412,4,98)
w(13,402,4,98)
w(5,398,4,98)
w(2,409,4,98)
r(14,937,4,98)
r(16,511,4,99)
r(18,506,4,99)
r(12,908,4,99)
w(19,411,4,99)
w(10,419,4,99)
r(8,524,4,99)
r(6,523,4,99)
w(0,429,4,99)
r(2,507,4,99)
w(4,403,4,99)
r(7,674,4,99)
r(3,535,4,99)
w(1,413,4,99)
w(13,403,4,99)
r(15,925,4,99)
r(14,737,4,99)
r(5,507,4,99)
r(17,910,4,99)
w(9,390,4,99)
w(11,423,4,99)
w(15,483,5,100)
w(2,498,5,100)
r(14,418,5,100)
r(12,397,5,100)
w(19,507,5,100)
r(1,403,5,100)
r(18,408,5,100)
w(8,513,5,100)
r(4,392,5,100)
r(13,85,5,100)
w(5,497,5,100)
w(3,525,5,100)
w(0,531,5,100)
r(6,616,5,100)
w(10,509,5,100)
r(7,566,5,100)
r(17,584,5,100)
r(11,608,5,100)
w(9,484,5,100)
w(16,499,5,100)
r(1,403,5,101)
r(19,600,5,101)
w(5,498,5,101)
r(17,584,5,101)
r(14,418,5,101)
r(16,590,5,101)
w(3,526,5,101)
r(10,615,5,101)
w(8,514,5,101)
r(15,592,5,101)
w(4,494,5,101)
r(18,408,5,101)
r(6,616,5,101)
r(0,417,5,101)
r(2,603,5,101)
w(13,497,5,101)
r(7,566,5,101)
w(12,502,5,101)
r(11,608,5,101)
w(9,485,5,101)
r(18,408,5,102)
r(15,592,5,102)
w(9,486,5,102)
w(5,499,5,102)
w(13,498,5,102)
r(7,566,5,102)
w(10,510,5,102)
r(12,397,5,102)
w(3,527,5,102)
r(19,600,5,102)
r(0,417,5,102)
r(11,608,5,102)
r(6,616,5,102)
w(1,514,5,102)
w(8,515,5,102)
w(4,495,5,102)
w(17,490,5,102)
r(14,418,5,102)
w(2,499,5,102)
w(16,500,5,102)
r(8,621,5,103)
w(19,508,5,103)
w(1,515,5,103)
w(7,480,5,103)
r(4,392,5,103)
w(9,487,5,103)
r(17,584,5,103)
r(11,608,5,103)
r(3,413,5,103)
w(2,500,5,103)
w(14,523,5,103)
w(18,497,5,103)
w(10,511,5,103)
w(0,532,5,103)
w(15,484,5,103)
r(12,397,5,103)
r(13,85,5,103)
w(16,501,5,103)
w(6,513,5,103)
w(5,500,5,103)
w(14,524,5,104)
r(18,408,5,104)
r(3,413,5,104)
w(8,516,5,104)
r(4,392,5,104)
w(15,485,5,104)
w(0,533,5,104)
w(2,501,5,104)
w(5,501,5,104)
r(12,397,5,104)
w(7,481,5,104)
w(16,502,5,104)
w(9,488,5,104)
w(19,509,5,104)
w(11,514,5,104)
w(6,514,5,104)
r(10,615,5,104)
r(13,85,5,104)
r(17,584,5,104)
r(1,403,5,104)
w(16,503,5,105)
w(15,486,5,105)
w(3,528,5,105)
r(0,738,5,105)
w(2,502,5,105)
r(1,715,5,105)
w(11,515,5,105)
w(5,502,5,105)
r(9,295,5,105)
w(6,515,5,105)
w(19,510,5,105)
r(17,686,5,105)
r(18,309,5,105)
w(12,503,5,105)
w(4,496,5,105)
r(14,418,5,105)
w(8,517,5,105)
r(7,299,5,105)
w(13,499,5,105)
r(10,615,5,105)
r(19,600,5,106)
w(16,504,5,106)
w(18,498,5,106)
r(17,686,5,106)
r(11,690,5,106)
r(2,692,5,106)
w(12,504,5,106)
w(4,497,5,106)
w(8,518,5,106)
r(9,295,5,106)
r(3,314,5,106)
w(7,482,5,106)
w(6,516,5,106)
w(13,500,5,106)
w(5,503,5,106)
r(0,738,5,106)
r(1,715,5,106)
r(10,615,5,106)
w(14,525,5,106)
w(15,487,5,106)
r(4,707,5,107)
r(16,700,5,107)
r(3,314,5,107)
w(17,491,5,107)
r(7,299,5,107)
r(8,840,5,107)
w(0,534,5,107)
r(6,789,5,107)
r(2,792,5,107)
w(18,499,5,107)
w(14,526,5,107)
w(13,501,5,107)
r(15,703,5,107)
r(11,788,5,107)
w(1,516,5,107)
w(19,511,5,107)
w(12,505,5,107)
w(10,512,5,107)
w(5,504,5,107)
w(9,489,5,107)
r(6,789,5,108)
r(9,489,5,108)
r(10,512,5,108)
r(19,511,5,108)
r(15,703,5,108)
r(5,504,5,108)
w(16,505,5,108)
r(13,501,5,108)
w(11,516,5,108)
w(2,503,5,108)
w(14,527,5,108)
r(8,840,5,108)
w(17,492,5,108)
r(7,299,5,108)
w(18,500,5,108)
r(4,707,5,108)
r(3,314,5,108)
r(12,505,5,108)
w(0,535,5,108)
w(1,517,5,108)
r(1,516,5,109)
w(14,528,5,109)
w(10,513,5,109)
r(15,703,5,109)
w(6,517,5,109)
r(0,534,5,109)
r(13,501,5,109)
w(3,529,5,109)
w(17,493,5,109)
w(19,512,5,109)
w(4,498,5,109)
r(11,788,5,109)
r(16,700,5,109)
r(7,299,5,109)
w(18,501,5,109)
r(5,504,5,109)
w(8,519,5,109)
w(2,504,5,109)
w(9,490,5,109)
w(12,506,5,109)
w(8,520,5,110)
r(10,512,5,110)
r(14,217,5,110)
r(11,788,5,110)
w(3,530,5,110)
w(6,518,5,110)
r(9,207,5,110)
w(5,505,5,110)
w(19,513,5,110)
w(2,505,5,110)
w(12,507,5,110)
r(17,200,5,110)
w(18,502,5,110)
r(13,195,5,110)
w(15,488,5,110)
w(7,483,5,110)
r(4,204,5,110)
r(0,206,5,110)
w(16,506,5,110)
w(1,518,5,110)
r(18,203,5,111)
w(13,502,5,111)
r(0,206,5,111)
r(12,189,5,111)
r(5,204,5,111)
r(6,789,5,111)
r(14,217,5,111)
w(16,507,5,111)
r(2,209,5,111)
w(8,521,5,111)
w(10,514,5,111)
w(1,519,5,111)
r(4,204,5,111)
r(17,200,5,111)
r(3,314,5,111)
r(19,511,5,111)
r(7,207,5,111)
w(15,489,5,111)
r(9,207,5,111)
w(11,517,5,111)
w(11,518,5,112)
w(12,508,5,112)
w(16,508,5,112)
w(9,491,5,112)
r(8,215,5,112)
w(6,519,5,112)
r(10,512,5,112)
r(5,204,5,112)
w(15,490,5,112)
w(13,503,5,112)
r(17,200,5,112)
w(2,506,5,112)
r(18,203,5,112)
r(0,8,5,112)
w(4,499,5,112)
r(7,207,5,112)
w(14,529,5,112)
w(1,520,5,112)
r(19,511,5,112)
w(3,531,5,112)
w(19,514,5,113)
w(4,500,5,113)
r(9,209,5,113)
r(1,7,5,113)
r(16,205,5,113)
w(0,536,5,113)
w(7,484,5,113)
r(8,215,5,113)
w(17,494,5,113)
r(2,9,5,113)
w(10,515,5,113)
r(15,202,5,113)
w(18,503,5,113)
w(6,520,5,113)
w(14,530,5,113)
r(3,314,5,113)
r(13,8,5,113)
w(5,506,5,113)
r(12,190,5,113)
w(11,519,5,113)
w(4,501,5,114)
w(8,522,5,114)
w(6,521,5,114)
r(2,9,5,114)
r(9,209,5,114)
r(5,204,5,114)
w(18,504,5,114)
r(13,8,5,114)
w(19,515,5,114)
w(15,491,5,114)
w(11,520,5,114)
w(10,516,5,114)
r(3,314,5,114)
w(17,495,5,114)
w(0,537,5,114)
r(16,903,5,114)
w(1,521,5,114)
w(7,485,5,114)
w(12,509,5,114)
w(14,531,5,114)
r(12,810,5,115)
r(18,316,5,115)
r(7,783,5,115)
w(16,509,5,115)
r(6,321,5,115)
r(8,312,5,115)
r(13,801,5,115)
w(11,521,5,115)
r(5,301,5,115)
w(9,492,5,115)
r(17,800,5,115)
w(15,492,5,115)
w(19,516,5,115)
w(0,538,5,115)
w(3,532,5,115)
w(14,532,5,115)
r(4,501,5,115)
w(1,522,5,115)
r(2,9,5,115)
w(10,517,5,115)
r(4,501,5,116)
r(12,715,5,116)
w(14,533,5,116)
w(8,523,5,116)
r(5,695,5,116)
w(7,486,5,116)
r(17,693,5,116)
r(15,399,5,116)
w(18,505,5,116)
w(9,493,5,116)
w(3,533,5,116)
r(1,725,5,116)
w(19,517,5,116)
r(13,910,5,116)
w(16,510,5,116)
w(10,518,5,116)
r(11,421,5,116)
w(6,522,5,116)
r(0,945,5,116)
w(2,507,5,116)
r(4,501,5,117)
w(11,522,5,117)
w(17,496,5,117)
r(3,533,5,117)
w(12,510,5,117)
w(2,508,5,117)
w(15,493,5,117)
r(5,695,5,117)
w(0,539,5,117)
r(6,522,5,117)
r(18,505,5,117)
r(8,523,5,117)
r(9,493,5,117)
w(1,523,5,117)
r(19,517,5,117)
r(16,510,5,117)
w(7,487,5,117)
r(13,910,5,117)
w(14,534,5,117)
r(10,518,5,117)
w(3,534,5,118)
r(7,486,5,118)
w(4,502,5,118)
w(11,523,5,118)
w(8,524,5,118)
r(12,715,5,118)
w(6,523,5,118)
r(9,493,5,118)
r(18,505,5,118)
w(10,519,5,118)
w(14,535,5,118)
w(15,494,5,118)
w(1,524,5,118)
w(0,540,5,118)
r(19,517,5,118)
w(13,504,5,118)
r(2,507,5,118)
r(16,510,5,118)
r(5,695,5,118)
w(17,497,5,118)
r(8,524,5,119)
w(19,518,5,119)
r(0,743,5,119)
w(15,495,5,119)
r(9,493,5,119)
r(17,695,5,119)
r(2,507,5,119)
w(3,535,5,119)
w(1,525,5,119)
r(10,519,5,119)
w(11,524,5,119)
w(4,503,5,119)
w(18,506,5,119)
r(12,717,5,119)
r(7,674,5,119)
r(6,523,5,119)
w(5,507,5,119)
r(13,504,5,119)
w(16,511,5,119)
r(14,737,5,119)
w(16,590,6,120)
r(1,403,6,120)
w(15,592,6,120)
w(2,603,6,120)
r(18,408,6,120)
w(11,608,6,120)
w(7,566,6,120)
r(4,392,6,120)
r(12,397,6,120)
w(6,616,6,120)
r(3,413,6,120)
w(8,621,6,120)
w(10,615,6,120)
r(13,85,6,120)
w(9,593,6,120)
r(14,418,6,120)
r(0,417,6,120)
r(5,3,6,120)
w(19,600,6,120)
w(17,584,6,120)
w(8,622,6,121)
r(13,85,6,121)
r(19,600,6,121)
w(16,591,6,121)
w(3,629,6,121)
w(15,593,6,121)
r(7,566,6,121)
w(9,594,6,121)
w(4,605,6,121)
w(6,617,6,121)
w(10,616,6,121)
r(5,3,6,121)
w(1,623,6,121)
r(18,408,6,121)
r(11,608,6,121)
r(2,603,6,121)
r(17,584,6,121)
w(0,625,6,121)
w(12,604,6,121)
r(14,418,6,121)
r(7,566,6,122)
w(16,592,6,122)
r(4,392,6,122)
w(8,623,6,122)
r(5,3,6,122)
r(11,608,6,122)
r(12,397,6,122)
w(13,591,6,122)
w(17,585,6,122)
w(19,601,6,122)
w(10,617,6,122)
w(2,604,6,122)
r(14,418,6,122)
w(1,624,6,122)
r(3,413,6,122)
w(15,594,6,122)
r(9,593,6,122)
r(18,408,6,122)
r(6,616,6,122)
w(0,626,6,122)
r(14,418,6,123)
r(19,600,6,123)
r(17,584,6,123)
r(3,413,6,123)
w(13,592,6,123)
w(0,627,6,123)
r(16,590,6,123)
w(15,595,6,123)
w(5,591,6,123)
w(11,609,6,123)
r(1,403,6,123)
w(12,605,6,123)
w(10,618,6,123)
r(4,392,6,123)
r(8,621,6,123)
r(6,616,6,123)
w(2,605,6,123)
r(7,566,6,123)
r(18,408,6,123)
r(9,593,6,123)
r(13,85,6,124)
w(3,630,6,124)
w(15,596,6,124)
r(2,603,6,124)
r(10,615,6,124)
w(9,595,6,124)
w(5,592,6,124)
r(16,590,6,124)
r(0,417,6,124)
w(8,624,6,124)
r(18,408,6,124)
r(14,418,6,124)
r(7,566,6,124)
r(6,616,6,124)
w(4,606,6,124)
w(19,602,6,124)
w(17,586,6,124)
r(12,397,6,124)
w(1,625,6,124)
r(11,608,6,124)
r(19,600,6,125)
w(6,618,6,125)
r(17,584,6,125)
w(0,628,6,125)
w(13,593,6,125)
w(12,606,6,125)
r(9,593,6,125)
w(3,631,6,125)
r(1,403,6,125)
r(7,566,6,125)
r(16,590,6,125)
r(2,603,6,125)
r(11,608,6,125)
r(10,615,6,125)
r(4,392,6,125)
r(5,3,6,125)
w(18,593,6,125)
w(8,625,6,125)
w(14,624,6,125)
r(15,592,6,125)
w(15,597,6,126)
w(3,632,6,126)
r(11,608,6,126)
r(12,397,6,126)
w(5,593,6,126)
w(19,603,6,126)
r(18,408,6,126)
r(13,85,6,126)
w(1,626,6,126)
r(17,584,6,126)
w(4,607,6,126)
w(6,619,6,126)
r(7,566,6,126)
w(14,625,6,126)
r(2,603,6,126)
w(8,626,6,126)
r(16,590,6,126)
w(9,596,6,126)
r(0,417,6,126)
w(10,619,6,126)
r(8,621,6,127)
w(1,627,6,127)
w(13,594,6,127)
w(4,608,6,127)
w(9,597,6,127)
w(16,593,6,127)
w(15,598,6,127)
r(17,584,6,127)
r(18,408,6,127)
r(2,603,6,127)
r(6,616,6,127)
r(19,600,6,127)
w(11,610,6,127)
r(12,397,6,127)
r(10,615,6,127)
w(3,633,6,127)
r(0,417,6,127)
r(5,3,6,127)
r(14,418,6,127)
r(7,566,6,127)
r(13,85,6,128)
r(0,417,6,128)
w(4,609,6,128)
r(18,408,6,128)
w(7,567,6,128)
w(1,628,6,128)
r(15,592,6,128)
r(2,603,6,128)
w(6,620,6,128)
w(8,627,6,128)
w(14,626,6,128)
w(19,604,6,128)
r(3,413,6,128)
w(5,594,6,128)
r(17,584,6,128)
r(12,397,6,128)
w(9,598,6,128)
w(11,611,6,128)
r(10,615,6,128)
w(16,594,6,128)
r(14,418,6,129)
w(8,628,6,129)
w(11,612,6,129)
w(1,629,6,129)
w(6,621,6,129)
r(5,3,6,129)
r(7,566,6,129)
r(2,603,6,129)
r(12,397,6,129)
r(0,417,6,129)
w(10,620,6,129)
w(9,599,6,129)
r(19,600,6,129)
w(16,595,6,129)
r(13,85,6,129)
r(18,408,6,129)
r(4,392,6,129)
r(15,592,6,129)
r(17,584,6,129)
r(3,413,6,129)
r(17,584,6,130)
w(4,610,6,130)
w(8,629,6,130)
r(5,3,6,130)
w(13,595,6,130)
r(0,417,6,130)
w(10,621,6,130)
w(19,605,6,130)
r(7,566,6,130)
w(9,600,6,130)
w(12,607,6,130)
w(3,634,6,130)
r(16,590,6,130)
w(11,613,6,130)
w(15,599,6,130)
r(6,616,6,130)
r(18,408,6,130)
w(2,606,6,130)
r(1,403,6,130)
r(14,418,6,130)
w(2,607,6,131)
r(12,397,6,131)
r(19,600,6,131)
w(13,596,6,131)
w(10,622,6,131)
w(0,629,6,131)
w(4,611,6,131)
r(15,703,6,131)
w(1,630,6,131)
w(7,568,6,131)
w(3,635,6,131)
r(11,690,6,131)
w(8,630,6,131)
r(5,688,6,131)
r(16,700,6,131)
r(18,309,6,131)
r(17,686,6,131)
r(6,705,6,131)
r(14,418,6,131)
w(9,601,6,131)
r(0,738,6,132)
r(3,314,6,132)
w(13,597,6,132)
w(14,627,6,132)
w(18,594,6,132)
r(5,797,6,132)
w(19,606,6,132)
r(17,795,6,132)
r(8,840,6,132)
r(4,707,6,132)
w(10,623,6,132)
w(9,602,6,132)
w(1,631,6,132)
r(15,703,6,132)
w(6,622,6,132)
r(2,792,6,132)
r(7,299,6,132)
r(11,788,6,132)
w(12,608,6,132)
r(16,700,6,132)
w(0,630,6,133)
r(6,789,6,133)
r(7,299,6,133)
r(16,700,6,133)
w(13,598,6,133)
w(17,587,6,133)
r(5,504,6,133)
w(8,631,6,133)
r(9,489,6,133)
w(18,595,6,133)
r(12,505,6,133)
r(11,788,6,133)
r(2,792,6,133)
w(1,632,6,133)
r(19,511,6,133)
r(3,314,6,133)
w(4,612,6,133)
w(15,600,6,133)
w(10,624,6,133)
w(14,628,6,133)
w(7,569,6,134)
r(0,534,6,134)
w(12,609,6,134)
w(19,607,6,134)
r(1,516,6,134)
r(17,491,6,134)
w(15,601,6,134)
r(3,314,6,134)
w(4,613,6,134)
w(16,596,6,134)
r(13,501,6,134)
w(5,595,6,134)
w(10,625,6,134)
r(18,499,6,134)
r(2,792,6,134)
w(11,614,6,134)
w(8,632,6,134)
w(9,603,6,134)
r(6,789,6,134)
w(14,629,6,134)
w(10,626,6,135)
w(1,633,6,135)
r(6,789,6,135)
w(12,610,6,135)
w(11,615,6,135)
w(18,596,6,135)
w(3,636,6,135)
r(9,489,6,135)
r(2,792,6,135)
r(7,299,6,135)
r(8,840,6,135)
w(0,631,6,135)
w(5,596,6,135)
r(4,707,6,135)
r(15,703,6,135)
r(17,491,6,135)
w(16,597,6,135)
w(13,599,6,135)
w(14,630,6,135)
w(19,608,6,135)
w(13,600,6,136)
r(7,299,6,136)
r(1,516,6,136)
w(3,637,6,136)
w(4,614,6,136)
r(2,792,6,136)
w(18,597,6,136)
w(17,588,6,136)
w(12,611,6,136)
w(8,633,6,136)
r(15,703,6,136)
r(5,504,6,136)
w(10,627,6,136)
r(9,489,6,136)
w(16,598,6,136)
r(14,526,6,136)
w(6,623,6,136)
w(19,609,6,136)
r(0,534,6,136)
r(11,788,6,136)
w(18,598,6,137)
w(15,602,6,137)
w(19,610,6,137)
w(10,628,6,137)
w(14,631,6,137)
r(9,207,6,137)
w(8,634,6,137)
r(13,195,6,137)
r(17,200,6,137)
w(4,615,6,137)
w(3,638,6,137)
r(12,189,6,137)
w(11,616,6,137)
w(6,624,6,137)
w(5,597,6,137)
r(7,207,6,137)
w(0,632,6,137)
w(2,608,6,137)
r(1,197,6,137)
w(16,599,6,137)
r(13,195,6,138)
r(9,207,6,138)
w(3,639,6,138)
w(10,629,6,138)
r(4,204,6,138)
r(12,189,6,138)
w(11,617,6,138)
w(7,570,6,138)
w(19,611,6,138)
w(2,609,6,138)
r(5,204,6,138)
r(18,203,6,138)
r(14,217,6,138)
w(8,635,6,138)
w(0,633,6,138)
w(1,634,6,138)
r(16,205,6,138)
r(15,703,6,138)
r(6,789,6,138)
r(17,200,6,138)
r(18,203,6,139)
w(4,616,6,139)
r(10,512,6,139)
w(0,634,6,139)
r(16,205,6,139)
r(1,197,6,139)
r(17,200,6,139)
r(11,788,6,139)
w(3,640,6,139)
r(9,207,6,139)
r(7,207,6,139)
r(6,789,6,139)
r(8,215,6,139)
w(5,598,6,139)
w(19,612,6,139)
w(13,601,6,139)
r(15,703,6,139)
r(2,209,6,139)
r(12,189,6,139)
r(14,217,6,139)
r(4,392,7,140)
w(5,684,7,140)
w(19,703,7,140)
r(11,608,7,140)
r(16,590,7,140)
w(15,700,7,140)
r(13,85,7,140)
r(1,403,7,140)
r(14,418,7,140)
r(3,413,7,140)
r(0,417,7,140)
r(17,584,7,140)
r(9,593,7,140)
r(8,621,7,140)
w(2,689,7,140)
r(18,408,7,140)
r(7,566,7,140)
w(10,717,7,140)
r(12,397,7,140)
r(6,616,7,140)
r(18,408,7,141)
w(3,736,7,141)
w(7,665,7,141)
r(19,600,7,141)
w(1,713,7,141)
w(2,690,7,141)
r(11,608,7,141)
r(8,621,7,141)
r(10,615,7,141)
w(9,691,7,141)
r(17,584,7,141)
w(5,685,7,141)
r(6,616,7,141)
r(4,392,7,141)
r(16,590,7,141)
w(0,734,7,141)
r(12,397,7,141)
r(14,418,7,141)
r(15,592,7,141)
w(13,702,7,141)
r(11,608,7,142)
r(2,603,7,142)
w(16,697,7,142)
r(4,392,7,142)
w(18,680,7,142)
r(19,600,7,142)
w(5,686,7,142)
r(15,592,7,142)
r(13,85,7,142)
w(10,718,7,142)
r(1,403,7,142)
w(14,727,7,142)
w(0,735,7,142)
w(8,725,7,142)
r(6,616,7,142)
w(7,666,7,142)
r(17,584,7,142)
r(3,413,7,142)
r(9,593,7,142)
w(12,707,7,142)
w(9,692,7,143)
r(4,392,7,143)
w(16,698,7,143)
r(2,603,7,143)
w(8,726,7,143)
w(13,703,7,143)
w(15,701,7,143)
w(1,714,7,143)
r(10,615,7,143)
w(6,704,7,143)
r(11,608,7,143)
w(14,728,7,143)
r(17,584,7,143)
w(0,736,7,143)
w(18,681,7,143)
w(3,737,7,143)
r(12,397,7,143)
r(7,566,7,143)
r(19,600,7,143)
w(5,687,7,143)
w(10,719,7,144)
r(5,3,7,144)
r(8,621,7,144)
w(0,737,7,144)
w(2,691,7,144)
r(6,616,7,144)
r(9,593,7,144)
r(19,600,7,144)
r(18,408,7,144)
r(7,566,7,144)
r(11,608,7,144)
r(13,85,7,144)
r(1,403,7,144)
w(15,702,7,144)
r(4,392,7,144)
w(16,699,7,144)
w(14,729,7,144)
r(17,584,7,144)
r(12,397,7,144)
r(3,413,7,144)
r(12,397,7,145)
r(7,299,7,145)
w(15,703,7,145)
w(11,690,7,145)
r(13,85,7,145)
w(16,700,7,145)
w(8,727,7,145)
r(9,295,7,145)
r(19,600,7,145)
w(4,707,7,145)
w(5,688,7,145)
w(6,705,7,145)
r(14,418,7,145)
w(17,686,7,145)
r(3,314,7,145)
r(18,309,7,145)
w(2,692,7,145)
w(1,715,7,145)
r(10,615,7,145)
w(0,738,7,145)
w(1,716,7,146)
r(14,418,7,146)
r(9,295,7,146)
r(15,703,7,146)
r(6,705,7,146)
w(16,701,7,146)
w(3,738,7,146)
w(17,687,7,146)
r(0,738,7,146)
w(18,682,7,146)
w(19,704,7,146)
r(11,690,7,146)
w(10,720,7,146)
r(13,85,7,146)
w(4,708,7,146)
r(12,397,7,146)
w(8,728,7,146)
r(2,692,7,146)
w(5,689,7,146)
w(7,667,7,146)
w(3,739,7,147)
w(1,717,7,147)
w(18,683,7,147)
r(12,397,7,147)
w(5,690,7,147)
w(6,706,7,147)
w(16,702,7,147)
w(13,704,7,147)
w(9,693,7,147)
r(0,738,7,147)
w(8,729,7,147)
w(14,730,7,147)
r(4,707,7,147)
r(17,686,7,147)
w(2,693,7,147)
r(10,615,7,147)
w(15,704,7,147)
w(7,668,7,147)
w(19,705,7,147)
r(11,690,7,147)
w(6,707,7,148)
w(11,691,7,148)
w(17,688,7,148)
r(0,738,7,148)
r(19,600,7,148)
w(1,718,7,148)
r(12,397,7,148)
w(5,691,7,148)
w(13,705,7,148)
w(9,694,7,148)
w(4,709,7,148)
r(2,792,7,148)
w(18,684,7,148)
w(7,669,7,148)
w(3,740,7,148)
w(8,730,7,148)
r(10,615,7,148)
w(14,731,7,148)
w(16,703,7,148)
r(15,703,7,148)
r(7,207,7,149)
r(4,204,7,149)
r(6,789,7,149)
w(14,732,7,149)
w(5,692,7,149)
r(17,200,7,149)
w(15,705,7,149)
r(0,206,7,149)
w(12,708,7,149)
r(13,195,7,149)
r(2,209,7,149)
w(1,719,7,149)
r(3,314,7,149)
r(19,511,7,149)
w(18,685,7,149)
w(9,695,7,149)
r(16,205,7,149)
w(8,731,7,149)
w(10,721,7,149)
w(11,692,7,149)
r(13,8,7,150)
r(4,206,7,150)
w(16,704,7,150)
w(19,706,7,150)
w(5,693,7,150)
w(0,739,7,150)
w(8,732,7,150)
w(12,709,7,150)
r(15,202,7,150)
w(2,694,7,150)
r(6,217,7,150)
w(1,720,7,150)
r(14,218,7,150)
r(18,203,7,150)
r(9,209,7,150)
w(11,693,7,150)
w(3,741,7,150)
w(17,689,7,150)
r(10,8,7,150)
r(7,207,7,150)
w(8,733,7,151)
r(5,301,7,151)
w(13,706,7,151)
w(18,686,7,151)
w(10,722,7,151)
r(16,309,7,151)
w(4,710,7,151)
r(9,910,7,151)
r(7,783,7,151)
r(1,521,7,151)
w(11,694,7,151)
w(2,695,7,151)
w(17,690,7,151)
r(0,316,7,151)
w(19,707,7,151)
w(6,708,7,151)
w(14,733,7,151)
w(15,706,7,151)
r(3,951,7,151)
w(12,710,7,151)
r(19,516,7,152)
r(6,321,7,152)
r(5,301,7,152)
w(11,695,7,152)
w(10,723,7,152)
w(12,711,7,152)
w(0,740,7,152)
w(1,721,7,152)
w(16,705,7,152)
r(15,492,7,152)
w(14,734,7,152)
r(18,316,7,152)
r(2,9,7,152)
w(4,711,7,152)
w(7,670,7,152)
w(3,742,7,152)
w(9,696,7,152)
w(13,707,7,152)
r(8,312,7,152)
r(17,800,7,152)
w(17,691,7,153)
r(4,501,7,153)
r(10,517,7,153)
r(1,522,7,153)
w(6,709,7,153)
w(19,708,7,153)
w(14,735,7,153)
w(8,734,7,153)
r(13,801,7,153)
w(11,696,7,153)
w(12,712,7,153)
w(3,743,7,153)
r(5,301,7,153)
w(2,696,7,153)
r(0,538,7,153)
w(16,706,7,153)
w(7,671,7,153)
r(15,492,7,153)
r(18,316,7,153)
w(9,697,7,153)
r(9,305,7,154)
r(11,521,7,154)
w(14,736,7,154)
r(8,314,7,154)
w(6,710,7,154)
w(10,724,7,154)
w(19,709,7,154)
w(12,713,7,154)
r(13,801,7,154)
r(15,492,7,154)
w(1,722,7,154)
w(16,707,7,154)
w(18,687,7,154)
w(7,672,7,154)
r(5,305,7,154)
w(3,744,7,154)
w(2,697,7,154)
r(4,501,7,154)
r(0,538,7,154)
r(17,800,7,154)
w(16,708,7,155)
w(9,698,7,155)
r(14,327,7,155)
r(5,305,7,155)
w(15,707,7,155)
w(1,723,7,155)
r(13,801,7,155)
r(8,314,7,155)
w(4,712,7,155)
r(3,322,7,155)
w(11,697,7,155)
w(17,692,7,155)
r(6,325,7,155)
w(2,698,7,155)
w(12,714,7,155)
r(18,316,7,155)
r(7,310,7,155)
w(10,725,7,155)
w(19,710,7,155)
w(0,741,7,155)
r(6,325,7,156)
r(12,907,7,156)
r(14,937,7,156)
r(10,517,7,156)
w(15,708,7,156)
w(1,724,7,156)
r(17,908,7,156)
r(9,808,7,156)
w(7,673,7,156)
r(0,945,7,156)
r(13,910,7,156)
w(18,688,7,156)
r(4,501,7,156)
w(11,698,7,156)
r(3,954,7,156)
w(5,694,7,156)
w(16,709,7,156)
r(2,9,7,156)
r(19,900,7,156)
r(8,848,7,156)
w(17,693,7,157)
r(11,421,7,157)
r(7,881,7,157)
w(12,715,7,157)
r(2,9,7,157)
w(9,699,7,157)
w(1,725,7,157)
r(16,907,7,157)
r(3,421,7,157)
r(15,399,7,157)
r(4,501,7,157)
w(5,695,7,157)
w(19,711,7,157)
r(14,937,7,157)
w(8,735,7,157)
r(13,910,7,157)
r(10,418,7,157)
r(18,885,7,157)
r(0,945,7,157)
w(6,711,7,157)
r(14,535,7,158)
w(4,713,7,158)
r(19,517,7,158)
r(5,695,7,158)
r(2,507,7,158)
w(16,710,7,158)
w(10,726,7,158)
w(13,708,7,158)
w(12,716,7,158)
r(3,534,7,158)
w(17,694,7,158)
r(1,524,7,158)
w(0,742,7,158)
r(15,494,7,158)
w(8,736,7,158)
r(6,523,7,158)
r(11,523,7,158)
r(18,505,7,158)
r(9,493,7,158)
r(7,486,7,158)
w(11,699,7,159)
w(12,717,7,159)
w(18,689,7,159)
r(2,507,7,159)
r(5,695,7,159)
r(3,534,7,159)
w(0,743,7,159)
r(15,494,7,159)
w(14,737,7,159)
r(16,510,7,159)
r(13,504,7,159)
w(17,695,7,159)
r(9,493,7,159)
w(1,726,7,159)
w(7,674,7,159)
r(10,519,7,159)
r(8,524,7,159)
r(19,517,7,159)
w(4,714,7,159)
r(6,523,7,159)
w(18,779,8,160)
r(2,603,8,160)
r(0,417,8,160)
r(9,593,8,160)
w(19,799,8,160)
r(17,584,8,160)
r(7,566,8,160)
r(4,392,8,160)
r(5,3,8,160)
r(1,403,8,160)
w(11,783,8,160)
r(6,616,8,160)
w(12,805,8,160)
r(3,413,8,160)
w(16,787,8,160)
w(8,837,8,160)
r(13,85,8,160)
w(14,836,8,160)
r(10,615,8,160)
r(15,592,8,160)
r(4,392,8,161)
r(2,603,8,161)
r(13,85,8,161)
r(17,584,8,161)
w(9,799,8,161)
r(8,621,8,161)
r(3,413,8,161)
r(7,566,8,161)
w(10,814,8,161)
r(0,417,8,161)
w(6,786,8,161)
r(11,608,8,161)
w(15,806,8,161)
w(19,800,8,161)
w(14,837,8,161)
r(16,590,8,161)
w(5,795,8,161)
r(12,397,8,161)
r(1,403,8,161)
w(18,780,8,161)
r(7,566,8,162)
w(12,806,8,162)
r(5,3,8,162)
r(14,418,8,162)
r(2,603,8,162)
r(4,392,8,162)
w(0,850,8,162)
w(3,841,8,162)
r(13,85,8,162)
r(10,615,8,162)
r(15,592,8,162)
r(17,584,8,162)
w(9,800,8,162)
w(6,787,8,162)
w(8,838,8,162)
w(1,814,8,162)
r(18,408,8,162)
w(16,788,8,162)
w(11,784,8,162)
w(19,801,8,162)
w(7,777,8,163)
r(8,621,8,163)
w(14,838,8,163)
w(18,781,8,163)
r(12,397,8,163)
r(19,600,8,163)
r(16,590,8,163)
w(17,794,8,163)
w(15,807,8,163)
r(4,392,8,163)
r(3,413,8,163)
r(1,403,8,163)
r(2,603,8,163)
w(11,785,8,163)
w(5,796,8,163)
w(0,851,8,163)
r(6,616,8,163)
w(13,796,8,163)
r(10,615,8,163)
r(9,593,8,163)
w(4,816,8,164)
w(10,815,8,164)
w(7,778,8,164)
r(5,688,8,164)
w(8,839,8,164)
w(18,782,8,164)
r(16,700,8,164)
w(14,839,8,164)
r(17,686,8,164)
r(1,715,8,164)
w(6,788,8,164)
r(3,314,8,164)
r(15,703,8,164)
r(13,85,8,164)
r(19,600,8,164)
w(0,852,8,164)
w(9,801,8,164)
w(2,790,8,164)
w(11,786,8,164)
r(12,397,8,164)
r(4,707,8,165)
r(10,615,8,165)
r(1,715,8,165)
r(0,738,8,165)
r(5,688,8,165)
w(12,807,8,165)
w(2,791,8,165)
w(3,842,8,165)
r(17,686,8,165)
r(15,703,8,165)
r(13,85,8,165)
r(14,418,8,165)
r(8,727,8,165)
w(11,787,8,165)
r(19,600,8,165)
w(18,783,8,165)
r(9,295,8,165)
r(16,700,8,165)
r(7,299,8,165)
r(6,705,8,165)
w(8,840,8,166)
r(12,397,8,166)
w(5,797,8,166)
r(19,600,8,166)
w(14,840,8,166)
r(3,314,8,166)
w(13,797,8,166)
r(10,615,8,166)
w(2,792,8,166)
w(6,789,8,166)
r(18,309,8,166)
w(9,802,8,166)
w(17,795,8,166)
w(11,788,8,166)
r(7,299,8,166)
r(16,700,8,166)
r(0,738,8,166)
r(15,703,8,166)
r(4,707,8,166)
r(1,715,8,166)
w(10,816,8,167)
r(13,797,8,167)
r(1,715,8,167)
w(4,817,8,167)
r(8,840,8,167)
w(14,841,8,167)
r(18,309,8,167)
w(16,789,8,167)
r(5,797,8,167)
r(17,795,8,167)
w(11,789,8,167)
r(0,738,8,167)
r(15,703,8,167)
r(3,314,8,167)
r(6,789,8,167)
r(12,397,8,167)
w(7,779,8,167)
w(19,802,8,167)
r(2,792,8,167)
w(9,803,8,167)
r(2,792,8,168)
r(14,526,8,168)
r(7,299,8,168)
w(12,808,8,168)
r(10,512,8,168)
w(17,796,8,168)
r(6,789,8,168)
r(11,788,8,168)
r(19,511,8,168)
r(16,700,8,168)
w(15,808,8,168)
w(0,853,8,168)
r(1,516,8,168)
w(8,841,8,168)
r(9,489,8,168)
r(5,504,8,168)
w(18,784,8,168)
r(13,501,8,168)
r(3,314,8,168)
r(4,707,8,168)
r(18,499,8,169)
w(16,790,8,169)
w(3,843,8,169)
w(7,780,8,169)
w(5,798,8,169)
r(6,789,8,169)
w(13,798,8,169)
w(2,793,8,169)
w(17,797,8,169)
r(10,512,8,169)
r(8,840,8,169)
w(15,809,8,169)
w(14,842,8,169)
r(12,505,8,169)
w(1,815,8,169)
r(11,788,8,169)
w(4,818,8,169)
r(19,511,8,169)
r(0,534,8,169)
r(9,489,8,169)
r(5,204,8,170)
w(12,809,8,170)
r(14,217,8,170)
w(1,816,8,170)
w(17,798,8,170)
r(6,789,8,170)
w(0,854,8,170)
r(4,204,8,170)
r(16,205,8,170)
w(13,799,8,170)
w(11,790,8,170)
r(9,207,8,170)
w(7,781,8,170)
r(19,511,8,170)
w(8,842,8,170)
w(3,844,8,170)
r(15,703,8,170)
r(10,512,8,170)
w(2,794,8,170)
r(18,203,8,170)
w(15,810,8,171)
w(1,817,8,171)
w(2,795,8,171)
r(14,217,8,171)
r(6,789,8,171)
r(7,207,8,171)
w(9,804,8,171)
w(17,799,8,171)
w(4,819,8,171)
w(13,800,8,171)
r(12,189,8,171)
w(5,799,8,171)
r(18,203,8,171)
r(16,205,8,171)
w(3,845,8,171)
r(8,215,8,171)
w(19,803,8,171)
r(0,206,8,171)
r(11,788,8,171)
r(10,512,8,171)
w(6,790,8,172)
r(10,512,8,172)
r(13,195,8,172)
r(14,217,8,172)
r(19,511,8,172)
w(7,782,8,172)
w(16,791,8,172)
r(17,200,8,172)
r(11,788,8,172)
r(5,204,8,172)
r(8,215,8,172)
w(3,846,8,172)
w(4,820,8,172)
r(15,703,8,172)
r(2,209,8,172)
r(12,189,8,172)
w(9,805,8,172)
w(18,785,8,172)
r(0,206,8,172)
r(1,197,8,172)
w(8,843,8,173)
w(5,800,8,173)
w(17,800,8,173)
w(10,817,8,173)
r(4,501,8,173)
w(6,791,8,173)
w(12,810,8,173)
r(9,910,8,173)
w(18,786,8,173)
r(14,935,8,173)
r(16,903,8,173)
r(15,921,8,173)
w(7,783,8,173)
r(1,521,8,173)
r(3,951,8,173)
w(11,791,8,173)
r(2,9,8,173)
r(19,898,8,173)
w(13,801,8,173)
r(0,943,8,173)
w(14,843,8,174)
r(2,9,8,174)
w(10,818,8,174)
w(11,792,8,174)
r(12,810,8,174)
r(6,321,8,174)
w(3,847,8,174)
w(8,844,8,174)
r(13,801,8,174)
w(16,792,8,174)
r(18,316,8,174)
r(7,783,8,174)
w(1,818,8,174)
w(17,801,8,174)
r(19,323,8,174)
r(5,301,8,174)
w(9,806,8,174)
r(0,316,8,174)
w(4,821,8,174)
w(15,811,8,174)
w(10,819,8,175)
w(17,802,8,175)
w(13,802,8,175)
w(4,822,8,175)
w(2,796,8,175)
r(7,783,8,175)
w(0,855,8,175)
w(5,801,8,175)
r(14,532,8,175)
r(12,810,8,175)
w(1,819,8,175)
w(6,792,8,175)
r(19,516,8,175)
w(3,848,8,175)
w(18,787,8,175)
w(8,845,8,175)
r(15,492,8,175)
r(9,492,8,175)
r(16,509,8,175)
w(11,793,8,175)
r(0,538,8,176)
r(9,305,8,176)
r(16,311,8,176)
w(15,812,8,176)
r(17,800,8,176)
r(12,295,8,176)
w(7,784,8,176)
w(6,793,8,176)
r(3,322,8,176)
r(11,521,8,176)
w(14,844,8,176)
r(2,9,8,176)
r(4,501,8,176)
w(8,846,8,176)
r(10,517,8,176)
r(19,516,8,176)
r(1,522,8,176)
r(18,316,8,176)
w(13,803,8,176)
w(5,802,8,176)
r(15,492,8,177)
w(6,794,8,177)
r(3,322,8,177)
r(17,800,8,177)
r(16,311,8,177)
r(14,327,8,177)
r(19,516,8,177)
r(12,295,8,177)
w(9,807,8,177)
r(2,9,8,177)
r(18,316,8,177)
w(10,820,8,177)
w(5,803,8,177)
w(11,794,8,177)
w(8,847,8,177)
w(7,785,8,177)
r(13,801,8,177)
w(4,823,8,177)
r(0,538,8,177)
w(1,820,8,177)
r(14,327,8,178)
w(7,786,8,178)
r(18,316,8,178)
r(5,305,8,178)
r(11,521,8,178)
w(3,849,8,178)
w(1,821,8,178)
r(2,9,8,178)
w(12,811,8,178)
w(15,813,8,178)
r(6,325,8,178)
r(4,501,8,178)
r(10,517,8,178)
w(13,804,8,178)
w(9,808,8,178)
w(0,856,8,178)
w(8,848,8,178)
w(16,793,8,178)
w(19,804,8,178)
w(17,803,8,178)
w(18,788,8,179)
w(1,822,8,179)
r(12,907,8,179)
r(2,9,8,179)
r(10,517,8,179)
w(0,857,8,179)
w(4,824,8,179)
w(19,805,8,179)
r(5,892,8,179)
w(16,794,8,179)
r(9,808,8,179)
r(8,848,8,179)
r(7,881,8,179)
w(15,814,8,179)
r(14,937,8,179)
r(6,325,8,179)
r(13,910,8,179)
w(11,795,8,179)
r(3,954,8,179)
r(17,908,8,179)
w(10,909,9,180)
w(8,948,9,180)
w(17,899,9,180)
w(13,902,9,180)
w(12,898,9,180)
w(15,915,9,180)
r(11,412,9,180)
w(5,883,9,180)
r(16,4,9,180)
w(2,879,9,180)
r(6,1,9,180)
w(9,908,9,180)
r(3,413,9,180)
w(4,919,9,180)
w(7,873,9,180)
w(1,920,9,180)
r(18,408,9,180)
w(19,892,9,180)
w(0,937,9,180)
w(14,929,9,180)
w(16,898,9,181)
r(0,417,9,181)
r(3,413,9,181)
w(6,883,9,181)
w(5,884,9,181)
w(8,949,9,181)
r(10,615,9,181)
r(1,403,9,181)
w(13,903,9,181)
w(11,884,9,181)
w(14,930,9,181)
w(18,879,9,181)
w(7,874,9,181)
w(15,916,9,181)
w(12,899,9,181)
w(17,900,9,181)
w(2,880,9,181)
w(19,893,9,181)
r(4,392,9,181)
r(9,593,9,181)
w(16,899,9,182)
w(4,920,9,182)
r(7,566,9,182)
r(19,600,9,182)
r(8,621,9,182)
w(17,901,9,182)
w(12,900,9,182)
r(0,417,9,182)
w(10,910,9,182)
w(3,945,9,182)
r(15,592,9,182)
r(13,85,9,182)
w(5,885,9,182)
w(2,881,9,182)
r(6,616,9,182)
w(1,921,9,182)
r(9,593,9,182)
w(14,931,9,182)
w(11,885,9,182)
w(18,880,9,182)
w(3,946,9,183)
w(2,882,9,183)
w(13,904,9,183)
r(8,621,9,183)
w(9,909,9,183)
r(19,600,9,183)
w(5,886,9,183)
r(1,403,9,183)
w(16,900,9,183)
w(10,911,9,183)
w(12,901,9,183)
w(14,932,9,183)
w(11,886,9,183)
w(7,875,9,183)
w(4,921,9,183)
w(6,884,9,183)
r(17,584,9,183)
r(15,592,9,183)
r(18,408,9,183)
w(0,938,9,183)
w(8,950,9,184)
w(19,894,9,184)
r(11,608,9,184)
r(1,403,9,184)
r(9,593,9,184)
r(14,418,9,184)
w(2,883,9,184)
w(5,887,9,184)
w(3,947,9,184)
w(0,939,9,184)
w(4,922,9,184)
w(13,905,9,184)
r(7,566,9,184)
w(18,881,9,184)
w(10,912,9,184)
w(16,901,9,184)
w(15,917,9,184)
r(12,397,9,184)
w(17,902,9,184)
r(6,616,9,184)
w(1,922,9,185)
r(16,700,9,185)
w(3,948,9,185)
r(19,600,9,185)
r(4,707,9,185)
r(9,295,9,185)
w(2,884,9,185)
w(10,913,9,185)
w(17,903,9,185)
r(0,738,9,185)
w(8,951,9,185)
r(6,705,9,185)
r(14,418,9,185)
w(18,882,9,185)
r(13,85,9,185)
r(7,299,9,185)
w(15,918,9,185)
r(12,397,9,185)
r(5,688,9,185)
r(11,690,9,185)
w(4,923,9,186)
w(0,940,9,186)
r(2,692,9,186)
w(3,949,9,186)
w(5,888,9,186)
w(17,904,9,186)
r(9,295,9,186)
w(8,952,9,186)
w(18,883,9,186)
r(13,85,9,186)
w(19,895,9,186)
w(6,885,9,186)
r(10,615,9,186)
w(14,933,9,186)
r(7,299,9,186)
r(1,715,9,186)
r(16,700,9,186)
r(12,397,9,186)
w(15,919,9,186)
w(11,887,9,186)
w(13,906,9,187)
w(11,888,9,187)
r(10,512,9,187)
r(0,206,9,187)
r(5,204,9,187)
r(15,703,9,187)
w(2,885,9,187)
r(8,215,9,187)
r(16,205,9,187)
w(12,902,9,187)
w(18,884,9,187)
r(1,197,9,187)
r(4,204,9,187)
r(9,207,9,187)
w(14,934,9,187)
r(17,200,9,187)
w(3,950,9,187)
w(19,896,9,187)
r(7,207,9,187)
w(6,886,9,187)
w(0,941,9,188)
r(11,788,9,188)
r(17,200,9,188)
r(6,8,9,188)
w(13,907,9,188)
r(9,207,9,188)
w(7,876,9,188)
w(1,923,9,188)
r(5,204,9,188)
w(16,902,9,188)
r(8,215,9,188)
w(12,903,9,188)
w(10,914,9,188)
w(2,886,9,188)
w(15,920,9,188)
r(18,203,9,188)
w(19,897,9,188)
r(14,217,9,188)
r(3,314,9,188)
w(4,924,9,188)
r(3,314,9,189)
r(13,8,9,189)
r(15,202,9,189)
r(4,206,9,189)
w(1,924,9,189)
r(2,9,9,189)
r(18,203,9,189)
w(0,942,9,189)
w(12,904,9,189)
w(17,905,9,189)
r(9,209,9,189)
r(11,221,9,189)
r(5,204,9,189)
w(16,903,9,189)
r(14,218,9,189)
w(7,877,9,189)
r(10,8,9,189)
r(19,220,9,189)
r(6,217,9,189)
w(8,953,9,189)
r(16,903,9,190)
w(7,878,9,190)
r(12,509,9,190)
w(17,906,9,190)
w(6,887,9,190)
w(15,921,9,190)
w(10,915,9,190)
w(8,954,9,190)
w(0,943,9,190)
w(9,910,9,190)
r(11,520,9,190)
r(18,504,9,190)
w(14,935,9,190)
w(19,898,9,190)
w(5,889,9,190)
r(13,8,9,190)
w(3,951,9,190)
r(4,501,9,190)
r(2,9,9,190)
r(1,521,9,190)
w(6,888,9,191)
r(10,517,9,191)
w(0,944,9,191)
r(14,532,9,191)
r(7,783,9,191)
r(19,516,9,191)
r(3,532,9,191)
w(11,889,9,191)
r(2,9,9,191)
r(18,316,9,191)
w(5,890,9,191)
r(8,312,9,191)
w(13,908,9,191)
r(17,800,9,191)
w(16,904,9,191)
r(15,492,9,191)
w(4,925,9,191)
w(12,905,9,191)
r(1,522,9,191)
r(9,492,9,191)
r(9,305,9,192)
r(0,538,9,192)
w(3,952,9,192)
w(1,925,9,192)
w(7,879,9,192)
w(4,926,9,192)
r(17,800,9,192)
w(13,909,9,192)
w(12,906,9,192)
r(15,492,9,192)
w(16,905,9,192)
r(14,327,9,192)
w(10,916,9,192)
w(5,891,9,192)
w(8,955,9,192)
w(19,899,9,192)
w(11,890,9,192)
r(2,9,9,192)
w(6,889,9,192)
r(18,316,9,192)
r(9,305,9,193)
r(2,9,9,193)
w(16,906,9,193)
r(13,801,9,193)
w(15,922,9,193)
r(18,316,9,193)
r(4,501,9,193)
r(12,295,9,193)
w(11,891,9,193)
r(0,538,9,193)
r(19,516,9,193)
w(17,907,9,193)
r(1,522,9,193)
w(10,917,9,193)
w(14,936,9,193)
r(6,325,9,193)
w(8,956,9,193)
w(7,880,9,193)
r(5,305,9,193)
w(3,953,9,193)
w(7,881,9,194)
w(15,923,9,194)
r(6,325,9,194)
r(2,9,9,194)
w(13,910,9,194)
w(16,907,9,194)
r(9,808,9,194)
w(18,885,9,194)
r(10,517,9,194)
w(0,945,9,194)
w(11,892,9,194)
w(3,954,9,194)
r(1,821,9,194)
w(12,907,9,194)
w(19,900,9,194)
w(17,908,9,194)
r(8,848,9,194)
r(4,501,9,194)
w(14,937,9,194)
w(5,892,9,194)
r(11,421,9,195)
r(3,421,9,195)
r(15,399,9,195)
w(13,911,9,195)
w(9,911,9,195)
r(7,881,9,195)
w(16,908,9,195)
w(17,909,9,195)
r(10,418,9,195)
r(14,937,9,195)
w(18,886,9,195)
w(2,887,9,195)
w(4,927,9,195)
r(1,725,9,195)
r(0,945,9,195)
r(19,711,9,195)
r(8,735,9,195)
r(5,695,9,195)
r(6,711,9,195)
r(12,715,9,195)
r(8,524,9,196)
r(0,540,9,196)
w(15,924,9,196)
w(1,926,9,196)
w(6,890,9,196)
r(17,497,9,196)
r(4,502,9,196)
r(12,715,9,196)
r(11,523,9,196)
r(3,534,9,196)
w(9,912,9,196)
r(2,507,9,196)
w(16,909,9,196)
r(18,505,9,196)
r(10,519,9,196)
r(13,504,9,196)
w(5,893,9,196)
w(7,882,9,196)
w(14,938,9,196)
w(19,901,9,196)
r(13,504,9,197)
w(4,928,9,197)
r(10,519,9,197)
w(12,908,9,197)
r(6,523,9,197)
r(2,507,9,197)
r(3,535,9,197)
r(8,524,9,197)
r(18,506,9,197)
r(9,493,9,197)
r(14,737,9,197)
r(19,518,9,197)
r(5,507,9,197)
w(11,893,9,197)
w(15,925,9,197)
w(0,946,9,197)
r(16,511,9,197)
w(1,927,9,197)
r(7,674,9,197)
w(17,910,9,197)
r(5,507,9,198)
w(7,883,9,198)
w(13,912,9,198)
w(1,928,9,198)
w(12,909,9,198)
w(11,894,9,198)
w(10,918,9,198)
r(18,506,9,198)
r(14,737,9,198)
w(8,957,9,198)
w(17,911,9,198)
r(2,507,9,198)
w(3,955,9,198)
r(19,411,9,198)
w(0,947,9,198)
r(15,925,9,198)
w(6,891,9,198)
w(4,929,9,198)
w(9,913,9,198)
w(16,910,9,198)
w(8,958,9,199)
r(17,911,9,199)
r(18,506,9,199)
w(0,948,9,199)
r(19,411,9,199)
r(10,918,9,199)
w(14,939,9,199)
w(4,930,9,199)
w(13,913,9,199)
w(3,956,9,199)
r(2,507,9,199)
w(12,910,9,199)
r(7,883,9,199)
w(1,929,9,199)
w(15,926,9,199)
w(11,895,9,199)
r(5,507,9,199)
w(16,911,9,199)
w(9,914,9,199)
r(6,891,9,199)
