r(11,0,0,0)
r(16,0,0,0)
w(2,1,0,0)
r(5,0,0,0)
w(0,1,0,0)
w(4,1,0,0)
w(18,1,0,0)
r(13,0,0,0)
r(12,0,0,0)
r(7,0,0,0)
r(9,0,0,0)
r(1,0,0,0)
r(8,0,0,0)
r(3,0,0,0)
w(10,1,0,0)
r(17,0,0,0)
r(15,0,0,0)
w(19,1,0,0)
w(6,1,0,0)
w(14,1,0,0)
r(16,0,0,1)
r(17,0,0,1)
w(5,1,0,1)
w(3,1,0,1)
r(15,0,0,1)
r(19,1,0,1)
r(11,0,0,1)
r(8,0,0,1)
w(10,2,0,1)
w(9,1,0,1)
r(0,1,0,1)
r(6,1,0,1)
r(12,0,0,1)
r(18,1,0,1)
r(7,0,0,1)
w(13,1,0,1)
w(1,1,0,1)
r(14,1,0,1)
w(2,2,0,1)
r(4,1,0,1)
w(1,2,0,2)
r(5,1,0,2)
r(16,0,0,2)
r(14,1,0,2)
r(18,1,0,2)
w(0,2,0,2)
r(12,0,0,2)
w(8,1,0,2)
r(11,0,0,2)
r(3,1,0,2)
r(17,0,0,2)
r(7,0,0,2)
r(2,2,0,2)
w(6,2,0,2)
w(9,2,0,2)
r(13,1,0,2)
r(10,2,0,2)
w(4,2,0,2)
w(15,1,0,2)
w(19,2,0,2)
w(14,2,0,3)
w(3,2,0,3)
w(15,2,0,3)
r(17,0,0,3)
r(6,2,0,3)
w(19,3,0,3)
w(0,3,0,3)
r(16,0,0,3)
r(1,2,0,3)
r(5,1,0,3)
w(8,2,0,3)
w(4,3,0,3)
r(11,0,0,3)
w(13,2,0,3)
r(18,1,0,3)
r(2,2,0,3)
r(9,2,0,3)
r(12,0,0,3)
r(10,2,0,3)
r(7,0,0,3)
r(8,2,0,4)
r(15,2,0,4)
w(19,4,0,4)
r(6,2,0,4)
w(11,1,0,4)
r(12,0,0,4)
w(13,3,0,4)
w(0,4,0,4)
w(4,4,0,4)
r(3,2,0,4)
r(16,0,0,4)
r(14,2,0,4)
r(7,0,0,4)
r(2,2,0,4)
w(17,1,0,4)
w(10,3,0,4)
w(18,2,0,4)
w(1,3,0,4)
r(5,1,0,4)
r(9,2,0,4)
w(5,2,0,5)
w(15,3,0,5)
w(7,1,0,5)
w(16,1,0,5)
r(10,788,0,5)
r(6,818,0,5)
r(0,816,0,5)
w(3,3,0,5)
w(17,2,0,5)
r(1,828,0,5)
w(9,3,0,5)
w(8,3,0,5)
r(2,410,0,5)
w(11,2,0,5)
w(18,3,0,5)
w(14,3,0,5)
r(19,800,0,5)
w(4,5,0,5)
w(12,1,0,5)
w(13,4,0,5)
r(11,0,0,6)
w(0,5,0,6)
w(16,2,0,6)
r(1,828,0,6)
w(19,5,0,6)
w(15,4,0,6)
r(7,792,0,6)
w(8,4,0,6)
w(13,5,0,6)
r(14,777,0,6)
r(2,410,0,6)
w(6,3,0,6)
w(3,4,0,6)
w(10,4,0,6)
w(12,2,0,6)
w(18,4,0,6)
r(5,796,0,6)
w(4,6,0,6)
r(17,801,0,6)
w(9,4,0,6)
w(0,6,0,7)
w(2,3,0,7)
r(4,99,0,7)
r(7,97,0,7)
w(3,5,0,7)
r(18,90,0,7)
w(6,4,0,7)
w(14,4,0,7)
w(10,5,0,7)
r(19,106,0,7)
w(12,3,0,7)
r(16,105,0,7)
w(11,3,0,7)
w(9,5,0,7)
r(15,797,0,7)
r(1,110,0,7)
r(13,2,0,7)
w(17,3,0,7)
w(5,3,0,7)
w(8,5,0,7)
r(14,101,0,8)
w(15,5,0,8)
w(3,6,0,8)
r(10,99,0,8)
r(0,113,0,8)
r(11,0,0,8)
r(4,99,0,8)
w(9,6,0,8)
r(12,94,0,8)
w(19,6,0,8)
w(6,5,0,8)
w(1,4,0,8)
w(8,6,0,8)
w(2,4,0,8)
r(5,96,0,8)
r(13,2,0,8)
w(18,5,0,8)
r(7,97,0,8)
w(17,4,0,8)
r(16,105,0,8)
w(12,4,0,9)
w(13,6,0,9)
r(5,600,0,9)
w(18,6,0,9)
r(3,99,0,9)
w(0,7,0,9)
r(15,609,0,9)
r(16,633,0,9)
w(10,6,0,9)
r(11,599,0,9)
w(19,7,0,9)
w(7,2,0,9)
r(17,582,0,9)
r(8,840,0,9)
w(9,7,0,9)
r(4,99,0,9)
w(6,6,0,9)
r(1,110,0,9)
r(14,576,0,9)
r(2,410,0,9)
w(14,5,0,10)
r(5,600,0,10)
w(11,4,0,10)
w(0,8,0,10)
w(2,5,0,10)
r(8,840,0,10)
r(10,99,0,10)
r(4,99,0,10)
w(13,7,0,10)
w(3,7,0,10)
w(1,5,0,10)
r(19,106,0,10)
w(6,7,0,10)
w(7,3,0,10)
r(16,633,0,10)
w(15,6,0,10)
w(12,5,0,10)
r(18,586,0,10)
r(9,775,0,10)
w(17,5,0,10)
r(7,681,0,11)
w(19,8,0,11)
w(8,7,0,11)
r(15,705,0,11)
w(11,5,0,11)
w(16,3,0,11)
r(1,715,0,11)
r(3,99,0,11)
w(14,6,0,11)
w(0,9,0,11)
w(5,4,0,11)
w(12,6,0,11)
r(4,713,0,11)
r(9,681,0,11)
w(18,7,0,11)
r(2,709,0,11)
w(10,7,0,11)
r(17,685,0,11)
r(6,711,0,11)
r(13,2,0,11)
w(19,9,0,12)
w(18,8,0,12)
w(4,7,0,12)
r(11,717,0,12)
r(15,110,0,12)
w(13,8,0,12)
w(7,4,0,12)
w(1,6,0,12)
w(16,4,0,12)
w(17,6,0,12)
w(14,7,0,12)
w(2,6,0,12)
r(6,711,0,12)
r(10,692,0,12)
w(5,5,0,12)
w(0,10,0,12)
r(9,106,0,12)
r(12,704,0,12)
r(3,99,0,12)
r(8,221,0,12)
r(19,110,0,13)
r(13,2,0,13)
r(17,687,0,13)
w(9,8,0,13)
r(4,200,0,13)
w(11,6,0,13)
w(10,8,0,13)
w(16,5,0,13)
w(6,8,0,13)
r(14,104,0,13)
w(12,7,0,13)
w(5,6,0,13)
w(2,7,0,13)
r(1,114,0,13)
w(18,9,0,13)
r(7,683,0,13)
w(8,8,0,13)
r(3,99,0,13)
r(15,110,0,13)
w(0,11,0,13)
w(18,10,0,14)
w(1,7,0,14)
w(15,7,0,14)
w(10,9,0,14)
w(8,9,0,14)
r(2,709,0,14)
r(4,200,0,14)
w(13,9,0,14)
r(19,110,0,14)
w(9,9,0,14)
r(14,104,0,14)
w(12,8,0,14)
r(5,192,0,14)
w(17,7,0,14)
r(0,730,0,14)
w(3,8,0,14)
w(16,6,0,14)
r(11,717,0,14)
w(6,9,0,14)
w(7,5,0,14)
r(3,99,0,15)
r(6,711,0,15)
r(8,221,0,15)
r(14,104,0,15)
r(19,110,0,15)
w(5,7,0,15)
w(15,8,0,15)
w(1,8,0,15)
r(11,717,0,15)
w(4,8,0,15)
r(13,2,0,15)
w(10,10,0,15)
r(2,709,0,15)
r(0,730,0,15)
r(7,683,0,15)
w(12,9,0,15)
w(16,7,0,15)
r(17,687,0,15)
w(18,11,0,15)
w(9,10,0,15)
w(7,6,0,16)
r(16,843,0,16)
w(3,9,0,16)
w(14,8,0,16)
w(6,10,0,16)
r(5,801,0,16)
w(11,7,0,16)
r(2,201,0,16)
r(1,217,0,16)
r(17,806,0,16)
w(4,9,0,16)
w(0,12,0,16)
r(9,199,0,16)
w(12,10,0,16)
r(18,197,0,16)
r(10,692,0,16)
w(15,9,0,16)
r(8,845,0,16)
w(19,10,0,16)
r(13,804,0,16)
w(6,11,0,17)
r(7,798,0,17)
w(19,11,0,17)
w(2,8,0,17)
w(16,8,0,17)
r(15,803,0,17)
r(9,688,0,17)
r(4,714,0,17)
w(14,9,0,17)
w(8,10,0,17)
r(11,724,0,17)
r(1,217,0,17)
w(0,13,0,17)
r(5,713,0,17)
w(17,8,0,17)
w(12,11,0,17)
w(10,11,0,17)
w(13,10,0,17)
w(3,10,0,17)
w(18,12,0,17)
w(18,13,0,18)
w(10,12,0,18)
r(8,739,0,18)
r(1,217,0,18)
w(9,11,0,18)
w(15,10,0,18)
r(12,710,0,18)
w(13,11,0,18)
w(5,8,0,18)
r(14,104,0,18)
w(11,8,0,18)
r(19,722,0,18)
r(0,734,0,18)
r(2,715,0,18)
w(16,9,0,18)
w(4,10,0,18)
r(6,717,0,18)
w(3,11,0,18)
r(7,798,0,18)
w(17,9,0,18)
r(19,502,0,19)
r(3,588,0,19)
r(1,833,0,19)
r(7,802,0,19)
w(13,12,0,19)
w(11,9,0,19)
r(17,497,0,19)
w(2,9,0,19)
w(4,11,0,19)
w(18,14,0,19)
r(12,810,0,19)
w(10,13,0,19)
w(5,9,0,19)
r(0,432,0,19)
w(9,12,0,19)
w(14,10,0,19)
r(15,617,0,19)
w(16,10,0,19)
w(8,11,0,19)
r(6,505,0,19)
w(13,105,1,20)
w(0,111,1,20)
w(1,108,1,20)
w(2,99,1,20)
w(16,103,1,20)
r(15,2,1,20)
r(19,393,1,20)
r(4,405,1,20)
w(3,97,1,20)
r(10,405,1,20)
r(9,386,1,20)
r(6,2,1,20)
r(8,421,1,20)
w(12,93,1,20)
w(5,95,1,20)
w(11,102,1,20)
r(14,385,1,20)
r(17,0,1,20)
r(7,0,1,20)
r(18,1,1,20)
w(1,109,1,21)
r(9,775,1,21)
r(4,800,1,21)
w(3,98,1,21)
w(10,99,1,21)
w(16,104,1,21)
w(19,105,1,21)
r(2,410,1,21)
r(6,818,1,21)
r(18,1,1,21)
r(11,0,1,21)
r(8,840,1,21)
w(17,89,1,21)
w(5,96,1,21)
w(12,94,1,21)
r(13,2,1,21)
r(15,797,1,21)
w(0,112,1,21)
w(14,100,1,21)
r(7,792,1,21)
r(10,99,1,22)
w(19,106,1,22)
w(3,99,1,22)
w(14,101,1,22)
w(4,99,1,22)
r(5,96,1,22)
r(12,94,1,22)
r(8,840,1,22)
w(18,90,1,22)
r(2,410,1,22)
r(15,797,1,22)
r(17,89,1,22)
r(9,775,1,22)
w(16,105,1,22)
w(1,110,1,22)
w(7,97,1,22)
r(13,2,1,22)
r(11,0,1,22)
w(6,102,1,22)
w(0,113,1,22)
w(3,100,1,23)
w(1,111,1,23)
r(12,94,1,23)
w(6,103,1,23)
w(11,103,1,23)
w(19,107,1,23)
r(17,89,1,23)
w(4,100,1,23)
w(8,108,1,23)
w(0,114,1,23)
r(2,410,1,23)
r(5,96,1,23)
r(9,775,1,23)
w(7,98,1,23)
r(18,90,1,23)
r(14,101,1,23)
w(13,106,1,23)
r(15,797,1,23)
r(10,99,1,23)
r(16,105,1,23)
r(7,681,1,24)
r(1,715,1,24)
r(6,711,1,24)
w(18,91,1,24)
w(14,102,1,24)
w(0,115,1,24)
r(16,633,1,24)
w(8,109,1,24)
w(9,103,1,24)
w(19,108,1,24)
r(17,685,1,24)
w(11,104,1,24)
w(12,95,1,24)
r(10,691,1,24)
r(3,99,1,24)
r(13,2,1,24)
w(5,97,1,24)
w(2,100,1,24)
w(4,101,1,24)
r(15,705,1,24)
w(9,104,1,25)
r(14,197,1,25)
r(18,195,1,25)
w(16,106,1,25)
w(19,109,1,25)
r(12,203,1,25)
r(11,209,1,25)
w(1,112,1,25)
r(6,711,1,25)
w(4,102,1,25)
r(3,99,1,25)
w(13,107,1,25)
r(0,729,1,25)
r(15,220,1,25)
r(7,681,1,25)
r(8,221,1,25)
r(17,197,1,25)
r(5,192,1,25)
r(2,709,1,25)
w(10,100,1,25)
w(10,101,1,26)
w(17,90,1,26)
w(2,101,1,26)
r(8,221,1,26)
r(19,192,1,26)
w(9,105,1,26)
w(7,99,1,26)
w(4,103,1,26)
w(3,101,1,26)
r(0,729,1,26)
w(5,98,1,26)
w(12,96,1,26)
w(15,109,1,26)
w(1,113,1,26)
w(16,107,1,26)
r(18,195,1,26)
w(6,104,1,26)
w(11,105,1,26)
w(14,103,1,26)
w(13,108,1,26)
w(19,110,1,27)
r(0,730,1,27)
w(15,110,1,27)
r(3,99,1,27)
r(16,735,1,27)
w(1,114,1,27)
r(11,717,1,27)
r(8,221,1,27)
r(5,192,1,27)
r(13,2,1,27)
r(17,687,1,27)
r(4,200,1,27)
r(2,709,1,27)
w(14,104,1,27)
r(10,692,1,27)
r(12,704,1,27)
r(18,195,1,27)
r(7,683,1,27)
r(6,711,1,27)
w(9,106,1,27)
w(4,104,1,28)
w(6,105,1,28)
r(13,2,1,28)
r(3,99,1,28)
w(1,115,1,28)
r(9,106,1,28)
w(11,106,1,28)
r(7,683,1,28)
w(16,108,1,28)
w(19,111,1,28)
w(0,116,1,28)
w(17,91,1,28)
w(2,102,1,28)
r(12,704,1,28)
w(8,110,1,28)
r(15,110,1,28)
w(5,99,1,28)
r(14,104,1,28)
r(18,195,1,28)
w(10,102,1,28)
w(5,100,1,29)
r(18,195,1,29)
r(14,104,1,29)
r(10,692,1,29)
r(8,221,1,29)
r(12,704,1,29)
r(17,687,1,29)
r(3,99,1,29)
r(2,709,1,29)
w(9,107,1,29)
r(7,683,1,29)
w(19,112,1,29)
r(13,2,1,29)
w(11,107,1,29)
w(1,116,1,29)
r(4,200,1,29)
w(6,106,1,29)
r(16,735,1,29)
w(0,117,1,29)
w(15,111,1,29)
r(8,845,1,30)
r(2,201,1,30)
r(13,804,1,30)
r(7,798,1,30)
w(6,107,1,30)
r(19,805,1,30)
w(15,112,1,30)
w(12,97,1,30)
r(11,717,1,30)
r(14,104,1,30)
w(3,102,1,30)
r(0,226,1,30)
r(1,217,1,30)
r(16,843,1,30)
r(9,199,1,30)
r(5,801,1,30)
w(17,92,1,30)
w(10,103,1,30)
r(18,197,1,30)
r(4,202,1,30)
r(12,710,1,31)
w(7,100,1,31)
w(6,108,1,31)
r(19,805,1,31)
r(4,202,1,31)
r(2,714,1,31)
w(8,111,1,31)
r(17,693,1,31)
w(11,108,1,31)
w(13,109,1,31)
w(5,101,1,31)
w(10,104,1,31)
w(14,105,1,31)
w(0,118,1,31)
w(9,108,1,31)
w(3,103,1,31)
w(18,92,1,31)
r(16,737,1,31)
w(15,113,1,31)
w(1,117,1,31)
r(13,707,1,32)
w(4,105,1,32)
r(18,691,1,32)
r(19,722,1,32)
w(6,109,1,32)
w(8,112,1,32)
r(17,693,1,32)
r(12,710,1,32)
w(16,109,1,32)
r(5,713,1,32)
r(3,785,1,32)
w(11,109,1,32)
w(9,109,1,32)
w(15,114,1,32)
r(10,696,1,32)
r(7,798,1,32)
w(14,106,1,32)
w(0,119,1,32)
w(1,118,1,32)
w(2,103,1,32)
r(0,734,1,33)
r(15,803,1,33)
r(19,722,1,33)
w(14,107,1,33)
r(12,710,1,33)
r(18,691,1,33)
r(4,714,1,33)
r(7,798,1,33)
w(2,104,1,33)
r(17,693,1,33)
w(13,110,1,33)
w(3,104,1,33)
w(1,119,1,33)
w(16,110,1,33)
w(5,102,1,33)
r(6,717,1,33)
r(8,739,1,33)
r(9,688,1,33)
r(11,724,1,33)
r(10,696,1,33)
r(7,592,1,34)
w(5,103,1,34)
r(11,724,1,34)
w(8,113,1,34)
w(19,113,1,34)
r(18,593,1,34)
w(15,115,1,34)
r(14,586,1,34)
w(13,111,1,34)
w(1,120,1,34)
w(4,106,1,34)
r(12,610,1,34)
w(17,93,1,34)
r(9,391,1,34)
w(0,120,1,34)
w(16,111,1,34)
r(2,418,1,34)
r(10,696,1,34)
r(6,621,1,34)
r(3,588,1,34)
r(9,391,1,35)
r(6,505,1,35)
r(8,850,1,35)
r(1,833,1,35)
w(4,107,1,35)
r(7,802,1,35)
w(2,105,1,35)
r(10,795,1,35)
w(3,105,1,35)
r(17,497,1,35)
w(5,104,1,35)
r(12,810,1,35)
w(18,93,1,35)
r(13,809,1,35)
w(11,110,1,35)
w(15,116,1,35)
w(19,114,1,35)
w(14,108,1,35)
r(0,432,1,35)
r(16,313,1,35)
r(11,824,1,36)
r(10,795,1,36)
w(18,94,1,36)
r(15,617,1,36)
r(14,785,1,36)
r(6,505,1,36)
r(7,802,1,36)
w(1,121,1,36)
r(13,809,1,36)
r(0,432,1,36)
r(4,808,1,36)
w(19,115,1,36)
r(2,528,1,36)
r(17,497,1,36)
r(16,313,1,36)
w(8,114,1,36)
w(9,110,1,36)
w(12,98,1,36)
w(3,106,1,36)
r(5,294,1,36)
r(2,528,1,37)
w(10,105,1,37)
w(11,111,1,37)
r(19,502,1,37)
w(14,109,1,37)
r(17,589,1,37)
w(18,95,1,37)
w(9,111,1,37)
r(7,596,1,37)
r(15,617,1,37)
r(13,609,1,37)
w(6,110,1,37)
r(12,612,1,37)
r(5,294,1,37)
r(3,591,1,37)
w(8,115,1,37)
w(0,121,1,37)
w(4,108,1,37)
r(1,610,1,37)
r(16,643,1,37)
w(6,111,1,38)
r(7,596,1,38)
r(2,528,1,38)
r(3,591,1,38)
r(12,612,1,38)
w(18,96,1,38)
r(1,610,1,38)
w(4,109,1,38)
r(16,643,1,38)
w(10,106,1,38)
r(11,611,1,38)
r(19,502,1,38)
w(17,94,1,38)
r(9,478,1,38)
r(5,294,1,38)
r(0,629,1,38)
r(14,492,1,38)
r(15,617,1,38)
w(8,116,1,38)
r(13,609,1,38)
r(14,395,1,39)
r(12,612,1,39)
w(4,110,1,39)
r(15,418,1,39)
r(13,609,1,39)
w(10,107,1,39)
r(17,389,1,39)
w(9,112,1,39)
w(8,117,1,39)
w(19,116,1,39)
r(16,420,1,39)
r(1,409,1,39)
r(5,394,1,39)
w(7,101,1,39)
r(11,611,1,39)
w(6,112,1,39)
w(18,97,1,39)
w(3,107,1,39)
w(2,106,1,39)
w(0,122,1,39)
w(14,195,2,40)
w(12,199,2,40)
w(1,215,2,40)
r(13,2,2,40)
r(4,3,2,40)
r(19,3,2,40)
w(16,199,2,40)
w(11,205,2,40)
r(15,2,2,40)
r(8,2,2,40)
r(0,3,2,40)
w(2,198,2,40)
w(9,195,2,40)
w(17,193,2,40)
r(10,2,2,40)
r(7,0,2,40)
w(18,192,2,40)
w(6,206,2,40)
r(5,1,2,40)
r(3,2,2,40)
r(14,2,2,41)
w(17,194,2,41)
w(8,219,2,41)
w(3,191,2,41)
w(5,190,2,41)
r(18,1,2,41)
w(13,205,2,41)
w(15,217,2,41)
w(12,200,2,41)
r(10,2,2,41)
r(2,2,2,41)
r(19,3,2,41)
w(9,196,2,41)
r(16,0,2,41)
r(11,0,2,41)
r(1,2,2,41)
r(4,3,2,41)
w(6,207,2,41)
r(7,0,2,41)
w(0,222,2,41)
r(2,410,2,42)
w(16,200,2,42)
w(4,197,2,42)
w(11,206,2,42)
r(8,840,2,42)
w(12,201,2,42)
r(1,110,2,42)
w(9,197,2,42)
w(13,206,2,42)
w(0,223,2,42)
w(3,192,2,42)
w(18,193,2,42)
w(10,205,2,42)
w(15,218,2,42)
r(14,101,2,42)
w(17,195,2,42)
w(19,191,2,42)
r(6,102,2,42)
w(7,197,2,42)
w(5,191,2,42)
r(15,797,2,43)
w(12,202,2,43)
w(14,196,2,43)
w(2,199,2,43)
r(8,840,2,43)
w(4,198,2,43)
r(5,96,2,43)
r(10,99,2,43)
r(1,110,2,43)
w(0,224,2,43)
r(19,106,2,43)
r(9,775,2,43)
r(18,90,2,43)
r(13,2,2,43)
r(3,99,2,43)
r(17,89,2,43)
w(6,208,2,43)
w(16,201,2,43)
w(11,207,2,43)
r(7,97,2,43)
r(9,681,2,44)
w(8,220,2,44)
r(13,2,2,44)
w(6,209,2,44)
r(1,715,2,44)
w(16,202,2,44)
r(5,600,2,44)
r(19,716,2,44)
w(3,193,2,44)
r(14,576,2,44)
w(17,196,2,44)
r(12,703,2,44)
r(2,709,2,44)
r(7,681,2,44)
w(11,208,2,44)
r(10,691,2,44)
w(4,199,2,44)
w(15,219,2,44)
w(18,194,2,44)
w(0,225,2,44)
w(4,200,2,45)
r(7,681,2,45)
r(13,2,2,45)
r(6,711,2,45)
w(15,220,2,45)
w(16,203,2,45)
w(18,195,2,45)
w(19,192,2,45)
w(11,209,2,45)
w(9,198,2,45)
w(17,197,2,45)
r(0,729,2,45)
w(8,221,2,45)
w(10,206,2,45)
r(1,715,2,45)
w(14,197,2,45)
w(12,203,2,45)
r(3,99,2,45)
w(5,192,2,45)
r(2,709,2,45)
w(10,207,2,46)
r(7,683,2,46)
w(17,198,2,46)
w(2,200,2,46)
w(3,194,2,46)
r(9,106,2,46)
r(0,730,2,46)
r(1,114,2,46)
r(4,200,2,46)
r(6,711,2,46)
w(14,198,2,46)
r(5,192,2,46)
r(16,735,2,46)
r(19,110,2,46)
w(13,207,2,46)
r(18,195,2,46)
r(8,221,2,46)
w(12,204,2,46)
r(11,717,2,46)
r(15,110,2,46)
r(19,110,2,47)
w(14,199,2,47)
w(6,210,2,47)
w(18,196,2,47)
w(1,216,2,47)
w(4,201,2,47)
w(11,210,2,47)
r(2,709,2,47)
r(13,2,2,47)
r(16,735,2,47)
r(3,99,2,47)
r(8,221,2,47)
w(10,208,2,47)
r(9,106,2,47)
r(0,730,2,47)
w(17,199,2,47)
r(5,192,2,47)
r(12,704,2,47)
r(15,110,2,47)
r(7,683,2,47)
r(14,104,2,48)
r(10,692,2,48)
w(7,198,2,48)
w(16,204,2,48)
w(3,195,2,48)
w(2,201,2,48)
w(6,211,2,48)
w(4,202,2,48)
r(5,192,2,48)
w(8,222,2,48)
w(13,208,2,48)
r(19,110,2,48)
w(18,197,2,48)
w(0,226,2,48)
r(15,110,2,48)
r(11,717,2,48)
r(17,687,2,48)
w(9,199,2,48)
w(12,205,2,48)
w(1,217,2,48)
w(19,193,2,49)
r(2,201,2,49)
r(9,199,2,49)
r(11,717,2,49)
w(4,203,2,49)
w(13,209,2,49)
r(3,785,2,49)
w(5,193,2,49)
w(17,200,2,49)
w(14,200,2,49)
r(1,217,2,49)
w(18,198,2,49)
w(16,205,2,49)
r(0,226,2,49)
w(12,206,2,49)
r(15,803,2,49)
r(7,798,2,49)
r(6,211,2,49)
r(10,692,2,49)
r(8,845,2,49)
r(9,199,2,50)
w(19,194,2,50)
w(1,218,2,50)
r(16,843,2,50)
w(12,207,2,50)
w(2,202,2,50)
r(18,197,2,50)
r(15,803,2,50)
w(13,210,2,50)
r(6,211,2,50)
w(3,196,2,50)
r(11,717,2,50)
w(5,194,2,50)
r(7,798,2,50)
w(8,223,2,50)
r(17,806,2,50)
r(4,202,2,50)
r(10,692,2,50)
r(0,226,2,50)
r(14,104,2,50)
r(3,785,2,51)
w(17,201,2,51)
r(19,805,2,51)
w(4,204,2,51)
r(14,104,2,51)
w(1,219,2,51)
r(12,205,2,51)
r(11,717,2,51)
r(7,798,2,51)
r(10,692,2,51)
r(6,211,2,51)
r(15,803,2,51)
w(0,227,2,51)
r(9,199,2,51)
w(8,224,2,51)
w(18,199,2,51)
w(5,195,2,51)
r(16,843,2,51)
w(2,203,2,51)
r(13,804,2,51)
r(1,217,2,52)
w(18,200,2,52)
w(7,199,2,52)
r(14,104,2,52)
w(5,196,2,52)
w(16,206,2,52)
r(8,739,2,52)
w(17,202,2,52)
w(12,208,2,52)
r(15,803,2,52)
r(13,707,2,52)
w(3,197,2,52)
r(2,715,2,52)
r(0,734,2,52)
w(9,200,2,52)
r(19,722,2,52)
w(10,209,2,52)
r(11,724,2,52)
w(6,212,2,52)
w(4,205,2,52)
r(13,707,2,53)
w(2,204,2,53)
r(5,713,2,53)
r(11,724,2,53)
w(12,209,2,53)
r(7,798,2,53)
w(14,201,2,53)
r(1,217,2,53)
r(10,696,2,53)
r(8,739,2,53)
r(0,734,2,53)
r(6,717,2,53)
w(3,198,2,53)
r(18,691,2,53)
w(4,206,2,53)
r(19,722,2,53)
r(17,693,2,53)
w(16,207,2,53)
w(15,221,2,53)
r(9,688,2,53)
r(11,724,2,54)
w(17,203,2,54)
w(15,222,2,54)
r(5,713,2,54)
w(12,210,2,54)
w(9,201,2,54)
w(6,213,2,54)
w(18,201,2,54)
w(4,207,2,54)
r(7,798,2,54)
w(13,211,2,54)
r(8,739,2,54)
r(2,715,2,54)
r(19,722,2,54)
w(3,199,2,54)
w(0,228,2,54)
r(1,217,2,54)
r(10,696,2,54)
w(14,202,2,54)
r(16,738,2,54)
w(19,195,2,55)
r(7,592,2,55)
w(18,202,2,55)
r(10,696,2,55)
w(15,223,2,55)
w(12,211,2,55)
r(16,313,2,55)
w(6,214,2,55)
r(4,306,2,55)
r(11,724,2,55)
r(14,586,2,55)
w(3,200,2,55)
w(5,197,2,55)
w(9,202,2,55)
w(17,204,2,55)
w(13,212,2,55)
w(1,220,2,55)
w(8,225,2,55)
r(0,432,2,55)
w(2,205,2,55)
w(10,210,2,56)
w(2,206,2,56)
r(11,611,2,56)
w(5,198,2,56)
w(3,201,2,56)
r(9,478,2,56)
w(13,213,2,56)
w(6,215,2,56)
r(19,401,2,56)
w(15,224,2,56)
r(17,389,2,56)
r(1,409,2,56)
w(16,208,2,56)
w(14,203,2,56)
r(12,612,2,56)
w(7,200,2,56)
r(18,409,2,56)
r(4,109,2,56)
w(0,229,2,56)
w(8,226,2,56)
r(10,305,2,57)
w(11,211,2,57)
w(0,230,2,57)
r(7,101,2,57)
r(13,609,2,57)
w(9,203,2,57)
r(6,112,2,57)
r(2,321,2,57)
w(5,199,2,57)
w(14,204,2,57)
r(17,389,2,57)
w(3,202,2,57)
r(15,418,2,57)
w(12,212,2,57)
w(18,203,2,57)
r(1,312,2,57)
w(19,196,2,57)
w(16,209,2,57)
r(4,310,2,57)
r(8,333,2,57)
r(13,913,2,58)
r(15,897,2,58)
r(3,202,2,58)
r(16,945,2,58)
r(19,899,2,58)
r(18,203,2,58)
w(11,212,2,58)
r(10,900,2,58)
r(12,911,2,58)
w(17,205,2,58)
r(8,944,2,58)
w(6,216,2,58)
w(0,231,2,58)
w(7,201,2,58)
r(14,204,2,58)
r(1,312,2,58)
r(4,310,2,58)
r(9,203,2,58)
w(5,200,2,58)
r(2,321,2,58)
r(0,911,2,59)
r(11,916,2,59)
w(18,204,2,59)
r(4,310,2,59)
r(7,895,2,59)
w(15,225,2,59)
w(17,206,2,59)
r(5,199,2,59)
w(16,210,2,59)
w(9,204,2,59)
w(3,203,2,59)
w(6,217,2,59)
w(10,211,2,59)
w(12,213,2,59)
r(19,899,2,59)
w(14,205,2,59)
r(13,913,2,59)
r(1,312,2,59)
r(2,321,2,59)
w(8,227,2,59)
r(4,99,3,60)
r(2,410,3,60)
w(5,288,3,60)
r(8,840,3,60)
w(10,298,3,60)
r(14,576,3,60)
r(9,775,3,60)
r(7,97,3,60)
w(19,295,3,60)
w(11,304,3,60)
r(13,2,3,60)
w(15,323,3,60)
w(16,310,3,60)
r(17,582,3,60)
w(0,326,3,60)
w(3,292,3,60)
w(1,303,3,60)
w(18,300,3,60)
r(6,102,3,60)
w(12,302,3,60)
r(12,703,3,61)
w(19,296,3,61)
r(8,840,3,61)
r(4,713,3,61)
w(18,301,3,61)
w(6,303,3,61)
r(5,600,3,61)
w(16,311,3,61)
w(3,293,3,61)
w(2,314,3,61)
r(11,715,3,61)
w(14,287,3,61)
w(7,292,3,61)
r(13,2,3,61)
w(1,304,3,61)
w(17,294,3,61)
w(9,293,3,61)
r(15,705,3,61)
w(10,299,3,61)
r(0,729,3,61)
r(15,705,3,62)
r(16,633,3,62)
w(1,305,3,62)
w(19,297,3,62)
w(5,289,3,62)
w(18,302,3,62)
r(13,2,3,62)
w(11,305,3,62)
r(2,709,3,62)
r(7,681,3,62)
r(0,729,3,62)
r(4,713,3,62)
r(9,681,3,62)
r(12,703,3,62)
w(6,304,3,62)
r(8,840,3,62)
r(3,99,3,62)
w(10,300,3,62)
r(14,576,3,62)
r(17,685,3,62)
w(19,298,3,63)
r(6,711,3,63)
r(16,203,3,63)
w(17,295,3,63)
w(12,303,3,63)
r(14,197,3,63)
r(18,195,3,63)
r(7,681,3,63)
w(5,290,3,63)
r(1,715,3,63)
w(0,327,3,63)
r(9,198,3,63)
w(4,304,3,63)
w(2,315,3,63)
w(15,324,3,63)
r(13,2,3,63)
r(3,99,3,63)
r(11,209,3,63)
w(10,301,3,63)
r(8,221,3,63)
w(3,294,3,64)
r(7,681,3,64)
w(5,291,3,64)
w(16,312,3,64)
r(2,709,3,64)
w(18,303,3,64)
w(6,305,3,64)
w(8,328,3,64)
r(10,206,3,64)
r(11,209,3,64)
w(12,304,3,64)
r(13,2,3,64)
w(14,288,3,64)
w(15,325,3,64)
r(9,198,3,64)
r(19,192,3,64)
w(0,328,3,64)
w(4,305,3,64)
r(1,715,3,64)
r(17,197,3,64)
w(12,305,3,65)
r(17,687,3,65)
r(15,110,3,65)
r(6,711,3,65)
w(5,292,3,65)
r(13,2,3,65)
r(3,99,3,65)
w(19,299,3,65)
r(7,683,3,65)
r(4,200,3,65)
w(11,306,3,65)
w(14,289,3,65)
r(16,735,3,65)
r(2,709,3,65)
r(1,114,3,65)
r(9,106,3,65)
w(0,329,3,65)
w(10,302,3,65)
w(8,329,3,65)
r(18,195,3,65)
w(17,296,3,66)
r(7,683,3,66)
w(5,293,3,66)
w(14,290,3,66)
w(6,306,3,66)
r(2,709,3,66)
r(12,704,3,66)
r(0,730,3,66)
r(1,114,3,66)
r(3,99,3,66)
w(13,302,3,66)
r(4,200,3,66)
r(9,106,3,66)
r(16,735,3,66)
r(10,692,3,66)
w(18,304,3,66)
w(19,300,3,66)
w(11,307,3,66)
r(15,110,3,66)
w(8,330,3,66)
w(0,330,3,67)
r(16,737,3,67)
r(6,716,3,67)
w(10,303,3,67)
r(11,723,3,67)
r(18,690,3,67)
r(4,202,3,67)
w(3,295,3,67)
r(2,714,3,67)
r(1,217,3,67)
r(12,710,3,67)
r(19,805,3,67)
w(7,293,3,67)
w(15,326,3,67)
r(14,104,3,67)
w(13,303,3,67)
r(17,693,3,67)
w(9,294,3,67)
r(8,739,3,67)
r(5,713,3,67)
r(3,588,3,68)
w(18,305,3,68)
w(5,294,3,68)
w(1,306,3,68)
w(2,316,3,68)
w(4,306,3,68)
w(16,313,3,68)
r(0,627,3,68)
r(12,710,3,68)
r(15,616,3,68)
w(9,295,3,68)
r(8,635,3,68)
r(11,724,3,68)
r(10,696,3,68)
w(14,291,3,68)
w(13,304,3,68)
w(19,301,3,68)
w(6,307,3,68)
w(7,294,3,68)
w(17,297,3,68)
w(9,296,3,69)
w(19,302,3,69)
w(5,295,3,69)
r(7,294,3,69)
r(13,304,3,69)
w(11,308,3,69)
w(10,304,3,69)
w(16,314,3,69)
r(4,306,3,69)
r(15,616,3,69)
w(0,331,3,69)
r(6,307,3,69)
r(17,297,3,69)
r(3,588,3,69)
w(8,331,3,69)
w(2,317,3,69)
w(1,307,3,69)
w(14,292,3,69)
w(12,306,3,69)
w(18,306,3,69)
r(7,400,3,70)
r(19,301,3,70)
w(2,318,3,70)
r(15,616,3,70)
r(1,306,3,70)
r(13,304,3,70)
w(6,308,3,70)
r(12,710,3,70)
r(5,294,3,70)
r(0,432,3,70)
r(9,391,3,70)
r(14,394,3,70)
r(18,407,3,70)
w(17,298,3,70)
w(11,309,3,70)
w(16,315,3,70)
r(10,696,3,70)
r(3,588,3,70)
r(4,306,3,70)
r(8,431,3,70)
r(3,588,3,71)
w(9,297,3,71)
r(10,696,3,71)
r(18,407,3,71)
r(2,418,3,71)
r(8,431,3,71)
r(16,313,3,71)
r(19,301,3,71)
w(1,308,3,71)
r(13,304,3,71)
r(12,710,3,71)
w(11,310,3,71)
w(4,307,3,71)
w(5,296,3,71)
r(17,388,3,71)
r(14,394,3,71)
w(7,295,3,71)
w(0,332,3,71)
r(6,406,3,71)
w(15,327,3,71)
w(16,316,3,72)
w(7,296,3,72)
r(8,431,3,72)
r(15,617,3,72)
w(5,297,3,72)
w(19,303,3,72)
r(9,391,3,72)
r(2,418,3,72)
r(11,724,3,72)
w(17,299,3,72)
r(4,306,3,72)
r(0,432,3,72)
w(18,307,3,72)
w(13,305,3,72)
r(1,607,3,72)
r(12,610,3,72)
w(3,296,3,72)
w(6,309,3,72)
w(14,293,3,72)
r(10,696,3,72)
r(11,611,3,73)
r(12,612,3,73)
w(19,304,3,73)
w(6,310,3,73)
r(5,294,3,73)
r(17,589,3,73)
w(3,297,3,73)
w(16,317,3,73)
w(7,297,3,73)
w(13,306,3,73)
w(0,333,3,73)
w(2,319,3,73)
w(1,309,3,73)
r(8,639,3,73)
r(15,617,3,73)
r(14,492,3,73)
w(4,308,3,73)
w(18,308,3,73)
r(10,606,3,73)
w(9,298,3,73)
r(7,596,3,74)
w(9,299,3,74)
w(15,328,3,74)
w(16,318,3,74)
r(8,639,3,74)
w(1,310,3,74)
w(17,300,3,74)
w(5,298,3,74)
r(0,629,3,74)
r(10,606,3,74)
w(19,305,3,74)
w(13,307,3,74)
r(6,505,3,74)
w(12,307,3,74)
r(11,611,3,74)
r(2,528,3,74)
r(3,591,3,74)
w(14,294,3,74)
r(18,507,3,74)
r(4,808,3,74)
w(13,308,3,75)
r(10,106,3,75)
r(11,611,3,75)
w(5,299,3,75)
r(12,612,3,75)
r(0,629,3,75)
r(9,478,3,75)
w(8,332,3,75)
r(4,109,3,75)
w(16,319,3,75)
w(18,309,3,75)
w(15,329,3,75)
r(14,492,3,75)
r(19,502,3,75)
r(1,610,3,75)
r(6,111,3,75)
w(7,298,3,75)
w(2,320,3,75)
r(17,94,3,75)
r(3,591,3,75)
w(19,306,3,76)
r(10,107,3,76)
w(13,309,3,76)
w(7,299,3,76)
r(2,106,3,76)
r(9,112,3,76)
r(14,395,3,76)
w(4,309,3,76)
w(3,298,3,76)
r(16,420,3,76)
r(18,97,3,76)
w(0,334,3,76)
w(17,301,3,76)
w(6,311,3,76)
w(1,311,3,76)
r(8,117,3,76)
w(15,330,3,76)
w(11,311,3,76)
r(5,394,3,76)
w(12,308,3,76)
w(3,299,3,77)
w(11,312,3,77)
w(4,310,3,77)
w(1,312,3,77)
r(9,112,3,77)
w(0,335,3,77)
r(7,101,3,77)
w(16,320,3,77)
r(5,394,3,77)
r(6,112,3,77)
w(10,305,3,77)
w(2,321,3,77)
r(15,418,3,77)
w(8,333,3,77)
r(13,609,3,77)
r(12,612,3,77)
r(17,389,3,77)
r(18,97,3,77)
r(19,116,3,77)
r(14,395,3,77)
w(7,300,3,78)
w(19,307,3,78)
w(18,310,3,78)
w(15,331,3,78)
w(4,311,3,78)
w(6,312,3,78)
r(1,312,3,78)
r(17,389,3,78)
w(8,334,3,78)
w(16,321,3,78)
w(0,336,3,78)
w(10,306,3,78)
w(13,310,3,78)
r(11,312,3,78)
r(5,394,3,78)
w(14,295,3,78)
r(2,321,3,78)
r(12,612,3,78)
w(9,300,3,78)
r(3,299,3,78)
w(0,337,3,79)
r(16,210,3,79)
w(6,313,3,79)
w(11,313,3,79)
r(4,911,3,79)
r(13,913,3,79)
w(15,332,3,79)
r(12,213,3,79)
r(14,205,3,79)
w(19,308,3,79)
w(10,307,3,79)
w(9,301,3,79)
w(17,302,3,79)
r(7,895,3,79)
r(1,933,3,79)
r(2,321,3,79)
r(3,203,3,79)
r(18,204,3,79)
w(5,300,3,79)
w(8,335,3,79)
w(3,392,4,80)
w(2,410,4,80)
w(10,405,4,80)
r(13,2,4,80)
w(16,412,4,80)
r(7,0,4,80)
w(19,393,4,80)
w(1,404,4,80)
w(4,405,4,80)
r(17,0,4,80)
r(18,1,4,80)
r(0,3,4,80)
w(14,385,4,80)
r(6,2,4,80)
w(9,386,4,80)
r(11,0,4,80)
r(12,0,4,80)
r(15,2,4,80)
w(5,386,4,80)
w(8,421,4,80)
r(0,3,4,81)
w(12,400,4,81)
r(8,421,4,81)
r(3,392,4,81)
r(16,412,4,81)
r(6,2,4,81)
w(4,406,4,81)
r(14,385,4,81)
w(19,394,4,81)
r(9,386,4,81)
r(15,2,4,81)
r(17,0,4,81)
w(5,387,4,81)
r(11,0,4,81)
w(13,409,4,81)
r(7,0,4,81)
r(18,1,4,81)
r(10,405,4,81)
w(1,405,4,81)
r(2,410,4,81)
w(19,395,4,82)
w(11,399,4,82)
w(18,401,4,82)
r(12,0,4,82)
r(3,392,4,82)
r(9,386,4,82)
r(1,404,4,82)
w(16,413,4,82)
w(8,422,4,82)
w(2,411,4,82)
w(0,428,4,82)
w(6,400,4,82)
w(14,386,4,82)
w(15,410,4,82)
r(5,386,4,82)
r(10,405,4,82)
w(7,395,4,82)
w(4,407,4,82)
r(17,0,4,82)
r(13,2,4,82)
r(18,90,4,83)
r(0,113,4,83)
r(11,0,4,83)
r(3,99,4,83)
r(5,96,4,83)
r(17,89,4,83)
r(1,110,4,83)
w(14,387,4,83)
w(13,410,4,83)
r(7,97,4,83)
r(15,797,4,83)
w(8,423,4,83)
w(12,401,4,83)
r(9,775,4,83)
w(2,412,4,83)
w(4,408,4,83)
w(16,414,4,83)
r(19,106,4,83)
w(6,401,4,83)
r(10,99,4,83)
r(0,620,4,84)
w(6,402,4,84)
w(15,411,4,84)
w(17,385,4,84)
r(11,599,4,84)
r(10,99,4,84)
r(8,840,4,84)
w(14,388,4,84)
r(2,410,4,84)
w(3,393,4,84)
w(4,409,4,84)
r(12,94,4,84)
r(19,106,4,84)
w(13,411,4,84)
r(7,97,4,84)
r(1,110,4,84)
w(9,387,4,84)
r(5,600,4,84)
r(18,586,4,84)
w(16,415,4,84)
r(5,192,4,85)
r(3,99,4,85)
w(15,412,4,85)
r(0,729,4,85)
w(9,388,4,85)
w(7,396,4,85)
w(17,386,4,85)
w(4,410,4,85)
r(10,206,4,85)
r(18,195,4,85)
r(19,192,4,85)
r(6,711,4,85)
r(13,2,4,85)
w(14,389,4,85)
w(11,400,4,85)
r(1,715,4,85)
w(8,424,4,85)
r(12,203,4,85)
r(16,203,4,85)
r(2,709,4,85)
r(6,711,4,86)
r(3,99,4,86)
r(17,687,4,86)
r(15,110,4,86)
w(18,402,4,86)
w(2,413,4,86)
r(16,735,4,86)
r(12,704,4,86)
w(19,396,4,86)
w(14,390,4,86)
r(13,2,4,86)
w(5,388,4,86)
w(11,401,4,86)
w(8,425,4,86)
r(9,106,4,86)
w(4,411,4,86)
w(10,406,4,86)
w(7,397,4,86)
r(0,730,4,86)
r(1,114,4,86)
r(3,99,4,87)
w(14,391,4,87)
r(1,114,4,87)
r(0,730,4,87)
w(13,412,4,87)
r(7,683,4,87)
r(12,704,4,87)
r(4,200,4,87)
r(5,192,4,87)
r(17,687,4,87)
r(15,110,4,87)
w(18,403,4,87)
r(19,110,4,87)
r(2,709,4,87)
w(16,416,4,87)
w(11,402,4,87)
r(10,692,4,87)
r(6,711,4,87)
w(8,426,4,87)
r(9,106,4,87)
w(2,414,4,88)
w(3,394,4,88)
w(16,417,4,88)
r(17,687,4,88)
w(0,429,4,88)
r(10,692,4,88)
w(6,403,4,88)
r(14,104,4,88)
r(12,704,4,88)
w(18,404,4,88)
r(1,114,4,88)
r(19,110,4,88)
r(13,2,4,88)
w(5,389,4,88)
w(7,398,4,88)
w(4,412,4,88)
w(15,413,4,88)
w(8,427,4,88)
w(9,389,4,88)
r(11,717,4,88)
w(7,399,4,89)
w(2,415,4,89)
r(5,801,4,89)
r(14,104,4,89)
r(12,205,4,89)
r(11,717,4,89)
w(9,390,4,89)
w(10,407,4,89)
w(19,397,4,89)
r(16,843,4,89)
w(15,414,4,89)
r(13,804,4,89)
w(4,413,4,89)
w(3,395,4,89)
w(1,406,4,89)
w(17,387,4,89)
w(8,428,4,89)
w(18,405,4,89)
w(6,404,4,89)
w(0,430,4,89)
w(16,418,4,90)
r(7,798,4,90)
r(18,690,4,90)
w(2,416,4,90)
r(3,785,4,90)
w(19,398,4,90)
r(11,723,4,90)
w(10,408,4,90)
w(0,431,4,90)
r(17,693,4,90)
w(6,405,4,90)
w(12,402,4,90)
w(4,414,4,90)
w(15,415,4,90)
w(5,390,4,90)
r(9,687,4,90)
w(13,413,4,90)
w(8,429,4,90)
r(1,217,4,90)
w(14,392,4,90)
r(10,696,4,91)
r(4,714,4,91)
r(15,803,4,91)
r(17,693,4,91)
r(13,707,4,91)
r(3,785,4,91)
w(12,403,4,91)
r(0,734,4,91)
r(9,688,4,91)
w(14,393,4,91)
w(5,391,4,91)
w(19,399,4,91)
r(7,798,4,91)
w(18,406,4,91)
w(8,430,4,91)
r(11,724,4,91)
r(1,217,4,91)
r(6,717,4,91)
w(2,417,4,91)
w(16,419,4,91)
r(3,588,4,92)
r(11,724,4,92)
w(6,406,4,92)
w(7,400,4,92)
r(1,306,4,92)
r(19,301,4,92)
w(18,407,4,92)
r(5,294,4,92)
w(0,432,4,92)
w(14,394,4,92)
r(16,313,4,92)
w(17,388,4,92)
r(4,306,4,92)
r(12,710,4,92)
r(15,616,4,92)
w(2,418,4,92)
w(8,431,4,92)
w(9,391,4,92)
r(13,304,4,92)
r(10,696,4,92)
w(8,432,4,93)
r(18,407,4,93)
r(4,306,4,93)
r(7,400,4,93)
w(15,416,4,93)
r(0,432,4,93)
w(13,414,4,93)
r(19,301,4,93)
r(11,724,4,93)
r(5,294,4,93)
w(3,396,4,93)
r(12,710,4,93)
w(10,409,4,93)
r(6,406,4,93)
r(16,313,4,93)
w(9,392,4,93)
r(17,388,4,93)
r(2,418,4,93)
r(14,394,4,93)
w(1,407,4,93)
w(5,392,4,94)
w(11,403,4,94)
r(16,313,4,94)
w(10,410,4,94)
r(6,621,4,94)
w(15,417,4,94)
r(13,304,4,94)
r(3,588,4,94)
r(1,607,4,94)
r(14,586,4,94)
w(0,433,4,94)
r(17,588,4,94)
r(2,418,4,94)
r(12,610,4,94)
w(7,401,4,94)
r(9,391,4,94)
w(8,433,4,94)
r(4,306,4,94)
r(18,593,4,94)
r(19,607,4,94)
r(12,810,4,95)
r(16,313,4,95)
w(7,402,4,95)
r(2,528,4,95)
w(5,393,4,95)
r(9,391,4,95)
w(19,400,4,95)
w(18,408,4,95)
r(11,824,4,95)
w(1,408,4,95)
w(10,411,4,95)
r(6,505,4,95)
w(13,415,4,95)
r(14,785,4,95)
r(3,588,4,95)
w(4,415,4,95)
r(8,850,4,95)
r(15,617,4,95)
r(17,497,4,95)
r(0,432,4,95)
w(3,397,4,96)
w(14,395,4,96)
r(10,106,4,96)
r(11,611,4,96)
w(17,389,4,96)
w(15,418,4,96)
r(12,612,4,96)
r(4,109,4,96)
w(5,394,4,96)
r(7,596,4,96)
r(8,116,4,96)
r(13,609,4,96)
r(2,528,4,96)
w(6,407,4,96)
w(0,434,4,96)
w(16,420,4,96)
w(1,409,4,96)
w(18,409,4,96)
w(19,401,4,96)
r(9,478,4,96)
r(4,109,4,97)
r(5,394,4,97)
r(0,434,4,97)
r(10,106,4,97)
r(19,401,4,97)
r(15,418,4,97)
r(7,596,4,97)
r(3,397,4,97)
w(8,434,4,97)
r(13,609,4,97)
w(17,390,4,97)
r(6,407,4,97)
r(12,612,4,97)
w(2,419,4,97)
r(9,478,4,97)
r(11,611,4,97)
w(14,396,4,97)
w(18,410,4,97)
r(1,409,4,97)
r(16,420,4,97)
r(5,394,4,98)
w(2,420,4,98)
r(13,609,4,98)
w(6,408,4,98)
r(19,116,4,98)
w(0,435,4,98)
w(8,435,4,98)
r(3,107,4,98)
w(10,412,4,98)
r(1,409,4,98)
r(16,420,4,98)
r(14,395,4,98)
r(12,612,4,98)
r(4,110,4,98)
w(18,411,4,98)
w(9,393,4,98)
r(15,418,4,98)
r(7,101,4,98)
r(17,389,4,98)
r(11,611,4,98)
w(1,410,4,99)
r(3,299,4,99)
w(2,421,4,99)
w(8,436,4,99)
r(11,312,4,99)
r(10,305,4,99)
r(6,112,4,99)
r(9,112,4,99)
r(15,418,4,99)
w(13,416,4,99)
w(4,416,4,99)
w(5,395,4,99)
r(19,116,4,99)
w(17,391,4,99)
r(12,612,4,99)
r(0,335,4,99)
r(7,101,4,99)
w(14,397,4,99)
w(16,421,4,99)
r(18,97,4,99)
r(0,3,5,100)
w(12,501,5,100)
w(18,497,5,100)
r(14,2,5,100)
r(10,2,5,100)
r(2,2,5,100)
w(7,490,5,100)
r(8,2,5,100)
r(1,2,5,100)
w(15,513,5,100)
r(11,0,5,100)
r(9,2,5,100)
w(13,498,5,100)
w(19,493,5,100)
w(6,499,5,100)
w(16,521,5,100)
r(17,0,5,100)
r(4,3,5,100)
w(5,498,5,100)
w(3,484,5,100)
w(13,499,5,101)
r(8,2,5,101)
r(17,0,5,101)
w(3,485,5,101)
w(1,504,5,101)
r(12,0,5,101)
w(19,494,5,101)
r(7,0,5,101)
w(9,470,5,101)
r(14,2,5,101)
w(10,500,5,101)
r(6,2,5,101)
w(2,520,5,101)
r(4,3,5,101)
w(15,514,5,101)
w(11,490,5,101)
r(0,3,5,101)
r(18,1,5,101)
r(16,0,5,101)
r(5,1,5,101)
r(3,2,5,102)
r(14,2,5,102)
r(10,2,5,102)
r(17,0,5,102)
w(19,495,5,102)
w(12,502,5,102)
w(18,498,5,102)
w(7,491,5,102)
r(16,0,5,102)
w(2,521,5,102)
w(11,491,5,102)
w(13,500,5,102)
w(8,537,5,102)
w(5,499,5,102)
w(6,500,5,102)
w(9,471,5,102)
r(15,2,5,102)
w(4,500,5,102)
r(0,3,5,102)
w(1,505,5,102)
w(1,506,5,103)
w(3,486,5,103)
r(18,1,5,103)
w(9,472,5,103)
w(5,500,5,103)
r(4,800,5,103)
w(14,487,5,103)
r(7,792,5,103)
r(16,412,5,103)
r(17,801,5,103)
r(11,0,5,103)
r(8,840,5,103)
w(10,501,5,103)
w(13,501,5,103)
w(0,524,5,103)
w(12,503,5,103)
w(15,515,5,103)
w(6,501,5,103)
r(19,800,5,103)
w(2,522,5,103)
w(6,502,5,104)
r(11,0,5,104)
r(17,801,5,104)
r(9,775,5,104)
r(13,2,5,104)
w(3,487,5,104)
w(14,488,5,104)
w(18,499,5,104)
w(15,516,5,104)
r(16,412,5,104)
r(2,410,5,104)
r(5,796,5,104)
w(1,507,5,104)
w(10,502,5,104)
r(12,799,5,104)
r(7,792,5,104)
r(8,840,5,104)
r(0,816,5,104)
w(4,501,5,104)
w(19,496,5,104)
w(18,500,5,105)
r(10,691,5,105)
w(16,522,5,105)
r(6,711,5,105)
r(14,576,5,105)
r(3,99,5,105)
r(4,713,5,105)
w(17,489,5,105)
w(19,497,5,105)
w(11,492,5,105)
r(2,709,5,105)
r(7,681,5,105)
w(0,525,5,105)
w(13,502,5,105)
w(9,473,5,105)
r(12,703,5,105)
w(8,538,5,105)
w(1,508,5,105)
w(15,517,5,105)
w(5,501,5,105)
w(2,523,5,106)
r(6,711,5,106)
r(7,681,5,106)
r(3,99,5,106)
w(13,503,5,106)
w(16,523,5,106)
r(19,192,5,106)
r(15,220,5,106)
w(0,526,5,106)
w(18,501,5,106)
r(9,198,5,106)
w(4,502,5,106)
r(14,197,5,106)
r(12,203,5,106)
r(5,192,5,106)
w(11,493,5,106)
w(8,539,5,106)
w(1,509,5,106)
w(10,503,5,106)
w(17,490,5,106)
w(10,504,5,107)
r(11,717,5,107)
r(9,106,5,107)
r(18,195,5,107)
r(4,200,5,107)
w(6,503,5,107)
r(13,2,5,107)
r(2,709,5,107)
r(1,114,5,107)
r(0,730,5,107)
r(14,104,5,107)
r(19,110,5,107)
w(5,502,5,107)
w(15,518,5,107)
w(8,540,5,107)
w(17,491,5,107)
r(7,683,5,107)
w(3,488,5,107)
r(12,704,5,107)
w(16,524,5,107)
r(6,711,5,108)
w(7,492,5,108)
w(9,474,5,108)
r(8,221,5,108)
r(12,704,5,108)
r(4,200,5,108)
w(11,494,5,108)
w(15,519,5,108)
w(5,503,5,108)
w(2,524,5,108)
w(16,525,5,108)
w(19,498,5,108)
w(13,504,5,108)
w(1,510,5,108)
r(3,99,5,108)
r(18,195,5,108)
w(0,527,5,108)
r(10,692,5,108)
r(14,104,5,108)
w(17,492,5,108)
r(5,801,5,109)
r(15,803,5,109)
r(8,845,5,109)
r(14,104,5,109)
r(10,692,5,109)
w(11,495,5,109)
w(12,504,5,109)
r(7,798,5,109)
r(18,197,5,109)
w(4,503,5,109)
w(19,499,5,109)
w(3,489,5,109)
r(1,217,5,109)
w(6,504,5,109)
r(9,199,5,109)
r(16,843,5,109)
w(2,525,5,109)
r(17,806,5,109)
r(13,804,5,109)
w(0,528,5,109)
w(3,490,5,110)
w(17,493,5,110)
r(6,717,5,110)
r(9,688,5,110)
w(0,529,5,110)
w(15,520,5,110)
r(7,798,5,110)
r(5,713,5,110)
r(13,707,5,110)
r(14,104,5,110)
w(11,496,5,110)
w(16,526,5,110)
w(8,541,5,110)
r(19,722,5,110)
r(12,710,5,110)
r(2,715,5,110)
w(4,504,5,110)
w(18,502,5,110)
r(1,217,5,110)
r(10,696,5,110)
w(18,503,5,111)
r(17,693,5,111)
r(16,738,5,111)
r(0,734,5,111)
w(1,511,5,111)
r(6,717,5,111)
w(14,489,5,111)
r(8,739,5,111)
r(11,724,5,111)
r(5,713,5,111)
r(13,707,5,111)
w(2,526,5,111)
r(3,785,5,111)
r(9,688,5,111)
w(7,493,5,111)
r(19,722,5,111)
r(4,714,5,111)
w(12,505,5,111)
r(10,696,5,111)
w(15,521,5,111)
w(2,527,5,112)
r(17,693,5,112)
w(3,491,5,112)
w(19,500,5,112)
r(9,688,5,112)
w(15,522,5,112)
r(14,104,5,112)
r(5,713,5,112)
w(1,512,5,112)
w(7,494,5,112)
w(11,497,5,112)
w(16,527,5,112)
w(10,505,5,112)
w(12,506,5,112)
r(6,717,5,112)
r(18,691,5,112)
w(8,542,5,112)
w(0,530,5,112)
r(13,707,5,112)
r(4,714,5,112)
r(2,715,5,113)
r(8,739,5,113)
r(13,707,5,113)
w(0,531,5,113)
w(11,498,5,113)
w(4,505,5,113)
r(14,104,5,113)
r(3,785,5,113)
w(12,507,5,113)
w(17,494,5,113)
r(19,722,5,113)
w(9,475,5,113)
r(18,691,5,113)
r(15,803,5,113)
r(10,696,5,113)
r(7,798,5,113)
r(6,717,5,113)
w(5,504,5,113)
r(1,217,5,113)
w(16,528,5,113)
w(8,543,5,114)
w(12,508,5,114)
w(17,495,5,114)
r(9,391,5,114)
r(18,593,5,114)
r(0,432,5,114)
w(14,490,5,114)
w(5,505,5,114)
r(13,304,5,114)
r(2,418,5,114)
w(16,529,5,114)
w(19,501,5,114)
w(15,523,5,114)
r(10,696,5,114)
w(7,495,5,114)
r(1,607,5,114)
w(3,492,5,114)
r(6,621,5,114)
r(11,724,5,114)
r(4,306,5,114)
w(9,476,5,115)
w(12,509,5,115)
w(3,493,5,115)
r(14,586,5,115)
r(19,607,5,115)
r(6,621,5,115)
w(8,544,5,115)
w(0,532,5,115)
r(11,724,5,115)
r(2,418,5,115)
r(15,617,5,115)
r(10,696,5,115)
w(4,506,5,115)
r(18,593,5,115)
w(1,513,5,115)
w(7,496,5,115)
w(5,506,5,115)
w(17,496,5,115)
r(16,313,5,115)
w(13,505,5,115)
w(6,505,5,116)
r(3,588,5,116)
w(12,510,5,116)
w(17,497,5,116)
r(8,431,5,116)
w(2,528,5,116)
w(10,506,5,116)
r(15,617,5,116)
r(1,607,5,116)
r(14,586,5,116)
r(0,432,5,116)
w(18,504,5,116)
w(7,497,5,116)
w(11,499,5,116)
r(4,306,5,116)
r(13,304,5,116)
r(5,294,5,116)
w(19,502,5,116)
r(9,391,5,116)
r(16,313,5,116)
w(6,506,5,117)
w(7,498,5,117)
r(19,502,5,117)
r(3,588,5,117)
r(1,833,5,117)
r(13,809,5,117)
w(2,529,5,117)
w(12,511,5,117)
r(4,808,5,117)
w(16,530,5,117)
r(9,391,5,117)
r(17,497,5,117)
w(15,524,5,117)
w(11,500,5,117)
w(8,545,5,117)
w(14,491,5,117)
w(18,505,5,117)
r(10,795,5,117)
w(5,507,5,117)
r(0,432,5,117)
r(14,785,5,118)
r(0,432,5,118)
w(17,498,5,118)
r(13,809,5,118)
r(8,850,5,118)
w(6,507,5,118)
w(4,507,5,118)
r(15,617,5,118)
r(2,528,5,118)
w(1,514,5,118)
r(16,313,5,118)
w(18,506,5,118)
w(7,499,5,118)
r(12,810,5,118)
w(10,507,5,118)
w(9,477,5,118)
r(5,294,5,118)
r(3,588,5,118)
r(19,502,5,118)
r(11,824,5,118)
r(4,808,5,119)
r(3,588,5,119)
r(11,824,5,119)
w(16,531,5,119)
r(17,497,5,119)
r(2,528,5,119)
w(12,512,5,119)
r(5,294,5,119)
w(14,492,5,119)
r(19,502,5,119)
r(6,505,5,119)
r(10,795,5,119)
r(15,617,5,119)
r(8,850,5,119)
w(1,515,5,119)
r(0,432,5,119)
w(9,478,5,119)
r(7,802,5,119)
w(13,506,5,119)
w(18,507,5,119)
w(2,616,6,120)
w(5,598,6,120)
w(1,598,6,120)
w(14,575,6,120)
w(8,629,6,120)
r(9,386,6,120)
r(19,393,6,120)
w(0,618,6,120)
r(4,405,6,120)
r(12,0,6,120)
r(16,412,6,120)
r(18,1,6,120)
r(15,2,6,120)
r(13,2,6,120)
w(3,582,6,120)
r(17,0,6,120)
r(10,405,6,120)
r(7,0,6,120)
w(6,613,6,120)
r(11,0,6,120)
w(10,598,6,121)
w(12,603,6,121)
r(11,0,6,121)
r(16,412,6,121)
r(2,410,6,121)
r(6,818,6,121)
r(1,828,6,121)
w(5,599,6,121)
w(8,630,6,121)
r(17,801,6,121)
w(4,605,6,121)
r(14,777,6,121)
w(3,583,6,121)
r(18,1,6,121)
w(15,608,6,121)
w(19,599,6,121)
w(7,585,6,121)
w(0,619,6,121)
r(9,775,6,121)
r(13,2,6,121)
r(3,99,6,122)
r(1,110,6,122)
w(16,633,6,122)
r(8,840,6,122)
r(9,775,6,122)
r(7,97,6,122)
r(6,102,6,122)
r(4,99,6,122)
w(0,620,6,122)
w(14,576,6,122)
w(18,586,6,122)
r(2,410,6,122)
w(5,600,6,122)
r(10,99,6,122)
r(12,94,6,122)
w(11,599,6,122)
w(15,609,6,122)
r(19,106,6,122)
w(17,582,6,122)
r(13,2,6,122)
r(7,97,6,123)
w(6,614,6,123)
r(15,609,6,123)
w(18,587,6,123)
r(19,106,6,123)
r(3,99,6,123)
r(12,94,6,123)
w(0,621,6,123)
w(17,583,6,123)
r(2,410,6,123)
r(10,99,6,123)
r(11,599,6,123)
r(5,600,6,123)
w(16,634,6,123)
w(14,577,6,123)
w(1,599,6,123)
r(9,775,6,123)
w(8,631,6,123)
w(13,600,6,123)
w(4,606,6,123)
r(2,709,6,124)
w(16,635,6,124)
r(9,681,6,124)
w(12,604,6,124)
w(10,599,6,124)
w(15,610,6,124)
r(7,681,6,124)
r(14,576,6,124)
r(19,716,6,124)
r(18,586,6,124)
w(1,600,6,124)
w(11,600,6,124)
r(5,600,6,124)
w(0,622,6,124)
r(8,840,6,124)
w(6,615,6,124)
r(17,685,6,124)
r(3,99,6,124)
r(13,2,6,124)
w(4,607,6,124)
r(1,715,6,125)
w(14,578,6,125)
w(3,584,6,125)
r(8,840,6,125)
w(7,586,6,125)
r(0,729,6,125)
r(19,716,6,125)
w(6,616,6,125)
r(9,681,6,125)
w(11,601,6,125)
r(18,586,6,125)
r(4,713,6,125)
r(10,691,6,125)
w(16,636,6,125)
w(17,584,6,125)
w(13,601,6,125)
w(12,605,6,125)
w(2,617,6,125)
w(5,601,6,125)
r(15,705,6,125)
r(6,711,6,126)
r(4,200,6,126)
w(1,601,6,126)
w(7,587,6,126)
w(5,602,6,126)
r(9,683,6,126)
r(8,221,6,126)
w(15,611,6,126)
w(12,606,6,126)
w(0,623,6,126)
r(3,99,6,126)
w(10,600,6,126)
w(18,588,6,126)
w(2,618,6,126)
w(11,602,6,126)
r(17,687,6,126)
w(19,600,6,126)
r(16,735,6,126)
r(14,197,6,126)
w(13,602,6,126)
r(0,730,6,127)
r(3,99,6,127)
w(19,601,6,127)
r(1,114,6,127)
w(4,608,6,127)
r(2,709,6,127)
w(17,585,6,127)
w(14,579,6,127)
w(5,603,6,127)
w(8,632,6,127)
w(7,588,6,127)
w(9,575,6,127)
w(16,637,6,127)
w(10,601,6,127)
w(11,603,6,127)
r(13,2,6,127)
w(12,607,6,127)
w(15,612,6,127)
w(18,589,6,127)
w(6,617,6,127)
r(5,192,6,128)
r(6,711,6,128)
r(9,106,6,128)
w(11,604,6,128)
r(17,687,6,128)
r(18,195,6,128)
r(15,110,6,128)
w(14,580,6,128)
w(12,608,6,128)
w(13,603,6,128)
r(2,709,6,128)
w(10,602,6,128)
w(4,609,6,128)
r(7,683,6,128)
r(8,221,6,128)
w(19,602,6,128)
r(3,99,6,128)
w(0,624,6,128)
r(16,735,6,128)
w(1,602,6,128)
w(1,603,6,129)
w(13,604,6,129)
w(6,618,6,129)
w(18,590,6,129)
r(14,104,6,129)
r(12,704,6,129)
r(0,730,6,129)
w(19,603,6,129)
r(15,110,6,129)
r(10,692,6,129)
r(5,192,6,129)
w(11,605,6,129)
r(7,683,6,129)
w(3,585,6,129)
r(4,200,6,129)
w(9,576,6,129)
r(17,687,6,129)
r(2,709,6,129)
r(8,221,6,129)
w(16,638,6,129)
w(1,604,6,130)
r(15,110,6,130)
w(19,604,6,130)
w(4,610,6,130)
w(7,589,6,130)
r(2,709,6,130)
r(6,711,6,130)
w(18,591,6,130)
w(10,603,6,130)
r(9,106,6,130)
r(0,730,6,130)
w(14,581,6,130)
r(8,221,6,130)
r(5,192,6,130)
w(11,606,6,130)
r(17,687,6,130)
r(16,735,6,130)
w(12,609,6,130)
r(13,2,6,130)
w(3,586,6,130)
r(10,692,6,131)
r(12,205,6,131)
w(4,611,6,131)
w(16,639,6,131)
r(19,110,6,131)
w(15,613,6,131)
w(11,607,6,131)
r(18,197,6,131)
r(5,192,6,131)
r(9,199,6,131)
w(6,619,6,131)
r(17,687,6,131)
w(0,625,6,131)
w(14,582,6,131)
w(1,605,6,131)
w(7,590,6,131)
w(3,587,6,131)
r(13,208,6,131)
w(8,633,6,131)
r(2,201,6,131)
w(2,619,6,132)
r(7,798,6,132)
r(4,202,6,132)
r(10,692,6,132)
w(11,608,6,132)
r(18,197,6,132)
w(15,614,6,132)
r(16,843,6,132)
w(13,605,6,132)
r(8,845,6,132)
w(6,620,6,132)
w(14,583,6,132)
r(1,217,6,132)
r(3,785,6,132)
w(19,605,6,132)
w(17,586,6,132)
w(5,604,6,132)
r(12,205,6,132)
w(9,577,6,132)
r(0,226,6,132)
w(8,634,6,133)
w(4,612,6,133)
r(2,715,6,133)
w(11,609,6,133)
w(14,584,6,133)
r(9,688,6,133)
r(16,738,6,133)
w(19,606,6,133)
w(7,591,6,133)
r(13,707,6,133)
r(3,785,6,133)
w(17,587,6,133)
r(12,710,6,133)
r(6,717,6,133)
w(15,615,6,133)
w(0,626,6,133)
r(10,696,6,133)
r(18,691,6,133)
w(1,606,6,133)
w(5,605,6,133)
w(3,588,6,134)
r(11,724,6,134)
w(2,620,6,134)
w(16,640,6,134)
w(15,616,6,134)
w(0,627,6,134)
r(1,217,6,134)
w(5,606,6,134)
r(10,696,6,134)
w(9,578,6,134)
w(8,635,6,134)
w(4,613,6,134)
r(7,798,6,134)
w(18,592,6,134)
r(6,717,6,134)
r(17,693,6,134)
r(12,710,6,134)
r(19,722,6,134)
w(13,606,6,134)
w(14,585,6,134)
r(13,304,6,135)
w(17,588,6,135)
w(7,592,6,135)
r(9,391,6,135)
r(0,432,6,135)
w(14,586,6,135)
w(1,607,6,135)
r(11,724,6,135)
r(4,306,6,135)
r(10,696,6,135)
w(12,610,6,135)
r(16,313,6,135)
r(5,294,6,135)
w(19,607,6,135)
r(2,418,6,135)
w(18,593,6,135)
w(15,617,6,135)
r(8,431,6,135)
r(3,588,6,135)
w(6,621,6,135)
r(1,833,6,136)
w(10,604,6,136)
w(0,628,6,136)
w(15,618,6,136)
w(8,636,6,136)
r(14,785,6,136)
r(2,528,6,136)
w(12,611,6,136)
r(18,504,6,136)
w(19,608,6,136)
r(11,824,6,136)
w(7,593,6,136)
r(17,497,6,136)
w(13,607,6,136)
w(6,622,6,136)
w(16,641,6,136)
w(4,614,6,136)
r(5,294,6,136)
w(9,579,6,136)
w(3,589,6,136)
w(5,607,6,137)
w(15,619,6,137)
r(11,824,6,137)
w(10,605,6,137)
r(4,808,6,137)
w(18,594,6,137)
w(1,608,6,137)
r(12,810,6,137)
w(9,580,6,137)
w(7,594,6,137)
w(2,621,6,137)
r(17,497,6,137)
r(0,432,6,137)
r(14,785,6,137)
r(3,588,6,137)
r(19,502,6,137)
w(16,642,6,137)
w(8,637,6,137)
r(6,505,6,137)
r(13,809,6,137)
r(14,785,6,138)
r(19,502,6,138)
w(11,610,6,138)
r(10,795,6,138)
w(7,595,6,138)
r(18,504,6,138)
w(8,638,6,138)
r(0,432,6,138)
r(16,313,6,138)
r(12,810,6,138)
w(15,620,6,138)
r(6,505,6,138)
r(9,391,6,138)
r(17,497,6,138)
r(5,294,6,138)
w(3,590,6,138)
w(4,615,6,138)
w(2,622,6,138)
w(1,609,6,138)
w(13,608,6,138)
w(11,611,6,139)
w(8,639,6,139)
r(2,528,6,139)
w(3,591,6,139)
r(9,478,6,139)
w(13,609,6,139)
r(18,507,6,139)
r(4,808,6,139)
w(12,612,6,139)
w(17,589,6,139)
w(0,629,6,139)
w(10,606,6,139)
w(7,596,6,139)
r(5,294,6,139)
r(19,502,6,139)
r(6,505,6,139)
r(15,617,6,139)
r(14,492,6,139)
w(16,643,6,139)
w(1,610,6,139)
w(14,681,7,140)
w(1,712,7,140)
r(4,99,7,140)
r(18,90,7,140)
r(19,106,7,140)
w(9,678,7,140)
r(3,99,7,140)
w(13,698,7,140)
w(12,699,7,140)
w(8,729,7,140)
r(0,113,7,140)
w(6,706,7,140)
w(16,730,7,140)
r(10,99,7,140)
w(11,710,7,140)
r(17,89,7,140)
w(5,705,7,140)
w(7,676,7,140)
r(15,797,7,140)
w(2,706,7,140)
r(1,110,7,141)
w(16,731,7,141)
w(3,692,7,141)
r(6,102,7,141)
r(13,2,7,141)
r(0,113,7,141)
r(14,101,7,141)
w(17,682,7,141)
w(11,711,7,141)
r(18,90,7,141)
w(8,730,7,141)
w(7,677,7,141)
r(4,99,7,141)
r(15,797,7,141)
w(9,679,7,141)
w(12,700,7,141)
r(10,99,7,141)
r(19,106,7,141)
r(2,410,7,141)
r(5,96,7,141)
r(3,99,7,142)
w(13,699,7,142)
w(7,678,7,142)
w(4,710,7,142)
w(1,713,7,142)
w(17,683,7,142)
r(9,775,7,142)
w(14,682,7,142)
w(8,731,7,142)
r(12,94,7,142)
r(19,106,7,142)
w(6,707,7,142)
w(0,725,7,142)
r(5,600,7,142)
w(16,732,7,142)
w(10,689,7,142)
r(18,586,7,142)
w(11,712,7,142)
r(2,410,7,142)
w(15,703,7,142)
r(7,97,7,143)
w(8,732,7,143)
w(12,701,7,143)
r(1,110,7,143)
w(19,714,7,143)
w(9,680,7,143)
r(14,576,7,143)
w(0,726,7,143)
r(13,2,7,143)
r(3,99,7,143)
w(17,684,7,143)
r(2,410,7,143)
w(5,706,7,143)
r(15,609,7,143)
w(6,708,7,143)
w(18,686,7,143)
w(10,690,7,143)
w(11,713,7,143)
w(4,711,7,143)
w(16,733,7,143)
w(12,702,7,144)
w(2,707,7,144)
w(11,714,7,144)
r(14,576,7,144)
r(10,99,7,144)
w(13,700,7,144)
w(3,693,7,144)
r(17,582,7,144)
w(7,679,7,144)
r(9,775,7,144)
w(4,712,7,144)
r(1,110,7,144)
r(18,586,7,144)
w(16,734,7,144)
r(5,600,7,144)
w(0,727,7,144)
w(6,709,7,144)
r(15,609,7,144)
r(8,840,7,144)
r(19,106,7,144)
r(17,582,7,145)
r(13,2,7,145)
w(1,714,7,145)
w(15,704,7,145)
w(18,687,7,145)
w(14,683,7,145)
r(5,600,7,145)
w(2,708,7,145)
r(11,599,7,145)
w(0,728,7,145)
r(10,99,7,145)
w(3,694,7,145)
r(4,99,7,145)
r(16,633,7,145)
w(6,710,7,145)
w(7,680,7,145)
r(12,94,7,145)
w(19,715,7,145)
w(8,733,7,145)
r(9,775,7,145)
w(19,716,7,146)
w(2,709,7,146)
r(3,99,7,146)
w(9,681,7,146)
r(5,600,7,146)
w(6,711,7,146)
w(0,729,7,146)
w(1,715,7,146)
w(11,715,7,146)
w(7,681,7,146)
w(15,705,7,146)
w(4,713,7,146)
r(16,633,7,146)
w(17,685,7,146)
w(10,691,7,146)
w(12,703,7,146)
r(13,2,7,146)
r(18,586,7,146)
r(14,576,7,146)
r(8,840,7,146)
r(16,633,7,147)
r(19,716,7,147)
w(7,682,7,147)
w(2,710,7,147)
r(6,711,7,147)
r(10,691,7,147)
w(9,682,7,147)
r(12,703,7,147)
r(3,99,7,147)
w(14,684,7,147)
r(15,705,7,147)
w(5,707,7,147)
r(0,729,7,147)
w(17,686,7,147)
w(1,716,7,147)
w(8,734,7,147)
w(11,716,7,147)
r(4,713,7,147)
r(13,2,7,147)
r(18,586,7,147)
w(17,687,7,148)
r(8,221,7,148)
w(12,704,7,148)
r(14,197,7,148)
r(13,2,7,148)
r(15,220,7,148)
r(6,711,7,148)
r(3,99,7,148)
w(0,730,7,148)
w(1,717,7,148)
w(7,683,7,148)
r(18,195,7,148)
w(16,735,7,148)
w(11,717,7,148)
w(19,717,7,148)
r(2,709,7,148)
w(9,683,7,148)
r(4,200,7,148)
r(5,192,7,148)
w(10,692,7,148)
w(3,695,7,149)
w(10,693,7,149)
r(4,200,7,149)
w(9,684,7,149)
w(19,718,7,149)
w(1,718,7,149)
w(5,708,7,149)
w(6,712,7,149)
w(17,688,7,149)
r(11,717,7,149)
w(15,706,7,149)
w(13,701,7,149)
r(18,195,7,149)
w(12,705,7,149)
r(2,709,7,149)
w(8,735,7,149)
w(14,685,7,149)
w(7,684,7,149)
w(0,731,7,149)
w(16,736,7,149)
w(17,689,7,150)
r(14,104,7,150)
r(16,735,7,150)
w(11,718,7,150)
r(7,683,7,150)
r(0,730,7,150)
w(6,713,7,150)
r(15,110,7,150)
r(4,200,7,150)
r(19,110,7,150)
w(12,706,7,150)
r(2,709,7,150)
w(9,685,7,150)
w(5,709,7,150)
r(8,221,7,150)
w(10,694,7,150)
w(1,719,7,150)
r(18,195,7,150)
w(13,702,7,150)
w(3,696,7,150)
r(10,692,7,151)
r(4,202,7,151)
r(0,226,7,151)
w(3,697,7,151)
w(5,710,7,151)
r(6,211,7,151)
r(14,104,7,151)
r(15,110,7,151)
w(13,703,7,151)
w(7,685,7,151)
w(8,736,7,151)
r(17,687,7,151)
r(16,204,7,151)
w(19,719,7,151)
w(12,707,7,151)
w(9,686,7,151)
w(2,711,7,151)
w(1,720,7,151)
w(18,688,7,151)
w(11,719,7,151)
w(5,711,7,152)
w(15,707,7,152)
w(1,721,7,152)
r(9,199,7,152)
r(4,202,7,152)
w(7,686,7,152)
w(12,708,7,152)
r(16,843,7,152)
r(2,201,7,152)
r(14,104,7,152)
r(8,845,7,152)
w(19,720,7,152)
r(18,197,7,152)
w(11,720,7,152)
w(17,690,7,152)
w(3,698,7,152)
w(0,732,7,152)
w(13,704,7,152)
w(6,714,7,152)
r(10,692,7,152)
w(7,687,7,153)
r(4,202,7,153)
w(14,686,7,153)
w(3,699,7,153)
w(18,689,7,153)
r(1,217,7,153)
w(2,712,7,153)
w(11,721,7,153)
r(6,211,7,153)
r(19,805,7,153)
r(16,843,7,153)
r(12,205,7,153)
w(15,708,7,153)
r(5,801,7,153)
w(13,705,7,153)
w(17,691,7,153)
r(10,692,7,153)
r(0,226,7,153)
r(9,199,7,153)
w(8,737,7,153)
w(17,692,7,154)
r(7,798,7,154)
w(11,722,7,154)
r(18,197,7,154)
r(4,202,7,154)
w(19,721,7,154)
r(10,692,7,154)
r(15,803,7,154)
w(5,712,7,154)
w(2,713,7,154)
w(8,738,7,154)
w(14,687,7,154)
w(13,706,7,154)
r(3,785,7,154)
w(6,715,7,154)
w(12,709,7,154)
w(0,733,7,154)
r(9,199,7,154)
r(16,843,7,154)
w(1,722,7,154)
w(8,739,7,155)
r(19,805,7,155)
r(3,785,7,155)
r(1,217,7,155)
w(12,710,7,155)
w(16,737,7,155)
w(11,723,7,155)
w(18,690,7,155)
w(2,714,7,155)
r(14,104,7,155)
w(10,695,7,155)
r(15,803,7,155)
w(9,687,7,155)
w(5,713,7,155)
w(13,707,7,155)
r(7,798,7,155)
w(17,693,7,155)
r(0,226,7,155)
r(4,202,7,155)
w(6,716,7,155)
r(13,707,7,156)
w(18,691,7,156)
r(3,785,7,156)
r(8,739,7,156)
w(6,717,7,156)
r(1,217,7,156)
w(4,714,7,156)
w(2,715,7,156)
w(0,734,7,156)
w(10,696,7,156)
r(15,803,7,156)
r(5,713,7,156)
w(19,722,7,156)
r(14,104,7,156)
r(17,693,7,156)
r(12,710,7,156)
w(9,688,7,156)
w(11,724,7,156)
w(16,738,7,156)
r(7,798,7,156)
w(9,689,7,157)
w(16,739,7,157)
w(7,688,7,157)
r(12,710,7,157)
w(5,714,7,157)
w(19,723,7,157)
w(3,700,7,157)
w(1,723,7,157)
w(8,740,7,157)
r(6,717,7,157)
r(4,714,7,157)
r(15,803,7,157)
w(13,708,7,157)
w(18,692,7,157)
w(2,716,7,157)
w(11,725,7,157)
r(10,696,7,157)
w(14,688,7,157)
w(17,694,7,157)
w(0,735,7,157)
w(7,689,7,158)
r(10,506,7,158)
w(8,741,7,158)
w(5,715,7,158)
r(13,304,7,158)
r(18,504,7,158)
r(6,505,7,158)
r(19,502,7,158)
w(16,740,7,158)
r(3,588,7,158)
w(15,709,7,158)
w(17,695,7,158)
w(1,724,7,158)
r(0,432,7,158)
w(12,711,7,158)
w(4,715,7,158)
w(14,689,7,158)
r(9,391,7,158)
w(2,717,7,158)
r(11,499,7,158)
w(0,736,7,159)
r(9,391,7,159)
w(10,697,7,159)
r(12,810,7,159)
r(2,528,7,159)
w(4,716,7,159)
w(17,696,7,159)
r(3,588,7,159)
r(18,504,7,159)
w(13,709,7,159)
r(1,833,7,159)
r(15,617,7,159)
w(19,724,7,159)
r(11,824,7,159)
r(16,313,7,159)
r(6,505,7,159)
w(14,690,7,159)
r(7,802,7,159)
r(5,294,7,159)
w(8,742,7,159)
w(8,839,8,160)
w(12,797,8,160)
w(11,816,8,160)
r(18,1,8,160)
r(6,2,8,160)
w(17,799,8,160)
w(10,787,8,160)
r(15,2,8,160)
w(13,797,8,160)
w(9,774,8,160)
w(19,799,8,160)
r(3,2,8,160)
w(1,826,8,160)
r(16,0,8,160)
w(0,814,8,160)
r(4,3,8,160)
r(14,2,8,160)
r(5,1,8,160)
r(2,2,8,160)
w(7,791,8,160)
r(10,405,8,161)
r(2,410,8,161)
w(3,781,8,161)
w(0,815,8,161)
w(12,798,8,161)
r(18,1,8,161)
w(17,800,8,161)
r(11,0,8,161)
r(7,0,8,161)
r(16,412,8,161)
r(19,393,8,161)
w(14,776,8,161)
r(8,421,8,161)
w(13,798,8,161)
r(9,386,8,161)
r(4,405,8,161)
r(5,386,8,161)
w(15,796,8,161)
w(1,827,8,161)
r(6,2,8,161)
w(15,797,8,162)
w(5,796,8,162)
r(18,1,8,162)
w(17,801,8,162)
w(12,799,8,162)
r(3,392,8,162)
w(8,840,8,162)
r(16,412,8,162)
r(13,2,8,162)
w(6,818,8,162)
r(2,410,8,162)
w(0,816,8,162)
w(1,828,8,162)
w(4,800,8,162)
r(11,0,8,162)
w(10,788,8,162)
w(14,777,8,162)
w(19,800,8,162)
w(7,792,8,162)
w(9,775,8,162)
w(3,782,8,163)
r(18,1,8,163)
r(8,840,8,163)
w(10,789,8,163)
w(16,839,8,163)
r(5,796,8,163)
w(2,801,8,163)
w(4,801,8,163)
w(19,801,8,163)
w(13,799,8,163)
r(1,828,8,163)
w(15,798,8,163)
r(9,775,8,163)
w(12,800,8,163)
r(17,801,8,163)
r(0,816,8,163)
r(7,792,8,163)
w(14,778,8,163)
r(6,818,8,163)
r(11,0,8,163)
r(2,410,8,164)
r(19,800,8,164)
r(1,828,8,164)
r(10,788,8,164)
w(9,776,8,164)
w(11,817,8,164)
r(16,412,8,164)
w(5,797,8,164)
w(12,801,8,164)
w(3,783,8,164)
r(13,2,8,164)
r(0,816,8,164)
r(18,1,8,164)
r(17,801,8,164)
r(4,800,8,164)
r(8,840,8,164)
w(15,799,8,164)
w(7,793,8,164)
r(14,777,8,164)
r(6,818,8,164)
w(3,784,8,165)
r(15,797,8,165)
w(10,790,8,165)
r(0,816,8,165)
r(9,775,8,165)
w(19,802,8,165)
r(13,2,8,165)
r(6,818,8,165)
w(7,794,8,165)
w(8,841,8,165)
w(14,779,8,165)
w(12,802,8,165)
r(5,796,8,165)
w(4,802,8,165)
r(11,0,8,165)
r(18,1,8,165)
r(16,412,8,165)
r(2,410,8,165)
r(17,801,8,165)
w(1,829,8,165)
r(1,110,8,166)
w(4,803,8,166)
w(10,791,8,166)
r(2,410,8,166)
w(18,790,8,166)
w(8,842,8,166)
w(11,818,8,166)
w(13,800,8,166)
w(19,803,8,166)
r(3,99,8,166)
r(14,101,8,166)
r(9,775,8,166)
w(5,798,8,166)
r(7,97,8,166)
w(12,803,8,166)
r(0,113,8,166)
w(6,819,8,166)
r(15,797,8,166)
w(16,840,8,166)
w(17,802,8,166)
w(15,800,8,167)
w(8,843,8,167)
r(5,96,8,167)
r(14,101,8,167)
r(18,90,8,167)
r(1,110,8,167)
w(7,795,8,167)
w(10,792,8,167)
r(19,106,8,167)
w(4,804,8,167)
w(11,819,8,167)
w(12,804,8,167)
w(2,802,8,167)
r(3,99,8,167)
r(6,102,8,167)
w(0,817,8,167)
r(16,105,8,167)
r(9,775,8,167)
w(17,803,8,167)
w(13,801,8,167)
w(4,805,8,168)
w(18,791,8,168)
r(10,206,8,168)
r(0,729,8,168)
w(6,820,8,168)
r(19,192,8,168)
w(11,820,8,168)
r(3,99,8,168)
w(15,801,8,168)
r(12,203,8,168)
w(8,844,8,168)
w(2,803,8,168)
w(13,802,8,168)
w(16,841,8,168)
w(5,799,8,168)
w(9,777,8,168)
w(7,796,8,168)
r(17,197,8,168)
w(1,830,8,168)
w(14,780,8,168)
r(3,99,8,169)
r(4,200,8,169)
w(14,781,8,169)
r(16,203,8,169)
w(6,821,8,169)
w(11,821,8,169)
w(17,804,8,169)
w(13,803,8,169)
r(0,729,8,169)
r(9,198,8,169)
r(8,221,8,169)
w(7,797,8,169)
r(10,206,8,169)
r(2,709,8,169)
r(19,192,8,169)
r(1,715,8,169)
r(18,195,8,169)
w(5,800,8,169)
r(12,203,8,169)
w(15,802,8,169)
r(14,104,8,170)
r(3,195,8,170)
w(16,842,8,170)
w(12,805,8,170)
r(18,197,8,170)
r(5,192,8,170)
r(10,692,8,170)
r(9,199,8,170)
w(19,804,8,170)
r(15,110,8,170)
w(11,822,8,170)
w(2,804,8,170)
w(17,805,8,170)
w(4,806,8,170)
r(0,226,8,170)
w(6,822,8,170)
r(13,208,8,170)
r(1,217,8,170)
r(7,198,8,170)
r(8,222,8,170)
r(9,199,8,171)
w(5,801,8,171)
w(7,798,8,171)
r(12,205,8,171)
r(2,201,8,171)
r(10,692,8,171)
r(14,104,8,171)
r(11,717,8,171)
r(1,217,8,171)
w(19,805,8,171)
w(8,845,8,171)
r(18,197,8,171)
w(3,785,8,171)
w(13,804,8,171)
w(17,806,8,171)
w(16,843,8,171)
r(0,226,8,171)
r(6,211,8,171)
w(15,803,8,171)
r(4,202,8,171)
w(12,806,8,172)
r(18,197,8,172)
w(3,786,8,172)
r(17,806,8,172)
w(2,805,8,172)
r(4,202,8,172)
w(19,806,8,172)
r(15,803,8,172)
w(8,846,8,172)
r(16,843,8,172)
w(7,799,8,172)
r(10,692,8,172)
r(11,717,8,172)
r(0,226,8,172)
w(14,782,8,172)
w(6,823,8,172)
w(9,778,8,172)
r(1,217,8,172)
r(13,804,8,172)
w(5,802,8,172)
w(11,823,8,173)
r(14,104,8,173)
r(18,691,8,173)
r(10,696,8,173)
w(16,844,8,173)
w(9,779,8,173)
w(7,800,8,173)
r(5,713,8,173)
w(8,847,8,173)
r(4,714,8,173)
w(3,787,8,173)
w(6,824,8,173)
r(1,217,8,173)
r(12,710,8,173)
w(19,807,8,173)
w(17,807,8,173)
w(2,806,8,173)
r(15,803,8,173)
r(0,734,8,173)
w(13,805,8,173)
w(9,780,8,174)
r(18,691,8,174)
w(16,845,8,174)
r(17,693,8,174)
r(8,739,8,174)
w(6,825,8,174)
w(1,831,8,174)
r(3,785,8,174)
r(19,722,8,174)
w(12,807,8,174)
w(2,807,8,174)
r(10,696,8,174)
r(15,803,8,174)
r(14,104,8,174)
r(13,707,8,174)
r(0,734,8,174)
r(11,724,8,174)
r(7,798,8,174)
r(4,714,8,174)
r(5,713,8,174)
w(12,808,8,175)
w(10,793,8,175)
w(0,818,8,175)
r(6,717,8,175)
r(11,724,8,175)
r(19,722,8,175)
w(14,783,8,175)
w(16,846,8,175)
r(3,785,8,175)
r(8,739,8,175)
r(15,803,8,175)
w(9,781,8,175)
w(13,806,8,175)
w(5,803,8,175)
r(17,693,8,175)
w(1,832,8,175)
w(18,792,8,175)
w(2,808,8,175)
r(7,798,8,175)
r(4,714,8,175)
w(13,807,8,176)
r(11,724,8,176)
w(8,848,8,176)
r(14,291,8,176)
r(16,313,8,176)
w(4,807,8,176)
w(17,808,8,176)
w(7,801,8,176)
r(19,301,8,176)
w(18,793,8,176)
r(0,627,8,176)
w(15,804,8,176)
w(6,826,8,176)
r(1,306,8,176)
r(2,316,8,176)
r(5,294,8,176)
r(3,588,8,176)
r(12,710,8,176)
r(10,696,8,176)
w(9,782,8,176)
r(15,616,8,177)
w(0,819,8,177)
w(14,784,8,177)
w(8,849,8,177)
w(10,794,8,177)
w(2,809,8,177)
w(16,847,8,177)
w(13,808,8,177)
r(4,306,8,177)
r(18,407,8,177)
r(1,306,8,177)
r(6,406,8,177)
w(12,809,8,177)
w(9,783,8,177)
w(19,808,8,177)
r(11,724,8,177)
r(3,588,8,177)
r(7,400,8,177)
w(5,804,8,177)
w(17,809,8,177)
w(11,824,8,178)
r(3,588,8,178)
r(6,505,8,178)
r(17,497,8,178)
r(9,391,8,178)
r(15,617,8,178)
w(10,795,8,178)
w(4,808,8,178)
w(12,810,8,178)
w(8,850,8,178)
w(1,833,8,178)
r(18,504,8,178)
r(2,528,8,178)
w(14,785,8,178)
w(7,802,8,178)
r(0,432,8,178)
r(19,502,8,178)
r(5,294,8,178)
r(16,313,8,178)
w(13,809,8,178)
r(15,617,8,179)
w(18,794,8,179)
r(17,497,8,179)
r(11,824,8,179)
w(1,834,8,179)
r(2,528,8,179)
w(4,809,8,179)
w(6,827,8,179)
w(7,803,8,179)
r(14,785,8,179)
w(10,796,8,179)
w(16,848,8,179)
r(12,810,8,179)
w(3,788,8,179)
w(19,809,8,179)
w(8,851,8,179)
w(9,784,8,179)
r(13,809,8,179)
w(5,805,8,179)
r(0,432,8,179)
r(3,392,9,180)
r(17,0,9,180)
w(0,902,9,180)
r(12,0,9,180)
r(7,0,9,180)
w(14,876,9,180)
w(5,885,9,180)
r(15,2,9,180)
r(4,405,9,180)
w(6,918,9,180)
r(18,1,9,180)
r(10,405,9,180)
r(16,412,9,180)
r(13,2,9,180)
w(1,927,9,180)
w(2,897,9,180)
w(9,884,9,180)
w(11,910,9,180)
r(8,421,9,180)
r(19,393,9,180)
r(18,1,9,181)
r(19,800,9,181)
w(0,903,9,181)
r(14,777,9,181)
r(7,792,9,181)
w(12,906,9,181)
r(11,0,9,181)
r(16,412,9,181)
w(6,919,9,181)
r(17,801,9,181)
r(13,2,9,181)
r(10,788,9,181)
r(2,410,9,181)
w(4,904,9,181)
w(5,886,9,181)
w(1,928,9,181)
w(9,885,9,181)
r(3,392,9,181)
r(8,840,9,181)
w(15,894,9,181)
r(7,681,9,182)
w(18,879,9,182)
w(5,887,9,182)
r(1,715,9,182)
r(10,691,9,182)
r(12,703,9,182)
r(15,705,9,182)
w(13,906,9,182)
r(4,713,9,182)
w(8,935,9,182)
w(2,898,9,182)
w(17,892,9,182)
r(19,716,9,182)
w(6,920,9,182)
r(9,681,9,182)
r(3,99,9,182)
w(0,904,9,182)
w(11,911,9,182)
w(14,877,9,182)
w(16,938,9,182)
w(17,893,9,183)
r(3,99,9,183)
w(2,899,9,183)
w(4,905,9,183)
r(12,704,9,183)
w(13,907,9,183)
r(16,735,9,183)
w(7,890,9,183)
r(19,110,9,183)
r(11,717,9,183)
w(14,878,9,183)
r(5,192,9,183)
w(8,936,9,183)
r(6,711,9,183)
w(9,886,9,183)
w(0,905,9,183)
r(15,110,9,183)
w(18,880,9,183)
w(10,893,9,183)
w(1,929,9,183)
w(10,894,9,184)
w(1,930,9,184)
r(18,195,9,184)
w(4,906,9,184)
w(2,900,9,184)
w(17,894,9,184)
r(8,221,9,184)
r(15,110,9,184)
w(7,891,9,184)
r(5,192,9,184)
r(3,99,9,184)
w(6,921,9,184)
r(14,104,9,184)
r(12,704,9,184)
w(0,906,9,184)
w(16,939,9,184)
w(13,908,9,184)
w(11,912,9,184)
r(9,106,9,184)
r(19,110,9,184)
w(18,881,9,185)
r(15,110,9,185)
w(1,931,9,185)
w(2,901,9,185)
r(17,687,9,185)
r(13,2,9,185)
w(5,888,9,185)
r(19,110,9,185)
w(14,879,9,185)
w(3,882,9,185)
w(10,895,9,185)
w(6,922,9,185)
r(11,717,9,185)
r(9,106,9,185)
w(8,937,9,185)
w(12,907,9,185)
r(0,730,9,185)
r(7,683,9,185)
r(4,200,9,185)
w(16,940,9,185)
r(3,785,9,186)
w(16,941,9,186)
w(11,913,9,186)
w(0,907,9,186)
r(1,217,9,186)
r(5,713,9,186)
w(8,938,9,186)
r(14,104,9,186)
r(10,696,9,186)
r(12,710,9,186)
w(17,895,9,186)
r(7,798,9,186)
w(15,895,9,186)
w(9,887,9,186)
r(19,722,9,186)
w(13,909,9,186)
w(4,907,9,186)
r(18,691,9,186)
w(2,902,9,186)
r(6,717,9,186)
w(4,908,9,187)
w(12,908,9,187)
r(14,104,9,187)
w(1,932,9,187)
w(7,892,9,187)
r(17,693,9,187)
r(19,722,9,187)
w(10,896,9,187)
w(0,908,9,187)
r(3,785,9,187)
r(15,803,9,187)
r(9,688,9,187)
r(5,713,9,187)
r(13,707,9,187)
w(2,903,9,187)
w(8,939,9,187)
r(18,691,9,187)
r(6,717,9,187)
r(16,738,9,187)
r(11,724,9,187)
w(14,880,9,188)
r(16,313,9,188)
r(4,306,9,188)
r(1,306,9,188)
r(18,407,9,188)
w(9,888,9,188)
r(11,724,9,188)
w(19,895,9,188)
w(5,889,9,188)
w(13,910,9,188)
r(2,418,9,188)
w(12,909,9,188)
w(8,940,9,188)
w(6,923,9,188)
r(7,400,9,188)
w(3,883,9,188)
w(17,896,9,188)
w(0,909,9,188)
w(10,897,9,188)
r(15,616,9,188)
r(3,588,9,189)
r(12,810,9,189)
r(1,833,9,189)
r(6,505,9,189)
w(11,914,9,189)
r(10,795,9,189)
w(2,904,9,189)
w(15,896,9,189)
w(16,942,9,189)
r(5,294,9,189)
w(18,882,9,189)
w(4,909,9,189)
w(9,889,9,189)
w(13,911,9,189)
w(19,896,9,189)
w(8,941,9,189)
r(7,802,9,189)
r(0,432,9,189)
r(17,497,9,189)
r(14,785,9,189)
w(11,915,9,190)
w(17,897,9,190)
w(13,912,9,190)
r(12,612,9,190)
w(14,881,9,190)
w(4,910,9,190)
r(2,528,9,190)
w(8,942,9,190)
r(15,617,9,190)
w(9,890,9,190)
w(18,883,9,190)
w(0,910,9,190)
w(3,884,9,190)
w(6,924,9,190)
w(19,897,9,190)
r(1,610,9,190)
w(16,943,9,190)
r(5,294,9,190)
r(7,596,9,190)
r(10,606,9,190)
w(5,890,9,191)
w(17,898,9,191)
r(1,409,9,191)
r(4,109,9,191)
r(2,528,9,191)
r(6,407,9,191)
r(0,434,9,191)
r(16,420,9,191)
r(11,611,9,191)
w(14,882,9,191)
r(12,612,9,191)
r(13,609,9,191)
w(3,885,9,191)
w(18,884,9,191)
w(19,898,9,191)
r(9,478,9,191)
w(8,943,9,191)
w(10,898,9,191)
r(15,418,9,191)
w(7,893,9,191)
w(7,894,9,192)
r(1,409,9,192)
r(4,110,9,192)
r(15,418,9,192)
w(2,905,9,192)
w(10,899,9,192)
r(14,395,9,192)
r(19,116,9,192)
r(6,112,9,192)
w(17,899,9,192)
w(12,910,9,192)
r(0,122,9,192)
w(9,891,9,192)
w(3,886,9,192)
r(13,609,9,192)
r(8,117,9,192)
w(16,944,9,192)
r(5,394,9,192)
w(18,885,9,192)
r(11,611,9,192)
r(17,389,9,193)
w(16,945,9,193)
r(9,203,9,193)
r(5,199,9,193)
r(4,310,9,193)
w(8,944,9,193)
r(14,204,9,193)
w(13,913,9,193)
r(1,312,9,193)
r(2,321,9,193)
w(12,911,9,193)
w(11,916,9,193)
r(3,202,9,193)
w(0,911,9,193)
r(18,203,9,193)
w(10,900,9,193)
w(6,925,9,193)
w(7,895,9,193)
w(19,899,9,193)
w(15,897,9,193)
r(15,225,9,194)
r(16,210,9,194)
r(5,199,9,194)
r(7,895,9,194)
w(8,945,9,194)
w(6,926,9,194)
w(4,911,9,194)
r(11,916,9,194)
r(14,205,9,194)
w(0,912,9,194)
w(17,900,9,194)
r(9,204,9,194)
w(1,933,9,194)
r(3,203,9,194)
r(12,213,9,194)
r(13,913,9,194)
r(19,899,9,194)
r(18,204,9,194)
r(10,211,9,194)
r(2,321,9,194)
w(10,901,9,195)
w(0,913,9,195)
r(2,321,9,195)
w(11,917,9,195)
r(4,911,9,195)
w(15,898,9,195)
w(1,934,9,195)
r(16,210,9,195)
w(13,914,9,195)
w(14,883,9,195)
r(8,335,9,195)
w(19,900,9,195)
r(7,895,9,195)
w(5,891,9,195)
r(9,301,9,195)
r(17,302,9,195)
w(18,886,9,195)
r(3,203,9,195)
r(12,213,9,195)
w(6,927,9,195)
w(4,912,9,196)
r(5,891,9,196)
w(0,914,9,196)
w(7,896,9,196)
w(6,928,9,196)
w(16,946,9,196)
w(11,918,9,196)
r(1,934,9,196)
w(14,884,9,196)
r(8,335,9,196)
w(19,901,9,196)
r(9,301,9,196)
r(10,901,9,196)
w(15,899,9,196)
r(13,914,9,196)
r(2,321,9,196)
r(3,203,9,196)
r(17,302,9,196)
w(18,887,9,196)
w(12,912,9,196)
r(12,912,9,197)
w(4,913,9,197)
w(3,887,9,197)
r(14,884,9,197)
r(6,928,9,197)
r(8,335,9,197)
r(18,887,9,197)
w(0,915,9,197)
w(10,902,9,197)
r(9,301,9,197)
r(17,302,9,197)
w(19,902,9,197)
w(16,947,9,197)
r(13,914,9,197)
w(15,900,9,197)
r(5,891,9,197)
w(7,897,9,197)
r(2,321,9,197)
r(1,934,9,197)
w(11,919,9,197)
r(8,335,9,198)
w(11,920,9,198)
w(1,935,9,198)
w(5,892,9,198)
r(14,884,9,198)
w(9,892,9,198)
r(2,321,9,198)
w(4,914,9,198)
w(19,903,9,198)
r(16,947,9,198)
r(15,900,9,198)
w(3,888,9,198)
r(0,915,9,198)
w(17,901,9,198)
w(18,888,9,198)
w(12,913,9,198)
r(6,928,9,198)
w(10,903,9,198)
r(7,897,9,198)
r(13,914,9,198)
r(17,901,9,199)
w(8,946,9,199)
w(0,916,9,199)
r(2,321,9,199)
r(19,903,9,199)
r(15,900,9,199)
r(13,914,9,199)
r(4,914,9,199)
r(7,897,9,199)
w(11,921,9,199)
r(18,888,9,199)
r(14,884,9,199)
r(12,913,9,199)
w(6,929,9,199)
r(16,947,9,199)
w(5,893,9,199)
r(10,903,9,199)
r(1,935,9,199)
r(3,888,9,199)
r(9,892,9,199)
