w(16,1,0,0)
r(3,0,0,0)
w(11,1,0,0)
r(6,0,0,0)
r(19,0,0,0)
r(12,0,0,0)
r(2,0,0,0)
r(14,0,0,0)
r(10,0,0,0)
r(8,0,0,0)
w(17,1,0,0)
w(13,1,0,0)
w(18,1,0,0)
w(1,1,0,0)
w(7,1,0,0)
r(15,0,0,0)
w(0,1,0,0)
w(4,1,0,0)
w(5,1,0,0)
w(9,1,0,0)
w(9,2,0,1)
w(4,2,0,1)
w(3,1,0,1)
w(18,2,0,1)
w(17,2,0,1)
r(1,1,0,1)
w(2,1,0,1)
w(11,2,0,1)
w(10,1,0,1)
w(13,2,0,1)
r(14,0,0,1)
r(8,0,0,1)
w(7,2,0,1)
w(12,1,0,1)
r(0,1,0,1)
r(6,0,0,1)
r(16,1,0,1)
r(15,0,0,1)
r(5,1,0,1)
w(19,1,0,1)
w(16,2,0,2)
w(19,2,0,2)
w(7,3,0,2)
w(14,1,0,2)
w(13,3,0,2)
r(4,2,0,2)
w(17,3,0,2)
w(3,2,0,2)
w(10,2,0,2)
r(6,0,0,2)
w(2,2,0,2)
r(11,2,0,2)
r(1,1,0,2)
r(15,0,0,2)
w(0,2,0,2)
w(8,1,0,2)
w(5,2,0,2)
w(18,3,0,2)
w(9,3,0,2)
r(12,1,0,2)
r(9,3,0,3)
w(10,3,0,3)
r(16,2,0,3)
r(4,2,0,3)
r(8,1,0,3)
r(18,3,0,3)
w(5,3,0,3)
r(6,0,0,3)
w(12,2,0,3)
w(13,4,0,3)
r(0,2,0,3)
r(7,3,0,3)
w(2,3,0,3)
w(19,3,0,3)
w(1,2,0,3)
r(14,1,0,3)
r(15,0,0,3)
w(17,4,0,3)
w(11,3,0,3)
w(3,3,0,3)
w(16,3,0,4)
w(19,4,0,4)
w(2,4,0,4)
w(9,4,0,4)
w(11,4,0,4)
r(13,4,0,4)
w(3,4,0,4)
w(4,3,0,4)
w(18,4,0,4)
r(1,2,0,4)
w(14,2,0,4)
r(8,1,0,4)
r(6,98,0,4)
w(12,3,0,4)
r(10,111,0,4)
r(15,0,0,4)
w(5,4,0,4)
r(7,3,0,4)
r(17,4,0,4)
r(0,99,0,4)
w(10,4,0,5)
r(16,107,0,5)
r(7,3,0,5)
w(13,5,0,5)
w(11,5,0,5)
w(9,5,0,5)
r(0,99,0,5)
w(8,2,0,5)
r(14,1,0,5)
w(12,4,0,5)
w(6,1,0,5)
r(4,2,0,5)
w(5,5,0,5)
r(2,3,0,5)
r(15,0,0,5)
w(18,5,0,5)
w(1,3,0,5)
r(19,101,0,5)
w(17,5,0,5)
w(3,5,0,5)
r(10,111,0,6)
r(4,2,0,6)
w(7,4,0,6)
r(14,1,0,6)
r(17,4,0,6)
w(11,6,0,6)
r(9,3,0,6)
w(12,5,0,6)
w(18,6,0,6)
r(2,3,0,6)
w(19,5,0,6)
w(0,3,0,6)
w(15,1,0,6)
r(3,3,0,6)
r(5,100,0,6)
w(8,3,0,6)
w(16,4,0,6)
w(1,4,0,6)
w(13,6,0,6)
w(6,2,0,6)
w(18,7,0,7)
w(7,5,0,7)
w(10,5,0,7)
w(11,7,0,7)
w(8,4,0,7)
w(16,5,0,7)
w(12,6,0,7)
w(15,2,0,7)
w(1,5,0,7)
w(13,7,0,7)
r(0,99,0,7)
w(2,5,0,7)
w(6,3,0,7)
w(4,4,0,7)
r(14,1,0,7)
w(9,6,0,7)
r(19,101,0,7)
r(17,4,0,7)
r(5,100,0,7)
r(3,3,0,7)
r(4,218,0,8)
r(2,205,0,8)
r(14,895,0,8)
w(19,6,0,8)
r(10,818,0,8)
r(6,792,0,8)
r(18,814,0,8)
r(13,771,0,8)
w(8,5,0,8)
w(11,8,0,8)
w(12,7,0,8)
w(17,6,0,8)
r(16,776,0,8)
r(5,197,0,8)
r(7,224,0,8)
r(3,3,0,8)
w(9,7,0,8)
w(15,3,0,8)
r(0,803,0,8)
r(1,187,0,8)
r(15,216,0,9)
w(18,8,0,9)
r(0,803,0,9)
r(11,201,0,9)
w(16,6,0,9)
w(17,7,0,9)
w(3,6,0,9)
r(19,202,0,9)
w(6,4,0,9)
w(1,6,0,9)
w(10,6,0,9)
w(5,6,0,9)
r(13,771,0,9)
r(2,205,0,9)
r(8,197,0,9)
r(7,224,0,9)
r(4,218,0,9)
r(12,210,0,9)
r(9,779,0,9)
r(14,895,0,9)
w(16,7,0,10)
r(10,818,0,10)
w(9,8,0,10)
w(13,8,0,10)
r(1,187,0,10)
r(11,202,0,10)
r(17,797,0,10)
r(0,193,0,10)
r(6,792,0,10)
r(8,197,0,10)
w(3,7,0,10)
r(2,206,0,10)
w(5,7,0,10)
w(18,9,0,10)
r(19,203,0,10)
w(4,5,0,10)
r(15,216,0,10)
r(7,225,0,10)
r(14,895,0,10)
r(12,210,0,10)
w(1,7,0,11)
r(18,613,0,11)
w(17,8,0,11)
r(6,792,0,11)
r(16,584,0,11)
w(7,6,0,11)
r(19,600,0,11)
w(8,6,0,11)
w(12,8,0,11)
w(15,4,0,11)
w(4,6,0,11)
r(2,206,0,11)
w(0,4,0,11)
r(5,584,0,11)
w(3,8,0,11)
w(10,7,0,11)
w(9,9,0,11)
w(11,9,0,11)
r(13,200,0,11)
r(14,895,0,11)
w(2,6,0,12)
r(15,216,0,12)
w(5,8,0,12)
w(12,9,0,12)
w(0,5,0,12)
r(17,797,0,12)
w(1,8,0,12)
r(9,600,0,12)
w(6,5,0,12)
w(7,7,0,12)
r(18,613,0,12)
r(13,200,0,12)
w(16,8,0,12)
r(11,202,0,12)
w(3,9,0,12)
r(19,600,0,12)
r(4,219,0,12)
w(10,8,0,12)
w(14,3,0,12)
w(8,7,0,12)
w(4,7,0,13)
r(18,613,0,13)
w(2,7,0,13)
r(6,792,0,13)
w(17,9,0,13)
w(10,9,0,13)
r(13,200,0,13)
w(19,7,0,13)
r(14,895,0,13)
r(3,3,0,13)
r(0,605,0,13)
r(5,584,0,13)
r(15,216,0,13)
r(9,600,0,13)
w(16,9,0,13)
r(7,225,0,13)
w(11,10,0,13)
w(1,9,0,13)
r(12,210,0,13)
w(8,8,0,13)
r(11,399,0,14)
w(5,9,0,14)
w(3,10,0,14)
w(16,10,0,14)
w(14,4,0,14)
r(12,210,0,14)
w(17,10,0,14)
r(8,406,0,14)
w(18,10,0,14)
r(6,792,0,14)
r(7,440,0,14)
r(10,818,0,14)
w(1,10,0,14)
r(15,216,0,14)
w(2,8,0,14)
w(19,8,0,14)
w(13,9,0,14)
r(9,406,0,14)
w(4,8,0,14)
r(0,399,0,14)
w(11,11,0,15)
w(15,5,0,15)
w(8,9,0,15)
r(12,210,0,15)
r(2,412,0,15)
r(7,440,0,15)
w(17,11,0,15)
r(13,381,0,15)
w(19,9,0,15)
w(14,5,0,15)
w(16,11,0,15)
w(6,6,0,15)
w(18,11,0,15)
r(1,399,0,15)
r(10,818,0,15)
w(4,9,0,15)
w(3,11,0,15)
r(0,399,0,15)
w(9,10,0,15)
r(5,387,0,15)
w(8,10,0,16)
r(16,586,0,16)
w(3,12,0,16)
w(15,6,0,16)
r(18,407,0,16)
r(0,608,0,16)
r(19,412,0,16)
w(10,10,0,16)
w(4,10,0,16)
r(2,412,0,16)
r(7,656,0,16)
w(13,10,0,16)
w(14,6,0,16)
w(6,7,0,16)
w(12,10,0,16)
r(5,587,0,16)
r(9,406,0,16)
w(17,12,0,16)
w(1,11,0,16)
r(11,399,0,16)
w(14,7,0,17)
w(11,12,0,17)
r(4,219,0,17)
w(8,11,0,17)
r(2,412,0,17)
r(5,587,0,17)
w(17,13,0,17)
w(12,11,0,17)
w(9,11,0,17)
r(15,616,0,17)
r(18,407,0,17)
r(10,818,0,17)
r(16,586,0,17)
w(7,8,0,17)
w(13,11,0,17)
r(19,412,0,17)
r(0,608,0,17)
r(3,623,0,17)
r(6,792,0,17)
w(1,12,0,17)
w(0,6,0,18)
r(4,113,0,18)
r(2,622,0,18)
w(5,10,0,18)
w(7,9,0,18)
w(1,13,0,18)
w(11,13,0,18)
w(12,12,0,18)
w(18,12,0,18)
w(15,7,0,18)
w(9,12,0,18)
w(3,13,0,18)
w(10,11,0,18)
r(13,101,0,18)
w(17,14,0,18)
w(16,12,0,18)
r(6,104,0,18)
r(14,97,0,18)
w(19,10,0,18)
r(8,107,0,18)
w(5,11,0,19)
w(8,12,0,19)
r(0,104,0,19)
w(19,11,0,19)
r(3,315,0,19)
w(6,8,0,19)
w(16,13,0,19)
r(15,317,0,19)
r(7,662,0,19)
r(14,310,0,19)
r(2,622,0,19)
w(13,12,0,19)
r(18,616,0,19)
r(10,118,0,19)
r(4,113,0,19)
r(1,298,0,19)
w(9,13,0,19)
r(12,307,0,19)
r(17,306,0,19)
r(11,291,0,19)
r(4,2,1,20)
w(5,100,1,20)
w(6,98,1,20)
w(12,109,1,20)
r(1,2,1,20)
r(3,3,1,20)
w(16,107,1,20)
r(15,0,1,20)
r(13,4,1,20)
r(8,1,1,20)
r(14,1,1,20)
w(0,99,1,20)
w(10,111,1,20)
w(19,101,1,20)
r(11,3,1,20)
r(7,3,1,20)
r(17,4,1,20)
r(18,3,1,20)
r(9,3,1,20)
r(2,3,1,20)
w(11,103,1,21)
w(17,102,1,21)
r(19,101,1,21)
w(13,95,1,21)
r(1,2,1,21)
w(8,102,1,21)
r(16,107,1,21)
w(4,103,1,21)
r(2,3,1,21)
r(5,100,1,21)
w(0,100,1,21)
r(18,3,1,21)
r(10,111,1,21)
r(3,3,1,21)
r(7,3,1,21)
r(6,98,1,21)
r(12,109,1,21)
r(14,1,1,21)
r(9,3,1,21)
w(15,110,1,21)
r(18,3,1,22)
r(1,2,1,22)
w(14,87,1,22)
w(10,112,1,22)
r(13,4,1,22)
w(19,102,1,22)
w(3,107,1,22)
w(7,114,1,22)
r(8,1,1,22)
w(4,104,1,22)
w(0,101,1,22)
r(12,109,1,22)
r(15,0,1,22)
r(17,4,1,22)
w(2,102,1,22)
r(5,100,1,22)
r(9,3,1,22)
w(16,108,1,22)
r(11,3,1,22)
r(6,98,1,22)
r(11,202,1,23)
w(7,115,1,23)
r(15,216,1,23)
r(14,895,1,23)
w(13,96,1,23)
r(8,197,1,23)
w(12,110,1,23)
r(0,605,1,23)
w(1,100,1,23)
r(17,797,1,23)
w(10,113,1,23)
r(5,584,1,23)
w(6,99,1,23)
r(2,206,1,23)
w(9,103,1,23)
w(4,105,1,23)
w(18,101,1,23)
r(3,3,1,23)
w(16,109,1,23)
w(19,103,1,23)
w(16,110,1,24)
w(5,101,1,24)
w(17,103,1,24)
w(12,111,1,24)
r(1,187,1,24)
w(3,108,1,24)
w(15,111,1,24)
w(7,116,1,24)
w(10,114,1,24)
r(6,792,1,24)
w(11,104,1,24)
w(8,103,1,24)
w(4,106,1,24)
r(9,600,1,24)
w(14,88,1,24)
w(2,103,1,24)
r(0,605,1,24)
w(18,102,1,24)
r(19,600,1,24)
w(13,97,1,24)
r(13,200,1,25)
w(5,102,1,25)
r(15,216,1,25)
w(2,104,1,25)
r(14,895,1,25)
w(19,104,1,25)
r(6,792,1,25)
r(10,818,1,25)
w(4,107,1,25)
w(9,104,1,25)
r(17,797,1,25)
w(11,105,1,25)
r(1,187,1,25)
w(18,103,1,25)
w(12,112,1,25)
w(7,117,1,25)
r(3,3,1,25)
r(16,584,1,25)
w(0,102,1,25)
w(8,104,1,25)
r(11,202,1,26)
r(16,584,1,26)
r(9,600,1,26)
r(0,605,1,26)
r(12,210,1,26)
w(14,89,1,26)
w(2,105,1,26)
r(7,225,1,26)
w(3,109,1,26)
w(5,103,1,26)
r(6,792,1,26)
r(15,216,1,26)
r(17,797,1,26)
r(19,600,1,26)
r(8,197,1,26)
w(13,98,1,26)
w(4,108,1,26)
w(18,104,1,26)
r(10,818,1,26)
r(1,187,1,26)
r(17,797,1,27)
w(14,90,1,27)
w(9,105,1,27)
w(2,106,1,27)
w(3,110,1,27)
r(16,584,1,27)
w(15,112,1,27)
r(0,399,1,27)
r(8,406,1,27)
r(6,792,1,27)
w(18,105,1,27)
r(12,210,1,27)
w(19,105,1,27)
w(7,118,1,27)
w(4,109,1,27)
w(13,99,1,27)
w(5,104,1,27)
r(10,818,1,27)
w(11,106,1,27)
w(1,101,1,27)
r(15,616,1,28)
r(4,219,1,28)
w(14,91,1,28)
w(10,115,1,28)
r(12,626,1,28)
w(6,100,1,28)
r(3,623,1,28)
w(2,107,1,28)
r(8,406,1,28)
w(13,100,1,28)
r(17,797,1,28)
w(9,106,1,28)
w(7,119,1,28)
r(16,586,1,28)
w(19,106,1,28)
w(11,107,1,28)
r(18,407,1,28)
w(5,105,1,28)
r(1,604,1,28)
r(0,608,1,28)
w(6,101,1,29)
r(2,412,1,29)
r(16,586,1,29)
r(13,572,1,29)
r(5,587,1,29)
w(8,105,1,29)
r(10,818,1,29)
w(3,111,1,29)
r(1,604,1,29)
w(14,92,1,29)
w(7,120,1,29)
w(9,107,1,29)
r(15,616,1,29)
r(0,608,1,29)
w(17,104,1,29)
w(4,110,1,29)
w(18,106,1,29)
w(12,113,1,29)
r(19,412,1,29)
r(11,399,1,29)
r(18,407,1,30)
w(9,108,1,30)
w(7,121,1,30)
r(11,399,1,30)
w(3,112,1,30)
r(14,599,1,30)
w(1,102,1,30)
w(15,113,1,30)
r(16,586,1,30)
w(10,116,1,30)
w(19,107,1,30)
r(6,792,1,30)
w(12,114,1,30)
r(4,219,1,30)
w(5,106,1,30)
w(17,105,1,30)
r(8,406,1,30)
w(2,108,1,30)
r(0,608,1,30)
r(13,572,1,30)
r(3,623,1,31)
r(4,219,1,31)
w(14,93,1,31)
w(8,106,1,31)
w(11,108,1,31)
r(18,407,1,31)
w(6,102,1,31)
w(10,117,1,31)
r(2,412,1,31)
r(16,586,1,31)
r(19,412,1,31)
r(13,572,1,31)
w(0,103,1,31)
w(17,106,1,31)
w(15,114,1,31)
w(9,109,1,31)
r(12,626,1,31)
w(7,122,1,31)
w(5,107,1,31)
w(1,103,1,31)
w(3,113,1,32)
w(12,115,1,32)
r(17,903,1,32)
w(14,94,1,32)
w(13,101,1,32)
w(8,107,1,32)
w(16,111,1,32)
r(1,607,1,32)
w(11,109,1,32)
w(10,118,1,32)
r(6,306,1,32)
w(19,108,1,32)
r(9,605,1,32)
r(2,622,1,32)
w(5,108,1,32)
w(0,104,1,32)
r(7,661,1,32)
w(18,107,1,32)
w(15,115,1,32)
w(4,111,1,32)
r(4,111,1,33)
w(13,102,1,33)
r(15,115,1,33)
w(11,110,1,33)
w(0,105,1,33)
r(14,94,1,33)
w(8,108,1,33)
w(6,103,1,33)
r(2,622,1,33)
w(18,108,1,33)
w(16,112,1,33)
r(1,607,1,33)
r(9,605,1,33)
w(19,109,1,33)
r(3,113,1,33)
w(7,123,1,33)
w(12,116,1,33)
r(10,118,1,33)
w(17,107,1,33)
w(5,109,1,33)
r(2,622,1,34)
w(5,110,1,34)
w(7,124,1,34)
r(1,607,1,34)
r(6,306,1,34)
w(18,109,1,34)
r(0,104,1,34)
r(8,107,1,34)
r(13,101,1,34)
r(17,903,1,34)
w(15,116,1,34)
w(3,114,1,34)
r(12,115,1,34)
r(19,108,1,34)
w(16,113,1,34)
r(9,605,1,34)
w(10,119,1,34)
w(14,95,1,34)
r(4,111,1,34)
w(11,111,1,34)
r(5,108,1,35)
r(6,306,1,35)
w(10,120,1,35)
r(3,113,1,35)
w(0,106,1,35)
r(8,107,1,35)
r(17,903,1,35)
w(14,96,1,35)
w(4,112,1,35)
r(11,109,1,35)
r(13,101,1,35)
r(12,115,1,35)
r(7,661,1,35)
w(19,110,1,35)
r(18,107,1,35)
r(1,607,1,35)
w(2,109,1,35)
w(15,117,1,35)
w(16,114,1,35)
w(9,110,1,35)
w(6,104,1,36)
r(13,101,1,36)
r(9,605,1,36)
r(8,107,1,36)
w(17,108,1,36)
w(15,118,1,36)
w(11,112,1,36)
r(5,108,1,36)
w(1,104,1,36)
r(2,622,1,36)
w(7,125,1,36)
w(12,117,1,36)
w(18,110,1,36)
w(4,113,1,36)
r(3,113,1,36)
w(14,97,1,36)
r(0,104,1,36)
r(10,118,1,36)
w(16,115,1,36)
r(19,108,1,36)
r(0,304,1,37)
w(1,105,1,37)
w(11,113,1,37)
w(8,109,1,37)
w(16,116,1,37)
w(15,119,1,37)
w(6,105,1,37)
r(13,295,1,37)
w(3,115,1,37)
w(2,110,1,37)
r(19,802,1,37)
r(18,820,1,37)
w(17,109,1,37)
w(14,98,1,37)
w(9,111,1,37)
r(5,798,1,37)
w(7,126,1,37)
r(12,835,1,37)
r(10,825,1,37)
w(4,114,1,37)
w(10,121,1,38)
w(1,106,1,38)
w(17,110,1,38)
r(15,119,1,38)
w(16,117,1,38)
w(19,111,1,38)
w(0,107,1,38)
r(6,105,1,38)
r(18,820,1,38)
r(4,114,1,38)
r(7,126,1,38)
r(11,113,1,38)
w(8,110,1,38)
r(3,115,1,38)
r(5,798,1,38)
r(14,98,1,38)
r(13,295,1,38)
r(12,835,1,38)
w(9,112,1,38)
w(2,111,1,38)
w(15,120,1,39)
r(14,98,1,39)
w(10,122,1,39)
r(17,109,1,39)
r(2,110,1,39)
r(4,114,1,39)
r(13,295,1,39)
r(16,116,1,39)
r(11,113,1,39)
w(12,118,1,39)
r(19,802,1,39)
r(0,304,1,39)
w(3,116,1,39)
r(7,126,1,39)
w(1,107,1,39)
w(18,111,1,39)
r(6,105,1,39)
w(9,113,1,39)
w(5,111,1,39)
r(8,109,1,39)
w(11,198,2,40)
r(10,111,2,40)
w(0,190,2,40)
w(12,207,2,40)
r(15,0,2,40)
w(6,201,2,40)
w(3,196,2,40)
w(13,196,2,40)
w(9,192,2,40)
r(14,1,2,40)
w(17,200,2,40)
r(5,100,2,40)
w(8,196,2,40)
r(7,3,2,40)
r(19,101,2,40)
r(2,3,2,40)
r(4,2,2,40)
r(18,3,2,40)
r(1,2,2,40)
r(16,107,2,40)
r(11,3,2,41)
r(8,1,2,41)
r(6,98,2,41)
w(0,191,2,41)
w(15,214,2,41)
w(3,197,2,41)
w(16,215,2,41)
w(2,204,2,41)
w(9,193,2,41)
w(19,200,2,41)
r(7,3,2,41)
w(18,201,2,41)
w(10,222,2,41)
r(4,2,2,41)
w(5,195,2,41)
w(12,208,2,41)
w(14,202,2,41)
w(17,201,2,41)
w(13,197,2,41)
w(1,185,2,41)
r(8,1,2,42)
w(3,198,2,42)
r(0,99,2,42)
r(2,3,2,42)
r(7,3,2,42)
w(4,215,2,42)
w(16,216,2,42)
r(13,4,2,42)
r(9,3,2,42)
w(18,202,2,42)
r(12,109,2,42)
r(11,3,2,42)
r(5,100,2,42)
r(10,111,2,42)
w(14,203,2,42)
r(15,0,2,42)
w(17,202,2,42)
r(6,98,2,42)
r(19,101,2,42)
w(1,186,2,42)
w(19,201,2,43)
w(13,198,2,43)
w(7,223,2,43)
r(8,1,2,43)
r(1,2,2,43)
r(2,3,2,43)
r(18,3,2,43)
w(15,215,2,43)
r(0,99,2,43)
w(14,204,2,43)
w(5,196,2,43)
w(11,199,2,43)
w(4,216,2,43)
r(10,111,2,43)
w(3,199,2,43)
w(16,217,2,43)
w(12,209,2,43)
w(17,203,2,43)
w(9,194,2,43)
r(6,98,2,43)
r(18,3,2,44)
r(6,98,2,44)
r(19,101,2,44)
w(13,199,2,44)
r(12,109,2,44)
w(0,192,2,44)
w(4,217,2,44)
r(8,1,2,44)
r(1,2,2,44)
r(15,0,2,44)
r(7,3,2,44)
w(16,218,2,44)
r(5,100,2,44)
r(9,3,2,44)
w(3,200,2,44)
w(10,223,2,44)
r(2,3,2,44)
w(11,200,2,44)
r(17,4,2,44)
w(14,205,2,44)
r(6,792,2,45)
w(11,201,2,45)
r(14,895,2,45)
w(15,216,2,45)
w(4,218,2,45)
w(1,187,2,45)
r(3,3,2,45)
r(0,803,2,45)
w(8,197,2,45)
r(10,818,2,45)
w(19,202,2,45)
w(2,205,2,45)
r(18,814,2,45)
r(13,771,2,45)
w(12,210,2,45)
r(9,779,2,45)
r(17,797,2,45)
w(5,197,2,45)
w(7,224,2,45)
r(16,776,2,45)
r(10,818,2,46)
w(0,193,2,46)
r(17,797,2,46)
w(13,200,2,46)
r(9,779,2,46)
w(4,219,2,46)
w(19,203,2,46)
r(1,187,2,46)
w(7,225,2,46)
w(5,198,2,46)
w(16,219,2,46)
r(14,895,2,46)
w(11,202,2,46)
r(8,197,2,46)
w(2,206,2,46)
r(6,792,2,46)
w(18,203,2,46)
r(12,210,2,46)
r(15,216,2,46)
r(3,3,2,46)
w(14,206,2,47)
w(13,201,2,47)
w(0,194,2,47)
w(10,224,2,47)
w(8,198,2,47)
r(19,203,2,47)
w(6,202,2,47)
w(1,188,2,47)
r(15,216,2,47)
r(11,202,2,47)
w(3,201,2,47)
r(5,198,2,47)
w(9,195,2,47)
r(2,206,2,47)
r(17,797,2,47)
w(4,220,2,47)
r(16,219,2,47)
r(7,225,2,47)
w(12,211,2,47)
r(18,203,2,47)
w(14,207,2,48)
w(8,199,2,48)
w(18,204,2,48)
r(11,202,2,48)
r(17,797,2,48)
w(16,220,2,48)
r(9,600,2,48)
r(7,225,2,48)
r(1,187,2,48)
w(10,225,2,48)
r(15,216,2,48)
r(4,219,2,48)
w(12,212,2,48)
r(6,792,2,48)
r(3,3,2,48)
w(13,202,2,48)
w(0,195,2,48)
w(2,207,2,48)
w(5,199,2,48)
w(19,204,2,48)
w(19,205,2,49)
w(13,203,2,49)
r(6,792,2,49)
w(2,208,2,49)
r(12,210,2,49)
w(7,226,2,49)
w(0,196,2,49)
r(4,219,2,49)
r(3,3,2,49)
r(14,895,2,49)
r(16,584,2,49)
w(9,196,2,49)
r(5,584,2,49)
w(1,189,2,49)
w(18,205,2,49)
r(17,797,2,49)
r(10,818,2,49)
r(11,202,2,49)
w(8,200,2,49)
r(15,216,2,49)
r(4,219,2,50)
r(14,895,2,50)
r(16,584,2,50)
w(0,197,2,50)
w(8,201,2,50)
r(7,225,2,50)
r(15,216,2,50)
w(1,190,2,50)
r(9,600,2,50)
r(5,584,2,50)
r(10,818,2,50)
r(11,202,2,50)
w(18,206,2,50)
r(17,797,2,50)
w(3,202,2,50)
w(12,213,2,50)
w(13,204,2,50)
w(19,206,2,50)
r(6,792,2,50)
r(2,206,2,50)
r(14,895,2,51)
w(12,214,2,51)
w(8,202,2,51)
r(5,584,2,51)
r(10,818,2,51)
w(13,205,2,51)
r(6,792,2,51)
w(2,209,2,51)
w(11,203,2,51)
r(4,219,2,51)
r(15,216,2,51)
w(0,198,2,51)
r(16,584,2,51)
w(7,227,2,51)
w(9,197,2,51)
w(19,207,2,51)
w(17,204,2,51)
w(1,191,2,51)
w(18,207,2,51)
w(3,203,2,51)
r(14,895,2,52)
w(4,221,2,52)
w(18,208,2,52)
w(12,215,2,52)
r(5,386,2,52)
r(0,399,2,52)
w(1,192,2,52)
w(2,210,2,52)
r(16,584,2,52)
w(17,205,2,52)
w(7,228,2,52)
r(13,380,2,52)
w(9,198,2,52)
r(6,792,2,52)
w(19,208,2,52)
w(8,203,2,52)
w(15,217,2,52)
r(11,398,2,52)
w(10,226,2,52)
w(3,204,2,52)
r(14,599,2,53)
r(13,572,2,53)
w(9,199,2,53)
r(5,587,2,53)
w(1,193,2,53)
r(2,412,2,53)
r(19,412,2,53)
w(3,205,2,53)
r(8,406,2,53)
r(12,626,2,53)
w(4,222,2,53)
w(17,206,2,53)
r(16,586,2,53)
r(15,616,2,53)
w(10,227,2,53)
r(6,792,2,53)
r(18,407,2,53)
r(7,656,2,53)
r(0,608,2,53)
r(11,399,2,53)
w(19,209,2,54)
r(0,608,2,54)
w(13,206,2,54)
w(16,221,2,54)
w(5,200,2,54)
r(11,399,2,54)
r(8,406,2,54)
w(3,206,2,54)
r(10,818,2,54)
w(4,223,2,54)
r(12,626,2,54)
w(14,208,2,54)
w(9,200,2,54)
w(7,229,2,54)
w(2,211,2,54)
w(15,218,2,54)
w(17,207,2,54)
r(6,792,2,54)
w(1,194,2,54)
r(18,407,2,54)
r(1,604,2,55)
w(12,216,2,55)
r(9,406,2,55)
r(6,792,2,55)
r(10,818,2,55)
w(11,204,2,55)
w(2,212,2,55)
r(7,656,2,55)
w(8,204,2,55)
w(17,208,2,55)
w(4,224,2,55)
r(19,412,2,55)
r(13,572,2,55)
w(14,209,2,55)
r(0,608,2,55)
w(18,209,2,55)
w(16,222,2,55)
w(5,201,2,55)
r(3,623,2,55)
r(15,616,2,55)
r(3,721,2,56)
r(0,511,2,56)
r(4,530,2,56)
r(9,503,2,56)
w(12,217,2,56)
w(11,205,2,56)
w(10,228,2,56)
w(1,195,2,56)
r(13,778,2,56)
r(19,315,2,56)
w(5,202,2,56)
w(17,209,2,56)
w(6,203,2,56)
r(14,696,2,56)
w(8,205,2,56)
r(2,526,2,56)
w(16,223,2,56)
r(18,514,2,56)
w(15,219,2,56)
w(7,230,2,56)
w(15,220,2,57)
r(1,195,2,57)
r(18,514,2,57)
r(7,230,2,57)
r(3,721,2,57)
r(12,217,2,57)
r(19,315,2,57)
w(17,210,2,57)
r(0,511,2,57)
w(8,206,2,57)
r(14,696,2,57)
r(9,503,2,57)
r(10,228,2,57)
w(2,213,2,57)
w(16,224,2,57)
w(4,225,2,57)
w(13,207,2,57)
w(5,203,2,57)
r(11,205,2,57)
r(6,203,2,57)
w(16,225,2,58)
w(12,218,2,58)
r(17,210,2,58)
r(5,692,2,58)
r(11,205,2,58)
w(18,210,2,58)
r(10,724,2,58)
r(13,676,2,58)
r(1,195,2,58)
w(15,221,2,58)
w(14,210,2,58)
r(4,225,2,58)
w(0,199,2,58)
w(3,207,2,58)
r(2,213,2,58)
w(19,210,2,58)
w(7,231,2,58)
w(9,201,2,58)
w(6,204,2,58)
w(8,207,2,58)
w(2,214,2,59)
w(0,200,2,59)
w(19,211,2,59)
w(8,208,2,59)
w(18,211,2,59)
w(3,208,2,59)
w(1,196,2,59)
w(17,211,2,59)
w(14,211,2,59)
w(16,226,2,59)
w(12,219,2,59)
r(6,699,2,59)
r(7,230,2,59)
r(15,710,2,59)
r(11,205,2,59)
w(9,202,2,59)
w(5,204,2,59)
w(4,226,2,59)
r(10,725,2,59)
w(13,208,2,59)
r(3,3,3,60)
w(17,302,3,60)
r(12,109,3,60)
r(6,98,3,60)
r(10,111,3,60)
r(9,3,3,60)
w(11,284,3,60)
r(2,3,3,60)
w(8,299,3,60)
r(5,100,3,60)
w(4,327,3,60)
w(7,319,3,60)
r(18,3,3,60)
w(19,306,3,60)
r(14,1,3,60)
r(0,99,3,60)
r(15,0,3,60)
r(16,107,3,60)
r(1,2,3,60)
r(13,4,3,60)
w(10,315,3,61)
w(19,307,3,61)
r(17,4,3,61)
r(5,100,3,61)
w(3,307,3,61)
r(1,2,3,61)
w(7,320,3,61)
r(8,1,3,61)
r(4,2,3,61)
w(2,301,3,61)
w(9,286,3,61)
r(16,107,3,61)
r(11,3,3,61)
r(0,99,3,61)
w(12,299,3,61)
r(15,0,3,61)
w(14,301,3,61)
w(18,304,3,61)
w(13,291,3,61)
w(6,300,3,61)
w(14,302,3,62)
r(12,109,3,62)
r(13,4,3,62)
r(3,3,3,62)
w(7,321,3,62)
w(6,301,3,62)
w(10,316,3,62)
w(2,302,3,62)
r(4,2,3,62)
w(16,309,3,62)
w(8,300,3,62)
w(0,299,3,62)
w(1,289,3,62)
w(5,289,3,62)
r(17,4,3,62)
r(19,101,3,62)
r(18,3,3,62)
r(11,3,3,62)
w(9,287,3,62)
w(15,312,3,62)
r(11,3,3,63)
r(15,0,3,63)
r(17,4,3,63)
r(12,109,3,63)
w(9,288,3,63)
w(4,328,3,63)
r(19,101,3,63)
w(2,303,3,63)
r(13,4,3,63)
r(10,111,3,63)
r(14,1,3,63)
r(16,107,3,63)
w(6,302,3,63)
r(8,1,3,63)
w(5,290,3,63)
w(1,290,3,63)
r(0,99,3,63)
r(18,3,3,63)
r(7,3,3,63)
r(3,3,3,63)
r(9,3,3,64)
r(5,100,3,64)
w(7,322,3,64)
w(19,308,3,64)
w(4,329,3,64)
r(13,4,3,64)
w(6,303,3,64)
r(14,1,3,64)
r(17,4,3,64)
w(11,285,3,64)
r(18,3,3,64)
w(16,310,3,64)
r(8,1,3,64)
w(15,313,3,64)
w(10,317,3,64)
r(3,3,3,64)
r(1,2,3,64)
r(0,99,3,64)
w(12,300,3,64)
r(2,3,3,64)
r(15,216,3,65)
w(7,323,3,65)
w(12,301,3,65)
w(11,286,3,65)
w(6,304,3,65)
r(19,202,3,65)
w(8,301,3,65)
r(17,797,3,65)
r(13,771,3,65)
r(9,779,3,65)
r(1,187,3,65)
r(0,803,3,65)
r(18,814,3,65)
w(3,308,3,65)
r(14,895,3,65)
w(10,318,3,65)
w(4,330,3,65)
w(2,304,3,65)
r(16,776,3,65)
w(5,291,3,65)
w(1,291,3,66)
r(6,792,3,66)
r(5,197,3,66)
w(14,303,3,66)
r(10,818,3,66)
w(3,309,3,66)
r(11,201,3,66)
w(8,302,3,66)
r(15,216,3,66)
r(12,210,3,66)
r(2,205,3,66)
w(7,324,3,66)
w(16,311,3,66)
r(4,218,3,66)
w(9,289,3,66)
r(19,202,3,66)
r(17,797,3,66)
w(18,305,3,66)
r(0,803,3,66)
r(13,771,3,66)
w(9,290,3,67)
r(15,216,3,67)
r(6,792,3,67)
w(18,306,3,67)
r(12,210,3,67)
r(14,895,3,67)
w(16,312,3,67)
r(0,605,3,67)
w(3,310,3,67)
w(7,325,3,67)
w(4,331,3,67)
r(2,206,3,67)
w(1,292,3,67)
r(11,202,3,67)
w(17,303,3,67)
w(10,319,3,67)
w(13,292,3,67)
r(5,584,3,67)
w(19,309,3,67)
w(8,303,3,67)
w(19,310,3,68)
w(7,326,3,68)
w(10,320,3,68)
r(4,219,3,68)
r(3,3,3,68)
w(12,302,3,68)
w(11,287,3,68)
r(16,584,3,68)
w(18,307,3,68)
r(13,200,3,68)
r(0,605,3,68)
r(5,584,3,68)
r(9,600,3,68)
w(1,293,3,68)
w(14,304,3,68)
w(15,314,3,68)
w(6,305,3,68)
w(8,304,3,68)
w(17,304,3,68)
w(2,305,3,68)
w(5,292,3,69)
r(12,626,3,69)
w(0,300,3,69)
w(4,332,3,69)
r(11,399,3,69)
w(3,311,3,69)
r(2,412,3,69)
r(10,818,3,69)
w(9,291,3,69)
r(8,406,3,69)
r(15,616,3,69)
r(1,604,3,69)
w(19,311,3,69)
r(6,792,3,69)
w(16,313,3,69)
r(18,407,3,69)
r(13,572,3,69)
w(7,327,3,69)
w(14,305,3,69)
r(17,797,3,69)
w(2,306,3,70)
r(16,586,3,70)
r(7,656,3,70)
w(3,312,3,70)
w(11,288,3,70)
w(14,306,3,70)
w(6,306,3,70)
r(17,797,3,70)
w(12,303,3,70)
r(13,572,3,70)
w(4,333,3,70)
w(0,301,3,70)
r(15,616,3,70)
w(9,292,3,70)
r(18,407,3,70)
r(10,818,3,70)
w(1,294,3,70)
r(19,412,3,70)
r(5,587,3,70)
w(8,305,3,70)
r(18,407,3,71)
r(13,572,3,71)
w(1,295,3,71)
r(16,586,3,71)
w(9,293,3,71)
w(5,293,3,71)
w(19,312,3,71)
r(8,305,3,71)
w(14,307,3,71)
w(11,289,3,71)
r(7,656,3,71)
w(2,307,3,71)
w(0,302,3,71)
w(4,334,3,71)
w(10,321,3,71)
w(3,313,3,71)
w(12,304,3,71)
r(15,616,3,71)
w(17,305,3,71)
r(6,306,3,71)
w(12,305,3,72)
r(11,289,3,72)
w(7,328,3,72)
w(15,315,3,72)
w(2,308,3,72)
w(19,313,3,72)
r(1,295,3,72)
w(14,308,3,72)
w(4,335,3,72)
r(9,293,3,72)
r(5,293,3,72)
r(18,407,3,72)
r(8,305,3,72)
r(16,586,3,72)
r(3,313,3,72)
w(13,293,3,72)
r(6,306,3,72)
r(0,302,3,72)
w(10,322,3,72)
r(17,305,3,72)
w(10,323,3,73)
r(16,586,3,73)
r(19,312,3,73)
w(13,294,3,73)
r(8,618,3,73)
w(0,303,3,73)
r(2,307,3,73)
r(6,306,3,73)
r(3,313,3,73)
r(11,595,3,73)
r(5,589,3,73)
r(9,604,3,73)
w(1,296,3,73)
r(17,305,3,73)
w(7,329,3,73)
r(18,407,3,73)
r(14,307,3,73)
w(4,336,3,73)
w(15,316,3,73)
r(12,304,3,73)
w(14,309,3,74)
w(6,307,3,74)
w(12,306,3,74)
w(9,294,3,74)
r(17,903,3,74)
w(16,314,3,74)
w(19,314,3,74)
w(11,290,3,74)
r(4,111,3,74)
w(2,309,3,74)
r(0,104,3,74)
r(18,107,3,74)
w(3,314,3,74)
r(10,118,3,74)
r(5,108,3,74)
w(8,306,3,74)
r(15,115,3,74)
r(13,101,3,74)
w(7,330,3,74)
w(1,297,3,74)
r(2,622,3,75)
w(12,307,3,75)
w(9,295,3,75)
r(0,104,3,75)
r(18,616,3,75)
r(10,118,3,75)
w(3,315,3,75)
w(6,308,3,75)
w(11,291,3,75)
w(13,295,3,75)
r(7,662,3,75)
w(5,294,3,75)
w(17,306,3,75)
w(15,317,3,75)
r(8,107,3,75)
w(14,310,3,75)
r(4,113,3,75)
w(1,298,3,75)
r(19,608,3,75)
r(16,115,3,75)
w(4,337,3,76)
w(18,308,3,76)
r(19,608,3,76)
r(1,298,3,76)
w(0,304,3,76)
w(6,309,3,76)
w(2,310,3,76)
w(3,316,3,76)
r(16,115,3,76)
w(12,308,3,76)
w(11,292,3,76)
r(9,295,3,76)
r(15,317,3,76)
w(8,307,3,76)
w(17,307,3,76)
r(14,310,3,76)
w(10,324,3,76)
r(7,662,3,76)
r(5,294,3,76)
r(13,295,3,76)
w(10,325,3,77)
w(14,311,3,77)
w(0,305,3,77)
r(13,778,3,77)
r(18,512,3,77)
r(8,814,3,77)
w(5,295,3,77)
r(15,808,3,77)
w(7,331,3,77)
w(12,309,3,77)
r(11,890,3,77)
r(2,822,3,77)
w(16,315,3,77)
w(17,308,3,77)
w(19,315,3,77)
w(4,338,3,77)
r(9,786,3,77)
w(1,299,3,77)
r(6,501,3,77)
w(3,317,3,77)
r(9,502,3,78)
w(2,311,3,78)
r(18,513,3,78)
w(4,339,3,78)
r(0,305,3,78)
w(1,300,3,78)
w(12,310,3,78)
w(8,308,3,78)
r(15,808,3,78)
w(7,332,3,78)
w(13,296,3,78)
w(17,309,3,78)
r(11,505,3,78)
w(3,318,3,78)
w(10,326,3,78)
w(16,316,3,78)
w(5,296,3,78)
r(14,501,3,78)
r(19,315,3,78)
w(6,310,3,78)
w(9,296,3,79)
r(18,514,3,79)
w(16,317,3,79)
r(5,493,3,79)
r(7,551,3,79)
w(14,312,3,79)
w(6,311,3,79)
r(8,520,3,79)
r(0,511,3,79)
r(10,325,3,79)
r(11,506,3,79)
w(19,316,3,79)
w(2,312,3,79)
r(12,528,3,79)
r(4,530,3,79)
w(3,319,3,79)
r(15,516,3,79)
r(1,504,3,79)
r(13,778,3,79)
r(17,706,3,79)
r(17,4,4,80)
w(3,406,4,80)
r(6,98,4,80)
r(10,111,4,80)
r(1,2,4,80)
r(19,101,4,80)
w(4,424,4,80)
r(9,3,4,80)
w(2,406,4,80)
r(18,3,4,80)
r(0,99,4,80)
r(16,107,4,80)
r(7,3,4,80)
r(15,0,4,80)
w(5,379,4,80)
r(11,3,4,80)
r(8,1,4,80)
w(12,407,4,80)
r(14,1,4,80)
r(13,4,4,80)
r(8,1,4,81)
r(10,111,4,81)
w(1,394,4,81)
w(12,408,4,81)
w(4,425,4,81)
w(18,399,4,81)
r(15,0,4,81)
r(19,101,4,81)
w(3,407,4,81)
w(14,388,4,81)
r(5,100,4,81)
w(11,392,4,81)
w(13,375,4,81)
w(2,407,4,81)
r(0,99,4,81)
w(7,433,4,81)
w(17,398,4,81)
w(9,399,4,81)
w(6,406,4,81)
r(16,107,4,81)
r(13,4,4,82)
r(2,3,4,82)
r(10,111,4,82)
w(19,409,4,82)
r(3,3,4,82)
w(0,396,4,82)
r(14,1,4,82)
r(18,3,4,82)
w(5,380,4,82)
w(16,390,4,82)
w(9,400,4,82)
r(11,3,4,82)
r(12,109,4,82)
w(6,407,4,82)
w(4,426,4,82)
r(1,2,4,82)
w(7,434,4,82)
r(8,1,4,82)
w(17,399,4,82)
r(15,0,4,82)
r(3,3,4,83)
r(18,814,4,83)
r(8,809,4,83)
r(9,779,4,83)
w(13,376,4,83)
r(19,796,4,83)
w(12,409,4,83)
w(0,397,4,83)
r(5,100,4,83)
w(1,395,4,83)
r(6,792,4,83)
w(4,427,4,83)
r(15,912,4,83)
w(11,393,4,83)
r(10,818,4,83)
r(16,776,4,83)
r(7,864,4,83)
w(17,400,4,83)
w(2,408,4,83)
w(14,389,4,83)
r(13,771,4,84)
w(15,410,4,84)
r(10,818,4,84)
w(11,394,4,84)
w(9,401,4,84)
r(14,895,4,84)
r(12,831,4,84)
w(6,408,4,84)
w(7,435,4,84)
w(8,400,4,84)
w(5,381,4,84)
r(19,796,4,84)
w(1,396,4,84)
r(17,797,4,84)
r(0,803,4,84)
w(16,391,4,84)
w(18,400,4,84)
w(2,409,4,84)
r(4,792,4,84)
w(3,408,4,84)
w(4,428,4,85)
w(3,409,4,85)
w(7,436,4,85)
r(11,201,4,85)
w(19,410,4,85)
r(10,818,4,85)
w(9,402,4,85)
w(18,401,4,85)
w(8,401,4,85)
w(13,377,4,85)
w(16,392,4,85)
r(14,895,4,85)
r(0,803,4,85)
r(6,792,4,85)
w(2,410,4,85)
r(1,187,4,85)
w(5,382,4,85)
w(12,410,4,85)
r(15,216,4,85)
r(17,797,4,85)
w(13,378,4,86)
r(0,605,4,86)
w(3,410,4,86)
r(15,216,4,86)
w(18,402,4,86)
r(10,818,4,86)
r(16,584,4,86)
w(7,437,4,86)
w(8,402,4,86)
r(14,895,4,86)
w(5,383,4,86)
r(19,600,4,86)
w(1,397,4,86)
r(4,219,4,86)
w(11,395,4,86)
w(9,403,4,86)
r(12,210,4,86)
w(6,409,4,86)
w(17,401,4,86)
r(2,206,4,86)
r(12,210,4,87)
w(10,421,4,87)
r(0,605,4,87)
w(18,403,4,87)
r(14,895,4,87)
w(5,384,4,87)
r(1,187,4,87)
w(11,396,4,87)
r(15,216,4,87)
w(6,410,4,87)
w(17,402,4,87)
r(16,584,4,87)
r(19,600,4,87)
r(9,600,4,87)
r(13,200,4,87)
r(4,219,4,87)
w(8,403,4,87)
r(2,206,4,87)
r(3,3,4,87)
r(7,225,4,87)
w(0,398,4,88)
r(12,210,4,88)
r(17,797,4,88)
w(14,390,4,88)
w(8,404,4,88)
r(6,792,4,88)
w(16,393,4,88)
w(13,379,4,88)
w(10,422,4,88)
w(1,398,4,88)
w(18,404,4,88)
r(2,206,4,88)
w(7,438,4,88)
w(11,397,4,88)
w(4,429,4,88)
w(3,411,4,88)
w(19,411,4,88)
r(5,584,4,88)
w(9,404,4,88)
w(15,411,4,88)
w(9,405,4,89)
w(3,412,4,89)
r(7,225,4,89)
w(18,405,4,89)
r(11,202,4,89)
w(15,412,4,89)
r(4,219,4,89)
r(1,187,4,89)
r(19,600,4,89)
w(12,411,4,89)
r(8,197,4,89)
r(13,200,4,89)
r(10,818,4,89)
r(2,206,4,89)
r(6,792,4,89)
r(0,605,4,89)
r(16,584,4,89)
r(17,797,4,89)
w(5,385,4,89)
r(14,895,4,89)
r(16,584,4,90)
r(3,3,4,90)
w(1,399,4,90)
r(12,210,4,90)
r(4,219,4,90)
r(14,895,4,90)
w(2,411,4,90)
r(10,818,4,90)
r(15,216,4,90)
w(18,406,4,90)
w(19,412,4,90)
r(17,797,4,90)
r(6,792,4,90)
w(13,380,4,90)
w(5,386,4,90)
w(8,405,4,90)
w(11,398,4,90)
r(9,600,4,90)
w(0,399,4,90)
w(7,439,4,90)
r(3,3,4,91)
w(13,381,4,91)
r(6,792,4,91)
w(2,412,4,91)
w(14,391,4,91)
w(18,407,4,91)
r(15,216,4,91)
w(7,440,4,91)
r(10,818,4,91)
w(8,406,4,91)
w(5,387,4,91)
r(19,412,4,91)
r(1,399,4,91)
r(17,797,4,91)
r(16,584,4,91)
r(4,219,4,91)
r(0,399,4,91)
w(11,399,4,91)
r(12,210,4,91)
w(9,406,4,91)
r(11,399,4,92)
r(17,797,4,92)
r(6,792,4,92)
w(16,394,4,92)
w(12,412,4,92)
w(8,407,4,92)
w(13,382,4,92)
w(4,430,4,92)
r(10,818,4,92)
r(1,399,4,92)
r(14,391,4,92)
w(15,413,4,92)
r(7,440,4,92)
w(3,413,4,92)
w(5,388,4,92)
w(2,413,4,92)
r(9,406,4,92)
w(19,413,4,92)
r(0,399,4,92)
r(18,407,4,92)
r(3,3,4,93)
r(6,792,4,93)
r(13,381,4,93)
r(11,399,4,93)
r(9,406,4,93)
w(7,441,4,93)
w(14,392,4,93)
r(15,216,4,93)
r(18,407,4,93)
r(4,219,4,93)
w(12,413,4,93)
r(1,399,4,93)
w(2,414,4,93)
r(10,818,4,93)
r(8,406,4,93)
r(19,412,4,93)
w(5,389,4,93)
w(0,400,4,93)
w(16,395,4,93)
r(17,797,4,93)
w(14,393,4,94)
w(1,400,4,94)
w(9,407,4,94)
r(15,616,4,94)
r(4,219,4,94)
r(3,623,4,94)
r(13,572,4,94)
w(6,411,4,94)
w(18,408,4,94)
r(7,656,4,94)
r(10,818,4,94)
w(12,414,4,94)
r(16,586,4,94)
r(2,412,4,94)
r(11,399,4,94)
w(8,408,4,94)
r(5,587,4,94)
w(0,401,4,94)
r(17,797,4,94)
w(19,414,4,94)
w(6,412,4,95)
r(9,406,4,95)
w(11,400,4,95)
w(2,415,4,95)
w(7,442,4,95)
r(14,599,4,95)
r(18,407,4,95)
r(0,608,4,95)
w(17,403,4,95)
r(12,626,4,95)
r(10,818,4,95)
w(4,431,4,95)
r(19,412,4,95)
r(3,623,4,95)
r(8,406,4,95)
w(16,396,4,95)
w(1,401,4,95)
w(15,414,4,95)
w(13,383,4,95)
r(5,587,4,95)
w(5,390,4,96)
r(0,608,4,96)
w(18,409,4,96)
w(13,384,4,96)
w(2,416,4,96)
r(14,599,4,96)
w(6,413,4,96)
r(8,406,4,96)
r(4,219,4,96)
r(15,616,4,96)
r(12,626,4,96)
r(10,818,4,96)
w(16,397,4,96)
w(7,443,4,96)
w(17,404,4,96)
w(9,408,4,96)
r(19,412,4,96)
r(1,604,4,96)
w(11,401,4,96)
r(3,623,4,96)
w(3,414,4,97)
r(16,586,4,97)
r(18,407,4,97)
w(14,394,4,97)
w(13,385,4,97)
r(5,587,4,97)
r(10,818,4,97)
w(8,409,4,97)
w(19,415,4,97)
r(7,656,4,97)
w(17,405,4,97)
w(1,402,4,97)
w(0,402,4,97)
w(11,402,4,97)
r(4,219,4,97)
w(2,417,4,97)
w(12,415,4,97)
w(15,415,4,97)
r(9,406,4,97)
w(6,414,4,97)
r(2,412,4,98)
w(8,410,4,98)
w(10,423,4,98)
r(16,586,4,98)
w(1,403,4,98)
w(9,409,4,98)
w(7,444,4,98)
r(15,616,4,98)
r(12,626,4,98)
r(13,572,4,98)
w(0,403,4,98)
r(19,412,4,98)
r(3,623,4,98)
w(18,410,4,98)
w(11,403,4,98)
r(6,792,4,98)
r(4,219,4,98)
r(17,797,4,98)
r(14,599,4,98)
w(5,391,4,98)
r(10,818,4,99)
r(15,616,4,99)
r(7,656,4,99)
w(5,392,4,99)
r(0,608,4,99)
r(12,626,4,99)
w(11,404,4,99)
w(2,418,4,99)
w(19,416,4,99)
w(8,411,4,99)
w(13,386,4,99)
w(1,404,4,99)
r(6,792,4,99)
r(4,219,4,99)
r(3,623,4,99)
w(18,411,4,99)
w(17,406,4,99)
r(9,406,4,99)
r(14,599,4,99)
w(16,398,4,99)
w(8,506,5,100)
r(4,2,5,100)
w(9,487,5,100)
r(5,100,5,100)
w(1,496,5,100)
r(19,101,5,100)
w(12,516,5,100)
w(2,515,5,100)
w(15,507,5,100)
r(18,3,5,100)
r(13,4,5,100)
r(11,3,5,100)
w(10,520,5,100)
r(14,1,5,100)
r(6,98,5,100)
w(3,513,5,100)
w(0,502,5,100)
r(7,3,5,100)
r(17,4,5,100)
r(16,107,5,100)
w(9,488,5,101)
r(14,1,5,101)
w(13,474,5,101)
w(0,503,5,101)
r(8,1,5,101)
r(5,100,5,101)
w(11,496,5,101)
w(3,514,5,101)
r(18,3,5,101)
w(17,498,5,101)
w(15,508,5,101)
r(12,109,5,101)
w(19,500,5,101)
r(1,2,5,101)
w(6,495,5,101)
w(2,516,5,101)
r(16,107,5,101)
w(4,521,5,101)
w(10,521,5,101)
r(7,3,5,101)
w(14,491,5,102)
w(3,515,5,102)
r(19,101,5,102)
r(16,107,5,102)
r(1,2,5,102)
w(13,475,5,102)
w(8,507,5,102)
r(5,100,5,102)
w(9,489,5,102)
r(0,99,5,102)
w(4,522,5,102)
r(15,0,5,102)
r(6,98,5,102)
r(10,111,5,102)
r(18,3,5,102)
w(7,539,5,102)
w(11,497,5,102)
r(2,3,5,102)
w(12,517,5,102)
w(17,499,5,102)
w(7,540,5,103)
w(10,522,5,103)
w(15,509,5,103)
w(9,490,5,103)
w(11,498,5,103)
w(17,500,5,103)
w(3,516,5,103)
r(4,2,5,103)
w(1,497,5,103)
r(6,98,5,103)
w(8,508,5,103)
w(5,487,5,103)
r(16,107,5,103)
r(0,99,5,103)
w(2,517,5,103)
r(13,4,5,103)
r(12,109,5,103)
w(18,502,5,103)
w(14,492,5,103)
w(19,501,5,103)
w(7,541,5,104)
w(18,503,5,104)
w(3,517,5,104)
w(12,518,5,104)
w(10,523,5,104)
r(16,776,5,104)
w(4,523,5,104)
r(19,796,5,104)
r(11,782,5,104)
r(1,857,5,104)
w(0,504,5,104)
r(6,792,5,104)
r(15,912,5,104)
w(5,488,5,104)
r(2,816,5,104)
r(9,779,5,104)
w(8,509,5,104)
r(14,895,5,104)
w(13,476,5,104)
r(17,797,5,104)
w(19,502,5,105)
w(16,493,5,105)
w(17,501,5,105)
r(13,200,5,105)
r(3,3,5,105)
w(10,524,5,105)
w(1,498,5,105)
w(0,505,5,105)
w(15,510,5,105)
w(12,519,5,105)
r(14,895,5,105)
w(11,499,5,105)
w(4,524,5,105)
r(5,584,5,105)
w(7,542,5,105)
r(6,792,5,105)
w(2,518,5,105)
w(18,504,5,105)
w(9,491,5,105)
w(8,510,5,105)
w(14,493,5,106)
w(16,494,5,106)
w(17,502,5,106)
r(3,3,5,106)
r(1,187,5,106)
w(8,511,5,106)
w(9,492,5,106)
w(13,477,5,106)
w(10,525,5,106)
r(15,216,5,106)
r(6,792,5,106)
r(0,605,5,106)
w(7,543,5,106)
w(12,520,5,106)
r(4,219,5,106)
w(18,505,5,106)
r(2,206,5,106)
r(5,584,5,106)
r(19,600,5,106)
w(11,500,5,106)
w(3,518,5,107)
r(4,219,5,107)
w(11,501,5,107)
w(1,499,5,107)
r(0,608,5,107)
w(16,495,5,107)
w(6,496,5,107)
w(12,521,5,107)
r(5,587,5,107)
r(2,412,5,107)
w(7,544,5,107)
r(18,407,5,107)
w(13,478,5,107)
w(9,493,5,107)
w(8,512,5,107)
r(10,818,5,107)
r(19,412,5,107)
w(15,511,5,107)
r(14,599,5,107)
r(17,797,5,107)
w(17,503,5,108)
r(10,818,5,108)
r(7,656,5,108)
r(15,616,5,108)
w(2,519,5,108)
w(9,494,5,108)
w(13,479,5,108)
r(16,586,5,108)
r(11,399,5,108)
w(19,503,5,108)
w(14,494,5,108)
w(18,506,5,108)
w(6,497,5,108)
r(4,219,5,108)
r(3,623,5,108)
r(5,587,5,108)
r(8,406,5,108)
w(1,500,5,108)
w(0,506,5,108)
r(12,626,5,108)
r(4,334,5,109)
r(2,307,5,109)
r(0,302,5,109)
w(9,495,5,109)
r(11,289,5,109)
r(19,312,5,109)
w(7,545,5,109)
w(1,501,5,109)
w(12,522,5,109)
r(5,293,5,109)
r(16,586,5,109)
w(18,507,5,109)
w(14,495,5,109)
w(8,513,5,109)
w(15,512,5,109)
w(3,519,5,109)
w(6,498,5,109)
r(13,572,5,109)
r(17,305,5,109)
w(10,526,5,109)
w(15,513,5,110)
r(6,306,5,110)
w(7,546,5,110)
w(2,520,5,110)
r(0,104,5,110)
r(1,607,5,110)
r(10,118,5,110)
w(9,496,5,110)
r(11,109,5,110)
w(18,508,5,110)
r(16,111,5,110)
w(13,480,5,110)
w(14,496,5,110)
w(5,489,5,110)
w(4,525,5,110)
w(12,523,5,110)
r(19,108,5,110)
r(3,113,5,110)
r(8,107,5,110)
w(17,504,5,110)
r(19,608,5,111)
w(17,505,5,111)
w(9,497,5,111)
w(8,514,5,111)
r(6,309,5,111)
w(16,496,5,111)
r(7,662,5,111)
w(11,502,5,111)
w(12,524,5,111)
w(3,520,5,111)
w(14,497,5,111)
r(10,324,5,111)
w(2,521,5,111)
r(1,298,5,111)
w(5,490,5,111)
w(4,526,5,111)
r(13,295,5,111)
w(15,514,5,111)
r(18,308,5,111)
r(0,304,5,111)
w(11,503,5,112)
w(18,509,5,112)
w(19,504,5,112)
r(10,825,5,112)
w(5,491,5,112)
w(1,502,5,112)
w(16,497,5,112)
w(8,515,5,112)
w(6,499,5,112)
r(7,662,5,112)
r(13,295,5,112)
r(14,310,5,112)
r(17,800,5,112)
w(9,498,5,112)
w(2,522,5,112)
w(15,515,5,112)
w(0,507,5,112)
r(4,337,5,112)
r(12,835,5,112)
w(3,521,5,112)
w(2,523,5,113)
w(19,505,5,113)
w(14,498,5,113)
w(10,527,5,113)
w(6,500,5,113)
w(3,522,5,113)
r(15,119,5,113)
r(0,304,5,113)
r(9,111,5,113)
w(18,510,5,113)
r(13,295,5,113)
w(7,547,5,113)
r(4,114,5,113)
r(11,113,5,113)
w(8,516,5,113)
r(1,105,5,113)
w(12,525,5,113)
r(16,116,5,113)
w(5,492,5,113)
r(17,109,5,113)
r(3,115,5,114)
w(0,508,5,114)
r(14,98,5,114)
w(2,524,5,114)
w(9,499,5,114)
r(4,114,5,114)
r(15,119,5,114)
r(1,105,5,114)
r(5,798,5,114)
w(12,526,5,114)
r(10,825,5,114)
r(19,802,5,114)
w(17,506,5,114)
r(16,116,5,114)
w(11,504,5,114)
r(13,295,5,114)
w(8,517,5,114)
r(7,126,5,114)
w(18,511,5,114)
r(6,105,5,114)
w(7,548,5,115)
r(15,119,5,115)
w(8,518,5,115)
w(19,506,5,115)
w(9,500,5,115)
w(14,499,5,115)
r(5,798,5,115)
r(2,524,5,115)
r(12,526,5,115)
r(17,506,5,115)
r(10,825,5,115)
w(16,498,5,115)
w(4,527,5,115)
w(18,512,5,115)
w(6,501,5,115)
r(11,504,5,115)
r(13,295,5,115)
w(1,503,5,115)
r(3,115,5,115)
w(0,509,5,115)
w(7,549,5,116)
r(1,503,5,116)
w(17,507,5,116)
r(2,524,5,116)
w(13,481,5,116)
w(14,500,5,116)
w(9,501,5,116)
r(12,526,5,116)
w(3,523,5,116)
w(16,499,5,116)
w(19,507,5,116)
w(6,502,5,116)
r(18,512,5,116)
w(4,528,5,116)
r(11,504,5,116)
r(10,825,5,116)
r(15,119,5,116)
w(8,519,5,116)
r(5,798,5,116)
w(0,510,5,116)
r(13,778,5,117)
w(16,500,5,117)
w(18,513,5,117)
r(6,501,5,117)
w(3,524,5,117)
w(12,527,5,117)
r(15,808,5,117)
w(4,529,5,117)
w(9,502,5,117)
w(5,493,5,117)
w(17,508,5,117)
r(1,299,5,117)
w(8,520,5,117)
w(14,501,5,117)
r(0,305,5,117)
w(11,505,5,117)
r(10,325,5,117)
r(19,315,5,117)
w(2,525,5,117)
w(7,550,5,117)
r(13,778,5,118)
r(16,500,5,118)
w(0,511,5,118)
w(2,526,5,118)
w(11,506,5,118)
r(14,696,5,118)
r(5,493,5,118)
r(19,315,5,118)
w(4,530,5,118)
r(8,520,5,118)
w(15,516,5,118)
r(17,706,5,118)
w(1,504,5,118)
r(10,325,5,118)
r(6,697,5,118)
w(9,503,5,118)
r(3,721,5,118)
w(12,528,5,118)
w(7,551,5,118)
w(18,514,5,118)
w(1,505,5,119)
r(11,506,5,119)
w(6,503,5,119)
w(14,502,5,119)
w(10,528,5,119)
w(16,501,5,119)
r(3,721,5,119)
r(15,516,5,119)
r(2,526,5,119)
w(5,494,5,119)
w(4,531,5,119)
w(7,552,5,119)
w(0,512,5,119)
w(19,508,5,119)
w(17,509,5,119)
w(18,515,5,119)
w(13,482,5,119)
r(9,503,5,119)
r(8,520,5,119)
r(12,528,5,119)
w(7,651,6,120)
w(1,600,6,120)
r(11,3,6,120)
r(2,3,6,120)
w(13,568,6,120)
w(9,595,6,120)
w(10,615,6,120)
w(15,611,6,120)
w(14,592,6,120)
r(17,4,6,120)
w(3,618,6,120)
w(12,620,6,120)
r(16,107,6,120)
r(4,2,6,120)
w(19,597,6,120)
r(18,3,6,120)
r(6,98,6,120)
r(8,1,6,120)
r(5,100,6,120)
w(0,603,6,120)
w(4,610,6,121)
r(6,98,6,121)
r(13,4,6,121)
w(7,652,6,121)
r(16,107,6,121)
w(10,616,6,121)
w(8,615,6,121)
r(18,3,6,121)
r(0,99,6,121)
r(1,2,6,121)
w(2,613,6,121)
w(9,596,6,121)
w(11,592,6,121)
w(15,612,6,121)
r(5,100,6,121)
r(19,101,6,121)
r(12,109,6,121)
r(3,3,6,121)
w(14,593,6,121)
r(17,4,6,121)
r(8,1,6,122)
w(16,580,6,122)
r(7,3,6,122)
r(14,1,6,122)
r(9,3,6,122)
w(10,617,6,122)
r(15,0,6,122)
w(18,609,6,122)
w(17,607,6,122)
r(3,3,6,122)
r(13,4,6,122)
r(11,3,6,122)
r(0,99,6,122)
r(4,2,6,122)
r(19,101,6,122)
r(5,100,6,122)
w(12,621,6,122)
w(1,601,6,122)
r(6,98,6,122)
r(2,3,6,122)
w(2,614,6,123)
w(17,608,6,123)
r(18,3,6,123)
w(9,597,6,123)
r(13,4,6,123)
r(5,100,6,123)
r(8,1,6,123)
r(15,0,6,123)
w(6,602,6,123)
r(0,99,6,123)
r(12,109,6,123)
w(16,581,6,123)
w(14,594,6,123)
r(11,3,6,123)
w(10,618,6,123)
r(19,101,6,123)
w(3,619,6,123)
r(7,3,6,123)
w(4,611,6,123)
r(1,2,6,123)
r(19,796,6,124)
w(17,609,6,124)
w(7,653,6,124)
r(11,782,6,124)
w(13,569,6,124)
r(6,792,6,124)
r(1,857,6,124)
r(2,816,6,124)
w(9,598,6,124)
r(15,912,6,124)
r(8,809,6,124)
r(0,803,6,124)
r(4,792,6,124)
w(18,610,6,124)
w(10,619,6,124)
w(16,582,6,124)
r(5,100,6,124)
w(3,620,6,124)
w(14,595,6,124)
w(12,622,6,124)
r(14,895,6,125)
w(16,583,6,125)
w(8,616,6,125)
r(15,912,6,125)
r(1,857,6,125)
w(10,620,6,125)
w(0,604,6,125)
r(5,100,6,125)
w(11,593,6,125)
r(6,792,6,125)
r(17,797,6,125)
w(18,611,6,125)
w(9,599,6,125)
r(4,792,6,125)
r(13,771,6,125)
w(3,621,6,125)
w(2,615,6,125)
r(7,864,6,125)
w(12,623,6,125)
w(19,598,6,125)
w(18,612,6,126)
w(1,602,6,126)
w(2,616,6,126)
r(12,210,6,126)
r(9,779,6,126)
r(7,225,6,126)
r(16,219,6,126)
r(11,202,6,126)
r(15,216,6,126)
r(4,219,6,126)
r(5,198,6,126)
w(19,599,6,126)
r(13,200,6,126)
r(3,3,6,126)
r(10,818,6,126)
w(14,596,6,126)
r(17,797,6,126)
r(8,197,6,126)
r(0,193,6,126)
r(6,792,6,126)
w(5,584,6,127)
w(19,600,6,127)
r(8,197,6,127)
w(9,600,6,127)
r(10,818,6,127)
r(13,200,6,127)
r(14,895,6,127)
r(1,187,6,127)
r(12,210,6,127)
r(3,3,6,127)
r(17,797,6,127)
w(0,605,6,127)
r(2,206,6,127)
w(18,613,6,127)
r(4,219,6,127)
r(6,792,6,127)
r(11,202,6,127)
r(15,216,6,127)
r(7,225,6,127)
w(16,584,6,127)
r(11,202,6,128)
w(8,617,6,128)
r(16,584,6,128)
w(13,570,6,128)
w(15,613,6,128)
r(5,584,6,128)
r(10,818,6,128)
w(2,617,6,128)
w(9,601,6,128)
w(19,601,6,128)
w(0,606,6,128)
r(18,613,6,128)
r(1,187,6,128)
w(3,622,6,128)
w(4,612,6,128)
r(12,210,6,128)
r(14,895,6,128)
w(7,654,6,128)
r(6,792,6,128)
w(17,610,6,128)
w(19,602,6,129)
r(11,202,6,129)
r(7,225,6,129)
r(8,197,6,129)
w(12,624,6,129)
r(0,605,6,129)
w(15,614,6,129)
w(18,614,6,129)
r(3,3,6,129)
r(6,792,6,129)
w(5,585,6,129)
r(13,200,6,129)
r(1,187,6,129)
w(9,602,6,129)
w(4,613,6,129)
w(2,618,6,129)
r(16,584,6,129)
r(10,818,6,129)
r(17,797,6,129)
r(14,895,6,129)
w(18,615,6,130)
w(2,619,6,130)
w(19,603,6,130)
r(16,584,6,130)
r(11,202,6,130)
r(7,225,6,130)
r(13,200,6,130)
w(12,625,6,130)
r(5,584,6,130)
r(0,605,6,130)
r(3,3,6,130)
r(9,600,6,130)
r(6,792,6,130)
w(14,597,6,130)
r(17,797,6,130)
r(8,197,6,130)
r(15,216,6,130)
r(4,219,6,130)
w(10,621,6,130)
r(1,187,6,130)
r(18,613,6,131)
w(5,586,6,131)
w(2,620,6,131)
r(3,3,6,131)
r(8,197,6,131)
w(17,611,6,131)
w(1,603,6,131)
w(0,607,6,131)
r(6,792,6,131)
r(10,818,6,131)
r(12,210,6,131)
r(11,202,6,131)
r(9,600,6,131)
w(14,598,6,131)
w(16,585,6,131)
r(4,219,6,131)
w(15,615,6,131)
w(7,655,6,131)
r(19,600,6,131)
w(13,571,6,131)
r(2,412,6,132)
w(14,599,6,132)
w(0,608,6,132)
w(12,626,6,132)
r(8,406,6,132)
r(18,407,6,132)
w(16,586,6,132)
w(15,616,6,132)
r(9,406,6,132)
w(13,572,6,132)
r(17,797,6,132)
w(5,587,6,132)
w(1,604,6,132)
r(19,412,6,132)
r(11,399,6,132)
w(3,623,6,132)
r(10,818,6,132)
r(6,792,6,132)
r(4,219,6,132)
w(7,656,6,132)
w(7,657,6,133)
r(11,399,6,133)
r(3,623,6,133)
r(14,599,6,133)
w(6,603,6,133)
r(8,406,6,133)
r(15,616,6,133)
w(1,605,6,133)
r(18,407,6,133)
r(4,219,6,133)
w(5,588,6,133)
r(16,586,6,133)
w(0,609,6,133)
w(12,627,6,133)
w(13,573,6,133)
w(19,604,6,133)
w(17,612,6,133)
r(9,406,6,133)
w(10,622,6,133)
r(2,412,6,133)
r(4,219,6,134)
w(17,613,6,134)
r(2,412,6,134)
w(16,587,6,134)
r(11,399,6,134)
r(8,406,6,134)
w(6,604,6,134)
r(14,599,6,134)
r(13,572,6,134)
w(12,628,6,134)
r(18,407,6,134)
r(5,587,6,134)
w(19,605,6,134)
r(9,406,6,134)
r(3,623,6,134)
r(15,616,6,134)
w(7,658,6,134)
r(1,604,6,134)
r(10,818,6,134)
r(0,608,6,134)
r(9,293,6,135)
r(12,304,6,135)
w(1,606,6,135)
w(14,600,6,135)
r(7,656,6,135)
w(17,614,6,135)
w(6,605,6,135)
w(3,624,6,135)
w(11,594,6,135)
r(8,305,6,135)
w(0,610,6,135)
r(4,334,6,135)
w(16,588,6,135)
r(2,307,6,135)
r(15,616,6,135)
r(18,407,6,135)
r(10,321,6,135)
r(5,293,6,135)
w(19,606,6,135)
w(13,574,6,135)
r(8,305,6,136)
r(12,304,6,136)
r(3,313,6,136)
w(9,603,6,136)
w(7,659,6,136)
r(19,312,6,136)
w(4,614,6,136)
r(13,572,6,136)
r(1,295,6,136)
r(11,289,6,136)
r(5,293,6,136)
w(2,621,6,136)
w(14,601,6,136)
w(0,611,6,136)
r(18,407,6,136)
r(10,321,6,136)
r(15,616,6,136)
w(16,589,6,136)
r(6,306,6,136)
r(17,305,6,136)
w(9,604,6,137)
w(11,595,6,137)
r(0,302,6,137)
w(8,618,6,137)
w(13,575,6,137)
r(12,304,6,137)
r(17,305,6,137)
w(10,623,6,137)
r(6,306,6,137)
r(3,313,6,137)
w(5,589,6,137)
r(4,334,6,137)
r(16,586,6,137)
r(19,312,6,137)
r(14,307,6,137)
w(7,660,6,137)
r(2,307,6,137)
r(15,616,6,137)
r(18,407,6,137)
w(1,607,6,137)
w(12,629,6,138)
w(3,625,6,138)
w(2,622,6,138)
r(11,595,6,138)
w(8,619,6,138)
r(1,607,6,138)
w(7,661,6,138)
r(18,407,6,138)
w(9,605,6,138)
w(14,602,6,138)
w(15,617,6,138)
r(17,903,6,138)
w(0,612,6,138)
w(5,590,6,138)
w(13,576,6,138)
r(4,334,6,138)
r(6,306,6,138)
w(10,624,6,138)
r(16,881,6,138)
w(19,607,6,138)
w(12,630,6,139)
r(14,97,6,139)
r(11,112,6,139)
r(1,104,6,139)
w(5,591,6,139)
r(10,118,6,139)
r(2,622,6,139)
w(9,606,6,139)
r(4,113,6,139)
w(7,662,6,139)
r(16,115,6,139)
r(0,104,6,139)
w(19,608,6,139)
r(15,118,6,139)
w(18,616,6,139)
r(3,113,6,139)
w(17,615,6,139)
r(6,104,6,139)
r(8,107,6,139)
w(13,577,6,139)
r(13,4,7,140)
r(11,3,7,140)
w(12,731,7,140)
w(15,704,7,140)
w(17,699,7,140)
r(14,1,7,140)
w(3,712,7,140)
w(5,684,7,140)
w(9,688,7,140)
w(1,685,7,140)
r(4,2,7,140)
w(8,709,7,140)
r(19,101,7,140)
w(16,675,7,140)
w(2,709,7,140)
w(0,693,7,140)
r(7,3,7,140)
r(10,111,7,140)
w(6,690,7,140)
w(18,710,7,140)
r(15,0,7,141)
w(3,713,7,141)
w(0,694,7,141)
r(8,1,7,141)
r(7,3,7,141)
r(11,3,7,141)
r(18,3,7,141)
r(12,109,7,141)
r(2,3,7,141)
w(1,686,7,141)
r(17,4,7,141)
r(9,3,7,141)
w(5,685,7,141)
w(16,676,7,141)
r(10,111,7,141)
r(4,2,7,141)
w(14,691,7,141)
r(19,101,7,141)
w(13,670,7,141)
w(6,691,7,141)
w(13,671,7,142)
r(19,101,7,142)
r(1,2,7,142)
w(0,695,7,142)
w(6,692,7,142)
w(5,686,7,142)
w(12,732,7,142)
w(10,717,7,142)
w(15,705,7,142)
r(16,107,7,142)
w(9,689,7,142)
w(8,710,7,142)
w(4,696,7,142)
r(14,1,7,142)
w(3,714,7,142)
w(17,700,7,142)
r(7,3,7,142)
r(11,3,7,142)
w(18,711,7,142)
r(2,3,7,142)
w(3,715,7,143)
w(1,687,7,143)
w(13,672,7,143)
r(8,1,7,143)
w(5,687,7,143)
r(17,4,7,143)
w(12,733,7,143)
r(6,98,7,143)
r(10,111,7,143)
r(16,107,7,143)
r(15,0,7,143)
r(9,3,7,143)
w(19,698,7,143)
r(11,3,7,143)
r(4,2,7,143)
r(14,1,7,143)
r(18,3,7,143)
r(2,3,7,143)
w(0,696,7,143)
w(7,757,7,143)
r(7,224,7,144)
r(5,197,7,144)
r(13,771,7,144)
r(4,218,7,144)
w(15,706,7,144)
w(11,684,7,144)
w(2,710,7,144)
r(9,779,7,144)
w(10,718,7,144)
w(12,734,7,144)
r(1,187,7,144)
w(6,693,7,144)
r(17,797,7,144)
w(8,711,7,144)
r(18,814,7,144)
w(19,699,7,144)
r(16,776,7,144)
r(3,3,7,144)
w(0,697,7,144)
w(14,692,7,144)
r(15,216,7,145)
r(0,605,7,145)
r(8,197,7,145)
r(19,600,7,145)
r(11,202,7,145)
w(12,735,7,145)
w(17,701,7,145)
r(4,219,7,145)
r(16,584,7,145)
r(9,600,7,145)
w(14,693,7,145)
r(6,792,7,145)
w(2,711,7,145)
r(1,187,7,145)
r(13,200,7,145)
r(7,225,7,145)
w(10,719,7,145)
w(5,688,7,145)
w(18,712,7,145)
w(3,716,7,145)
w(14,694,7,146)
r(16,584,7,146)
w(3,717,7,146)
r(8,197,7,146)
r(12,210,7,146)
r(0,605,7,146)
r(4,219,7,146)
w(1,688,7,146)
r(2,206,7,146)
r(18,613,7,146)
r(19,600,7,146)
w(5,689,7,146)
w(17,702,7,146)
w(13,673,7,146)
r(10,818,7,146)
r(6,792,7,146)
w(7,758,7,146)
w(9,690,7,146)
w(11,685,7,146)
r(15,216,7,146)
r(17,797,7,147)
w(8,712,7,147)
r(13,381,7,147)
w(0,698,7,147)
r(16,584,7,147)
w(12,736,7,147)
w(19,700,7,147)
w(14,695,7,147)
r(15,216,7,147)
w(11,686,7,147)
w(7,759,7,147)
w(2,712,7,147)
w(6,694,7,147)
r(4,219,7,147)
w(1,689,7,147)
r(9,406,7,147)
r(10,818,7,147)
w(5,690,7,147)
w(18,713,7,147)
w(3,718,7,147)
r(13,572,7,148)
r(12,626,7,148)
w(9,691,7,148)
r(14,599,7,148)
w(5,691,7,148)
w(17,703,7,148)
r(7,656,7,148)
r(6,792,7,148)
r(4,219,7,148)
w(0,699,7,148)
w(16,677,7,148)
w(11,687,7,148)
w(3,719,7,148)
w(19,701,7,148)
r(18,407,7,148)
w(8,713,7,148)
w(10,720,7,148)
r(1,604,7,148)
r(15,616,7,148)
w(2,713,7,148)
r(8,406,7,149)
r(9,406,7,149)
r(6,792,7,149)
r(10,818,7,149)
r(2,412,7,149)
w(11,688,7,149)
r(19,412,7,149)
r(3,623,7,149)
w(18,714,7,149)
r(14,599,7,149)
w(12,737,7,149)
r(0,608,7,149)
r(13,572,7,149)
r(5,587,7,149)
r(17,797,7,149)
w(4,697,7,149)
w(1,690,7,149)
r(16,586,7,149)
r(7,656,7,149)
w(15,707,7,149)
r(3,115,7,150)
r(13,295,7,150)
r(5,798,7,150)
w(17,704,7,150)
w(19,702,7,150)
r(1,105,7,150)
r(14,98,7,150)
w(18,715,7,150)
r(16,116,7,150)
w(10,721,7,150)
r(4,114,7,150)
w(7,760,7,150)
r(2,110,7,150)
w(6,695,7,150)
w(9,692,7,150)
w(15,708,7,150)
r(11,113,7,150)
w(0,700,7,150)
w(12,738,7,150)
r(8,109,7,150)
w(12,739,7,151)
r(2,822,7,151)
w(3,720,7,151)
w(1,691,7,151)
w(15,709,7,151)
w(17,705,7,151)
r(4,338,7,151)
r(14,311,7,151)
w(18,716,7,151)
r(5,295,7,151)
w(6,696,7,151)
w(11,689,7,151)
r(16,315,7,151)
r(19,315,7,151)
w(9,693,7,151)
w(10,722,7,151)
r(8,814,7,151)
w(13,674,7,151)
w(7,761,7,151)
w(0,701,7,151)
w(1,692,7,152)
w(2,714,7,152)
r(19,315,7,152)
w(11,690,7,152)
w(9,694,7,152)
r(15,808,7,152)
w(6,697,7,152)
w(3,721,7,152)
r(8,520,7,152)
w(0,702,7,152)
r(5,493,7,152)
w(14,696,7,152)
w(12,740,7,152)
r(13,778,7,152)
r(4,529,7,152)
w(17,706,7,152)
r(10,325,7,152)
r(16,500,7,152)
r(7,550,7,152)
r(18,513,7,152)
r(17,209,7,153)
r(6,203,7,153)
w(9,695,7,153)
w(10,723,7,153)
w(13,675,7,153)
r(15,219,7,153)
r(16,223,7,153)
w(0,703,7,153)
r(5,202,7,153)
r(1,195,7,153)
w(3,722,7,153)
w(18,717,7,153)
w(8,714,7,153)
r(4,530,7,153)
w(14,697,7,153)
w(11,691,7,153)
r(19,315,7,153)
r(2,526,7,153)
w(12,741,7,153)
w(7,762,7,153)
w(16,678,7,154)
w(6,698,7,154)
r(14,696,7,154)
r(11,205,7,154)
r(19,315,7,154)
r(17,210,7,154)
w(8,715,7,154)
r(18,514,7,154)
r(2,213,7,154)
r(1,195,7,154)
w(3,723,7,154)
r(15,220,7,154)
w(13,676,7,154)
w(12,742,7,154)
r(7,230,7,154)
w(9,696,7,154)
r(4,225,7,154)
w(10,724,7,154)
w(5,692,7,154)
w(0,704,7,154)
r(17,210,7,155)
r(4,225,7,155)
w(2,715,7,155)
r(3,723,7,155)
r(16,678,7,155)
w(12,743,7,155)
w(8,716,7,155)
r(14,696,7,155)
r(9,696,7,155)
w(6,699,7,155)
r(1,195,7,155)
w(10,725,7,155)
r(11,205,7,155)
w(15,710,7,155)
r(18,514,7,155)
w(5,693,7,155)
r(13,676,7,155)
r(7,230,7,155)
w(0,705,7,155)
w(19,703,7,155)
r(4,226,7,156)
r(1,196,7,156)
w(8,717,7,156)
w(14,698,7,156)
r(18,211,7,156)
r(5,204,7,156)
r(11,205,7,156)
w(3,724,7,156)
r(2,214,7,156)
r(0,200,7,156)
r(7,230,7,156)
r(12,219,7,156)
r(16,226,7,156)
r(10,725,7,156)
w(13,677,7,156)
r(15,710,7,156)
r(19,211,7,156)
r(6,699,7,156)
w(17,707,7,156)
r(9,202,7,156)
r(16,226,7,157)
r(15,710,7,157)
w(12,744,7,157)
r(5,204,7,157)
w(11,692,7,157)
r(9,202,7,157)
r(3,724,7,157)
r(10,725,7,157)
r(7,230,7,157)
w(2,716,7,157)
w(8,718,7,157)
r(19,211,7,157)
w(6,700,7,157)
w(0,706,7,157)
w(17,708,7,157)
r(1,196,7,157)
r(14,698,7,157)
r(18,211,7,157)
w(4,698,7,157)
w(13,678,7,157)
w(18,718,7,158)
r(19,211,7,158)
r(2,716,7,158)
r(9,202,7,158)
w(0,707,7,158)
w(10,726,7,158)
w(7,763,7,158)
w(12,745,7,158)
r(13,678,7,158)
r(4,698,7,158)
w(17,709,7,158)
w(16,679,7,158)
w(15,711,7,158)
w(5,694,7,158)
r(8,718,7,158)
w(1,693,7,158)
r(6,700,7,158)
r(3,724,7,158)
w(11,693,7,158)
w(14,699,7,158)
r(6,700,7,159)
w(13,679,7,159)
r(11,693,7,159)
w(15,712,7,159)
w(3,725,7,159)
r(14,699,7,159)
w(9,697,7,159)
w(7,764,7,159)
r(10,726,7,159)
w(2,717,7,159)
w(5,695,7,159)
r(0,707,7,159)
r(8,718,7,159)
r(18,718,7,159)
r(4,698,7,159)
w(19,704,7,159)
r(16,679,7,159)
w(1,694,7,159)
w(17,710,7,159)
r(12,745,7,159)
r(16,107,8,160)
w(18,811,8,160)
r(5,100,8,160)
w(14,798,8,160)
r(7,3,8,160)
r(1,2,8,160)
r(13,4,8,160)
w(2,813,8,160)
r(17,4,8,160)
w(11,779,8,160)
r(8,1,8,160)
r(4,2,8,160)
w(6,790,8,160)
w(10,816,8,160)
w(15,797,8,160)
r(0,99,8,160)
r(3,3,8,160)
r(12,109,8,160)
w(9,777,8,160)
r(19,101,8,160)
r(4,2,8,161)
r(12,109,8,161)
w(13,768,8,161)
w(9,778,8,161)
r(15,0,8,161)
r(16,107,8,161)
r(7,3,8,161)
r(5,100,8,161)
r(8,1,8,161)
w(0,800,8,161)
w(14,799,8,161)
w(1,765,8,161)
w(19,792,8,161)
r(11,3,8,161)
r(10,111,8,161)
w(3,811,8,161)
w(18,812,8,161)
w(2,814,8,161)
w(6,791,8,161)
r(17,4,8,161)
r(1,2,8,162)
r(15,0,8,162)
r(0,99,8,162)
r(5,100,8,162)
r(16,107,8,162)
w(4,788,8,162)
w(3,812,8,162)
r(6,98,8,162)
w(10,817,8,162)
w(8,807,8,162)
r(9,3,8,162)
w(14,800,8,162)
r(7,3,8,162)
r(12,109,8,162)
r(11,3,8,162)
r(2,3,8,162)
w(13,769,8,162)
w(17,795,8,162)
r(18,3,8,162)
w(19,793,8,162)
w(19,794,8,163)
w(16,773,8,163)
w(5,790,8,163)
r(14,1,8,163)
r(15,0,8,163)
r(6,98,8,163)
w(0,801,8,163)
w(17,796,8,163)
r(10,111,8,163)
r(2,3,8,163)
r(13,4,8,163)
w(1,766,8,163)
r(8,1,8,163)
r(12,109,8,163)
w(4,789,8,163)
w(7,862,8,163)
w(3,813,8,163)
w(18,813,8,163)
r(9,3,8,163)
w(11,780,8,163)
w(16,774,8,164)
w(13,770,8,164)
w(4,790,8,164)
w(15,798,8,164)
r(3,3,8,164)
r(8,1,8,164)
w(19,795,8,164)
r(9,3,8,164)
r(0,99,8,164)
r(11,3,8,164)
w(12,830,8,164)
w(14,801,8,164)
r(5,100,8,164)
r(10,111,8,164)
r(18,3,8,164)
r(6,98,8,164)
r(1,2,8,164)
w(2,815,8,164)
r(17,4,8,164)
r(7,3,8,164)
r(15,912,8,165)
r(17,898,8,165)
w(8,808,8,165)
w(19,796,8,165)
w(9,779,8,165)
w(0,802,8,165)
w(11,781,8,165)
w(4,791,8,165)
w(16,775,8,165)
r(3,3,8,165)
r(2,911,8,165)
r(14,895,8,165)
r(12,928,8,165)
r(13,7,8,165)
r(6,896,8,165)
r(1,857,8,165)
w(7,863,8,165)
r(5,100,8,165)
w(10,818,8,165)
r(18,914,8,165)
r(10,818,8,166)
w(6,792,8,166)
w(17,797,8,166)
r(14,895,8,166)
r(5,100,8,166)
w(4,792,8,166)
w(2,816,8,166)
r(1,857,8,166)
w(8,809,8,166)
w(18,814,8,166)
r(19,796,8,166)
w(16,776,8,166)
r(15,912,8,166)
w(12,831,8,166)
w(13,771,8,166)
r(3,3,8,166)
r(9,779,8,166)
w(0,803,8,166)
w(11,782,8,166)
w(7,864,8,166)
w(6,793,8,167)
r(15,912,8,167)
w(7,865,8,167)
w(1,767,8,167)
r(8,809,8,167)
w(5,791,8,167)
r(3,3,8,167)
w(14,802,8,167)
w(4,793,8,167)
w(2,817,8,167)
r(17,797,8,167)
w(9,780,8,167)
w(19,797,8,167)
r(12,831,8,167)
w(10,819,8,167)
w(0,804,8,167)
w(11,783,8,167)
w(13,772,8,167)
w(16,777,8,167)
w(18,815,8,167)
r(7,864,8,168)
w(16,778,8,168)
w(14,803,8,168)
r(3,3,8,168)
r(11,782,8,168)
r(1,857,8,168)
w(17,798,8,168)
r(12,831,8,168)
r(13,771,8,168)
w(5,792,8,168)
w(19,798,8,168)
r(8,809,8,168)
r(2,816,8,168)
w(0,805,8,168)
w(6,794,8,168)
w(15,799,8,168)
r(18,814,8,168)
r(10,818,8,168)
w(9,781,8,168)
w(4,794,8,168)
r(19,600,8,169)
r(18,613,8,169)
w(7,866,8,169)
r(12,210,8,169)
r(3,3,8,169)
w(13,773,8,169)
r(8,197,8,169)
w(1,768,8,169)
r(17,797,8,169)
w(11,784,8,169)
r(14,895,8,169)
r(9,600,8,169)
r(4,219,8,169)
w(15,800,8,169)
r(2,206,8,169)
w(5,793,8,169)
r(10,818,8,169)
w(0,806,8,169)
r(16,584,8,169)
r(6,792,8,169)
r(16,586,8,170)
r(14,599,8,170)
r(9,406,8,170)
w(0,807,8,170)
w(15,801,8,170)
w(13,774,8,170)
w(10,820,8,170)
r(18,407,8,170)
w(7,867,8,170)
r(8,406,8,170)
w(5,794,8,170)
r(17,797,8,170)
r(19,412,8,170)
r(4,219,8,170)
w(11,785,8,170)
w(2,818,8,170)
r(12,626,8,170)
w(3,814,8,170)
r(6,792,8,170)
w(1,769,8,170)
r(18,407,8,171)
w(4,795,8,171)
r(6,792,8,171)
w(3,815,8,171)
r(7,656,8,171)
w(8,810,8,171)
r(13,572,8,171)
r(16,586,8,171)
w(12,832,8,171)
r(17,797,8,171)
r(19,412,8,171)
r(10,818,8,171)
w(11,786,8,171)
w(15,802,8,171)
w(1,770,8,171)
r(9,406,8,171)
r(14,599,8,171)
w(2,819,8,171)
w(5,795,8,171)
w(0,808,8,171)
r(3,623,8,172)
r(6,792,8,172)
r(19,412,8,172)
w(18,816,8,172)
r(15,616,8,172)
w(11,787,8,172)
r(4,219,8,172)
w(0,809,8,172)
w(14,804,8,172)
w(5,796,8,172)
w(16,779,8,172)
r(1,604,8,172)
r(2,412,8,172)
w(17,799,8,172)
r(12,626,8,172)
w(8,811,8,172)
r(13,572,8,172)
w(9,782,8,172)
w(10,821,8,172)
r(7,656,8,172)
w(18,817,8,173)
r(8,406,8,173)
w(2,820,8,173)
r(17,797,8,173)
w(0,810,8,173)
r(13,572,8,173)
r(6,792,8,173)
w(10,822,8,173)
r(4,219,8,173)
w(1,771,8,173)
r(11,399,8,173)
w(3,816,8,173)
r(14,599,8,173)
w(5,797,8,173)
w(9,783,8,173)
w(15,803,8,173)
r(19,412,8,173)
w(16,780,8,173)
r(7,656,8,173)
w(12,833,8,173)
r(8,406,8,174)
w(14,805,8,174)
w(11,788,8,174)
w(6,795,8,174)
r(0,608,8,174)
r(2,412,8,174)
w(19,799,8,174)
r(4,219,8,174)
w(3,817,8,174)
w(18,818,8,174)
r(5,587,8,174)
r(16,586,8,174)
r(1,604,8,174)
r(7,656,8,174)
r(17,797,8,174)
r(10,818,8,174)
w(15,804,8,174)
w(13,775,8,174)
r(9,406,8,174)
r(12,626,8,174)
r(19,412,8,175)
w(10,823,8,175)
w(4,796,8,175)
r(2,306,8,175)
r(18,407,8,175)
r(0,301,8,175)
w(16,781,8,175)
r(9,292,8,175)
w(15,805,8,175)
r(11,288,8,175)
r(5,587,8,175)
w(13,776,8,175)
w(7,868,8,175)
r(6,306,8,175)
r(1,294,8,175)
r(14,306,8,175)
r(3,312,8,175)
r(8,305,8,175)
w(12,834,8,175)
r(17,797,8,175)
w(4,797,8,176)
w(0,811,8,176)
w(13,777,8,176)
r(15,616,8,176)
r(5,293,8,176)
r(10,321,8,176)
w(6,796,8,176)
w(9,784,8,176)
r(18,407,8,176)
r(1,295,8,176)
r(8,305,8,176)
w(19,800,8,176)
r(17,305,8,176)
r(12,304,8,176)
w(7,869,8,176)
w(16,782,8,176)
r(14,307,8,176)
r(2,307,8,176)
w(3,818,8,176)
r(11,289,8,176)
r(12,304,8,177)
r(1,295,8,177)
w(10,824,8,177)
r(2,307,8,177)
w(16,783,8,177)
r(0,302,8,177)
r(17,305,8,177)
r(9,293,8,177)
w(3,819,8,177)
w(8,812,8,177)
w(18,819,8,177)
w(19,801,8,177)
r(13,572,8,177)
r(7,656,8,177)
w(15,806,8,177)
r(4,334,8,177)
r(11,289,8,177)
r(5,293,8,177)
r(14,307,8,177)
r(6,306,8,177)
r(7,662,8,178)
r(6,309,8,178)
w(16,784,8,178)
w(9,785,8,178)
w(17,800,8,178)
r(4,337,8,178)
w(19,802,8,178)
w(10,825,8,178)
w(2,821,8,178)
r(0,304,8,178)
w(8,813,8,178)
r(1,298,8,178)
w(15,807,8,178)
r(13,295,8,178)
w(18,820,8,178)
w(3,820,8,178)
w(12,835,8,178)
w(11,789,8,178)
r(14,310,8,178)
w(5,798,8,178)
w(12,836,8,179)
w(13,778,8,179)
r(1,503,8,179)
r(4,527,8,179)
r(0,509,8,179)
r(10,923,8,179)
r(11,890,8,179)
r(16,498,8,179)
r(19,895,8,179)
r(6,501,8,179)
w(9,786,8,179)
w(17,801,8,179)
r(5,798,8,179)
w(15,808,8,179)
w(14,806,8,179)
r(18,512,8,179)
w(3,821,8,179)
w(2,822,8,179)
w(8,814,8,179)
r(7,962,8,179)
w(6,895,9,180)
r(11,3,9,180)
w(16,872,9,180)
r(8,1,9,180)
r(3,3,9,180)
w(12,927,9,180)
r(19,101,9,180)
r(14,1,9,180)
w(10,918,9,180)
r(1,2,9,180)
r(4,2,9,180)
w(0,896,9,180)
w(5,885,9,180)
r(13,4,9,180)
r(18,3,9,180)
r(17,4,9,180)
w(7,952,9,180)
w(9,877,9,180)
r(2,3,9,180)
r(15,0,9,180)
w(10,919,9,181)
r(1,2,9,181)
r(3,3,9,181)
w(16,873,9,181)
r(8,1,9,181)
w(2,909,9,181)
r(0,99,9,181)
r(12,109,9,181)
r(6,98,9,181)
r(7,3,9,181)
w(5,886,9,181)
w(14,892,9,181)
r(4,2,9,181)
r(11,3,9,181)
r(18,3,9,181)
r(19,101,9,181)
r(13,4,9,181)
w(15,910,9,181)
w(17,896,9,181)
w(9,878,9,181)
r(6,98,9,182)
r(17,4,9,182)
r(9,3,9,182)
r(4,2,9,182)
w(5,887,9,182)
w(11,882,9,182)
r(12,109,9,182)
r(10,111,9,182)
w(14,893,9,182)
r(7,3,9,182)
w(0,897,9,182)
w(15,911,9,182)
w(1,856,9,182)
w(3,927,9,182)
r(19,101,9,182)
r(8,1,9,182)
r(18,3,9,182)
r(13,4,9,182)
r(16,107,9,182)
w(2,910,9,182)
w(16,874,9,183)
w(5,888,9,183)
w(9,879,9,183)
r(8,1,9,183)
r(2,3,9,183)
r(6,98,9,183)
w(3,928,9,183)
r(1,2,9,183)
r(4,2,9,183)
w(14,894,9,183)
r(15,0,9,183)
r(19,101,9,183)
w(10,920,9,183)
r(11,3,9,183)
w(0,898,9,183)
w(17,897,9,183)
w(7,953,9,183)
r(12,109,9,183)
w(13,855,9,183)
r(18,3,9,183)
w(4,891,9,184)
w(6,896,9,184)
r(9,6,9,184)
w(11,883,9,184)
w(19,885,9,184)
r(8,4,9,184)
w(18,914,9,184)
w(10,921,9,184)
w(16,875,9,184)
w(2,911,9,184)
w(1,857,9,184)
w(14,895,9,184)
r(3,3,9,184)
w(12,928,9,184)
w(17,898,9,184)
w(7,954,9,184)
r(13,7,9,184)
w(15,912,9,184)
r(0,99,9,184)
r(5,100,9,184)
r(15,216,9,185)
w(0,899,9,185)
w(4,892,9,185)
r(10,818,9,185)
r(12,210,9,185)
w(6,897,9,185)
r(18,814,9,185)
w(14,896,9,185)
r(8,197,9,185)
w(5,889,9,185)
r(1,187,9,185)
w(2,912,9,185)
r(13,771,9,185)
r(9,779,9,185)
w(3,929,9,185)
w(16,876,9,185)
r(19,202,9,185)
r(17,797,9,185)
w(7,955,9,185)
w(11,884,9,185)
w(2,913,9,186)
w(15,913,9,186)
w(11,885,9,186)
r(4,218,9,186)
w(16,877,9,186)
r(3,3,9,186)
w(18,915,9,186)
w(14,897,9,186)
w(6,898,9,186)
w(12,929,9,186)
w(5,890,9,186)
w(9,880,9,186)
r(7,224,9,186)
r(13,771,9,186)
r(8,197,9,186)
w(19,886,9,186)
r(0,803,9,186)
w(1,858,9,186)
r(10,818,9,186)
w(17,899,9,186)
w(16,878,9,187)
w(13,856,9,187)
r(17,797,9,187)
r(5,584,9,187)
w(6,899,9,187)
r(10,818,9,187)
w(0,900,9,187)
r(4,219,9,187)
r(18,613,9,187)
w(9,881,9,187)
r(7,225,9,187)
w(15,914,9,187)
w(12,930,9,187)
r(14,895,9,187)
w(2,914,9,187)
w(8,908,9,187)
w(1,859,9,187)
w(3,930,9,187)
r(19,600,9,187)
r(11,202,9,187)
w(5,891,9,188)
r(18,613,9,188)
r(0,605,9,188)
r(15,216,9,188)
w(9,882,9,188)
r(14,895,9,188)
r(12,210,9,188)
r(17,797,9,188)
w(1,860,9,188)
w(8,909,9,188)
r(13,200,9,188)
r(19,600,9,188)
w(16,879,9,188)
r(3,3,9,188)
w(7,956,9,188)
r(6,792,9,188)
r(2,206,9,188)
r(11,202,9,188)
w(4,893,9,188)
r(10,818,9,188)
r(4,219,9,189)
w(0,901,9,189)
r(2,412,9,189)
w(11,886,9,189)
w(16,880,9,189)
w(14,898,9,189)
w(3,931,9,189)
w(6,900,9,189)
w(15,915,9,189)
r(13,572,9,189)
w(5,892,9,189)
w(19,887,9,189)
r(10,818,9,189)
r(1,604,9,189)
r(12,626,9,189)
r(9,406,9,189)
w(18,916,9,189)
r(8,406,9,189)
r(17,797,9,189)
r(7,656,9,189)
r(14,599,9,190)
w(10,922,9,190)
r(18,407,9,190)
w(19,888,9,190)
r(2,412,9,190)
w(15,916,9,190)
r(7,656,9,190)
r(8,406,9,190)
r(13,572,9,190)
w(17,900,9,190)
w(3,932,9,190)
w(9,883,9,190)
r(16,586,9,190)
w(6,901,9,190)
w(1,861,9,190)
w(5,893,9,190)
r(11,399,9,190)
r(12,626,9,190)
w(4,894,9,190)
w(0,902,9,190)
r(14,599,9,191)
r(18,407,9,191)
w(8,910,9,191)
w(2,915,9,191)
w(4,895,9,191)
w(19,889,9,191)
r(0,608,9,191)
w(9,884,9,191)
r(5,587,9,191)
w(17,901,9,191)
r(16,586,9,191)
r(7,656,9,191)
r(10,818,9,191)
r(11,399,9,191)
w(1,862,9,191)
r(6,792,9,191)
w(3,933,9,191)
r(15,616,9,191)
w(12,931,9,191)
r(13,572,9,191)
r(10,818,9,192)
w(8,911,9,192)
w(14,899,9,192)
r(6,306,9,192)
w(9,885,9,192)
r(1,294,9,192)
r(4,333,9,192)
w(7,957,9,192)
r(5,587,9,192)
r(18,407,9,192)
r(11,288,9,192)
w(19,890,9,192)
r(0,301,9,192)
w(2,916,9,192)
r(16,586,9,192)
r(12,303,9,192)
r(15,616,9,192)
r(3,312,9,192)
r(17,797,9,192)
w(13,857,9,192)
r(5,293,9,193)
w(8,912,9,193)
w(0,903,9,193)
r(16,586,9,193)
w(19,891,9,193)
r(18,407,9,193)
r(6,306,9,193)
w(3,934,9,193)
w(4,896,9,193)
r(9,293,9,193)
w(14,900,9,193)
w(7,958,9,193)
r(17,305,9,193)
r(13,572,9,193)
w(1,863,9,193)
r(10,321,9,193)
r(15,616,9,193)
r(12,304,9,193)
w(11,887,9,193)
w(2,917,9,193)
w(18,917,9,194)
r(10,321,9,194)
w(17,902,9,194)
r(6,306,9,194)
r(19,312,9,194)
w(8,913,9,194)
r(5,293,9,194)
w(1,864,9,194)
r(3,313,9,194)
r(0,302,9,194)
w(7,959,9,194)
r(16,586,9,194)
w(11,888,9,194)
r(4,334,9,194)
w(15,917,9,194)
r(12,304,9,194)
r(14,307,9,194)
r(13,572,9,194)
w(2,918,9,194)
w(9,886,9,194)
w(7,960,9,195)
r(18,407,9,195)
w(16,881,9,195)
r(15,616,9,195)
r(2,307,9,195)
r(11,595,9,195)
r(3,313,9,195)
w(17,903,9,195)
r(14,307,9,195)
r(1,607,9,195)
w(19,892,9,195)
r(4,334,9,195)
r(6,306,9,195)
w(5,894,9,195)
r(10,623,9,195)
r(9,604,9,195)
w(8,914,9,195)
r(12,304,9,195)
w(13,858,9,195)
r(0,302,9,195)
w(4,897,9,196)
r(0,104,9,196)
r(3,113,9,196)
w(9,887,9,196)
w(14,901,9,196)
w(8,915,9,196)
r(15,118,9,196)
r(19,108,9,196)
r(10,118,9,196)
r(2,622,9,196)
r(5,108,9,196)
w(1,865,9,196)
w(16,882,9,196)
r(11,112,9,196)
r(12,117,9,196)
r(7,125,9,196)
r(6,104,9,196)
w(17,904,9,196)
w(18,918,9,196)
r(13,101,9,196)
w(0,904,9,197)
w(7,961,9,197)
r(11,292,9,197)
w(14,902,9,197)
w(2,919,9,197)
w(4,898,9,197)
r(8,307,9,197)
r(10,324,9,197)
r(3,316,9,197)
r(18,308,9,197)
r(9,295,9,197)
w(6,902,9,197)
r(5,294,9,197)
r(1,298,9,197)
w(16,883,9,197)
r(13,295,9,197)
w(19,893,9,197)
w(12,932,9,197)
r(17,307,9,197)
w(15,918,9,197)
w(17,905,9,198)
r(18,308,9,198)
w(11,889,9,198)
r(13,295,9,198)
r(7,662,9,198)
r(8,307,9,198)
r(4,337,9,198)
r(0,304,9,198)
r(15,317,9,198)
w(6,903,9,198)
r(10,324,9,198)
w(14,903,9,198)
w(19,894,9,198)
r(5,294,9,198)
w(2,920,9,198)
r(16,115,9,198)
w(3,935,9,198)
w(12,933,9,198)
w(1,866,9,198)
r(9,295,9,198)
r(9,500,9,199)
r(5,798,9,199)
r(0,509,9,199)
w(11,890,9,199)
r(6,501,9,199)
w(12,934,9,199)
r(13,295,9,199)
r(3,115,9,199)
r(4,527,9,199)
w(10,923,9,199)
w(7,962,9,199)
w(19,895,9,199)
r(18,512,9,199)
r(17,506,9,199)
w(14,904,9,199)
r(1,503,9,199)
r(15,119,9,199)
r(16,498,9,199)
w(2,921,9,199)
r(8,518,9,199)
