r(10,0,0,0)
w(9,1,0,0)
r(13,0,0,0)
w(4,1,0,0)
r(18,0,0,0)
r(6,0,0,0)
w(17,1,0,0)
r(2,0,0,0)
r(8,0,0,0)
r(16,0,0,0)
w(12,1,0,0)
w(0,1,0,0)
w(11,1,0,0)
r(15,0,0,0)
w(14,1,0,0)
r(3,0,0,0)
w(7,1,0,0)
w(19,1,0,0)
r(1,0,0,0)
w(5,1,0,0)
r(0,1,0,1)
w(6,1,0,1)
w(11,2,0,1)
r(17,1,0,1)
w(1,1,0,1)
w(10,1,0,1)
r(9,1,0,1)
r(16,0,0,1)
w(18,1,0,1)
w(3,1,0,1)
w(5,2,0,1)
w(12,2,0,1)
r(8,0,0,1)
w(13,1,0,1)
r(19,1,0,1)
w(2,1,0,1)
w(4,2,0,1)
r(14,1,0,1)
r(7,1,0,1)
w(15,1,0,1)
w(12,3,0,2)
r(9,1,0,2)
w(11,3,0,2)
w(7,2,0,2)
w(0,2,0,2)
w(1,2,0,2)
r(6,1,0,2)
r(3,1,0,2)
r(18,1,0,2)
r(19,1,0,2)
r(8,0,0,2)
r(5,2,0,2)
w(15,2,0,2)
r(4,2,0,2)
r(10,1,0,2)
w(14,2,0,2)
r(2,1,0,2)
w(13,2,0,2)
w(17,2,0,2)
w(16,1,0,2)
w(3,2,0,3)
w(0,3,0,3)
w(8,1,0,3)
r(11,3,0,3)
w(2,2,0,3)
w(15,3,0,3)
w(16,2,0,3)
w(1,3,0,3)
r(7,2,0,3)
w(6,2,0,3)
w(4,3,0,3)
w(12,4,0,3)
r(14,2,0,3)
r(10,1,0,3)
w(9,2,0,3)
r(19,1,0,3)
r(13,2,0,3)
r(18,1,0,3)
r(5,2,0,3)
w(17,3,0,3)
w(15,4,0,4)
r(16,2,0,4)
w(1,4,0,4)
w(10,2,0,4)
r(0,3,0,4)
r(12,4,0,4)
r(14,2,0,4)
w(18,2,0,4)
w(19,2,0,4)
w(17,4,0,4)
r(5,2,0,4)
w(3,3,0,4)
r(2,2,0,4)
r(7,2,0,4)
w(13,3,0,4)
r(11,3,0,4)
r(4,3,0,4)
w(6,3,0,4)
r(9,2,0,4)
r(8,1,0,4)
w(0,4,0,5)
r(19,1,0,5)
w(2,3,0,5)
w(14,3,0,5)
w(12,5,0,5)
r(5,2,0,5)
w(10,3,0,5)
r(3,2,0,5)
r(18,1,0,5)
w(17,5,0,5)
r(16,2,0,5)
r(1,3,0,5)
w(9,3,0,5)
r(4,3,0,5)
r(8,1,0,5)
r(7,2,0,5)
w(13,4,0,5)
r(6,2,0,5)
r(11,3,0,5)
r(15,3,0,5)
r(12,108,0,6)
r(18,102,0,6)
r(7,105,0,6)
w(16,3,0,6)
r(0,93,0,6)
w(2,4,0,6)
r(9,2,0,6)
w(15,5,0,6)
r(19,1,0,6)
w(6,4,0,6)
w(5,3,0,6)
r(14,2,0,6)
w(4,4,0,6)
w(17,6,0,6)
r(11,97,0,6)
w(13,5,0,6)
r(3,97,0,6)
r(10,104,0,6)
r(8,103,0,6)
r(1,106,0,6)
w(0,5,0,7)
w(13,6,0,7)
r(2,2,0,7)
r(11,97,0,7)
w(9,4,0,7)
w(17,7,0,7)
w(19,3,0,7)
r(6,96,0,7)
r(14,2,0,7)
r(10,104,0,7)
w(3,4,0,7)
r(4,3,0,7)
r(8,103,0,7)
r(16,89,0,7)
w(1,5,0,7)
w(18,3,0,7)
w(15,6,0,7)
r(12,108,0,7)
w(7,3,0,7)
w(5,4,0,7)
w(19,4,0,8)
w(5,5,0,8)
w(15,7,0,8)
r(4,3,0,8)
w(2,5,0,8)
r(1,106,0,8)
w(6,5,0,8)
r(11,97,0,8)
r(17,3,0,8)
r(14,2,0,8)
r(8,103,0,8)
r(7,105,0,8)
r(9,2,0,8)
w(16,4,0,8)
r(3,97,0,8)
r(12,108,0,8)
r(10,104,0,8)
r(18,102,0,8)
w(13,7,0,8)
r(0,93,0,8)
r(2,2,0,9)
w(14,4,0,9)
r(18,918,0,9)
w(19,5,0,9)
r(12,108,0,9)
w(7,4,0,9)
w(9,5,0,9)
r(4,916,0,9)
r(10,923,0,9)
w(15,8,0,9)
w(16,5,0,9)
w(13,8,0,9)
w(5,6,0,9)
w(1,6,0,9)
r(0,887,0,9)
w(3,5,0,9)
r(6,903,0,9)
w(8,2,0,9)
r(17,892,0,9)
w(11,4,0,9)
w(19,6,0,10)
w(5,7,0,10)
r(13,8,0,10)
w(10,4,0,10)
w(14,5,0,10)
w(0,6,0,10)
w(2,6,0,10)
r(11,4,0,10)
r(8,2,0,10)
r(16,5,0,10)
w(6,6,0,10)
w(1,7,0,10)
w(12,6,0,10)
w(7,5,0,10)
w(17,8,0,10)
w(3,6,0,10)
w(4,5,0,10)
w(15,9,0,10)
w(9,6,0,10)
w(18,4,0,10)
r(6,192,0,11)
w(9,7,0,11)
w(17,9,0,11)
r(4,209,0,11)
w(14,6,0,11)
w(2,7,0,11)
r(7,208,0,11)
w(19,7,0,11)
r(8,205,0,11)
r(15,921,0,11)
r(1,894,0,11)
w(12,7,0,11)
w(5,8,0,11)
w(18,5,0,11)
w(0,7,0,11)
w(3,7,0,11)
r(16,201,0,11)
r(10,210,0,11)
w(11,5,0,11)
w(13,9,0,11)
w(12,8,0,12)
w(11,6,0,12)
w(2,8,0,12)
w(9,8,0,12)
r(0,889,0,12)
r(6,192,0,12)
w(13,10,0,12)
w(14,7,0,12)
w(5,9,0,12)
w(3,8,0,12)
r(19,5,0,12)
w(7,6,0,12)
w(18,6,0,12)
r(17,196,0,12)
w(10,5,0,12)
r(15,921,0,12)
w(8,3,0,12)
w(1,8,0,12)
r(16,201,0,12)
w(4,6,0,12)
r(6,192,0,13)
w(5,10,0,13)
w(16,6,0,13)
r(8,205,0,13)
r(19,5,0,13)
w(11,7,0,13)
w(15,10,0,13)
w(4,7,0,13)
w(0,8,0,13)
r(14,4,0,13)
w(13,11,0,13)
w(10,6,0,13)
w(1,9,0,13)
r(9,708,0,13)
w(17,10,0,13)
w(7,7,0,13)
r(12,706,0,13)
r(2,194,0,13)
w(3,9,0,13)
r(18,717,0,13)
w(3,10,0,14)
r(16,201,0,14)
w(14,8,0,14)
w(9,9,0,14)
w(11,8,0,14)
w(0,9,0,14)
r(18,717,0,14)
r(12,706,0,14)
w(10,7,0,14)
w(15,11,0,14)
r(7,712,0,14)
w(4,8,0,14)
r(8,205,0,14)
r(13,665,0,14)
w(17,11,0,14)
w(19,8,0,14)
w(5,11,0,14)
w(6,7,0,14)
r(1,894,0,14)
r(2,194,0,14)
r(8,205,0,15)
w(15,12,0,15)
r(7,109,0,15)
r(10,730,0,15)
r(11,894,0,15)
w(19,9,0,15)
r(14,110,0,15)
w(1,10,0,15)
r(3,690,0,15)
r(2,194,0,15)
r(5,105,0,15)
r(12,113,0,15)
r(13,665,0,15)
w(6,8,0,15)
w(4,9,0,15)
w(16,7,0,15)
w(17,12,0,15)
r(0,95,0,15)
w(18,7,0,15)
r(9,708,0,15)
r(1,307,0,16)
r(9,708,0,16)
r(19,314,0,16)
w(14,9,0,16)
r(16,295,0,16)
w(7,8,0,16)
r(12,303,0,16)
r(3,285,0,16)
w(17,13,0,16)
r(10,311,0,16)
r(8,299,0,16)
r(18,7,0,16)
w(0,10,0,16)
r(5,299,0,16)
w(15,13,0,16)
r(2,194,0,16)
w(6,9,0,16)
r(13,665,0,16)
r(4,321,0,16)
r(11,894,0,16)
w(14,10,0,17)
r(13,665,0,17)
r(6,8,0,17)
w(3,11,0,17)
r(0,304,0,17)
r(11,894,0,17)
w(4,10,0,17)
r(16,295,0,17)
w(5,12,0,17)
r(1,307,0,17)
r(12,303,0,17)
w(9,10,0,17)
r(18,7,0,17)
r(10,311,0,17)
w(17,14,0,17)
r(19,314,0,17)
w(7,9,0,17)
r(2,194,0,17)
r(15,12,0,17)
w(8,4,0,17)
w(11,9,0,18)
w(1,11,0,18)
w(16,8,0,18)
r(5,299,0,18)
w(19,10,0,18)
r(9,708,0,18)
w(4,11,0,18)
r(12,303,0,18)
r(10,311,0,18)
r(0,304,0,18)
r(18,7,0,18)
w(7,10,0,18)
r(6,8,0,18)
w(3,12,0,18)
r(2,194,0,18)
w(14,11,0,18)
w(8,5,0,18)
w(15,14,0,18)
r(17,288,0,18)
w(13,12,0,18)
w(14,12,0,19)
w(12,9,0,19)
w(16,9,0,19)
r(1,307,0,19)
w(19,11,0,19)
r(8,299,0,19)
r(11,894,0,19)
r(17,288,0,19)
r(0,304,0,19)
w(13,13,0,19)
r(3,285,0,19)
w(10,8,0,19)
r(7,109,0,19)
w(6,10,0,19)
w(5,13,0,19)
r(9,708,0,19)
r(2,194,0,19)
r(18,7,0,19)
r(15,12,0,19)
w(4,12,0,19)
r(16,2,1,20)
r(7,2,1,20)
r(18,1,1,20)
r(4,3,1,20)
w(2,95,1,20)
w(19,109,1,20)
r(9,2,1,20)
w(10,103,1,20)
r(6,2,1,20)
r(17,3,1,20)
w(13,99,1,20)
r(15,3,1,20)
w(14,107,1,20)
w(11,95,1,20)
w(5,101,1,20)
r(12,4,1,20)
r(8,1,1,20)
w(0,92,1,20)
w(1,105,1,20)
w(3,96,1,20)
r(1,3,1,21)
w(13,100,1,21)
r(0,3,1,21)
r(5,2,1,21)
r(2,2,1,21)
r(14,2,1,21)
w(11,96,1,21)
r(9,2,1,21)
r(16,2,1,21)
r(10,1,1,21)
w(15,113,1,21)
w(17,93,1,21)
r(3,2,1,21)
w(18,101,1,21)
r(19,1,1,21)
w(12,107,1,21)
w(7,104,1,21)
r(6,2,1,21)
r(8,1,1,21)
r(4,3,1,21)
r(9,2,1,22)
r(17,3,1,22)
w(16,89,1,22)
w(11,97,1,22)
r(15,3,1,22)
w(12,108,1,22)
r(2,2,1,22)
w(3,97,1,22)
w(7,105,1,22)
w(6,96,1,22)
r(4,3,1,22)
r(5,2,1,22)
w(0,93,1,22)
w(18,102,1,22)
w(8,103,1,22)
w(13,101,1,22)
r(19,1,1,22)
w(1,106,1,22)
w(10,104,1,22)
r(14,2,1,22)
w(10,105,1,23)
w(5,102,1,23)
w(7,106,1,23)
r(19,1,1,23)
r(2,2,1,23)
r(8,103,1,23)
w(1,107,1,23)
r(6,96,1,23)
w(9,106,1,23)
w(15,114,1,23)
w(18,103,1,23)
w(12,109,1,23)
r(0,93,1,23)
r(13,101,1,23)
r(14,2,1,23)
w(4,102,1,23)
w(17,94,1,23)
r(11,97,1,23)
w(3,98,1,23)
r(16,89,1,23)
r(19,5,1,24)
w(10,106,1,24)
w(0,94,1,24)
r(15,921,1,24)
r(2,194,1,24)
w(17,95,1,24)
r(3,197,1,24)
r(4,209,1,24)
r(8,205,1,24)
r(11,894,1,24)
w(1,108,1,24)
r(13,874,1,24)
w(7,107,1,24)
r(6,192,1,24)
r(9,210,1,24)
w(12,110,1,24)
w(18,104,1,24)
w(16,90,1,24)
w(5,103,1,24)
w(14,108,1,24)
w(1,109,1,25)
w(18,105,1,25)
w(16,91,1,25)
w(5,104,1,25)
r(0,889,1,25)
w(9,107,1,25)
w(12,111,1,25)
w(4,103,1,25)
r(7,208,1,25)
r(8,205,1,25)
w(19,110,1,25)
w(10,107,1,25)
w(17,96,1,25)
w(13,102,1,25)
w(3,99,1,25)
w(14,109,1,25)
w(15,115,1,25)
w(6,97,1,25)
w(2,96,1,25)
r(11,894,1,25)
r(15,727,1,26)
r(8,205,1,26)
w(2,97,1,26)
w(9,108,1,26)
w(4,104,1,26)
w(7,108,1,26)
r(17,691,1,26)
w(1,110,1,26)
r(11,894,1,26)
w(16,92,1,26)
w(13,103,1,26)
r(5,891,1,26)
r(18,717,1,26)
w(10,108,1,26)
w(12,112,1,26)
w(6,98,1,26)
r(19,5,1,26)
r(14,4,1,26)
r(3,690,1,26)
r(0,703,1,26)
w(17,97,1,27)
w(14,110,1,27)
w(0,95,1,27)
r(2,194,1,27)
r(4,699,1,27)
r(13,665,1,27)
w(7,109,1,27)
r(19,5,1,27)
r(8,205,1,27)
w(18,106,1,27)
r(10,730,1,27)
w(6,99,1,27)
r(16,201,1,27)
w(12,113,1,27)
w(1,111,1,27)
r(9,708,1,27)
r(11,894,1,27)
r(3,690,1,27)
w(15,116,1,27)
w(5,105,1,27)
w(2,98,1,28)
w(17,98,1,28)
r(4,9,1,28)
r(18,7,1,28)
r(10,730,1,28)
w(9,109,1,28)
r(6,8,1,28)
r(14,110,1,28)
w(7,110,1,28)
w(19,111,1,28)
w(3,100,1,28)
r(13,665,1,28)
w(5,106,1,28)
r(0,95,1,28)
r(12,113,1,28)
r(11,894,1,28)
w(8,104,1,28)
w(1,112,1,28)
r(15,12,1,28)
r(16,7,1,28)
w(9,110,1,29)
w(16,93,1,29)
r(11,894,1,29)
w(19,112,1,29)
r(4,321,1,29)
r(7,109,1,29)
w(6,100,1,29)
r(13,665,1,29)
w(18,107,1,29)
r(17,288,1,29)
r(12,303,1,29)
w(1,113,1,29)
r(14,296,1,29)
w(2,99,1,29)
w(0,96,1,29)
r(10,311,1,29)
r(3,285,1,29)
r(8,299,1,29)
r(15,12,1,29)
w(5,107,1,29)
r(12,303,1,30)
w(4,105,1,30)
w(10,109,1,30)
w(13,104,1,30)
r(1,307,1,30)
r(7,109,1,30)
w(3,101,1,30)
r(6,8,1,30)
w(15,117,1,30)
w(14,111,1,30)
w(16,94,1,30)
w(17,99,1,30)
r(0,304,1,30)
r(8,299,1,30)
r(2,194,1,30)
r(5,299,1,30)
r(19,314,1,30)
w(18,108,1,30)
r(11,894,1,30)
r(9,708,1,30)
w(4,106,1,31)
r(14,296,1,31)
w(11,98,1,31)
r(17,288,1,31)
w(7,111,1,31)
r(0,304,1,31)
w(13,105,1,31)
r(18,7,1,31)
w(9,111,1,31)
w(10,110,1,31)
w(6,101,1,31)
r(5,299,1,31)
r(19,314,1,31)
w(3,102,1,31)
r(2,194,1,31)
w(12,114,1,31)
r(8,299,1,31)
w(15,118,1,31)
w(1,114,1,31)
r(16,295,1,31)
r(11,894,1,32)
w(17,100,1,32)
r(1,307,1,32)
w(16,95,1,32)
w(6,102,1,32)
r(19,424,1,32)
w(18,109,1,32)
r(7,109,1,32)
w(12,115,1,32)
r(9,418,1,32)
w(10,111,1,32)
r(14,400,1,32)
r(13,383,1,32)
w(3,103,1,32)
w(0,97,1,32)
r(15,437,1,32)
w(2,100,1,32)
r(5,299,1,32)
r(4,321,1,32)
r(8,299,1,32)
r(11,599,1,33)
w(18,110,1,33)
w(6,103,1,33)
r(10,409,1,33)
r(3,597,1,33)
w(7,112,1,33)
w(17,101,1,33)
r(4,606,1,33)
r(5,707,1,33)
r(14,400,1,33)
r(0,616,1,33)
w(9,112,1,33)
r(16,599,1,33)
r(8,299,1,33)
w(1,115,1,33)
w(19,113,1,33)
r(13,572,1,33)
w(12,116,1,33)
r(15,643,1,33)
w(2,101,1,33)
r(7,617,1,34)
w(10,112,1,34)
r(14,400,1,34)
r(4,606,1,34)
r(11,599,1,34)
r(13,572,1,34)
r(8,299,1,34)
w(5,108,1,34)
w(17,102,1,34)
w(15,119,1,34)
r(9,615,1,34)
w(18,111,1,34)
r(3,597,1,34)
r(0,616,1,34)
w(16,96,1,34)
r(1,606,1,34)
w(12,117,1,34)
r(19,736,1,34)
w(2,102,1,34)
r(6,403,1,34)
w(14,112,1,35)
w(15,120,1,35)
r(7,618,1,35)
r(9,616,1,35)
w(2,103,1,35)
r(18,615,1,35)
r(5,707,1,35)
w(16,97,1,35)
r(17,588,1,35)
r(19,736,1,35)
w(11,99,1,35)
r(13,574,1,35)
w(10,113,1,35)
w(1,116,1,35)
w(3,104,1,35)
w(4,107,1,35)
w(0,98,1,35)
w(12,118,1,35)
r(6,403,1,35)
w(8,105,1,35)
w(17,103,1,36)
r(6,197,1,36)
r(7,924,1,36)
w(11,100,1,36)
r(5,896,1,36)
w(4,108,1,36)
w(15,121,1,36)
r(0,893,1,36)
r(9,910,1,36)
w(2,104,1,36)
r(13,877,1,36)
w(14,113,1,36)
r(10,214,1,36)
w(1,117,1,36)
r(3,104,1,36)
w(12,119,1,36)
w(8,106,1,36)
r(18,922,1,36)
r(16,205,1,36)
w(19,114,1,36)
w(0,99,1,37)
w(14,114,1,37)
r(10,735,1,37)
r(6,197,1,37)
w(18,112,1,37)
w(17,104,1,37)
r(1,712,1,37)
w(13,106,1,37)
w(4,109,1,37)
r(16,205,1,37)
w(12,120,1,37)
r(11,200,1,37)
r(19,736,1,37)
w(7,113,1,37)
r(9,712,1,37)
r(8,211,1,37)
r(5,708,1,37)
w(15,122,1,37)
w(2,105,1,37)
w(3,105,1,37)
w(7,114,1,38)
w(8,107,1,38)
w(16,98,1,38)
r(12,713,1,38)
w(10,114,1,38)
r(13,670,1,38)
r(9,712,1,38)
w(14,115,1,38)
r(2,903,1,38)
r(17,899,1,38)
w(15,123,1,38)
r(11,200,1,38)
r(0,893,1,38)
w(19,115,1,38)
r(6,197,1,38)
w(1,118,1,38)
r(5,708,1,38)
w(18,113,1,38)
r(3,695,1,38)
w(4,110,1,38)
r(9,712,1,39)
r(2,903,1,39)
w(19,116,1,39)
w(4,111,1,39)
w(12,121,1,39)
w(17,105,1,39)
r(0,203,1,39)
r(14,212,1,39)
w(15,124,1,39)
w(11,101,1,39)
w(10,115,1,39)
r(5,217,1,39)
r(3,695,1,39)
r(18,215,1,39)
r(1,712,1,39)
w(16,99,1,39)
r(8,211,1,39)
r(7,212,1,39)
r(13,199,1,39)
w(6,104,1,39)
w(11,193,2,40)
w(12,195,2,40)
w(13,194,2,40)
w(16,196,2,40)
r(2,2,2,40)
w(9,207,2,40)
w(17,194,2,40)
w(19,200,2,40)
r(18,1,2,40)
w(5,209,2,40)
w(7,204,2,40)
r(10,1,2,40)
r(6,2,2,40)
r(4,3,2,40)
w(15,218,2,40)
w(14,200,2,40)
r(0,3,2,40)
w(1,213,2,40)
r(3,2,2,40)
w(8,201,2,40)
w(16,197,2,41)
w(11,194,2,41)
r(1,106,2,41)
r(2,2,2,41)
r(7,105,2,41)
w(6,189,2,41)
w(3,194,2,41)
w(5,210,2,41)
w(18,206,2,41)
r(8,103,2,41)
r(17,3,2,41)
r(14,2,2,41)
w(15,219,2,41)
r(19,1,2,41)
r(12,108,2,41)
w(13,195,2,41)
w(10,207,2,41)
w(9,208,2,41)
r(4,3,2,41)
w(0,194,2,41)
w(4,208,2,42)
w(11,195,2,42)
r(2,2,2,42)
r(5,2,2,42)
w(7,205,2,42)
r(1,106,2,42)
w(14,201,2,42)
r(12,108,2,42)
r(0,93,2,42)
w(6,190,2,42)
r(17,3,2,42)
w(16,198,2,42)
r(15,3,2,42)
w(8,202,2,42)
w(19,201,2,42)
r(10,104,2,42)
w(3,195,2,42)
r(13,101,2,42)
r(9,2,2,42)
r(18,102,2,42)
r(3,97,2,43)
w(1,214,2,43)
w(10,208,2,43)
r(6,96,2,43)
r(9,2,2,43)
w(13,196,2,43)
w(2,191,2,43)
r(4,3,2,43)
w(14,202,2,43)
r(12,108,2,43)
r(7,105,2,43)
r(16,89,2,43)
r(11,97,2,43)
r(17,3,2,43)
w(5,211,2,43)
w(15,220,2,43)
w(19,202,2,43)
r(8,103,2,43)
w(18,207,2,43)
w(0,195,2,43)
w(14,203,2,44)
w(16,199,2,44)
r(19,1,2,44)
w(0,196,2,44)
w(8,203,2,44)
r(17,3,2,44)
w(11,196,2,44)
w(3,196,2,44)
w(9,209,2,44)
r(7,105,2,44)
w(1,215,2,44)
w(5,212,2,44)
r(18,102,2,44)
w(2,192,2,44)
w(12,196,2,44)
r(13,101,2,44)
r(4,3,2,44)
r(10,104,2,44)
r(6,96,2,44)
r(15,3,2,44)
w(18,208,2,45)
r(15,920,2,45)
r(4,916,2,45)
w(11,197,2,45)
r(10,923,2,45)
r(8,878,2,45)
r(5,2,2,45)
r(13,873,2,45)
r(2,2,2,45)
r(3,881,2,45)
r(9,2,2,45)
r(16,919,2,45)
w(7,206,2,45)
r(0,887,2,45)
r(12,108,2,45)
w(6,191,2,45)
w(14,204,2,45)
w(17,195,2,45)
r(1,892,2,45)
w(19,203,2,45)
w(11,198,2,46)
r(0,889,2,46)
r(3,5,2,46)
w(1,216,2,46)
w(14,205,2,46)
w(15,221,2,46)
w(7,207,2,46)
r(6,905,2,46)
w(19,204,2,46)
w(5,213,2,46)
r(9,906,2,46)
w(2,193,2,46)
w(8,204,2,46)
r(12,108,2,46)
w(16,200,2,46)
r(4,918,2,46)
w(18,209,2,46)
r(17,893,2,46)
w(10,209,2,46)
r(13,874,2,46)
r(1,894,2,47)
r(5,891,2,47)
w(9,210,2,47)
w(4,209,2,47)
w(16,201,2,47)
r(19,5,2,47)
w(17,196,2,47)
w(3,197,2,47)
w(7,208,2,47)
w(6,192,2,47)
r(14,4,2,47)
w(10,210,2,47)
r(11,894,2,47)
w(2,194,2,47)
r(0,889,2,47)
r(12,108,2,47)
r(13,874,2,47)
r(15,921,2,47)
w(8,205,2,47)
w(18,210,2,47)
r(9,210,2,48)
r(2,194,2,48)
w(3,198,2,48)
w(16,202,2,48)
w(0,197,2,48)
r(11,894,2,48)
r(10,210,2,48)
r(14,4,2,48)
w(1,217,2,48)
r(18,210,2,48)
w(19,205,2,48)
r(13,874,2,48)
w(4,210,2,48)
w(6,193,2,48)
r(12,108,2,48)
r(15,921,2,48)
w(17,197,2,48)
r(5,891,2,48)
r(7,208,2,48)
r(8,205,2,48)
r(7,208,2,49)
w(8,206,2,49)
r(9,210,2,49)
w(17,198,2,49)
w(6,194,2,49)
r(2,194,2,49)
w(19,206,2,49)
w(1,218,2,49)
w(14,206,2,49)
r(12,108,2,49)
r(4,209,2,49)
r(15,921,2,49)
r(5,891,2,49)
r(3,197,2,49)
r(0,889,2,49)
w(18,211,2,49)
r(13,874,2,49)
r(16,201,2,49)
w(10,211,2,49)
r(11,894,2,49)
w(2,195,2,50)
w(12,197,2,50)
w(14,207,2,50)
w(17,199,2,50)
w(13,197,2,50)
w(0,198,2,50)
w(9,211,2,50)
r(18,210,2,50)
r(5,891,2,50)
w(19,207,2,50)
r(4,209,2,50)
w(7,209,2,50)
r(3,197,2,50)
w(15,222,2,50)
w(11,199,2,50)
r(10,210,2,50)
r(16,201,2,50)
w(8,207,2,50)
w(1,219,2,50)
r(6,192,2,50)
r(16,295,2,51)
w(12,198,2,51)
w(4,211,2,51)
w(7,210,2,51)
w(14,208,2,51)
r(0,304,2,51)
r(9,708,2,51)
r(6,8,2,51)
w(3,199,2,51)
w(19,208,2,51)
w(2,196,2,51)
r(10,311,2,51)
w(15,223,2,51)
w(18,212,2,51)
r(11,894,2,51)
r(1,307,2,51)
r(5,299,2,51)
w(8,208,2,51)
w(17,200,2,51)
r(13,665,2,51)
r(18,7,2,52)
r(1,307,2,52)
r(13,665,2,52)
w(3,200,2,52)
w(16,203,2,52)
r(8,299,2,52)
w(0,199,2,52)
w(12,199,2,52)
w(6,195,2,52)
w(9,212,2,52)
w(14,209,2,52)
w(7,211,2,52)
w(4,212,2,52)
r(2,194,2,52)
w(19,209,2,52)
w(5,214,2,52)
w(17,201,2,52)
w(15,224,2,52)
w(10,212,2,52)
r(11,894,2,52)
r(11,894,2,53)
r(2,194,2,53)
w(1,220,2,53)
r(5,299,2,53)
w(18,213,2,53)
r(10,311,2,53)
r(19,314,2,53)
w(3,201,2,53)
r(9,708,2,53)
w(15,225,2,53)
w(14,210,2,53)
w(12,200,2,53)
w(8,209,2,53)
w(0,200,2,53)
w(13,198,2,53)
r(6,8,2,53)
r(7,109,2,53)
w(17,202,2,53)
w(4,213,2,53)
r(16,295,2,53)
r(15,643,2,54)
r(2,599,2,54)
w(18,214,2,54)
w(4,214,2,54)
r(11,599,2,54)
w(10,213,2,54)
w(12,201,2,54)
w(14,211,2,54)
r(17,586,2,54)
r(9,615,2,54)
r(19,736,2,54)
r(13,572,2,54)
r(3,597,2,54)
w(6,196,2,54)
r(1,606,2,54)
r(7,617,2,54)
w(5,215,2,54)
w(16,204,2,54)
w(0,201,2,54)
w(8,210,2,54)
w(9,213,2,55)
r(7,618,2,55)
w(10,214,2,55)
w(6,197,2,55)
r(3,104,2,55)
w(0,202,2,55)
w(12,202,2,55)
w(16,205,2,55)
w(8,211,2,55)
w(4,215,2,55)
r(17,588,2,55)
r(18,615,2,55)
r(1,116,2,55)
r(15,120,2,55)
w(5,216,2,55)
r(19,736,2,55)
r(2,103,2,55)
r(13,574,2,55)
w(14,212,2,55)
w(11,200,2,55)
w(18,215,2,56)
r(19,736,2,56)
r(16,205,2,56)
r(15,733,2,56)
r(14,212,2,56)
r(17,899,2,56)
w(4,216,2,56)
w(10,215,2,56)
r(3,695,2,56)
r(8,211,2,56)
r(9,712,2,56)
w(0,203,2,56)
r(2,903,2,56)
w(5,217,2,56)
w(12,203,2,56)
w(6,198,2,56)
w(7,212,2,56)
r(11,200,2,56)
w(13,199,2,56)
r(1,712,2,56)
r(7,925,2,57)
r(9,712,2,57)
w(13,200,2,57)
r(2,903,2,57)
r(16,924,2,57)
r(10,627,2,57)
r(8,885,2,57)
r(1,610,2,57)
r(12,907,2,57)
r(3,884,2,57)
r(17,901,2,57)
w(11,201,2,57)
r(14,304,2,57)
w(6,199,2,57)
w(18,216,2,57)
w(19,210,2,57)
r(5,897,2,57)
w(0,204,2,57)
w(4,217,2,57)
r(15,925,2,57)
r(6,908,2,58)
r(7,927,2,58)
w(4,218,2,58)
r(11,900,2,58)
w(0,205,2,58)
w(2,197,2,58)
r(13,880,2,58)
r(10,930,2,58)
r(18,926,2,58)
r(12,908,2,58)
r(9,911,2,58)
r(16,926,2,58)
w(19,211,2,58)
w(8,212,2,58)
w(14,213,2,58)
r(5,898,2,58)
w(1,221,2,58)
w(3,202,2,58)
r(17,903,2,58)
r(15,926,2,58)
r(11,900,2,59)
r(12,908,2,59)
r(14,213,2,59)
w(15,226,2,59)
w(19,212,2,59)
w(1,222,2,59)
w(6,200,2,59)
w(7,213,2,59)
w(13,201,2,59)
w(3,203,2,59)
r(17,903,2,59)
r(2,197,2,59)
w(10,216,2,59)
r(16,926,2,59)
r(9,911,2,59)
r(18,926,2,59)
r(0,205,2,59)
w(8,213,2,59)
w(5,218,2,59)
w(4,219,2,59)
w(18,306,3,60)
r(7,105,3,60)
w(3,282,3,60)
r(1,106,3,60)
r(15,3,3,60)
w(2,289,3,60)
w(4,318,3,60)
w(5,294,3,60)
r(17,3,3,60)
w(14,293,3,60)
w(19,312,3,60)
w(10,307,3,60)
w(16,293,3,60)
r(9,2,3,60)
r(6,96,3,60)
w(13,275,3,60)
w(12,298,3,60)
r(11,97,3,60)
w(8,295,3,60)
w(0,301,3,60)
r(16,89,3,61)
w(13,276,3,61)
r(15,3,3,61)
r(12,108,3,61)
r(2,2,3,61)
r(1,106,3,61)
r(4,3,3,61)
w(6,292,3,61)
w(10,308,3,61)
w(8,296,3,61)
w(5,295,3,61)
w(7,304,3,61)
w(0,302,3,61)
r(17,3,3,61)
w(9,302,3,61)
w(11,290,3,61)
w(19,313,3,61)
w(14,294,3,61)
r(3,97,3,61)
r(18,102,3,61)
w(5,296,3,62)
w(0,303,3,62)
w(6,293,3,62)
w(2,290,3,62)
w(7,305,3,62)
r(8,103,3,62)
r(9,2,3,62)
r(16,89,3,62)
w(12,299,3,62)
r(10,104,3,62)
w(4,319,3,62)
r(17,3,3,62)
r(13,101,3,62)
r(19,1,3,62)
r(15,3,3,62)
w(11,291,3,62)
r(18,102,3,62)
w(1,304,3,62)
w(3,283,3,62)
r(14,2,3,62)
w(13,277,3,63)
r(11,97,3,63)
w(16,294,3,63)
r(3,97,3,63)
w(7,306,3,63)
r(2,2,3,63)
r(15,3,3,63)
w(6,294,3,63)
r(14,2,3,63)
r(0,93,3,63)
r(19,1,3,63)
w(4,320,3,63)
w(12,300,3,63)
r(1,106,3,63)
r(18,102,3,63)
r(9,2,3,63)
w(5,297,3,63)
w(8,297,3,63)
r(10,104,3,63)
r(17,3,3,63)
r(15,921,3,64)
r(13,874,3,64)
w(8,298,3,64)
w(6,295,3,64)
w(12,301,3,64)
w(9,303,3,64)
r(3,5,3,64)
r(7,4,3,64)
w(14,295,3,64)
r(16,5,3,64)
r(0,889,3,64)
r(19,5,3,64)
w(5,298,3,64)
r(18,919,3,64)
r(17,893,3,64)
r(4,918,3,64)
w(10,309,3,64)
w(1,305,3,64)
w(11,292,3,64)
r(2,899,3,64)
r(2,899,3,65)
w(13,278,3,65)
w(1,306,3,65)
w(3,284,3,65)
w(15,328,3,65)
w(11,293,3,65)
w(10,310,3,65)
r(14,4,3,65)
w(12,302,3,65)
r(0,889,3,65)
r(8,879,3,65)
r(16,5,3,65)
r(5,891,3,65)
w(6,296,3,65)
r(4,918,3,65)
r(7,4,3,65)
r(9,906,3,65)
r(19,5,3,65)
w(17,287,3,65)
r(18,919,3,65)
r(15,12,3,66)
w(0,304,3,66)
w(3,285,3,66)
r(18,7,3,66)
w(8,299,3,66)
w(16,295,3,66)
w(10,311,3,66)
w(17,288,3,66)
r(7,109,3,66)
r(11,894,3,66)
r(2,194,3,66)
r(6,8,3,66)
r(13,665,3,66)
w(19,314,3,66)
w(1,307,3,66)
w(14,296,3,66)
w(12,303,3,66)
w(4,321,3,66)
r(9,708,3,66)
w(5,299,3,66)
w(10,312,3,67)
w(12,304,3,67)
r(3,285,3,67)
r(9,708,3,67)
r(19,314,3,67)
r(15,12,3,67)
r(2,194,3,67)
w(8,300,3,67)
r(17,288,3,67)
w(7,307,3,67)
r(0,304,3,67)
w(16,296,3,67)
w(11,294,3,67)
r(18,7,3,67)
r(14,296,3,67)
r(4,321,3,67)
r(13,665,3,67)
w(5,300,3,67)
w(1,308,3,67)
w(6,297,3,67)
w(4,322,3,68)
r(14,296,3,68)
w(12,305,3,68)
w(19,315,3,68)
r(1,307,3,68)
r(11,894,3,68)
w(17,289,3,68)
w(13,279,3,68)
r(7,109,3,68)
w(10,313,3,68)
r(6,8,3,68)
w(9,304,3,68)
r(0,304,3,68)
r(2,194,3,68)
w(18,307,3,68)
w(3,286,3,68)
r(15,12,3,68)
w(5,301,3,68)
w(16,297,3,68)
r(8,299,3,68)
r(2,194,3,69)
r(19,314,3,69)
w(4,323,3,69)
r(15,12,3,69)
w(14,297,3,69)
w(8,301,3,69)
w(7,308,3,69)
w(5,302,3,69)
w(12,306,3,69)
w(9,305,3,69)
r(0,304,3,69)
w(10,314,3,69)
r(13,665,3,69)
r(18,7,3,69)
w(17,290,3,69)
w(11,295,3,69)
r(1,307,3,69)
r(6,8,3,69)
w(16,298,3,69)
r(3,285,3,69)
w(12,307,3,70)
w(3,287,3,70)
w(0,305,3,70)
r(9,708,3,70)
r(10,311,3,70)
r(4,321,3,70)
w(2,291,3,70)
r(13,665,3,70)
r(7,109,3,70)
r(8,299,3,70)
r(11,894,3,70)
w(19,316,3,70)
w(15,329,3,70)
r(5,299,3,70)
w(14,298,3,70)
w(18,308,3,70)
w(17,291,3,70)
r(1,307,3,70)
r(16,295,3,70)
r(6,8,3,70)
r(17,586,3,71)
r(4,606,3,71)
r(10,409,3,71)
w(18,309,3,71)
w(19,317,3,71)
w(8,302,3,71)
w(3,288,3,71)
r(13,572,3,71)
w(12,308,3,71)
r(0,616,3,71)
w(15,330,3,71)
w(6,298,3,71)
w(14,299,3,71)
r(16,599,3,71)
r(5,707,3,71)
w(11,296,3,71)
w(9,306,3,71)
w(2,292,3,71)
r(7,617,3,71)
r(1,606,3,71)
r(4,606,3,72)
r(10,409,3,72)
w(17,292,3,72)
w(14,300,3,72)
w(3,289,3,72)
w(0,306,3,72)
r(2,599,3,72)
w(15,331,3,72)
w(16,299,3,72)
w(18,310,3,72)
w(11,297,3,72)
r(8,299,3,72)
w(5,303,3,72)
r(1,606,3,72)
w(19,318,3,72)
r(12,303,3,72)
r(9,615,3,72)
w(6,299,3,72)
r(7,617,3,72)
w(13,280,3,72)
w(1,309,3,73)
w(9,307,3,73)
w(14,301,3,73)
r(4,606,3,73)
w(6,300,3,73)
r(5,707,3,73)
w(0,307,3,73)
r(13,572,3,73)
r(17,586,3,73)
r(11,599,3,73)
r(3,597,3,73)
w(16,300,3,73)
r(7,617,3,73)
w(18,311,3,73)
r(10,409,3,73)
r(8,299,3,73)
w(19,319,3,73)
r(12,303,3,73)
r(2,599,3,73)
w(15,332,3,73)
r(4,606,3,74)
w(11,298,3,74)
r(1,606,3,74)
w(10,315,3,74)
r(0,616,3,74)
r(19,736,3,74)
w(12,309,3,74)
r(14,400,3,74)
w(13,281,3,74)
w(6,301,3,74)
r(18,723,3,74)
r(5,707,3,74)
w(9,308,3,74)
w(16,301,3,74)
w(17,293,3,74)
w(3,290,3,74)
r(8,299,3,74)
w(2,293,3,74)
r(7,617,3,74)
w(15,333,3,74)
w(3,291,3,75)
w(13,282,3,75)
r(17,586,3,75)
r(6,403,3,75)
w(14,302,3,75)
r(12,303,3,75)
w(19,320,3,75)
r(1,606,3,75)
w(4,324,3,75)
r(15,643,3,75)
r(9,615,3,75)
r(10,409,3,75)
w(5,304,3,75)
r(8,299,3,75)
w(11,299,3,75)
r(2,599,3,75)
w(16,302,3,75)
r(18,723,3,75)
r(7,617,3,75)
w(0,308,3,75)
r(16,599,3,76)
w(13,283,3,76)
r(19,736,3,76)
r(0,616,3,76)
r(18,723,3,76)
r(3,597,3,76)
r(4,606,3,76)
w(2,294,3,76)
r(12,303,3,76)
r(5,707,3,76)
r(1,606,3,76)
w(6,302,3,76)
w(7,309,3,76)
w(9,309,3,76)
r(11,599,3,76)
w(17,294,3,76)
r(14,400,3,76)
w(10,316,3,76)
r(8,299,3,76)
r(15,643,3,76)
r(7,924,3,77)
r(6,197,3,77)
r(8,211,3,77)
r(0,893,3,77)
w(2,295,3,77)
w(13,284,3,77)
w(10,317,3,77)
w(4,325,3,77)
w(16,303,3,77)
r(17,899,3,77)
w(11,300,3,77)
w(5,305,3,77)
w(9,310,3,77)
r(1,712,3,77)
r(14,212,3,77)
r(3,695,3,77)
r(15,733,3,77)
r(18,724,3,77)
r(12,713,3,77)
w(19,321,3,77)
r(8,211,3,78)
w(10,318,3,78)
r(18,724,3,78)
r(12,713,3,78)
w(3,292,3,78)
w(0,309,3,78)
r(6,197,3,78)
w(15,334,3,78)
w(19,322,3,78)
w(11,301,3,78)
r(7,924,3,78)
w(13,285,3,78)
r(2,903,3,78)
r(1,712,3,78)
r(5,708,3,78)
w(17,295,3,78)
w(9,311,3,78)
w(16,304,3,78)
w(4,326,3,78)
w(14,303,3,78)
r(0,618,3,79)
r(9,712,3,79)
w(5,306,3,79)
w(16,305,3,79)
r(3,600,3,79)
w(13,286,3,79)
w(12,310,3,79)
w(11,302,3,79)
w(8,303,3,79)
r(2,903,3,79)
r(6,104,3,79)
w(14,304,3,79)
r(4,611,3,79)
r(10,627,3,79)
r(18,215,3,79)
w(15,335,3,79)
r(1,610,3,79)
w(19,323,3,79)
r(17,589,3,79)
r(7,619,3,79)
r(18,1,4,80)
w(17,386,4,80)
r(7,2,4,80)
r(2,2,4,80)
r(16,2,4,80)
r(13,2,4,80)
w(8,398,4,80)
w(5,401,4,80)
w(15,429,4,80)
w(0,404,4,80)
r(12,4,4,80)
w(3,381,4,80)
r(19,1,4,80)
r(6,2,4,80)
w(11,403,4,80)
r(10,1,4,80)
r(1,3,4,80)
w(4,410,4,80)
w(9,409,4,80)
r(14,2,4,80)
w(3,382,4,81)
r(18,102,4,81)
w(17,387,4,81)
w(6,394,4,81)
w(13,374,4,81)
w(5,402,4,81)
w(0,405,4,81)
w(19,417,4,81)
w(8,399,4,81)
w(4,411,4,81)
w(9,410,4,81)
r(11,97,4,81)
w(10,404,4,81)
w(16,403,4,81)
w(2,391,4,81)
r(12,108,4,81)
r(7,105,4,81)
w(14,392,4,81)
r(15,3,4,81)
w(1,416,4,81)
w(9,411,4,82)
r(19,1,4,82)
w(8,400,4,82)
w(14,393,4,82)
r(1,106,4,82)
w(0,406,4,82)
w(10,405,4,82)
r(7,105,4,82)
r(4,3,4,82)
w(11,404,4,82)
r(15,3,4,82)
w(12,398,4,82)
r(5,2,4,82)
r(3,97,4,82)
w(16,404,4,82)
w(2,392,4,82)
r(13,101,4,82)
w(6,395,4,82)
r(17,3,4,82)
w(18,415,4,82)
r(0,93,4,83)
r(5,2,4,83)
r(9,2,4,83)
r(10,104,4,83)
r(15,3,4,83)
r(11,97,4,83)
r(16,89,4,83)
w(7,403,4,83)
w(1,417,4,83)
w(18,416,4,83)
r(2,2,4,83)
r(8,103,4,83)
r(19,1,4,83)
w(12,399,4,83)
w(13,375,4,83)
r(17,3,4,83)
w(6,396,4,83)
w(3,383,4,83)
r(14,2,4,83)
w(4,412,4,83)
w(16,405,4,84)
w(7,404,4,84)
w(5,403,4,84)
r(8,103,4,84)
w(10,406,4,84)
r(1,106,4,84)
r(15,3,4,84)
w(0,407,4,84)
w(19,418,4,84)
r(12,108,4,84)
w(6,397,4,84)
r(13,101,4,84)
w(4,413,4,84)
w(9,412,4,84)
w(18,417,4,84)
r(11,97,4,84)
r(2,2,4,84)
w(17,388,4,84)
w(3,384,4,84)
w(14,394,4,84)
w(2,393,4,85)
w(16,406,4,85)
r(12,108,4,85)
w(14,395,4,85)
r(0,93,4,85)
w(5,404,4,85)
w(6,398,4,85)
r(1,106,4,85)
w(9,413,4,85)
r(15,3,4,85)
w(7,405,4,85)
w(13,376,4,85)
w(18,418,4,85)
r(17,3,4,85)
r(3,97,4,85)
r(8,103,4,85)
w(11,405,4,85)
r(19,1,4,85)
r(10,104,4,85)
w(4,414,4,85)
w(11,406,4,86)
r(9,2,4,86)
r(2,2,4,86)
w(3,385,4,86)
w(15,430,4,86)
w(13,377,4,86)
w(17,389,4,86)
w(16,407,4,86)
r(14,2,4,86)
w(6,399,4,86)
w(8,401,4,86)
w(0,408,4,86)
w(10,407,4,86)
r(4,3,4,86)
r(1,106,4,86)
w(7,406,4,86)
w(5,405,4,86)
w(19,419,4,86)
r(12,108,4,86)
r(18,102,4,86)
w(2,394,4,87)
w(15,431,4,87)
r(17,893,4,87)
r(7,4,4,87)
r(19,5,4,87)
w(14,396,4,87)
r(11,894,4,87)
w(13,378,4,87)
r(5,891,4,87)
r(6,905,4,87)
r(10,924,4,87)
r(1,894,4,87)
w(18,419,4,87)
r(12,108,4,87)
r(4,918,4,87)
r(0,889,4,87)
w(9,414,4,87)
w(8,402,4,87)
r(16,5,4,87)
r(3,5,4,87)
r(19,5,4,88)
r(14,4,4,88)
w(7,407,4,88)
r(13,874,4,88)
w(10,408,4,88)
w(6,400,4,88)
r(5,891,4,88)
r(17,196,4,88)
w(18,420,4,88)
r(0,889,4,88)
w(1,418,4,88)
r(16,201,4,88)
w(9,415,4,88)
w(15,432,4,88)
w(12,400,4,88)
w(11,407,4,88)
w(3,386,4,88)
r(2,194,4,88)
w(8,403,4,88)
r(4,209,4,88)
w(19,420,4,89)
w(7,408,4,89)
w(8,404,4,89)
r(0,889,4,89)
r(14,4,4,89)
r(2,194,4,89)
r(18,210,4,89)
r(11,894,4,89)
r(4,209,4,89)
w(12,401,4,89)
w(15,433,4,89)
r(10,210,4,89)
w(13,379,4,89)
r(17,196,4,89)
w(9,416,4,89)
r(3,197,4,89)
r(16,201,4,89)
w(6,401,4,89)
w(5,406,4,89)
r(1,894,4,89)
w(19,421,4,90)
r(7,109,4,90)
w(14,397,4,90)
w(13,380,4,90)
w(15,434,4,90)
w(3,387,4,90)
w(17,390,4,90)
r(18,106,4,90)
r(12,113,4,90)
r(0,95,4,90)
r(6,99,4,90)
r(11,894,4,90)
w(16,408,4,90)
r(9,708,4,90)
r(10,730,4,90)
r(5,105,4,90)
w(4,415,4,90)
w(2,395,4,90)
r(1,111,4,90)
r(8,205,4,90)
r(10,311,4,91)
r(12,303,4,91)
r(0,304,4,91)
w(19,422,4,91)
r(2,194,4,91)
w(3,388,4,91)
w(14,398,4,91)
w(5,407,4,91)
w(13,381,4,91)
w(7,409,4,91)
w(8,405,4,91)
r(1,307,4,91)
r(4,321,4,91)
w(15,435,4,91)
r(9,708,4,91)
r(11,894,4,91)
r(17,288,4,91)
r(18,7,4,91)
w(16,409,4,91)
w(6,402,4,91)
r(10,311,4,92)
w(9,417,4,92)
r(8,299,4,92)
r(3,285,4,92)
w(13,382,4,92)
r(2,194,4,92)
r(17,288,4,92)
r(6,8,4,92)
w(15,436,4,92)
w(19,423,4,92)
r(5,299,4,92)
w(14,399,4,92)
r(18,7,4,92)
r(7,109,4,92)
r(16,295,4,92)
r(4,321,4,92)
w(1,419,4,92)
r(0,304,4,92)
r(12,303,4,92)
w(11,408,4,92)
w(6,403,4,93)
r(12,303,4,93)
r(8,299,4,93)
w(15,437,4,93)
w(17,391,4,93)
r(5,299,4,93)
w(2,396,4,93)
w(19,424,4,93)
r(0,304,4,93)
w(16,410,4,93)
r(1,307,4,93)
w(10,409,4,93)
w(14,400,4,93)
w(3,389,4,93)
r(4,321,4,93)
r(7,109,4,93)
w(18,421,4,93)
w(13,383,4,93)
w(9,418,4,93)
r(11,894,4,93)
w(12,402,4,94)
r(14,400,4,94)
w(6,404,4,94)
w(18,422,4,94)
w(15,438,4,94)
r(13,572,4,94)
r(5,707,4,94)
w(1,420,4,94)
w(10,410,4,94)
r(9,615,4,94)
r(8,299,4,94)
r(7,617,4,94)
r(16,599,4,94)
r(19,736,4,94)
w(3,390,4,94)
r(0,616,4,94)
r(4,606,4,94)
r(17,586,4,94)
r(11,599,4,94)
w(2,397,4,94)
w(15,439,4,95)
r(13,572,4,95)
r(18,723,4,95)
w(19,425,4,95)
w(9,419,4,95)
r(17,586,4,95)
w(12,403,4,95)
w(11,409,4,95)
w(6,405,4,95)
r(0,616,4,95)
r(3,597,4,95)
w(2,398,4,95)
r(16,599,4,95)
r(1,606,4,95)
r(14,400,4,95)
r(10,409,4,95)
w(7,410,4,95)
w(8,406,4,95)
w(4,416,4,95)
w(5,408,4,95)
w(5,409,4,96)
r(4,606,4,96)
w(14,401,4,96)
r(1,606,4,96)
w(11,410,4,96)
r(3,597,4,96)
r(19,736,4,96)
w(10,411,4,96)
r(8,299,4,96)
r(7,617,4,96)
r(13,572,4,96)
r(9,615,4,96)
w(12,404,4,96)
r(18,723,4,96)
w(16,411,4,96)
w(17,392,4,96)
w(2,399,4,96)
w(0,409,4,96)
w(15,440,4,96)
r(6,403,4,96)
r(7,617,4,97)
r(0,616,4,97)
r(18,723,4,97)
r(2,599,4,97)
r(1,606,4,97)
r(3,597,4,97)
r(19,736,4,97)
r(16,599,4,97)
r(9,615,4,97)
r(14,400,4,97)
r(13,572,4,97)
r(17,586,4,97)
w(15,441,4,97)
w(12,405,4,97)
r(4,606,4,97)
w(8,407,4,97)
r(10,409,4,97)
w(5,410,4,97)
w(11,411,4,97)
r(6,403,4,97)
r(1,116,4,98)
w(12,406,4,98)
r(19,736,4,98)
w(6,406,4,98)
r(9,616,4,98)
w(0,410,4,98)
w(7,411,4,98)
w(18,423,4,98)
r(15,120,4,98)
r(8,105,4,98)
w(4,417,4,98)
r(16,97,4,98)
r(13,574,4,98)
w(10,412,4,98)
r(5,707,4,98)
r(14,112,4,98)
w(11,412,4,98)
w(2,400,4,98)
w(17,393,4,98)
r(3,104,4,98)
w(0,411,4,99)
w(7,412,4,99)
w(14,402,4,99)
r(16,205,4,99)
r(2,103,4,99)
w(6,407,4,99)
r(12,202,4,99)
r(18,615,4,99)
r(17,588,4,99)
w(11,413,4,99)
w(1,421,4,99)
w(13,384,4,99)
r(9,213,4,99)
w(15,442,4,99)
w(10,413,4,99)
r(3,104,4,99)
r(5,216,4,99)
r(8,211,4,99)
w(4,418,4,99)
r(19,736,4,99)
r(9,2,5,100)
r(3,2,5,100)
w(17,475,5,100)
w(10,521,5,100)
r(0,3,5,100)
w(1,500,5,100)
w(14,492,5,100)
w(16,505,5,100)
w(11,492,5,100)
w(6,500,5,100)
r(13,2,5,100)
w(7,496,5,100)
w(19,524,5,100)
w(12,500,5,100)
w(18,509,5,100)
w(2,491,5,100)
w(8,491,5,100)
r(15,3,5,100)
r(5,2,5,100)
w(4,510,5,100)
w(5,498,5,101)
r(2,2,5,101)
w(0,503,5,101)
w(13,467,5,101)
w(4,511,5,101)
r(15,3,5,101)
r(17,3,5,101)
w(12,501,5,101)
w(11,493,5,101)
r(14,2,5,101)
r(8,103,5,101)
w(3,484,5,101)
r(16,89,5,101)
r(7,105,5,101)
r(1,106,5,101)
w(19,525,5,101)
w(10,522,5,101)
w(9,513,5,101)
r(18,102,5,101)
r(6,96,5,101)
w(0,504,5,102)
w(7,497,5,102)
r(12,108,5,102)
r(11,894,5,102)
r(8,879,5,102)
r(1,894,5,102)
r(13,874,5,102)
w(2,492,5,102)
r(10,924,5,102)
w(14,493,5,102)
w(16,506,5,102)
w(3,485,5,102)
r(18,919,5,102)
w(19,526,5,102)
r(5,891,5,102)
w(6,501,5,102)
w(15,539,5,102)
r(17,893,5,102)
w(9,514,5,102)
r(4,918,5,102)
r(1,894,5,103)
r(17,196,5,103)
r(10,210,5,103)
r(12,108,5,103)
r(19,5,5,103)
r(0,889,5,103)
r(2,194,5,103)
w(8,492,5,103)
w(7,498,5,103)
r(11,894,5,103)
r(5,891,5,103)
r(16,201,5,103)
w(3,486,5,103)
r(18,210,5,103)
r(15,921,5,103)
w(14,494,5,103)
r(6,192,5,103)
r(4,209,5,103)
r(9,210,5,103)
w(13,468,5,103)
r(2,194,5,104)
r(8,205,5,104)
r(3,690,5,104)
r(16,201,5,104)
r(18,717,5,104)
r(15,727,5,104)
w(19,527,5,104)
w(17,476,5,104)
r(0,703,5,104)
w(9,515,5,104)
w(7,499,5,104)
w(6,502,5,104)
r(13,665,5,104)
r(11,894,5,104)
r(4,699,5,104)
w(10,523,5,104)
r(12,706,5,104)
r(14,4,5,104)
r(5,891,5,104)
r(1,894,5,104)
r(14,110,5,105)
w(0,505,5,105)
r(15,116,5,105)
w(6,503,5,105)
w(10,524,5,105)
w(19,528,5,105)
r(1,111,5,105)
w(8,493,5,105)
w(13,469,5,105)
w(17,477,5,105)
w(2,493,5,105)
r(9,708,5,105)
r(7,109,5,105)
r(11,894,5,105)
w(18,510,5,105)
r(5,105,5,105)
w(12,502,5,105)
w(3,487,5,105)
r(4,699,5,105)
r(16,201,5,105)
w(6,504,5,106)
w(9,516,5,106)
r(8,205,5,106)
r(16,7,5,106)
r(11,894,5,106)
w(18,511,5,106)
w(7,500,5,106)
r(10,730,5,106)
r(19,9,5,106)
w(0,506,5,106)
w(5,499,5,106)
r(14,110,5,106)
w(17,478,5,106)
w(12,503,5,106)
w(2,494,5,106)
w(15,540,5,106)
r(1,10,5,106)
r(4,9,5,106)
r(13,665,5,106)
w(3,488,5,106)
r(7,109,5,107)
r(11,894,5,107)
w(2,495,5,107)
w(10,525,5,107)
r(14,296,5,107)
w(12,504,5,107)
r(9,708,5,107)
w(4,512,5,107)
w(1,501,5,107)
r(8,299,5,107)
r(0,304,5,107)
w(13,470,5,107)
r(3,285,5,107)
w(16,507,5,107)
w(17,479,5,107)
w(15,541,5,107)
w(6,505,5,107)
w(18,512,5,107)
w(19,529,5,107)
w(5,500,5,107)
w(16,508,5,108)
r(11,894,5,108)
w(12,505,5,108)
r(6,8,5,108)
w(10,526,5,108)
w(13,471,5,108)
w(15,542,5,108)
w(18,513,5,108)
r(19,314,5,108)
r(4,321,5,108)
r(17,288,5,108)
w(8,494,5,108)
r(9,708,5,108)
r(1,307,5,108)
r(7,109,5,108)
w(2,496,5,108)
w(5,501,5,108)
w(14,495,5,108)
w(3,489,5,108)
r(0,304,5,108)
w(15,543,5,109)
w(0,507,5,109)
r(6,8,5,109)
w(4,513,5,109)
w(11,494,5,109)
r(1,307,5,109)
w(7,501,5,109)
r(18,7,5,109)
r(9,708,5,109)
r(17,288,5,109)
w(3,490,5,109)
r(19,314,5,109)
w(13,472,5,109)
r(8,299,5,109)
r(5,299,5,109)
r(16,295,5,109)
r(2,194,5,109)
r(12,303,5,109)
r(10,311,5,109)
r(14,296,5,109)
w(2,497,5,110)
r(18,7,5,110)
r(4,321,5,110)
w(3,491,5,110)
r(16,295,5,110)
w(9,517,5,110)
w(13,473,5,110)
w(19,530,5,110)
r(10,311,5,110)
w(8,495,5,110)
w(17,480,5,110)
r(11,894,5,110)
w(1,502,5,110)
w(6,506,5,110)
r(0,304,5,110)
r(5,299,5,110)
w(15,544,5,110)
r(14,296,5,110)
w(12,506,5,110)
w(7,502,5,110)
w(17,481,5,111)
w(18,514,5,111)
w(2,498,5,111)
w(3,492,5,111)
w(5,502,5,111)
r(13,665,5,111)
w(15,545,5,111)
r(6,8,5,111)
w(10,527,5,111)
w(14,496,5,111)
r(8,299,5,111)
w(9,518,5,111)
w(19,531,5,111)
r(4,321,5,111)
r(16,295,5,111)
w(11,495,5,111)
r(7,109,5,111)
r(0,304,5,111)
r(1,307,5,111)
r(12,303,5,111)
r(5,707,5,112)
w(16,509,5,112)
r(10,409,5,112)
r(3,597,5,112)
r(11,599,5,112)
r(8,299,5,112)
r(4,606,5,112)
r(2,599,5,112)
r(0,616,5,112)
r(6,403,5,112)
w(15,546,5,112)
r(9,615,5,112)
w(17,482,5,112)
w(18,515,5,112)
r(14,400,5,112)
w(7,503,5,112)
w(19,532,5,112)
r(12,303,5,112)
w(13,474,5,112)
r(1,606,5,112)
w(2,499,5,113)
w(7,504,5,113)
r(16,599,5,113)
w(15,547,5,113)
r(4,606,5,113)
w(3,493,5,113)
w(0,508,5,113)
w(18,516,5,113)
w(12,507,5,113)
r(19,736,5,113)
w(9,519,5,113)
w(10,528,5,113)
w(5,503,5,113)
w(11,496,5,113)
r(14,400,5,113)
r(6,403,5,113)
w(17,483,5,113)
r(1,606,5,113)
w(13,475,5,113)
w(8,496,5,113)
w(3,494,5,114)
r(4,107,5,114)
w(19,533,5,114)
w(9,520,5,114)
w(11,497,5,114)
r(6,403,5,114)
r(14,112,5,114)
w(5,504,5,114)
r(0,98,5,114)
r(10,113,5,114)
r(2,103,5,114)
r(15,120,5,114)
r(12,118,5,114)
r(18,615,5,114)
r(17,588,5,114)
w(16,510,5,114)
r(8,105,5,114)
w(1,503,5,114)
w(13,476,5,114)
r(7,618,5,114)
r(16,97,5,115)
r(19,736,5,115)
w(6,507,5,115)
r(8,105,5,115)
w(4,514,5,115)
w(2,500,5,115)
w(10,529,5,115)
w(0,509,5,115)
r(3,104,5,115)
w(15,548,5,115)
w(1,504,5,115)
r(14,112,5,115)
r(13,574,5,115)
r(9,616,5,115)
r(18,615,5,115)
w(12,508,5,115)
w(7,505,5,115)
w(17,484,5,115)
w(11,498,5,115)
r(5,707,5,115)
r(1,116,5,116)
w(12,509,5,116)
r(17,899,5,116)
r(5,896,5,116)
w(0,510,5,116)
w(4,515,5,116)
r(16,205,5,116)
w(3,495,5,116)
w(6,508,5,116)
r(11,200,5,116)
w(2,501,5,116)
w(14,497,5,116)
w(10,530,5,116)
r(13,877,5,116)
r(19,736,5,116)
w(9,521,5,116)
r(8,211,5,116)
w(7,506,5,116)
w(18,517,5,116)
w(15,549,5,116)
w(10,531,5,117)
r(17,899,5,117)
r(11,200,5,117)
r(6,197,5,117)
w(2,502,5,117)
w(12,510,5,117)
w(1,505,5,117)
r(5,708,5,117)
w(14,498,5,117)
w(7,507,5,117)
w(19,534,5,117)
r(4,924,5,117)
w(15,550,5,117)
r(13,670,5,117)
r(0,893,5,117)
r(16,205,5,117)
w(8,497,5,117)
w(9,522,5,117)
r(18,724,5,117)
r(3,695,5,117)
r(0,893,5,118)
r(10,735,5,118)
w(14,499,5,118)
w(13,477,5,118)
w(2,503,5,118)
r(6,197,5,118)
w(8,498,5,118)
r(19,736,5,118)
w(3,496,5,118)
w(5,505,5,118)
r(4,924,5,118)
r(12,713,5,118)
w(17,485,5,118)
r(11,200,5,118)
r(15,733,5,118)
w(1,506,5,118)
r(18,724,5,118)
r(7,924,5,118)
w(16,511,5,118)
w(9,523,5,118)
w(1,507,5,119)
r(16,205,5,119)
w(6,509,5,119)
r(18,724,5,119)
r(7,924,5,119)
r(13,670,5,119)
r(11,200,5,119)
w(9,524,5,119)
r(14,212,5,119)
r(10,735,5,119)
w(15,551,5,119)
w(0,511,5,119)
w(3,497,5,119)
w(2,504,5,119)
w(5,506,5,119)
w(17,486,5,119)
r(8,211,5,119)
r(4,924,5,119)
r(19,736,5,119)
w(12,511,5,119)
w(7,610,6,120)
w(6,607,6,120)
r(16,89,6,120)
r(17,3,6,120)
w(15,639,6,120)
w(19,622,6,120)
w(11,594,6,120)
r(9,2,6,120)
w(3,593,6,120)
w(18,610,6,120)
w(12,600,6,120)
r(4,3,6,120)
r(10,104,6,120)
w(14,586,6,120)
w(0,609,6,120)
r(5,2,6,120)
w(1,601,6,120)
w(13,568,6,120)
w(8,596,6,120)
r(2,2,6,120)
r(2,899,6,121)
r(7,4,6,121)
r(15,921,6,121)
w(14,587,6,121)
w(18,611,6,121)
w(19,623,6,121)
w(8,597,6,121)
w(11,595,6,121)
r(3,5,6,121)
r(5,891,6,121)
r(6,905,6,121)
r(16,5,6,121)
w(13,569,6,121)
w(12,601,6,121)
w(17,583,6,121)
r(9,906,6,121)
w(4,603,6,121)
w(0,610,6,121)
w(1,602,6,121)
r(10,924,6,121)
r(19,5,6,122)
w(8,598,6,122)
r(9,210,6,122)
w(5,597,6,122)
w(17,584,6,122)
r(1,894,6,122)
r(15,921,6,122)
r(10,210,6,122)
r(6,192,6,122)
r(12,108,6,122)
w(0,611,6,122)
r(18,210,6,122)
w(3,594,6,122)
w(14,588,6,122)
r(11,894,6,122)
r(2,194,6,122)
w(7,611,6,122)
r(16,201,6,122)
r(13,874,6,122)
r(4,209,6,122)
r(4,209,6,123)
w(2,596,6,123)
w(0,612,6,123)
w(11,596,6,123)
r(13,874,6,123)
r(14,4,6,123)
w(5,598,6,123)
w(10,621,6,123)
r(8,205,6,123)
r(6,192,6,123)
r(7,208,6,123)
r(17,196,6,123)
r(19,5,6,123)
r(9,210,6,123)
r(15,921,6,123)
w(1,603,6,123)
r(12,108,6,123)
w(16,594,6,123)
r(3,197,6,123)
w(18,612,6,123)
w(1,604,6,124)
r(3,197,6,124)
r(12,108,6,124)
w(16,595,6,124)
w(14,589,6,124)
w(8,599,6,124)
r(17,196,6,124)
r(10,210,6,124)
w(4,604,6,124)
r(13,874,6,124)
w(9,612,6,124)
w(15,640,6,124)
r(18,210,6,124)
r(11,894,6,124)
w(5,599,6,124)
r(6,192,6,124)
r(2,194,6,124)
r(19,5,6,124)
w(7,612,6,124)
w(0,613,6,124)
w(18,613,6,125)
w(0,614,6,125)
r(9,708,6,125)
r(5,299,6,125)
r(10,311,6,125)
r(3,285,6,125)
r(14,296,6,125)
r(12,303,6,125)
w(4,605,6,125)
r(8,299,6,125)
w(7,613,6,125)
w(17,585,6,125)
r(16,295,6,125)
w(19,624,6,125)
w(15,641,6,125)
r(2,194,6,125)
w(13,570,6,125)
w(11,597,6,125)
w(6,608,6,125)
r(1,307,6,125)
r(12,303,6,126)
w(3,595,6,126)
w(15,642,6,126)
r(17,288,6,126)
w(7,614,6,126)
r(19,314,6,126)
r(18,7,6,126)
w(14,590,6,126)
w(9,613,6,126)
r(4,321,6,126)
r(8,299,6,126)
r(6,8,6,126)
w(2,597,6,126)
w(16,596,6,126)
r(0,304,6,126)
r(5,299,6,126)
w(10,622,6,126)
w(13,571,6,126)
r(1,307,6,126)
r(11,894,6,126)
w(16,597,6,127)
r(13,665,6,127)
r(19,314,6,127)
r(17,288,6,127)
w(9,614,6,127)
w(6,609,6,127)
w(12,602,6,127)
w(2,598,6,127)
w(1,605,6,127)
w(7,615,6,127)
w(10,623,6,127)
r(11,894,6,127)
r(8,299,6,127)
r(14,296,6,127)
r(15,12,6,127)
r(4,321,6,127)
r(18,7,6,127)
w(5,600,6,127)
w(0,615,6,127)
r(3,285,6,127)
w(19,625,6,128)
r(5,707,6,128)
r(13,669,6,128)
r(9,418,6,128)
r(6,403,6,128)
r(10,409,6,128)
w(8,600,6,128)
r(1,711,6,128)
r(2,396,6,128)
r(12,303,6,128)
r(0,708,6,128)
w(3,596,6,128)
w(14,591,6,128)
r(4,703,6,128)
w(16,598,6,128)
w(7,616,6,128)
w(11,598,6,128)
r(18,723,6,128)
r(17,391,6,128)
r(15,437,6,128)
r(19,736,6,129)
r(14,400,6,129)
r(10,409,6,129)
w(11,599,6,129)
r(5,707,6,129)
w(15,643,6,129)
w(7,617,6,129)
w(9,615,6,129)
w(16,599,6,129)
w(2,599,6,129)
r(8,299,6,129)
r(12,303,6,129)
w(13,572,6,129)
w(17,586,6,129)
w(0,616,6,129)
w(4,606,6,129)
r(18,723,6,129)
w(3,597,6,129)
w(1,606,6,129)
r(6,403,6,129)
w(3,598,6,130)
w(11,600,6,130)
r(15,643,6,130)
r(7,617,6,130)
r(12,303,6,130)
w(4,607,6,130)
r(5,707,6,130)
r(0,616,6,130)
r(16,599,6,130)
w(6,610,6,130)
w(18,614,6,130)
w(10,624,6,130)
w(14,592,6,130)
w(17,587,6,130)
w(1,607,6,130)
r(8,299,6,130)
r(9,615,6,130)
w(19,626,6,130)
w(13,573,6,130)
r(2,599,6,130)
r(8,299,6,131)
w(10,625,6,131)
r(11,599,6,131)
w(3,599,6,131)
w(7,618,6,131)
w(16,600,6,131)
w(9,616,6,131)
r(15,643,6,131)
w(4,608,6,131)
r(5,707,6,131)
w(12,603,6,131)
r(0,616,6,131)
r(1,606,6,131)
w(13,574,6,131)
r(6,403,6,131)
w(2,600,6,131)
w(17,588,6,131)
w(14,593,6,131)
w(18,615,6,131)
r(19,736,6,131)
r(8,211,6,132)
r(0,893,6,132)
r(3,695,6,132)
r(5,708,6,132)
r(16,205,6,132)
r(7,924,6,132)
r(15,733,6,132)
r(6,197,6,132)
w(11,601,6,132)
r(1,712,6,132)
w(4,609,6,132)
w(12,604,6,132)
r(17,899,6,132)
w(19,627,6,132)
r(9,712,6,132)
r(2,903,6,132)
w(14,594,6,132)
r(13,670,6,132)
r(10,735,6,132)
r(18,724,6,132)
r(17,899,6,133)
w(12,605,6,133)
w(4,610,6,133)
r(13,670,6,133)
r(2,903,6,133)
w(11,602,6,133)
r(3,695,6,133)
w(1,608,6,133)
r(8,211,6,133)
r(10,735,6,133)
r(6,197,6,133)
r(16,205,6,133)
r(15,733,6,133)
w(5,601,6,133)
w(18,616,6,133)
r(7,924,6,133)
r(19,736,6,133)
r(14,212,6,133)
w(9,617,6,133)
w(0,617,6,133)
w(1,609,6,134)
r(19,736,6,134)
r(8,211,6,134)
w(2,601,6,134)
r(3,695,6,134)
r(15,733,6,134)
w(10,626,6,134)
r(13,199,6,134)
r(11,200,6,134)
r(18,215,6,134)
r(17,899,6,134)
r(0,203,6,134)
r(12,203,6,134)
r(7,212,6,134)
r(14,212,6,134)
w(9,618,6,134)
r(5,217,6,134)
r(16,205,6,134)
r(6,198,6,134)
r(4,216,6,134)
w(0,618,6,135)
w(3,600,6,135)
w(8,601,6,135)
w(10,627,6,135)
r(6,104,6,135)
r(16,99,6,135)
w(14,595,6,135)
r(5,217,6,135)
w(7,619,6,135)
w(4,611,6,135)
r(15,124,6,135)
w(1,610,6,135)
w(19,628,6,135)
w(17,589,6,135)
w(11,603,6,135)
r(9,712,6,135)
w(12,606,6,135)
r(18,215,6,135)
r(2,903,6,135)
r(13,199,6,135)
r(9,712,6,136)
w(17,590,6,136)
w(5,602,6,136)
w(12,607,6,136)
r(3,600,6,136)
w(4,612,6,136)
r(14,304,6,136)
r(6,104,6,136)
r(11,302,6,136)
w(2,602,6,136)
r(0,618,6,136)
w(1,611,6,136)
r(10,627,6,136)
w(13,575,6,136)
r(8,303,6,136)
w(7,620,6,136)
w(18,617,6,136)
r(15,335,6,136)
w(16,601,6,136)
w(19,629,6,136)
w(16,602,6,137)
r(17,589,6,137)
w(8,602,6,137)
r(2,903,6,137)
w(0,619,6,137)
r(18,215,6,137)
r(13,286,6,137)
r(10,627,6,137)
w(3,601,6,137)
r(7,619,6,137)
w(1,612,6,137)
w(6,611,6,137)
r(5,306,6,137)
r(11,302,6,137)
w(4,613,6,137)
r(12,310,6,137)
w(19,630,6,137)
w(9,619,6,137)
r(14,304,6,137)
r(15,335,6,137)
w(17,591,6,138)
w(8,603,6,138)
r(2,903,6,138)
w(10,628,6,138)
w(18,618,6,138)
w(11,604,6,138)
w(4,614,6,138)
r(6,104,6,138)
w(5,603,6,138)
r(3,884,6,138)
w(15,644,6,138)
w(7,621,6,138)
w(14,596,6,138)
r(13,879,6,138)
w(9,620,6,138)
r(0,895,6,138)
r(16,924,6,138)
w(12,608,6,138)
w(19,631,6,138)
w(1,613,6,138)
r(3,885,6,139)
w(6,612,6,139)
r(8,886,6,139)
r(15,926,6,139)
w(2,603,6,139)
r(12,608,6,139)
w(13,576,6,139)
w(7,622,6,139)
w(5,604,6,139)
w(1,614,6,139)
r(16,925,6,139)
r(17,902,6,139)
r(9,620,6,139)
w(0,620,6,139)
r(19,631,6,139)
w(10,629,6,139)
w(11,605,6,139)
w(4,615,6,139)
w(18,619,6,139)
r(14,871,6,139)
w(5,699,7,140)
w(6,691,7,140)
r(0,3,7,140)
r(7,2,7,140)
w(15,723,7,140)
r(1,3,7,140)
w(9,703,7,140)
r(17,3,7,140)
r(18,1,7,140)
w(13,661,7,140)
w(2,697,7,140)
r(3,2,7,140)
w(19,726,7,140)
r(11,3,7,140)
w(8,689,7,140)
r(4,3,7,140)
w(14,673,7,140)
w(12,702,7,140)
w(10,726,7,140)
r(16,2,7,140)
w(15,724,7,141)
w(2,698,7,141)
r(17,3,7,141)
r(3,97,7,141)
r(0,93,7,141)
r(9,2,7,141)
r(10,104,7,141)
r(7,105,7,141)
w(1,705,7,141)
r(18,102,7,141)
w(6,692,7,141)
w(19,727,7,141)
r(4,3,7,141)
r(5,2,7,141)
r(11,97,7,141)
r(16,89,7,141)
w(14,674,7,141)
r(8,103,7,141)
w(12,703,7,141)
w(13,662,7,141)
r(3,97,7,142)
r(8,103,7,142)
w(16,706,7,142)
w(10,727,7,142)
r(1,106,7,142)
w(15,725,7,142)
w(0,701,7,142)
r(12,108,7,142)
w(9,704,7,142)
r(4,3,7,142)
r(13,101,7,142)
w(11,685,7,142)
r(14,2,7,142)
w(2,699,7,142)
w(17,687,7,142)
w(18,713,7,142)
r(5,2,7,142)
w(6,693,7,142)
w(19,728,7,142)
w(7,709,7,142)
w(9,705,7,143)
w(18,714,7,143)
r(10,104,7,143)
r(14,2,7,143)
r(6,96,7,143)
w(3,688,7,143)
r(5,2,7,143)
r(16,89,7,143)
w(8,690,7,143)
r(19,1,7,143)
r(15,3,7,143)
w(2,700,7,143)
r(0,93,7,143)
w(11,686,7,143)
w(17,688,7,143)
w(13,663,7,143)
r(4,3,7,143)
w(12,704,7,143)
r(7,105,7,143)
r(1,106,7,143)
r(15,921,7,144)
w(17,689,7,144)
w(10,728,7,144)
w(7,710,7,144)
w(12,705,7,144)
w(14,675,7,144)
w(18,715,7,144)
w(1,706,7,144)
r(5,891,7,144)
r(13,874,7,144)
r(2,899,7,144)
r(16,5,7,144)
r(0,889,7,144)
w(6,694,7,144)
w(11,687,7,144)
w(19,729,7,144)
w(4,698,7,144)
w(9,706,7,144)
r(3,5,7,144)
r(8,879,7,144)
r(2,194,7,145)
w(18,716,7,145)
w(17,690,7,145)
r(6,192,7,145)
w(9,707,7,145)
r(19,5,7,145)
w(7,711,7,145)
r(4,209,7,145)
w(15,726,7,145)
w(10,729,7,145)
r(12,108,7,145)
w(3,689,7,145)
w(13,664,7,145)
r(1,894,7,145)
w(11,688,7,145)
w(16,707,7,145)
r(8,205,7,145)
w(5,700,7,145)
w(14,676,7,145)
w(0,702,7,145)
r(16,201,7,146)
w(0,703,7,146)
w(7,712,7,146)
w(3,690,7,146)
r(8,205,7,146)
r(5,891,7,146)
r(2,194,7,146)
w(17,691,7,146)
w(18,717,7,146)
r(19,5,7,146)
w(15,727,7,146)
w(13,665,7,146)
w(12,706,7,146)
r(14,4,7,146)
w(4,699,7,146)
w(10,730,7,146)
r(1,894,7,146)
w(9,708,7,146)
r(6,192,7,146)
r(11,894,7,146)
w(1,707,7,147)
w(5,701,7,147)
w(0,704,7,147)
r(6,192,7,147)
w(7,713,7,147)
r(15,727,7,147)
r(18,717,7,147)
w(9,709,7,147)
w(14,677,7,147)
w(8,691,7,147)
w(17,692,7,147)
r(4,699,7,147)
w(13,666,7,147)
w(10,731,7,147)
w(12,707,7,147)
w(19,730,7,147)
r(2,194,7,147)
r(11,894,7,147)
r(3,690,7,147)
r(16,201,7,147)
w(7,714,7,148)
w(12,708,7,148)
r(1,111,7,148)
r(13,665,7,148)
w(4,700,7,148)
w(10,732,7,148)
w(16,708,7,148)
w(11,689,7,148)
w(18,718,7,148)
w(8,692,7,148)
r(15,116,7,148)
r(6,99,7,148)
r(5,105,7,148)
r(2,194,7,148)
r(9,708,7,148)
r(3,690,7,148)
w(14,678,7,148)
r(0,95,7,148)
w(17,693,7,148)
r(19,5,7,148)
w(0,705,7,149)
r(12,303,7,149)
r(6,8,7,149)
r(13,665,7,149)
w(2,701,7,149)
w(3,691,7,149)
r(14,296,7,149)
w(17,694,7,149)
r(10,311,7,149)
w(4,701,7,149)
w(11,690,7,149)
r(8,299,7,149)
r(7,109,7,149)
w(15,728,7,149)
w(16,709,7,149)
w(19,731,7,149)
w(18,719,7,149)
w(1,708,7,149)
r(9,708,7,149)
w(5,702,7,149)
w(18,720,7,150)
w(7,715,7,150)
r(6,8,7,150)
w(12,709,7,150)
w(1,709,7,150)
r(0,304,7,150)
r(10,311,7,150)
w(8,693,7,150)
r(16,295,7,150)
w(15,729,7,150)
r(13,665,7,150)
w(11,691,7,150)
w(19,732,7,150)
r(4,321,7,150)
r(5,299,7,150)
r(2,194,7,150)
w(3,692,7,150)
w(17,695,7,150)
w(14,679,7,150)
w(9,710,7,150)
w(18,721,7,151)
r(14,296,7,151)
r(13,665,7,151)
w(11,692,7,151)
w(6,695,7,151)
r(8,299,7,151)
r(0,304,7,151)
r(3,285,7,151)
w(12,710,7,151)
r(19,314,7,151)
r(9,708,7,151)
w(1,710,7,151)
r(17,288,7,151)
r(2,194,7,151)
w(5,703,7,151)
r(4,321,7,151)
r(10,311,7,151)
w(15,730,7,151)
r(16,295,7,151)
w(7,716,7,151)
w(10,733,7,152)
w(6,696,7,152)
w(15,731,7,152)
w(3,693,7,152)
w(13,667,7,152)
w(18,722,7,152)
r(11,894,7,152)
r(0,304,7,152)
r(1,307,7,152)
r(4,321,7,152)
r(12,303,7,152)
r(14,296,7,152)
r(2,194,7,152)
r(7,109,7,152)
r(8,299,7,152)
w(9,711,7,152)
r(17,288,7,152)
w(16,710,7,152)
w(5,704,7,152)
w(19,733,7,152)
r(11,894,7,153)
w(14,680,7,153)
w(12,711,7,153)
w(5,705,7,153)
w(13,668,7,153)
r(6,8,7,153)
w(7,717,7,153)
r(3,285,7,153)
w(19,734,7,153)
w(8,694,7,153)
w(2,702,7,153)
r(1,307,7,153)
w(16,711,7,153)
w(0,706,7,153)
w(10,734,7,153)
w(17,696,7,153)
r(9,708,7,153)
w(15,732,7,153)
r(18,7,7,153)
r(4,321,7,153)
r(10,311,7,154)
r(2,194,7,154)
r(13,665,7,154)
w(5,706,7,154)
r(18,7,7,154)
r(3,285,7,154)
w(7,718,7,154)
w(19,735,7,154)
w(14,681,7,154)
w(16,712,7,154)
r(17,288,7,154)
r(8,299,7,154)
w(12,712,7,154)
r(1,307,7,154)
r(6,8,7,154)
w(4,702,7,154)
r(9,708,7,154)
r(15,12,7,154)
w(0,707,7,154)
r(11,894,7,154)
r(10,409,7,155)
w(11,693,7,155)
w(13,669,7,155)
r(16,410,7,155)
w(5,707,7,155)
r(12,303,7,155)
w(4,703,7,155)
w(1,711,7,155)
w(19,736,7,155)
r(17,391,7,155)
r(14,400,7,155)
w(3,694,7,155)
r(2,396,7,155)
w(18,723,7,155)
w(0,708,7,155)
r(7,109,7,155)
r(9,418,7,155)
r(15,437,7,155)
r(6,403,7,155)
r(8,299,7,155)
r(7,924,7,156)
w(3,695,7,156)
w(5,708,7,156)
r(19,736,7,156)
w(13,670,7,156)
r(0,893,7,156)
r(11,200,7,156)
w(15,733,7,156)
r(4,924,7,156)
r(17,899,7,156)
r(16,205,7,156)
w(18,724,7,156)
r(6,197,7,156)
w(10,735,7,156)
w(9,712,7,156)
r(2,903,7,156)
r(8,211,7,156)
r(14,212,7,156)
w(12,713,7,156)
w(1,712,7,156)
w(16,713,7,157)
r(2,903,7,157)
w(3,696,7,157)
w(11,694,7,157)
w(0,709,7,157)
r(4,924,7,157)
r(6,197,7,157)
r(18,724,7,157)
r(8,211,7,157)
r(7,924,7,157)
r(9,712,7,157)
r(10,735,7,157)
r(13,670,7,157)
r(19,736,7,157)
w(17,697,7,157)
w(5,709,7,157)
r(1,712,7,157)
r(12,713,7,157)
w(15,734,7,157)
r(14,212,7,157)
w(18,725,7,158)
r(4,924,7,158)
w(3,697,7,158)
r(1,712,7,158)
w(15,735,7,158)
r(6,197,7,158)
r(0,893,7,158)
w(11,695,7,158)
r(17,899,7,158)
w(12,714,7,158)
r(19,736,7,158)
w(13,671,7,158)
w(2,703,7,158)
r(16,205,7,158)
r(8,211,7,158)
r(10,735,7,158)
r(7,924,7,158)
w(9,713,7,158)
w(5,710,7,158)
r(14,212,7,158)
w(10,736,7,159)
r(2,903,7,159)
r(0,893,7,159)
w(15,736,7,159)
w(5,711,7,159)
r(6,197,7,159)
r(18,724,7,159)
r(17,899,7,159)
r(1,712,7,159)
r(8,211,7,159)
r(13,670,7,159)
r(3,695,7,159)
r(16,205,7,159)
w(14,682,7,159)
r(11,200,7,159)
w(4,704,7,159)
w(7,719,7,159)
r(12,713,7,159)
w(9,714,7,159)
r(19,736,7,159)
r(1,3,8,160)
w(5,793,8,160)
w(14,777,8,160)
r(12,4,8,160)
r(13,2,8,160)
r(18,1,8,160)
w(4,805,8,160)
w(0,796,8,160)
w(17,783,8,160)
w(8,783,8,160)
w(7,813,8,160)
w(15,827,8,160)
r(19,1,8,160)
r(11,3,8,160)
r(6,2,8,160)
r(16,2,8,160)
r(2,2,8,160)
r(9,2,8,160)
r(3,2,8,160)
r(10,1,8,160)
w(7,814,8,161)
r(15,3,8,161)
r(5,2,8,161)
w(4,806,8,161)
w(0,797,8,161)
w(14,778,8,161)
r(8,103,8,161)
r(3,97,8,161)
w(17,784,8,161)
r(2,2,8,161)
w(12,802,8,161)
w(11,786,8,161)
w(16,814,8,161)
w(9,795,8,161)
w(10,821,8,161)
w(1,788,8,161)
r(18,102,8,161)
r(19,1,8,161)
r(6,96,8,161)
r(13,101,8,161)
r(4,3,8,162)
w(19,829,8,162)
w(13,763,8,162)
w(10,822,8,162)
w(15,828,8,162)
r(14,2,8,162)
w(17,785,8,162)
w(6,796,8,162)
w(9,796,8,162)
r(16,89,8,162)
r(12,108,8,162)
r(8,103,8,162)
w(3,785,8,162)
r(1,106,8,162)
w(11,787,8,162)
r(5,2,8,162)
w(7,815,8,162)
w(2,795,8,162)
w(0,798,8,162)
r(18,102,8,162)
w(1,789,8,163)
r(2,2,8,163)
w(4,807,8,163)
w(12,803,8,163)
w(11,788,8,163)
r(9,2,8,163)
w(6,797,8,163)
w(10,823,8,163)
r(8,103,8,163)
r(0,93,8,163)
r(16,89,8,163)
r(3,97,8,163)
w(18,816,8,163)
w(15,829,8,163)
w(19,830,8,163)
w(5,794,8,163)
r(17,3,8,163)
r(13,101,8,163)
r(14,2,8,163)
w(7,816,8,163)
r(16,89,8,164)
r(19,1,8,164)
w(5,795,8,164)
w(8,784,8,164)
w(17,786,8,164)
r(0,93,8,164)
w(9,797,8,164)
r(12,108,8,164)
r(3,97,8,164)
r(14,2,8,164)
r(1,106,8,164)
w(15,830,8,164)
w(4,808,8,164)
w(13,764,8,164)
r(10,104,8,164)
w(6,798,8,164)
r(2,2,8,164)
r(18,102,8,164)
w(11,789,8,164)
r(7,105,8,164)
w(12,804,8,165)
r(5,2,8,165)
r(0,93,8,165)
r(17,3,8,165)
r(16,89,8,165)
w(3,786,8,165)
r(6,96,8,165)
w(13,765,8,165)
w(18,817,8,165)
r(15,3,8,165)
w(11,790,8,165)
r(19,1,8,165)
w(9,798,8,165)
w(2,796,8,165)
w(10,824,8,165)
r(4,3,8,165)
r(7,105,8,165)
r(8,103,8,165)
w(1,790,8,165)
r(14,2,8,165)
r(10,104,8,166)
r(2,2,8,166)
r(11,97,8,166)
r(0,93,8,166)
w(15,831,8,166)
w(6,799,8,166)
r(1,106,8,166)
w(7,817,8,166)
w(9,799,8,166)
r(8,103,8,166)
r(17,3,8,166)
r(18,102,8,166)
r(16,89,8,166)
w(4,809,8,166)
r(14,2,8,166)
r(19,1,8,166)
w(13,766,8,166)
w(5,796,8,166)
w(12,805,8,166)
w(3,787,8,166)
w(4,810,8,167)
w(9,800,8,167)
r(16,919,8,167)
w(12,806,8,167)
r(8,878,8,167)
r(14,864,8,167)
w(0,799,8,167)
w(10,825,8,167)
r(13,873,8,167)
r(19,922,8,167)
r(7,919,8,167)
w(1,791,8,167)
r(15,920,8,167)
w(17,787,8,167)
w(18,818,8,167)
r(6,903,8,167)
r(5,2,8,167)
w(11,791,8,167)
r(2,2,8,167)
w(3,788,8,167)
r(15,921,8,168)
w(7,818,8,168)
w(2,797,8,168)
w(0,800,8,168)
r(16,201,8,168)
w(12,807,8,168)
w(10,826,8,168)
w(18,819,8,168)
w(11,792,8,168)
r(4,209,8,168)
r(5,891,8,168)
w(8,785,8,168)
r(13,874,8,168)
r(1,894,8,168)
w(19,831,8,168)
w(17,788,8,168)
r(3,197,8,168)
r(14,4,8,168)
w(6,800,8,168)
w(9,801,8,168)
r(14,4,8,169)
r(18,210,8,169)
w(2,798,8,169)
r(6,192,8,169)
w(16,815,8,169)
r(10,210,8,169)
r(19,5,8,169)
r(0,889,8,169)
w(17,789,8,169)
r(3,197,8,169)
r(11,894,8,169)
w(9,802,8,169)
r(4,209,8,169)
w(5,797,8,169)
r(15,921,8,169)
r(12,108,8,169)
r(8,205,8,169)
r(7,208,8,169)
r(13,874,8,169)
w(1,792,8,169)
r(4,209,8,170)
r(6,192,8,170)
w(11,793,8,170)
w(17,790,8,170)
r(1,894,8,170)
r(19,5,8,170)
r(18,210,8,170)
r(16,201,8,170)
r(0,889,8,170)
w(5,798,8,170)
w(14,779,8,170)
w(9,803,8,170)
w(13,767,8,170)
w(7,819,8,170)
w(12,808,8,170)
w(2,799,8,170)
r(15,921,8,170)
r(8,205,8,170)
r(10,210,8,170)
w(3,789,8,170)
r(19,5,8,171)
r(15,727,8,171)
w(13,768,8,171)
w(7,820,8,171)
r(16,201,8,171)
r(2,194,8,171)
w(6,801,8,171)
r(5,891,8,171)
r(12,706,8,171)
r(17,691,8,171)
w(9,804,8,171)
w(4,811,8,171)
w(11,794,8,171)
w(1,793,8,171)
r(0,703,8,171)
w(18,820,8,171)
w(10,827,8,171)
w(8,786,8,171)
r(3,690,8,171)
w(14,780,8,171)
w(8,787,8,172)
w(11,795,8,172)
w(2,800,8,172)
r(15,727,8,172)
w(19,832,8,172)
r(7,712,8,172)
w(3,790,8,172)
r(18,717,8,172)
r(14,4,8,172)
r(17,691,8,172)
w(13,769,8,172)
r(4,699,8,172)
r(0,703,8,172)
r(5,891,8,172)
w(1,794,8,172)
w(12,809,8,172)
r(16,201,8,172)
r(9,708,8,172)
w(10,828,8,172)
r(6,192,8,172)
w(1,795,8,173)
w(19,833,8,173)
w(16,816,8,173)
r(10,730,8,173)
w(18,821,8,173)
w(2,801,8,173)
w(5,799,8,173)
r(13,665,8,173)
r(4,699,8,173)
r(3,690,8,173)
w(8,788,8,173)
r(14,4,8,173)
r(0,703,8,173)
r(17,691,8,173)
w(7,821,8,173)
w(11,796,8,173)
w(12,810,8,173)
w(9,805,8,173)
w(6,802,8,173)
w(15,832,8,173)
w(13,770,8,174)
r(9,708,8,174)
w(16,817,8,174)
w(18,822,8,174)
w(4,812,8,174)
r(11,894,8,174)
w(10,829,8,174)
w(19,834,8,174)
w(6,803,8,174)
r(3,285,8,174)
r(8,299,8,174)
r(12,303,8,174)
w(7,822,8,174)
w(0,801,8,174)
r(17,288,8,174)
r(2,194,8,174)
r(15,12,8,174)
r(1,307,8,174)
w(14,781,8,174)
r(5,299,8,174)
r(8,299,8,175)
r(10,311,8,175)
r(13,665,8,175)
w(15,833,8,175)
w(7,823,8,175)
w(18,823,8,175)
r(1,307,8,175)
r(12,303,8,175)
w(9,806,8,175)
r(3,285,8,175)
w(5,800,8,175)
w(6,804,8,175)
r(4,321,8,175)
w(19,835,8,175)
w(2,802,8,175)
w(11,797,8,175)
r(0,304,8,175)
w(16,818,8,175)
r(14,296,8,175)
r(17,288,8,175)
w(2,803,8,176)
w(7,824,8,176)
r(10,311,8,176)
w(11,798,8,176)
r(18,7,8,176)
w(3,791,8,176)
w(12,811,8,176)
w(0,802,8,176)
r(17,288,8,176)
w(14,782,8,176)
r(15,12,8,176)
r(8,299,8,176)
w(6,805,8,176)
r(16,295,8,176)
r(1,307,8,176)
r(19,314,8,176)
r(5,299,8,176)
r(4,321,8,176)
r(13,665,8,176)
r(9,708,8,176)
r(14,400,8,177)
r(11,599,8,177)
r(1,606,8,177)
r(17,586,8,177)
w(9,807,8,177)
w(13,771,8,177)
w(8,789,8,177)
r(5,707,8,177)
w(18,824,8,177)
r(10,409,8,177)
r(12,303,8,177)
w(3,792,8,177)
r(6,403,8,177)
r(16,599,8,177)
r(0,616,8,177)
w(19,836,8,177)
w(15,834,8,177)
w(4,813,8,177)
w(7,825,8,177)
w(2,804,8,177)
r(5,707,8,178)
w(12,812,8,178)
w(16,819,8,178)
r(6,403,8,178)
w(9,808,8,178)
w(13,772,8,178)
w(3,793,8,178)
w(7,826,8,178)
w(10,830,8,178)
r(17,586,8,178)
r(0,616,8,178)
r(15,643,8,178)
w(2,805,8,178)
w(19,837,8,178)
w(18,825,8,178)
w(11,799,8,178)
w(14,783,8,178)
w(1,796,8,178)
r(4,606,8,178)
w(8,790,8,178)
r(14,112,8,179)
w(4,814,8,179)
w(8,791,8,179)
r(5,707,8,179)
r(1,116,8,179)
r(9,616,8,179)
w(6,806,8,179)
r(16,97,8,179)
r(19,736,8,179)
w(15,835,8,179)
r(12,118,8,179)
r(0,98,8,179)
r(3,104,8,179)
w(17,791,8,179)
w(2,806,8,179)
w(7,827,8,179)
w(13,773,8,179)
r(18,615,8,179)
r(11,99,8,179)
r(10,113,8,179)
w(10,922,9,180)
r(0,3,9,180)
r(16,2,9,180)
w(18,917,9,180)
w(4,915,9,180)
w(2,897,9,180)
w(8,877,9,180)
r(1,3,9,180)
w(13,872,9,180)
w(12,901,9,180)
w(15,919,9,180)
w(7,918,9,180)
w(6,902,9,180)
r(19,1,9,180)
r(5,2,9,180)
w(11,892,9,180)
w(17,891,9,180)
r(14,2,9,180)
r(9,2,9,180)
r(3,2,9,180)
w(14,864,9,181)
w(1,892,9,181)
r(2,2,9,181)
w(4,916,9,181)
w(10,923,9,181)
r(12,108,9,181)
w(15,920,9,181)
r(9,2,9,181)
w(13,873,9,181)
w(18,918,9,181)
w(0,887,9,181)
w(7,919,9,181)
r(11,97,9,181)
r(5,2,9,181)
w(8,878,9,181)
w(19,922,9,181)
w(17,892,9,181)
w(6,903,9,181)
w(3,881,9,181)
w(16,919,9,181)
w(7,920,9,182)
r(13,873,9,182)
w(2,898,9,182)
r(12,108,9,182)
w(14,865,9,182)
r(17,892,9,182)
r(8,878,9,182)
r(5,2,9,182)
w(11,893,9,182)
r(15,920,9,182)
r(19,922,9,182)
w(16,920,9,182)
w(6,904,9,182)
r(9,2,9,182)
r(3,881,9,182)
w(4,917,9,182)
w(1,893,9,182)
w(0,888,9,182)
r(10,923,9,182)
r(18,918,9,182)
r(16,5,9,183)
w(8,879,9,183)
w(11,894,9,183)
w(6,905,9,183)
w(9,906,9,183)
w(2,899,9,183)
w(1,894,9,183)
w(15,921,9,183)
r(7,4,9,183)
w(18,919,9,183)
w(5,891,9,183)
r(3,5,9,183)
r(12,108,9,183)
w(4,918,9,183)
w(0,889,9,183)
w(13,874,9,183)
w(10,924,9,183)
w(17,893,9,183)
r(14,4,9,183)
r(19,5,9,183)
r(14,4,9,184)
r(3,5,9,184)
r(8,879,9,184)
r(18,919,9,184)
w(15,922,9,184)
w(10,925,9,184)
r(4,918,9,184)
r(5,891,9,184)
r(19,5,9,184)
r(2,899,9,184)
r(9,906,9,184)
r(17,893,9,184)
r(0,889,9,184)
w(1,895,9,184)
w(12,902,9,184)
w(11,895,9,184)
r(16,5,9,184)
r(7,4,9,184)
w(6,906,9,184)
r(13,874,9,184)
w(0,890,9,185)
r(12,108,9,185)
w(17,894,9,185)
r(11,894,9,185)
r(3,197,9,185)
w(7,921,9,185)
r(9,210,9,185)
r(6,192,9,185)
w(18,920,9,185)
r(13,874,9,185)
r(2,194,9,185)
r(1,894,9,185)
w(16,921,9,185)
w(10,926,9,185)
w(8,880,9,185)
r(14,4,9,185)
w(5,892,9,185)
w(4,919,9,185)
r(19,5,9,185)
w(15,923,9,185)
r(0,304,9,186)
w(4,920,9,186)
w(19,923,9,186)
r(9,708,9,186)
w(5,893,9,186)
w(14,866,9,186)
w(1,896,9,186)
r(3,285,9,186)
w(8,881,9,186)
w(12,903,9,186)
r(2,194,9,186)
w(17,895,9,186)
r(15,12,9,186)
r(7,109,9,186)
r(10,311,9,186)
r(13,665,9,186)
w(16,922,9,186)
r(6,8,9,186)
w(18,921,9,186)
w(11,896,9,186)
r(12,303,9,187)
w(7,922,9,187)
w(10,927,9,187)
r(16,295,9,187)
w(15,924,9,187)
w(5,894,9,187)
w(8,882,9,187)
w(17,896,9,187)
r(18,7,9,187)
r(19,314,9,187)
r(1,307,9,187)
w(9,907,9,187)
r(11,894,9,187)
r(13,665,9,187)
w(14,867,9,187)
r(6,8,9,187)
r(3,285,9,187)
r(4,321,9,187)
w(0,891,9,187)
w(2,900,9,187)
r(3,285,9,188)
r(9,708,9,188)
w(4,921,9,188)
w(16,923,9,188)
r(13,665,9,188)
r(8,299,9,188)
r(17,288,9,188)
r(19,314,9,188)
w(11,897,9,188)
r(5,299,9,188)
w(12,904,9,188)
r(18,7,9,188)
w(10,928,9,188)
r(0,304,9,188)
r(7,109,9,188)
r(1,307,9,188)
w(6,907,9,188)
r(15,12,9,188)
r(14,296,9,188)
w(2,901,9,188)
r(12,303,9,189)
w(5,895,9,189)
r(10,311,9,189)
r(2,194,9,189)
w(7,923,9,189)
r(15,12,9,189)
r(11,894,9,189)
w(14,868,9,189)
w(0,892,9,189)
w(17,897,9,189)
w(19,924,9,189)
r(3,285,9,189)
w(4,922,9,189)
r(16,295,9,189)
w(9,908,9,189)
w(13,875,9,189)
r(6,8,9,189)
w(1,897,9,189)
r(18,7,9,189)
r(8,299,9,189)
r(15,12,9,190)
w(8,883,9,190)
w(2,902,9,190)
r(14,296,9,190)
r(7,109,9,190)
r(10,311,9,190)
w(11,898,9,190)
w(4,923,9,190)
w(13,876,9,190)
w(17,898,9,190)
r(0,304,9,190)
r(1,307,9,190)
w(3,882,9,190)
r(5,299,9,190)
w(9,909,9,190)
r(18,7,9,190)
w(12,905,9,190)
r(16,295,9,190)
w(19,925,9,190)
r(6,8,9,190)
r(10,214,9,191)
r(14,212,9,191)
r(11,200,9,191)
r(3,104,9,191)
r(15,120,9,191)
w(7,924,9,191)
r(6,197,9,191)
w(18,922,9,191)
w(9,910,9,191)
w(0,893,9,191)
w(2,903,9,191)
r(19,736,9,191)
r(8,211,9,191)
w(12,906,9,191)
w(17,899,9,191)
w(4,924,9,191)
r(16,205,9,191)
w(13,877,9,191)
r(1,116,9,191)
w(5,896,9,191)
w(3,883,9,192)
w(13,878,9,192)
w(2,904,9,192)
r(6,197,9,192)
r(7,924,9,192)
w(4,925,9,192)
r(12,713,9,192)
r(5,708,9,192)
w(11,899,9,192)
w(0,894,9,192)
r(16,205,9,192)
r(9,712,9,192)
w(17,900,9,192)
w(18,923,9,192)
w(10,929,9,192)
r(15,733,9,192)
w(1,898,9,192)
w(8,884,9,192)
r(19,736,9,192)
w(14,869,9,192)
w(15,925,9,193)
w(4,926,9,193)
r(2,903,9,193)
w(16,924,9,193)
w(0,895,9,193)
w(5,897,9,193)
r(11,302,9,193)
w(8,885,9,193)
r(1,610,9,193)
w(18,924,9,193)
w(19,926,9,193)
r(6,104,9,193)
w(7,925,9,193)
r(10,627,9,193)
r(14,304,9,193)
r(9,712,9,193)
w(17,901,9,193)
w(3,884,9,193)
w(13,879,9,193)
w(12,907,9,193)
r(19,631,9,194)
r(15,644,9,194)
w(7,926,9,194)
r(12,608,9,194)
w(8,886,9,194)
r(1,613,9,194)
w(16,925,9,194)
r(11,604,9,194)
r(9,620,9,194)
r(0,895,9,194)
r(3,884,9,194)
w(14,870,9,194)
r(18,618,9,194)
r(10,628,9,194)
r(4,614,9,194)
r(5,603,9,194)
w(6,908,9,194)
w(2,905,9,194)
r(13,879,9,194)
r(17,591,9,194)
w(1,899,9,195)
r(19,631,9,195)
w(3,885,9,195)
r(9,620,9,195)
w(14,871,9,195)
w(17,902,9,195)
w(4,927,9,195)
w(11,900,9,195)
r(16,925,9,195)
w(10,930,9,195)
w(13,880,9,195)
r(2,905,9,195)
r(8,886,9,195)
w(7,927,9,195)
r(5,603,9,195)
w(15,926,9,195)
r(12,608,9,195)
w(18,925,9,195)
w(0,896,9,195)
r(6,908,9,195)
r(19,631,9,196)
w(9,911,9,196)
w(3,886,9,196)
r(7,927,9,196)
r(11,900,9,196)
r(15,926,9,196)
w(12,908,9,196)
r(6,908,9,196)
r(0,896,9,196)
w(8,887,9,196)
r(10,930,9,196)
r(1,899,9,196)
w(18,926,9,196)
w(17,903,9,196)
w(5,898,9,196)
w(14,872,9,196)
r(4,927,9,196)
w(2,906,9,196)
r(13,880,9,196)
w(16,926,9,196)
w(16,927,9,197)
w(3,887,9,197)
r(12,908,9,197)
w(7,928,9,197)
r(1,222,9,197)
r(17,903,9,197)
r(10,216,9,197)
w(13,881,9,197)
r(4,219,9,197)
w(8,888,9,197)
r(9,911,9,197)
w(0,897,9,197)
r(15,226,9,197)
w(14,873,9,197)
w(6,909,9,197)
r(2,197,9,197)
w(18,927,9,197)
r(5,218,9,197)
w(11,901,9,197)
r(19,212,9,197)
w(7,929,9,198)
r(3,887,9,198)
r(19,212,9,198)
r(6,909,9,198)
w(4,928,9,198)
r(2,197,9,198)
r(18,927,9,198)
w(5,899,9,198)
r(13,881,9,198)
w(12,909,9,198)
r(1,222,9,198)
w(10,931,9,198)
w(17,904,9,198)
w(15,927,9,198)
r(9,911,9,198)
w(16,928,9,198)
w(11,902,9,198)
r(14,873,9,198)
r(0,897,9,198)
w(8,889,9,198)
r(3,887,9,199)
r(16,928,9,199)
r(19,212,9,199)
w(12,910,9,199)
w(9,912,9,199)
r(0,897,9,199)
r(2,197,9,199)
w(5,900,9,199)
w(1,900,9,199)
w(17,905,9,199)
r(18,927,9,199)
r(11,902,9,199)
r(6,909,9,199)
r(14,873,9,199)
w(7,930,9,199)
r(8,889,9,199)
w(4,929,9,199)
w(10,932,9,199)
r(15,927,9,199)
w(13,882,9,199)
