r(8,95,0,0)
r(19,90,0,0)
r(6,107,0,0)
r(10,108,0,0)
w(18,1,0,0)
w(12,1,0,0)
r(2,94,0,0)
w(0,1,0,0)
r(7,109,0,0)
r(3,107,0,0)
w(14,1,0,0)
r(9,102,0,0)
r(11,90,0,0)
r(15,104,0,0)
w(5,1,0,0)
r(16,104,0,0)
r(1,111,0,0)
w(13,1,0,0)
r(4,98,0,0)
w(17,1,0,0)
r(6,410,0,1)
w(9,1,0,1)
r(2,389,0,1)
w(16,1,0,1)
r(15,421,0,1)
w(0,2,0,1)
w(3,1,0,1)
w(13,2,0,1)
w(4,1,0,1)
r(8,411,0,1)
w(11,1,0,1)
r(1,395,0,1)
r(19,386,0,1)
r(10,395,0,1)
r(12,403,0,1)
w(7,1,0,1)
w(14,2,0,1)
r(5,396,0,1)
w(17,2,0,1)
w(18,2,0,1)
w(4,2,0,2)
r(1,395,0,2)
r(3,400,0,2)
r(17,382,0,2)
w(16,2,0,2)
r(14,374,0,2)
r(5,396,0,2)
w(10,1,0,2)
r(12,403,0,2)
w(11,2,0,2)
w(7,2,0,2)
w(9,2,0,2)
r(15,421,0,2)
r(2,389,0,2)
r(6,410,0,2)
w(19,1,0,2)
r(0,297,0,2)
r(18,444,0,2)
w(8,1,0,2)
w(13,3,0,2)
r(10,591,0,3)
w(13,4,0,3)
r(15,421,0,3)
r(19,93,0,3)
w(6,1,0,3)
r(12,598,0,3)
w(5,2,0,3)
r(3,605,0,3)
r(0,594,0,3)
w(7,3,0,3)
w(4,3,0,3)
r(11,95,0,3)
w(16,3,0,3)
r(14,568,0,3)
r(17,586,0,3)
w(2,1,0,3)
r(18,665,0,3)
w(9,3,0,3)
w(8,2,0,3)
w(1,1,0,3)
w(11,3,0,4)
r(14,568,0,4)
w(4,4,0,4)
r(3,605,0,4)
w(10,2,0,4)
w(0,3,0,4)
w(9,4,0,4)
w(1,2,0,4)
w(18,3,0,4)
r(13,623,0,4)
w(6,2,0,4)
r(2,595,0,4)
w(17,3,0,4)
r(16,110,0,4)
r(5,608,0,4)
w(8,3,0,4)
w(15,1,0,4)
w(12,2,0,4)
r(19,93,0,4)
r(7,113,0,4)
r(16,685,0,5)
r(0,594,0,5)
r(10,591,0,5)
w(6,3,0,5)
r(1,119,0,5)
w(5,3,0,5)
r(19,93,0,5)
r(7,702,0,5)
r(13,721,0,5)
w(12,3,0,5)
w(8,4,0,5)
r(4,675,0,5)
r(11,95,0,5)
w(2,2,0,5)
w(15,2,0,5)
w(3,2,0,5)
r(17,691,0,5)
r(9,109,0,5)
w(14,3,0,5)
r(18,665,0,5)
r(6,213,0,6)
r(11,95,0,6)
r(9,109,0,6)
w(17,4,0,6)
r(15,208,0,6)
r(5,202,0,6)
w(14,4,0,6)
r(18,213,0,6)
w(10,3,0,6)
r(3,605,0,6)
r(4,675,0,6)
r(8,213,0,6)
w(2,3,0,6)
w(13,5,0,6)
w(1,3,0,6)
w(19,2,0,6)
r(0,196,0,6)
w(7,4,0,6)
r(16,209,0,6)
r(12,598,0,6)
w(0,4,0,7)
w(7,5,0,7)
w(13,6,0,7)
w(9,5,0,7)
r(12,508,0,7)
w(3,3,0,7)
w(11,4,0,7)
r(17,495,0,7)
w(5,4,0,7)
r(1,307,0,7)
r(19,168,0,7)
w(16,4,0,7)
w(14,5,0,7)
r(15,525,0,7)
w(6,4,0,7)
w(4,5,0,7)
r(8,516,0,7)
r(18,560,0,7)
r(10,210,0,7)
w(2,4,0,7)
r(19,168,0,8)
w(15,3,0,8)
w(7,6,0,8)
r(13,301,0,8)
w(12,4,0,8)
w(0,5,0,8)
r(11,475,0,8)
w(4,6,0,8)
w(17,5,0,8)
r(10,210,0,8)
r(5,493,0,8)
w(3,4,0,8)
w(14,6,0,8)
w(9,6,0,8)
w(2,5,0,8)
r(6,517,0,8)
w(18,4,0,8)
r(16,494,0,8)
w(1,4,0,8)
w(8,5,0,8)
r(17,208,0,9)
r(0,501,0,9)
r(6,912,0,9)
r(10,212,0,9)
w(4,7,0,9)
r(3,504,0,9)
r(18,997,0,9)
r(2,183,0,9)
w(1,5,0,9)
w(19,3,0,9)
r(9,891,0,9)
w(8,6,0,9)
r(13,923,0,9)
r(5,494,0,9)
w(12,5,0,9)
w(16,5,0,9)
r(11,190,0,9)
r(7,897,0,9)
w(15,4,0,9)
w(14,7,0,9)
r(6,912,0,10)
r(8,217,0,10)
r(12,914,0,10)
r(4,878,0,10)
r(5,494,0,10)
w(10,4,0,10)
w(18,5,0,10)
w(13,7,0,10)
w(17,6,0,10)
w(3,5,0,10)
r(11,190,0,10)
w(14,8,0,10)
r(16,884,0,10)
r(7,897,0,10)
w(2,6,0,10)
r(15,211,0,10)
w(1,6,0,10)
r(19,884,0,10)
w(9,7,0,10)
w(0,6,0,10)
w(19,4,0,11)
r(0,303,0,11)
w(13,8,0,11)
r(17,387,0,11)
w(9,8,0,11)
w(4,8,0,11)
w(10,5,0,11)
w(3,6,0,11)
w(8,7,0,11)
w(14,9,0,11)
r(6,314,0,11)
w(12,6,0,11)
w(5,5,0,11)
r(7,897,0,11)
w(2,7,0,11)
r(16,410,0,11)
r(1,309,0,11)
w(18,6,0,11)
w(11,5,0,11)
r(15,322,0,11)
r(12,819,0,12)
r(3,506,0,12)
w(13,9,0,12)
w(17,7,0,12)
r(11,477,0,12)
w(5,6,0,12)
w(1,7,0,12)
r(19,779,0,12)
r(2,802,0,12)
w(14,10,0,12)
w(18,7,0,12)
w(7,7,0,12)
w(0,7,0,12)
r(8,416,0,12)
r(4,388,0,12)
w(6,5,0,12)
r(10,818,0,12)
w(16,6,0,12)
r(15,426,0,12)
r(9,400,0,12)
r(12,206,0,13)
r(11,193,0,13)
w(2,8,0,13)
w(6,6,0,13)
w(9,9,0,13)
w(14,11,0,13)
r(19,779,0,13)
r(5,614,0,13)
r(0,601,0,13)
r(13,208,0,13)
w(3,7,0,13)
r(15,215,0,13)
r(17,784,0,13)
r(18,214,0,13)
r(4,198,0,13)
w(8,8,0,13)
w(1,8,0,13)
w(10,6,0,13)
w(7,8,0,13)
r(16,213,0,13)
w(3,8,0,14)
r(14,787,0,14)
r(8,823,0,14)
r(18,882,0,14)
w(10,7,0,14)
w(15,5,0,14)
r(2,803,0,14)
r(13,824,0,14)
r(6,815,0,14)
r(1,791,0,14)
w(11,6,0,14)
w(12,7,0,14)
w(9,10,0,14)
r(7,802,0,14)
w(0,8,0,14)
r(19,779,0,14)
w(16,7,0,14)
w(17,8,0,14)
w(5,7,0,14)
w(4,9,0,14)
r(17,8,0,15)
r(1,791,0,15)
w(4,10,0,15)
w(12,8,0,15)
r(19,779,0,15)
r(10,7,0,15)
r(14,787,0,15)
w(9,11,0,15)
r(11,6,0,15)
r(18,882,0,15)
w(8,9,0,15)
w(15,6,0,15)
w(6,7,0,15)
w(7,9,0,15)
w(16,8,0,15)
w(3,9,0,15)
r(2,803,0,15)
w(5,8,0,15)
w(13,10,0,15)
r(0,8,0,15)
w(17,9,0,16)
r(0,8,0,16)
r(11,6,0,16)
w(12,9,0,16)
r(7,9,0,16)
w(13,11,0,16)
w(4,11,0,16)
r(2,803,0,16)
r(19,780,0,16)
w(18,8,0,16)
r(1,792,0,16)
r(9,796,0,16)
r(14,787,0,16)
w(5,9,0,16)
w(16,9,0,16)
r(10,821,0,16)
w(15,7,0,16)
r(3,809,0,16)
r(8,9,0,16)
r(6,816,0,16)
w(5,10,0,17)
r(14,788,0,17)
r(15,7,0,17)
w(9,12,0,17)
r(18,884,0,17)
r(8,9,0,17)
r(19,781,0,17)
r(2,804,0,17)
w(7,10,0,17)
r(13,825,0,17)
r(4,769,0,17)
r(16,784,0,17)
r(0,8,0,17)
r(12,820,0,17)
r(3,810,0,17)
w(6,8,0,17)
w(10,8,0,17)
r(1,792,0,17)
w(17,10,0,17)
r(11,766,0,17)
w(3,10,0,18)
w(8,10,0,18)
r(14,788,0,18)
w(17,11,0,18)
w(9,13,0,18)
r(7,803,0,18)
r(10,822,0,18)
w(6,9,0,18)
w(1,9,0,18)
w(4,12,0,18)
r(5,811,0,18)
r(15,7,0,18)
w(2,9,0,18)
w(13,12,0,18)
r(16,784,0,18)
w(19,5,0,18)
r(12,820,0,18)
r(18,884,0,18)
w(11,7,0,18)
w(0,9,0,18)
w(13,13,0,19)
r(5,811,0,19)
w(14,12,0,19)
r(8,10,0,19)
r(0,9,0,19)
w(15,8,0,19)
r(4,12,0,19)
w(18,9,0,19)
r(10,822,0,19)
w(11,8,0,19)
w(9,14,0,19)
w(16,10,0,19)
r(3,10,0,19)
r(17,11,0,19)
r(1,9,0,19)
r(2,9,0,19)
r(7,803,0,19)
w(6,10,0,19)
r(12,820,0,19)
r(19,5,0,19)
r(10,0,1,20)
w(17,99,1,20)
w(11,90,1,20)
r(18,0,1,20)
r(8,0,1,20)
r(16,0,1,20)
w(5,102,1,20)
r(12,0,1,20)
r(6,0,1,20)
w(9,102,1,20)
r(3,0,1,20)
w(2,89,1,20)
r(19,0,1,20)
r(15,0,1,20)
r(1,0,1,20)
w(7,106,1,20)
w(0,102,1,20)
r(14,0,1,20)
w(4,95,1,20)
r(13,0,1,20)
r(11,90,1,21)
w(13,99,1,21)
r(14,0,1,21)
w(10,105,1,21)
w(3,106,1,21)
r(5,102,1,21)
w(16,101,1,21)
r(7,106,1,21)
r(19,0,1,21)
w(1,107,1,21)
r(9,102,1,21)
w(2,90,1,21)
w(15,102,1,21)
r(4,95,1,21)
w(18,100,1,21)
w(0,103,1,21)
r(6,0,1,21)
w(8,93,1,21)
r(12,0,1,21)
w(17,100,1,21)
r(13,99,1,22)
w(2,91,1,22)
r(7,106,1,22)
r(3,106,1,22)
r(4,95,1,22)
w(16,102,1,22)
r(14,0,1,22)
w(10,106,1,22)
r(9,102,1,22)
w(12,106,1,22)
w(17,101,1,22)
w(1,108,1,22)
r(5,102,1,22)
r(8,93,1,22)
w(15,103,1,22)
r(11,90,1,22)
w(18,101,1,22)
r(0,103,1,22)
r(19,0,1,22)
r(6,0,1,22)
w(18,102,1,23)
r(13,99,1,23)
r(8,93,1,23)
w(7,107,1,23)
r(10,106,1,23)
w(0,104,1,23)
r(9,102,1,23)
r(16,102,1,23)
r(15,103,1,23)
r(11,90,1,23)
w(12,107,1,23)
w(17,102,1,23)
r(14,0,1,23)
r(5,102,1,23)
w(6,107,1,23)
r(19,0,1,23)
w(1,109,1,23)
w(4,96,1,23)
w(3,107,1,23)
w(2,92,1,23)
w(7,108,1,24)
r(11,90,1,24)
w(12,108,1,24)
r(16,102,1,24)
w(18,103,1,24)
w(8,94,1,24)
w(1,110,1,24)
r(17,102,1,24)
w(5,103,1,24)
r(10,106,1,24)
r(19,0,1,24)
r(6,107,1,24)
w(0,105,1,24)
r(3,107,1,24)
w(13,100,1,24)
w(15,104,1,24)
w(2,93,1,24)
w(14,95,1,24)
r(9,102,1,24)
w(4,97,1,24)
w(10,107,1,25)
r(4,97,1,25)
r(9,102,1,25)
w(7,109,1,25)
w(16,103,1,25)
r(15,104,1,25)
r(3,107,1,25)
r(5,103,1,25)
r(2,93,1,25)
r(8,94,1,25)
w(12,109,1,25)
w(0,106,1,25)
r(6,107,1,25)
r(19,0,1,25)
w(18,104,1,25)
r(13,100,1,25)
r(1,110,1,25)
r(11,90,1,25)
w(17,103,1,25)
r(14,95,1,25)
w(18,105,1,26)
r(0,106,1,26)
w(10,108,1,26)
w(13,101,1,26)
w(2,94,1,26)
r(5,103,1,26)
w(16,104,1,26)
r(7,109,1,26)
w(4,98,1,26)
r(14,95,1,26)
r(6,107,1,26)
w(1,111,1,26)
w(19,90,1,26)
w(8,95,1,26)
r(9,102,1,26)
r(11,90,1,26)
r(17,103,1,26)
r(15,104,1,26)
w(12,110,1,26)
r(3,107,1,26)
w(7,110,1,27)
r(11,90,1,27)
r(10,108,1,27)
w(4,99,1,27)
r(6,107,1,27)
w(19,91,1,27)
w(5,104,1,27)
r(1,111,1,27)
w(17,104,1,27)
r(8,95,1,27)
w(2,95,1,27)
r(13,101,1,27)
r(3,107,1,27)
w(16,105,1,27)
w(12,111,1,27)
r(14,95,1,27)
r(9,102,1,27)
r(0,106,1,27)
w(15,105,1,27)
w(18,106,1,27)
w(3,108,1,28)
r(14,95,1,28)
r(9,699,1,28)
r(19,90,1,28)
w(13,102,1,28)
r(15,709,1,28)
w(1,112,1,28)
w(10,109,1,28)
w(5,105,1,28)
w(11,91,1,28)
w(12,112,1,28)
r(17,682,1,28)
w(6,108,1,28)
r(0,106,1,28)
w(4,100,1,28)
r(2,690,1,28)
w(7,111,1,28)
r(18,757,1,28)
r(16,104,1,28)
r(8,711,1,28)
w(9,103,1,29)
r(11,560,1,29)
w(3,109,1,29)
r(16,778,1,29)
r(4,764,1,29)
w(5,106,1,29)
w(6,109,1,29)
w(18,107,1,29)
r(13,819,1,29)
r(12,812,1,29)
r(8,818,1,29)
w(2,96,1,29)
w(10,110,1,29)
r(14,783,1,29)
r(7,799,1,29)
r(19,775,1,29)
r(1,111,1,29)
w(17,105,1,29)
w(15,106,1,29)
w(0,107,1,29)
w(18,108,1,30)
r(17,285,1,30)
r(4,764,1,30)
w(3,110,1,30)
r(8,306,1,30)
w(16,106,1,30)
w(1,113,1,30)
w(15,107,1,30)
w(13,103,1,30)
r(10,813,1,30)
w(5,107,1,30)
r(6,808,1,30)
r(14,275,1,30)
r(11,560,1,30)
r(0,297,1,30)
r(7,799,1,30)
r(19,775,1,30)
w(2,97,1,30)
w(9,104,1,30)
w(12,113,1,30)
w(7,112,1,31)
w(13,104,1,31)
r(2,273,1,31)
w(15,108,1,31)
w(3,111,1,31)
r(12,403,1,31)
r(10,394,1,31)
w(8,96,1,31)
r(17,285,1,31)
w(18,109,1,31)
r(0,297,1,31)
r(4,764,1,31)
w(5,108,1,31)
w(1,114,1,31)
w(9,105,1,31)
r(11,560,1,31)
r(14,275,1,31)
r(6,808,1,31)
r(19,775,1,31)
r(16,305,1,31)
w(5,109,1,32)
r(1,394,1,32)
r(7,799,1,32)
w(0,108,1,32)
r(18,444,1,32)
r(2,273,1,32)
r(14,275,1,32)
r(3,400,1,32)
w(12,114,1,32)
w(4,101,1,32)
r(17,285,1,32)
w(11,92,1,32)
w(6,110,1,32)
r(19,775,1,32)
r(16,305,1,32)
r(9,394,1,32)
w(15,109,1,32)
w(13,105,1,32)
w(10,111,1,32)
r(8,411,1,32)
r(5,395,1,33)
w(6,111,1,33)
r(19,775,1,33)
w(2,98,1,33)
w(16,107,1,33)
w(18,110,1,33)
r(15,316,1,33)
r(11,560,1,33)
r(0,297,1,33)
w(12,115,1,33)
w(4,102,1,33)
w(3,112,1,33)
w(14,96,1,33)
r(7,799,1,33)
w(17,106,1,33)
r(13,408,1,33)
r(10,394,1,33)
w(9,106,1,33)
w(1,115,1,33)
w(8,97,1,33)
w(17,107,1,34)
w(15,110,1,34)
w(0,109,1,34)
w(3,113,1,34)
r(4,384,1,34)
r(9,395,1,34)
r(5,396,1,34)
r(12,403,1,34)
r(7,799,1,34)
w(14,97,1,34)
r(6,410,1,34)
w(2,99,1,34)
w(11,93,1,34)
r(13,409,1,34)
w(8,98,1,34)
w(18,111,1,34)
w(10,112,1,34)
w(16,108,1,34)
r(19,386,1,34)
w(1,116,1,34)
w(11,94,1,35)
r(10,495,1,35)
w(1,117,1,35)
r(5,490,1,35)
r(0,297,1,35)
w(9,107,1,35)
r(15,421,1,35)
r(3,501,1,35)
r(4,384,1,35)
w(16,109,1,35)
w(13,106,1,35)
w(19,92,1,35)
w(18,112,1,35)
r(12,403,1,35)
w(8,99,1,35)
r(17,490,1,35)
r(7,799,1,35)
w(6,112,1,35)
r(2,488,1,35)
w(14,98,1,35)
w(16,110,1,36)
w(10,113,1,36)
r(15,421,1,36)
r(4,384,1,36)
r(9,395,1,36)
r(12,403,1,36)
w(8,100,1,36)
w(7,113,1,36)
w(6,113,1,36)
w(3,114,1,36)
w(0,110,1,36)
w(2,100,1,36)
w(18,113,1,36)
w(11,95,1,36)
w(5,110,1,36)
w(1,118,1,36)
r(14,466,1,36)
w(19,93,1,36)
w(13,107,1,36)
w(17,108,1,36)
w(6,114,1,37)
r(1,581,1,37)
w(3,115,1,37)
r(2,595,1,37)
r(14,568,1,37)
w(8,101,1,37)
r(12,598,1,37)
w(5,111,1,37)
r(16,110,1,37)
r(15,421,1,37)
w(7,114,1,37)
w(18,114,1,37)
w(9,108,1,37)
r(13,623,1,37)
w(17,109,1,37)
w(19,94,1,37)
r(11,95,1,37)
w(4,103,1,37)
w(0,111,1,37)
r(10,591,1,37)
r(16,110,1,38)
w(14,99,1,38)
r(1,581,1,38)
w(18,115,1,38)
w(2,101,1,38)
r(0,594,1,38)
w(12,116,1,38)
w(3,116,1,38)
r(8,615,1,38)
w(15,111,1,38)
r(17,586,1,38)
w(11,96,1,38)
r(4,576,1,38)
w(7,115,1,38)
r(13,623,1,38)
r(19,93,1,38)
w(10,114,1,38)
r(9,600,1,38)
w(6,115,1,38)
r(5,608,1,38)
w(9,109,1,39)
w(13,108,1,39)
r(0,594,1,39)
w(16,111,1,39)
w(8,102,1,39)
r(4,576,1,39)
r(10,591,1,39)
r(2,595,1,39)
r(19,93,1,39)
w(1,119,1,39)
r(14,568,1,39)
w(7,116,1,39)
r(11,95,1,39)
r(18,665,1,39)
r(3,605,1,39)
w(15,112,1,39)
w(5,112,1,39)
w(17,110,1,39)
r(6,608,1,39)
r(12,598,1,39)
r(1,111,2,40)
r(14,95,2,40)
w(10,207,2,40)
r(12,110,2,40)
r(4,668,2,40)
w(2,176,2,40)
r(7,694,2,40)
r(5,103,2,40)
r(19,90,2,40)
w(17,203,2,40)
w(8,207,2,40)
r(15,709,2,40)
r(16,104,2,40)
r(3,107,2,40)
r(6,703,2,40)
r(13,711,2,40)
r(11,90,2,40)
r(9,699,2,40)
w(18,207,2,40)
w(0,192,2,40)
w(10,208,2,41)
r(0,591,2,41)
r(3,802,2,41)
w(13,198,2,41)
r(9,790,2,41)
r(19,775,2,41)
r(8,818,2,41)
w(18,208,2,41)
w(16,205,2,41)
w(15,203,2,41)
w(6,208,2,41)
w(4,187,2,41)
r(17,780,2,41)
w(11,183,2,41)
w(5,198,2,41)
w(2,177,2,41)
w(12,199,2,41)
r(14,566,2,41)
w(1,203,2,41)
r(7,599,2,41)
r(1,305,2,42)
r(19,775,2,42)
r(8,306,2,42)
r(0,297,2,42)
w(14,177,2,42)
r(6,808,2,42)
w(5,199,2,42)
w(12,200,2,42)
r(17,285,2,42)
r(10,813,2,42)
r(16,305,2,42)
r(13,294,2,42)
r(7,799,2,42)
r(9,289,2,42)
r(3,305,2,42)
w(18,209,2,42)
r(4,764,2,42)
w(2,178,2,42)
w(11,184,2,42)
r(15,316,2,42)
w(4,188,2,43)
w(2,179,2,43)
w(16,206,2,43)
w(7,215,2,43)
w(8,208,2,43)
w(14,178,2,43)
r(10,394,2,43)
r(1,394,2,43)
w(9,206,2,43)
r(5,395,2,43)
r(15,316,2,43)
w(0,193,2,43)
w(12,201,2,43)
w(17,204,2,43)
r(3,400,2,43)
r(11,560,2,43)
w(19,164,2,43)
w(6,209,2,43)
w(18,210,2,43)
w(13,199,2,43)
r(5,395,2,44)
r(0,297,2,44)
r(3,400,2,44)
w(2,180,2,44)
w(1,204,2,44)
w(6,210,2,44)
w(8,209,2,44)
w(9,207,2,44)
r(10,394,2,44)
w(11,185,2,44)
w(19,165,2,44)
r(18,444,2,44)
w(16,207,2,44)
r(17,285,2,44)
r(12,403,2,44)
w(7,216,2,44)
w(15,204,2,44)
w(14,179,2,44)
r(13,408,2,44)
w(4,189,2,44)
r(9,395,2,45)
w(8,210,2,45)
w(14,180,2,45)
r(18,444,2,45)
w(3,211,2,45)
r(0,297,2,45)
r(12,403,2,45)
w(15,205,2,45)
w(11,186,2,45)
r(7,799,2,45)
r(17,490,2,45)
w(5,200,2,45)
w(19,166,2,45)
w(4,190,2,45)
w(6,211,2,45)
w(13,200,2,45)
r(16,489,2,45)
w(2,181,2,45)
w(1,205,2,45)
w(10,209,2,45)
w(0,194,2,46)
w(16,208,2,46)
w(7,217,2,46)
r(2,595,2,46)
r(6,608,2,46)
r(1,581,2,46)
w(8,211,2,46)
w(12,202,2,46)
r(5,608,2,46)
w(13,201,2,46)
r(17,586,2,46)
r(10,591,2,46)
r(3,605,2,46)
w(11,187,2,46)
w(14,181,2,46)
w(15,206,2,46)
w(4,191,2,46)
w(18,211,2,46)
r(19,93,2,46)
w(9,208,2,46)
w(15,207,2,47)
w(14,182,2,47)
r(3,605,2,47)
r(16,110,2,47)
w(18,212,2,47)
r(17,586,2,47)
r(1,581,2,47)
w(9,209,2,47)
w(19,167,2,47)
w(0,195,2,47)
r(12,598,2,47)
w(4,192,2,47)
w(6,212,2,47)
w(8,212,2,47)
w(2,182,2,47)
w(7,218,2,47)
w(13,202,2,47)
r(10,591,2,47)
w(5,201,2,47)
r(11,95,2,47)
w(8,213,2,48)
w(6,213,2,48)
r(11,95,2,48)
w(0,196,2,48)
w(10,210,2,48)
w(16,209,2,48)
r(3,605,2,48)
w(13,203,2,48)
w(5,202,2,48)
r(14,568,2,48)
r(12,598,2,48)
r(1,119,2,48)
r(2,595,2,48)
w(19,168,2,48)
r(9,109,2,48)
w(15,208,2,48)
r(4,675,2,48)
w(7,219,2,48)
w(18,213,2,48)
w(17,205,2,48)
r(16,209,2,49)
r(6,213,2,49)
w(0,197,2,49)
w(14,183,2,49)
r(2,595,2,49)
r(15,208,2,49)
w(19,169,2,49)
r(7,219,2,49)
w(8,214,2,49)
r(18,213,2,49)
w(4,193,2,49)
w(13,204,2,49)
w(11,188,2,49)
r(3,605,2,49)
w(17,206,2,49)
r(5,202,2,49)
w(1,206,2,49)
r(9,109,2,49)
r(10,210,2,49)
r(12,598,2,49)
r(17,205,2,50)
w(9,210,2,50)
w(3,212,2,50)
r(4,675,2,50)
r(18,213,2,50)
w(8,215,2,50)
w(7,220,2,50)
r(2,595,2,50)
w(5,203,2,50)
w(0,198,2,50)
w(12,203,2,50)
w(13,205,2,50)
r(6,213,2,50)
r(11,95,2,50)
r(14,568,2,50)
w(19,170,2,50)
w(1,207,2,50)
r(10,210,2,50)
w(15,209,2,50)
r(16,209,2,50)
w(15,210,2,51)
w(4,194,2,51)
r(9,293,2,51)
w(11,189,2,51)
w(7,221,2,51)
w(12,204,2,51)
r(6,517,2,51)
r(18,560,2,51)
r(3,503,2,51)
w(13,206,2,51)
r(19,168,2,51)
w(17,207,2,51)
w(0,199,2,51)
r(2,280,2,51)
r(5,493,2,51)
r(14,568,2,51)
w(8,216,2,51)
w(10,211,2,51)
r(16,494,2,51)
r(1,307,2,51)
w(13,207,2,52)
w(16,210,2,52)
w(5,204,2,52)
r(14,572,2,52)
w(7,222,2,52)
w(2,183,2,52)
r(3,503,2,52)
r(12,508,2,52)
r(0,501,2,52)
w(15,211,2,52)
w(4,195,2,52)
w(11,190,2,52)
r(18,560,2,52)
w(6,214,2,52)
w(10,212,2,52)
w(17,208,2,52)
r(19,589,2,52)
r(1,307,2,52)
w(8,217,2,52)
r(9,605,2,52)
w(19,171,2,53)
w(2,184,2,53)
r(13,525,2,53)
r(4,486,2,53)
w(16,211,2,53)
w(3,213,2,53)
w(7,223,2,53)
w(1,208,2,53)
r(9,605,2,53)
r(8,217,2,53)
w(0,200,2,53)
w(17,209,2,53)
r(12,508,2,53)
r(5,494,2,53)
w(15,212,2,53)
r(18,561,2,53)
r(11,190,2,53)
w(10,213,2,53)
w(14,184,2,53)
w(6,215,2,53)
w(17,210,2,54)
r(8,217,2,54)
w(15,213,2,54)
w(16,212,2,54)
r(12,508,2,54)
w(11,191,2,54)
r(18,561,2,54)
r(14,472,2,54)
w(6,216,2,54)
r(7,222,2,54)
r(13,525,2,54)
r(5,494,2,54)
r(19,589,2,54)
r(10,212,2,54)
w(4,196,2,54)
w(3,214,2,54)
w(0,201,2,54)
w(1,209,2,54)
w(9,211,2,54)
w(2,185,2,54)
r(19,390,2,55)
w(6,217,2,55)
r(13,417,2,55)
w(2,186,2,55)
r(16,410,2,55)
w(15,214,2,55)
r(14,474,2,55)
w(1,210,2,55)
r(10,400,2,55)
w(8,218,2,55)
r(18,453,2,55)
w(9,212,2,55)
r(3,506,2,55)
w(12,205,2,55)
w(4,197,2,55)
r(0,403,2,55)
w(5,205,2,55)
r(7,507,2,55)
w(17,211,2,55)
w(11,192,2,55)
w(10,214,2,56)
w(14,185,2,56)
w(4,198,2,56)
w(3,215,2,56)
w(15,215,2,56)
w(12,206,2,56)
w(9,213,2,56)
w(13,208,2,56)
r(7,316,2,56)
r(17,784,2,56)
r(5,614,2,56)
w(11,193,2,56)
r(6,613,2,56)
w(2,187,2,56)
w(18,214,2,56)
r(0,601,2,56)
r(19,779,2,56)
w(1,211,2,56)
r(8,314,2,56)
w(16,213,2,56)
r(19,779,2,57)
r(18,214,2,57)
r(12,206,2,57)
r(7,316,2,57)
r(6,613,2,57)
r(8,314,2,57)
r(9,213,2,57)
w(17,212,2,57)
r(15,215,2,57)
r(4,198,2,57)
r(14,185,2,57)
w(13,209,2,57)
r(5,614,2,57)
w(2,188,2,57)
w(10,215,2,57)
w(1,212,2,57)
w(3,216,2,57)
r(11,193,2,57)
r(16,213,2,57)
w(0,202,2,57)
r(6,316,2,58)
r(15,325,2,58)
r(11,296,2,58)
w(14,186,2,58)
w(12,207,2,58)
r(18,214,2,58)
w(0,203,2,58)
r(7,317,2,58)
r(5,298,2,58)
r(17,291,2,58)
w(4,199,2,58)
w(2,189,2,58)
w(16,214,2,58)
r(10,310,2,58)
w(9,214,2,58)
r(8,315,2,58)
r(19,779,2,58)
r(1,310,2,58)
r(13,307,2,58)
r(3,215,2,58)
r(1,310,2,59)
w(16,215,2,59)
r(15,325,2,59)
w(18,215,2,59)
r(14,281,2,59)
w(11,194,2,59)
w(0,204,2,59)
r(2,187,2,59)
r(10,310,2,59)
r(13,307,2,59)
r(8,315,2,59)
r(5,298,2,59)
r(19,779,2,59)
r(9,213,2,59)
r(12,305,2,59)
w(4,200,2,59)
r(7,317,2,59)
w(3,217,2,59)
r(17,291,2,59)
w(6,218,2,59)
r(4,764,3,60)
w(15,316,3,60)
w(5,289,3,60)
r(6,808,3,60)
r(11,560,3,60)
w(2,273,3,60)
w(14,275,3,60)
w(0,297,3,60)
w(3,305,3,60)
r(10,813,3,60)
w(16,305,3,60)
r(12,812,3,60)
r(19,775,3,60)
w(9,289,3,60)
w(17,285,3,60)
w(8,306,3,60)
r(7,799,3,60)
w(18,323,3,60)
w(1,305,3,60)
w(13,294,3,60)
w(8,307,3,61)
r(1,305,3,61)
w(10,306,3,61)
r(4,764,3,61)
w(11,289,3,61)
w(3,306,3,61)
w(18,324,3,61)
r(5,289,3,61)
r(17,285,3,61)
r(9,289,3,61)
r(14,275,3,61)
r(19,775,3,61)
r(16,305,3,61)
w(2,274,3,61)
w(12,294,3,61)
w(7,306,3,61)
r(15,316,3,61)
w(6,307,3,61)
r(0,297,3,61)
w(13,295,3,61)
w(11,290,3,62)
r(5,395,3,62)
r(6,808,3,62)
r(7,799,3,62)
w(16,306,3,62)
w(3,307,3,62)
r(1,394,3,62)
r(15,316,3,62)
r(10,394,3,62)
r(17,285,3,62)
w(4,281,3,62)
w(12,295,3,62)
w(14,276,3,62)
r(8,411,3,62)
w(18,325,3,62)
r(13,408,3,62)
w(0,298,3,62)
r(19,775,3,62)
w(2,275,3,62)
w(9,290,3,62)
w(4,282,3,63)
w(10,307,3,63)
w(14,277,3,63)
r(5,395,3,63)
w(11,291,3,63)
w(8,308,3,63)
w(16,307,3,63)
w(1,306,3,63)
r(9,394,3,63)
w(12,296,3,63)
w(7,307,3,63)
r(0,297,3,63)
w(19,273,3,63)
r(15,316,3,63)
r(18,444,3,63)
w(17,286,3,63)
w(6,308,3,63)
w(2,276,3,63)
w(13,296,3,63)
w(3,308,3,63)
r(11,95,3,64)
r(14,568,3,64)
r(15,421,3,64)
r(10,591,3,64)
w(4,283,3,64)
w(0,299,3,64)
w(3,309,3,64)
w(19,274,3,64)
r(13,623,3,64)
r(9,600,3,64)
r(12,598,3,64)
r(17,586,3,64)
w(8,309,3,64)
w(7,308,3,64)
w(5,290,3,64)
r(18,665,3,64)
r(16,110,3,64)
r(2,595,3,64)
r(6,608,3,64)
r(1,581,3,64)
w(16,308,3,65)
r(14,568,3,65)
r(11,95,3,65)
w(4,284,3,65)
r(0,594,3,65)
r(17,586,3,65)
w(9,291,3,65)
r(19,93,3,65)
w(12,297,3,65)
r(7,113,3,65)
r(15,421,3,65)
r(5,608,3,65)
w(3,310,3,65)
r(10,591,3,65)
w(6,309,3,65)
w(2,277,3,65)
r(18,665,3,65)
r(1,581,3,65)
r(8,615,3,65)
w(13,297,3,65)
w(3,311,3,66)
r(6,608,3,66)
r(14,568,3,66)
r(1,581,3,66)
w(13,298,3,66)
w(9,292,3,66)
w(0,300,3,66)
w(15,317,3,66)
w(5,291,3,66)
w(11,292,3,66)
r(10,591,3,66)
r(16,110,3,66)
r(8,615,3,66)
r(4,576,3,66)
r(2,595,3,66)
w(18,326,3,66)
r(17,586,3,66)
w(7,309,3,66)
w(19,275,3,66)
w(12,298,3,66)
r(9,109,3,67)
r(10,591,3,67)
r(3,605,3,67)
w(7,310,3,67)
w(17,287,3,67)
r(1,119,3,67)
w(15,318,3,67)
r(14,568,3,67)
r(19,93,3,67)
r(5,712,3,67)
r(11,95,3,67)
w(6,310,3,67)
r(2,595,3,67)
r(8,719,3,67)
r(16,685,3,67)
r(0,594,3,67)
w(4,285,3,67)
w(18,327,3,67)
w(13,299,3,67)
r(12,598,3,67)
r(1,119,3,68)
r(8,719,3,68)
w(15,319,3,68)
r(9,109,3,68)
r(5,712,3,68)
r(6,608,3,68)
r(19,93,3,68)
r(7,702,3,68)
r(3,605,3,68)
r(12,598,3,68)
r(10,591,3,68)
r(17,691,3,68)
r(11,95,3,68)
r(4,675,3,68)
r(16,685,3,68)
w(2,278,3,68)
r(0,594,3,68)
w(13,300,3,68)
r(14,568,3,68)
r(18,665,3,68)
w(3,312,3,69)
r(11,95,3,69)
w(2,279,3,69)
w(18,328,3,69)
r(13,203,3,69)
w(7,311,3,69)
r(16,209,3,69)
r(14,568,3,69)
w(6,311,3,69)
w(8,310,3,69)
r(10,210,3,69)
w(5,292,3,69)
r(9,109,3,69)
w(12,299,3,69)
r(17,205,3,69)
w(15,320,3,69)
r(19,168,3,69)
r(1,119,3,69)
r(4,675,3,69)
w(0,301,3,69)
r(19,168,3,70)
w(12,300,3,70)
r(3,605,3,70)
r(14,568,3,70)
w(15,321,3,70)
w(2,280,3,70)
w(13,301,3,70)
r(8,213,3,70)
r(11,95,3,70)
w(5,293,3,70)
w(17,288,3,70)
w(16,309,3,70)
r(10,210,3,70)
w(6,312,3,70)
r(0,196,3,70)
w(4,286,3,70)
w(7,312,3,70)
w(1,307,3,70)
w(9,293,3,70)
w(18,329,3,70)
w(18,330,3,71)
r(10,210,3,71)
w(19,276,3,71)
w(13,302,3,71)
w(0,302,3,71)
r(12,508,3,71)
w(6,313,3,71)
r(4,286,3,71)
r(8,516,3,71)
w(7,313,3,71)
r(11,475,3,71)
w(3,313,3,71)
w(9,294,3,71)
w(5,294,3,71)
r(17,495,3,71)
r(15,525,3,71)
w(1,308,3,71)
w(2,281,3,71)
r(14,568,3,71)
w(16,310,3,71)
r(4,487,3,72)
r(10,497,3,72)
w(16,311,3,72)
w(17,289,3,72)
w(1,309,3,72)
w(14,278,3,72)
r(7,897,3,72)
r(9,514,3,72)
w(13,303,3,72)
w(12,301,3,72)
w(18,331,3,72)
w(19,277,3,72)
w(0,303,3,72)
w(2,282,3,72)
r(11,477,3,72)
w(5,295,3,72)
w(6,314,3,72)
w(15,322,3,72)
w(8,311,3,72)
w(3,314,3,72)
w(17,290,3,73)
w(15,323,3,73)
r(14,278,3,73)
r(16,410,3,73)
r(5,402,3,73)
w(19,278,3,73)
r(9,399,3,73)
r(4,487,3,73)
r(6,314,3,73)
w(8,312,3,73)
w(12,302,3,73)
r(1,309,3,73)
r(11,477,3,73)
w(2,283,3,73)
r(18,453,3,73)
r(13,417,3,73)
w(0,304,3,73)
r(7,897,3,73)
r(10,399,3,73)
w(3,315,3,73)
w(2,284,3,74)
w(0,305,3,74)
r(12,409,3,74)
r(1,309,3,74)
w(13,304,3,74)
w(9,295,3,74)
r(6,415,3,74)
r(14,380,3,74)
w(11,293,3,74)
r(8,416,3,74)
w(7,314,3,74)
r(15,426,3,74)
r(17,388,3,74)
r(19,390,3,74)
r(4,388,3,74)
r(3,407,3,74)
w(16,312,3,74)
r(5,402,3,74)
r(10,400,3,74)
r(18,453,3,74)
r(16,410,3,75)
w(11,294,3,75)
r(0,403,3,75)
r(1,484,3,75)
r(13,417,3,75)
r(14,474,3,75)
r(6,415,3,75)
r(10,400,3,75)
r(7,507,3,75)
w(4,287,3,75)
w(5,296,3,75)
w(8,313,3,75)
r(17,498,3,75)
r(18,453,3,75)
r(15,426,3,75)
r(9,400,3,75)
r(3,506,3,75)
r(12,409,3,75)
w(2,285,3,75)
r(19,390,3,75)
w(3,316,3,76)
r(11,477,3,76)
r(0,403,3,76)
r(1,484,3,76)
w(18,332,3,76)
w(10,308,3,76)
w(7,315,3,76)
r(16,410,3,76)
w(6,315,3,76)
w(14,279,3,76)
w(12,303,3,76)
w(13,305,3,76)
w(19,279,3,76)
r(15,426,3,76)
w(2,286,3,76)
r(17,498,3,76)
r(8,416,3,76)
r(4,388,3,76)
w(9,296,3,76)
w(5,297,3,76)
r(3,610,3,77)
w(13,306,3,77)
r(5,614,3,77)
w(14,280,3,77)
w(8,314,3,77)
r(0,601,3,77)
r(16,410,3,77)
r(6,613,3,77)
w(11,295,3,77)
r(2,802,3,77)
r(17,784,3,77)
r(19,779,3,77)
w(10,309,3,77)
r(9,400,3,77)
w(12,304,3,77)
r(1,587,3,77)
w(15,324,3,77)
w(18,333,3,77)
w(7,316,3,77)
r(4,583,3,77)
r(9,213,3,78)
r(18,214,3,78)
w(11,296,3,78)
w(17,291,3,78)
r(3,215,3,78)
w(1,310,3,78)
w(13,307,3,78)
w(14,281,3,78)
w(5,298,3,78)
w(8,315,3,78)
w(16,313,3,78)
w(10,310,3,78)
w(6,316,3,78)
w(12,305,3,78)
w(4,288,3,78)
w(15,325,3,78)
r(19,779,3,78)
r(2,187,3,78)
w(7,317,3,78)
w(0,306,3,78)
r(1,310,3,79)
w(5,299,3,79)
r(0,204,3,79)
r(19,779,3,79)
r(17,291,3,79)
r(10,310,3,79)
w(13,308,3,79)
r(3,217,3,79)
r(4,200,3,79)
w(8,316,3,79)
r(18,215,3,79)
w(14,282,3,79)
w(11,297,3,79)
r(16,215,3,79)
r(15,325,3,79)
w(7,318,3,79)
r(12,305,3,79)
r(2,187,3,79)
r(6,218,3,79)
r(9,213,3,79)
w(8,407,4,80)
r(17,103,4,80)
w(9,387,4,80)
w(16,404,4,80)
w(1,392,4,80)
r(6,107,4,80)
r(18,105,4,80)
w(13,404,4,80)
w(5,393,4,80)
r(14,95,4,80)
r(3,107,4,80)
w(4,380,4,80)
w(19,381,4,80)
w(11,380,4,80)
w(2,385,4,80)
w(12,401,4,80)
w(7,414,4,80)
w(10,391,4,80)
r(15,104,4,80)
r(0,106,4,80)
w(8,408,4,81)
w(17,378,4,81)
r(14,95,4,81)
w(2,386,4,81)
r(13,711,4,81)
w(18,441,4,81)
r(1,111,4,81)
w(12,402,4,81)
w(19,382,4,81)
w(9,388,4,81)
r(4,668,4,81)
r(3,107,4,81)
r(10,704,4,81)
r(5,103,4,81)
r(11,90,4,81)
w(6,406,4,81)
w(16,405,4,81)
w(15,419,4,81)
r(7,694,4,81)
w(0,393,4,81)
w(17,379,4,82)
w(13,405,4,82)
w(6,407,4,82)
w(9,389,4,82)
w(7,415,4,82)
r(14,95,4,82)
r(18,757,4,82)
w(8,409,4,82)
r(12,110,4,82)
r(19,90,4,82)
w(4,381,4,82)
w(15,420,4,82)
w(10,392,4,82)
r(5,103,4,82)
r(16,104,4,82)
r(1,111,4,82)
r(2,690,4,82)
r(0,106,4,82)
w(3,397,4,82)
r(11,90,4,82)
w(9,390,4,83)
r(11,90,4,83)
r(2,690,4,83)
r(16,104,4,83)
r(19,90,4,83)
r(15,709,4,83)
r(8,711,4,83)
r(5,103,4,83)
r(17,682,4,83)
r(1,111,4,83)
r(14,95,4,83)
w(4,382,4,83)
r(12,110,4,83)
w(6,408,4,83)
r(0,106,4,83)
r(18,757,4,83)
r(3,107,4,83)
r(7,694,4,83)
r(10,704,4,83)
r(13,711,4,83)
w(3,398,4,84)
w(16,406,4,84)
w(14,372,4,84)
r(12,110,4,84)
r(8,711,4,84)
r(5,103,4,84)
w(7,416,4,84)
w(0,394,4,84)
r(18,757,4,84)
w(13,406,4,84)
r(4,668,4,84)
r(15,709,4,84)
r(11,90,4,84)
r(2,690,4,84)
w(9,391,4,84)
w(1,393,4,84)
w(19,383,4,84)
w(17,380,4,84)
r(6,703,4,84)
r(10,704,4,84)
r(1,111,4,85)
w(5,394,4,85)
r(12,110,4,85)
w(0,395,4,85)
r(11,90,4,85)
w(19,384,4,85)
r(17,682,4,85)
w(9,392,4,85)
w(2,387,4,85)
r(7,694,4,85)
r(15,709,4,85)
w(8,410,4,85)
w(13,407,4,85)
w(18,442,4,85)
w(14,373,4,85)
r(10,704,4,85)
w(4,383,4,85)
w(6,409,4,85)
r(3,107,4,85)
r(16,104,4,85)
r(5,807,4,86)
r(14,783,4,86)
r(8,818,4,86)
r(12,812,4,86)
w(2,388,4,86)
w(10,393,4,86)
r(15,709,4,86)
r(1,111,4,86)
w(17,381,4,86)
w(18,443,4,86)
w(7,417,4,86)
w(16,407,4,86)
r(13,819,4,86)
w(3,399,4,86)
r(11,560,4,86)
r(4,764,4,86)
w(19,385,4,86)
r(6,808,4,86)
w(9,393,4,86)
r(0,800,4,86)
r(15,316,4,87)
w(13,408,4,87)
r(6,808,4,87)
w(9,394,4,87)
r(14,275,4,87)
r(0,297,4,87)
w(5,395,4,87)
w(18,444,4,87)
r(19,775,4,87)
r(16,305,4,87)
r(17,285,4,87)
r(11,560,4,87)
w(8,411,4,87)
w(1,394,4,87)
r(2,273,4,87)
r(4,764,4,87)
w(12,403,4,87)
w(3,400,4,87)
w(10,394,4,87)
r(7,799,4,87)
r(12,403,4,88)
w(2,389,4,88)
r(18,444,4,88)
r(7,799,4,88)
w(9,395,4,88)
r(8,411,4,88)
w(4,384,4,88)
w(5,396,4,88)
r(11,560,4,88)
r(0,297,4,88)
w(17,382,4,88)
r(3,400,4,88)
r(16,305,4,88)
w(19,386,4,88)
w(13,409,4,88)
w(14,374,4,88)
w(15,421,4,88)
w(1,395,4,88)
w(10,395,4,88)
w(6,410,4,88)
w(7,418,4,89)
w(14,375,4,89)
w(2,390,4,89)
w(16,408,4,89)
w(19,387,4,89)
r(11,560,4,89)
r(17,382,4,89)
r(15,421,4,89)
w(3,401,4,89)
w(0,396,4,89)
r(6,410,4,89)
w(1,396,4,89)
r(8,411,4,89)
w(4,385,4,89)
r(12,403,4,89)
w(5,397,4,89)
r(9,395,4,89)
w(18,445,4,89)
w(13,410,4,89)
r(10,395,4,89)
r(16,489,4,90)
w(3,402,4,90)
r(19,386,4,90)
w(18,446,4,90)
r(7,799,4,90)
r(5,490,4,90)
r(1,395,4,90)
r(12,403,4,90)
w(6,411,4,90)
r(4,384,4,90)
w(0,397,4,90)
r(9,395,4,90)
r(14,466,4,90)
w(8,412,4,90)
r(11,470,4,90)
r(2,488,4,90)
w(17,383,4,90)
w(10,396,4,90)
r(13,519,4,90)
w(15,422,4,90)
w(17,384,4,91)
w(15,423,4,91)
w(0,398,4,91)
r(5,608,4,91)
w(13,411,4,91)
r(4,576,4,91)
r(1,581,4,91)
r(16,110,4,91)
w(6,412,4,91)
w(2,391,4,91)
r(19,93,4,91)
r(8,615,4,91)
w(18,447,4,91)
w(11,381,4,91)
w(7,419,4,91)
w(10,397,4,91)
w(3,403,4,91)
r(14,568,4,91)
w(12,404,4,91)
w(9,396,4,91)
w(14,376,4,92)
w(2,392,4,92)
w(12,405,4,92)
w(8,413,4,92)
w(18,448,4,92)
w(15,424,4,92)
r(19,93,4,92)
r(10,591,4,92)
r(7,113,4,92)
r(16,110,4,92)
r(3,605,4,92)
w(0,399,4,92)
r(4,576,4,92)
w(1,397,4,92)
r(11,95,4,92)
r(6,608,4,92)
r(17,586,4,92)
w(13,412,4,92)
w(5,398,4,92)
w(9,397,4,92)
w(13,413,4,93)
w(2,393,4,93)
r(17,586,4,93)
r(8,615,4,93)
w(0,400,4,93)
w(6,413,4,93)
w(11,382,4,93)
r(15,421,4,93)
w(19,388,4,93)
w(12,406,4,93)
w(18,449,4,93)
r(16,110,4,93)
w(1,398,4,93)
r(10,591,4,93)
r(7,113,4,93)
r(9,600,4,93)
r(5,608,4,93)
w(3,404,4,93)
w(14,377,4,93)
r(4,576,4,93)
r(13,203,4,94)
w(5,399,4,94)
w(2,394,4,94)
w(11,383,4,94)
w(4,386,4,94)
w(0,401,4,94)
r(10,210,4,94)
w(1,399,4,94)
w(18,450,4,94)
r(6,213,4,94)
r(16,209,4,94)
r(15,208,4,94)
r(9,109,4,94)
r(17,205,4,94)
w(19,389,4,94)
w(7,420,4,94)
r(14,568,4,94)
r(3,605,4,94)
w(8,414,4,94)
w(12,407,4,94)
r(4,675,4,95)
r(2,595,4,95)
w(18,451,4,95)
r(6,213,4,95)
w(0,402,4,95)
r(5,202,4,95)
w(15,425,4,95)
r(8,213,4,95)
r(10,210,4,95)
w(13,414,4,95)
r(12,598,4,95)
r(7,219,4,95)
r(19,168,4,95)
r(9,109,4,95)
w(17,385,4,95)
r(3,605,4,95)
w(1,400,4,95)
w(16,409,4,95)
r(14,568,4,95)
r(11,95,4,95)
r(18,213,4,96)
r(8,213,4,96)
w(14,378,4,96)
r(2,595,4,96)
w(4,387,4,96)
r(15,208,4,96)
r(0,196,4,96)
r(7,219,4,96)
w(13,415,4,96)
w(5,400,4,96)
r(16,209,4,96)
r(1,119,4,96)
w(9,398,4,96)
r(12,598,4,96)
r(17,205,4,96)
w(6,414,4,96)
w(3,405,4,96)
r(19,168,4,96)
r(10,210,4,96)
r(11,95,4,96)
r(6,213,4,97)
r(16,209,4,97)
w(14,379,4,97)
w(18,452,4,97)
r(7,219,4,97)
w(10,398,4,97)
w(8,415,4,97)
r(15,208,4,97)
r(0,196,4,97)
r(2,595,4,97)
r(12,598,4,97)
r(3,605,4,97)
r(9,109,4,97)
w(5,401,4,97)
w(13,416,4,97)
w(17,386,4,97)
r(19,168,4,97)
r(4,675,4,97)
w(11,384,4,97)
w(1,401,4,97)
w(17,387,4,98)
r(19,277,4,98)
w(9,399,4,98)
w(12,408,4,98)
r(1,309,4,98)
w(18,453,4,98)
r(0,303,4,98)
w(13,417,4,98)
r(11,477,4,98)
w(10,399,4,98)
w(16,410,4,98)
r(15,322,4,98)
r(4,487,4,98)
w(8,416,4,98)
w(3,406,4,98)
w(5,402,4,98)
r(7,897,4,98)
r(14,278,4,98)
r(6,314,4,98)
w(2,395,4,98)
w(15,426,4,99)
w(10,400,4,99)
w(4,388,4,99)
w(12,409,4,99)
r(11,477,4,99)
r(1,309,4,99)
w(17,388,4,99)
w(6,415,4,99)
w(9,400,4,99)
r(16,410,4,99)
r(5,402,4,99)
w(0,403,4,99)
r(7,897,4,99)
r(13,417,4,99)
r(2,395,4,99)
w(14,380,4,99)
r(8,416,4,99)
w(3,407,4,99)
w(19,390,4,99)
r(18,453,4,99)
r(16,104,5,100)
w(10,493,5,100)
w(15,517,5,100)
r(9,699,5,100)
r(5,103,5,100)
w(1,479,5,100)
r(4,668,5,100)
r(18,757,5,100)
w(7,498,5,100)
w(13,513,5,100)
r(11,90,5,100)
w(12,500,5,100)
w(8,509,5,100)
w(3,499,5,100)
w(14,462,5,100)
w(17,487,5,100)
w(6,505,5,100)
r(0,106,5,100)
r(2,690,5,100)
r(19,90,5,100)
r(4,763,5,101)
r(13,819,5,101)
w(14,463,5,101)
r(11,560,5,101)
w(1,480,5,101)
r(17,780,5,101)
r(19,775,5,101)
w(15,518,5,101)
w(5,487,5,101)
w(12,501,5,101)
r(9,790,5,101)
r(8,818,5,101)
w(18,555,5,101)
w(7,499,5,101)
r(16,104,5,101)
r(2,593,5,101)
r(10,813,5,101)
r(3,802,5,101)
r(0,591,5,101)
w(6,506,5,101)
r(16,778,5,102)
w(19,488,5,102)
r(5,807,5,102)
r(12,812,5,102)
r(7,799,5,102)
r(15,709,5,102)
r(2,593,5,102)
r(18,662,5,102)
w(4,479,5,102)
w(8,510,5,102)
w(14,464,5,102)
r(1,111,5,102)
w(13,514,5,102)
w(9,508,5,102)
r(10,813,5,102)
w(6,507,5,102)
r(3,804,5,102)
r(0,800,5,102)
r(17,780,5,102)
r(11,560,5,102)
r(14,783,5,103)
r(0,800,5,103)
r(3,804,5,103)
r(5,807,5,103)
r(10,813,5,103)
r(18,662,5,103)
w(6,508,5,103)
r(12,812,5,103)
w(7,500,5,103)
w(13,515,5,103)
r(8,818,5,103)
r(1,111,5,103)
w(2,486,5,103)
r(15,709,5,103)
r(11,560,5,103)
r(19,775,5,103)
w(9,509,5,103)
w(16,486,5,103)
w(17,488,5,103)
r(4,764,5,103)
w(8,511,5,104)
r(1,111,5,104)
w(13,516,5,104)
r(9,790,5,104)
r(14,783,5,104)
w(0,496,5,104)
w(17,489,5,104)
r(18,662,5,104)
r(11,560,5,104)
w(3,500,5,104)
w(12,502,5,104)
r(4,764,5,104)
r(5,807,5,104)
w(16,487,5,104)
r(6,808,5,104)
r(19,775,5,104)
w(15,519,5,104)
r(10,813,5,104)
r(7,799,5,104)
w(2,487,5,104)
r(11,560,5,105)
w(9,510,5,105)
r(3,305,5,105)
w(15,520,5,105)
r(2,273,5,105)
r(14,275,5,105)
r(8,306,5,105)
w(0,497,5,105)
w(5,488,5,105)
w(16,488,5,105)
r(19,775,5,105)
r(17,285,5,105)
w(1,481,5,105)
w(4,480,5,105)
w(13,517,5,105)
w(18,556,5,105)
r(12,812,5,105)
w(6,509,5,105)
w(7,501,5,105)
w(10,494,5,105)
w(6,510,5,106)
w(13,518,5,106)
r(10,394,5,106)
w(11,469,5,106)
w(4,481,5,106)
r(1,394,5,106)
w(15,521,5,106)
r(2,273,5,106)
w(7,502,5,106)
r(18,444,5,106)
r(9,394,5,106)
r(17,285,5,106)
w(19,489,5,106)
r(8,411,5,106)
r(16,305,5,106)
r(0,297,5,106)
w(5,489,5,106)
w(14,465,5,106)
w(12,503,5,106)
r(3,400,5,106)
r(9,395,5,107)
w(10,495,5,107)
r(1,395,5,107)
r(18,444,5,107)
w(6,511,5,107)
w(8,512,5,107)
r(12,403,5,107)
r(7,799,5,107)
r(19,386,5,107)
w(13,519,5,107)
w(16,489,5,107)
w(2,488,5,107)
w(17,490,5,107)
w(5,490,5,107)
w(11,470,5,107)
w(14,466,5,107)
r(15,421,5,107)
r(4,384,5,107)
r(0,297,5,107)
w(3,501,5,107)
r(6,511,5,108)
r(9,395,5,108)
w(7,503,5,108)
r(15,421,5,108)
w(2,489,5,108)
r(16,489,5,108)
w(14,467,5,108)
w(4,482,5,108)
w(0,498,5,108)
w(8,513,5,108)
w(19,490,5,108)
r(18,444,5,108)
w(13,520,5,108)
w(12,504,5,108)
r(3,501,5,108)
w(11,471,5,108)
w(17,491,5,108)
r(1,395,5,108)
r(5,490,5,108)
r(10,495,5,108)
w(6,512,5,109)
r(11,95,5,109)
r(3,605,5,109)
r(0,594,5,109)
r(9,600,5,109)
w(19,491,5,109)
r(10,591,5,109)
r(7,113,5,109)
w(16,490,5,109)
r(4,576,5,109)
r(18,665,5,109)
w(5,491,5,109)
w(12,505,5,109)
r(17,586,5,109)
r(15,421,5,109)
r(14,568,5,109)
w(8,514,5,109)
r(2,595,5,109)
w(1,482,5,109)
w(13,521,5,109)
w(2,490,5,110)
r(8,615,5,110)
w(18,557,5,110)
w(16,491,5,110)
r(9,600,5,110)
w(12,506,5,110)
r(3,605,5,110)
r(11,95,5,110)
r(17,586,5,110)
r(0,594,5,110)
r(10,591,5,110)
w(19,492,5,110)
r(1,581,5,110)
w(7,504,5,110)
r(4,576,5,110)
w(6,513,5,110)
w(13,522,5,110)
w(14,468,5,110)
w(5,492,5,110)
w(15,522,5,110)
r(0,196,5,111)
w(13,523,5,111)
w(6,514,5,111)
w(4,483,5,111)
w(9,511,5,111)
r(1,119,5,111)
w(2,491,5,111)
w(15,523,5,111)
w(19,493,5,111)
w(18,558,5,111)
r(7,219,5,111)
w(16,492,5,111)
w(11,472,5,111)
w(8,515,5,111)
r(3,605,5,111)
r(14,568,5,111)
w(10,496,5,111)
w(12,507,5,111)
r(5,202,5,111)
w(17,492,5,111)
r(10,210,5,112)
w(15,524,5,112)
r(5,202,5,112)
w(3,502,5,112)
w(7,505,5,112)
w(0,499,5,112)
r(4,675,5,112)
w(14,469,5,112)
w(2,492,5,112)
w(16,493,5,112)
r(8,213,5,112)
w(17,493,5,112)
r(12,598,5,112)
w(9,512,5,112)
r(1,119,5,112)
w(18,559,5,112)
w(11,473,5,112)
w(6,515,5,112)
r(19,168,5,112)
r(13,203,5,112)
w(17,494,5,113)
w(1,483,5,113)
w(19,494,5,113)
w(0,500,5,113)
r(16,209,5,113)
w(6,516,5,113)
r(18,213,5,113)
w(11,474,5,113)
w(4,484,5,113)
r(13,203,5,113)
r(12,598,5,113)
r(5,202,5,113)
r(3,605,5,113)
w(2,493,5,113)
r(10,210,5,113)
r(15,208,5,113)
r(8,213,5,113)
w(9,513,5,113)
w(14,470,5,113)
r(7,219,5,113)
r(13,301,5,114)
r(19,168,5,114)
w(15,525,5,114)
w(16,494,5,114)
w(12,508,5,114)
w(6,517,5,114)
w(8,516,5,114)
r(2,280,5,114)
r(1,307,5,114)
r(14,568,5,114)
r(9,293,5,114)
r(4,286,5,114)
w(0,501,5,114)
r(10,210,5,114)
w(7,506,5,114)
w(5,493,5,114)
w(18,560,5,114)
w(17,495,5,114)
w(3,503,5,114)
w(11,475,5,114)
r(10,210,5,115)
w(8,517,5,115)
w(14,471,5,115)
w(13,524,5,115)
r(15,525,5,115)
r(5,493,5,115)
r(18,560,5,115)
w(0,502,5,115)
r(9,293,5,115)
r(3,503,5,115)
w(11,476,5,115)
r(16,494,5,115)
r(12,508,5,115)
r(7,506,5,115)
w(17,496,5,115)
w(4,485,5,115)
r(6,517,5,115)
r(1,307,5,115)
w(2,494,5,115)
w(19,495,5,115)
r(8,217,5,116)
r(10,212,5,116)
w(4,486,5,116)
w(5,494,5,116)
w(13,525,5,116)
r(2,183,5,116)
r(11,190,5,116)
w(6,518,5,116)
r(1,307,5,116)
w(3,504,5,116)
w(16,495,5,116)
w(18,561,5,116)
r(19,589,5,116)
r(17,208,5,116)
r(7,222,5,116)
r(9,605,5,116)
w(14,472,5,116)
r(0,501,5,116)
r(15,211,5,116)
r(12,508,5,116)
w(3,505,5,117)
w(14,473,5,117)
w(12,509,5,117)
w(10,497,5,117)
w(0,503,5,117)
w(6,519,5,117)
r(1,6,5,117)
w(4,487,5,117)
w(5,495,5,117)
w(9,514,5,117)
r(2,6,5,117)
r(18,5,5,117)
w(19,496,5,117)
w(11,477,5,117)
w(8,518,5,117)
r(13,7,5,117)
w(16,496,5,117)
r(15,211,5,117)
r(7,897,5,117)
w(17,497,5,117)
r(4,388,5,118)
r(19,390,5,118)
w(3,506,5,118)
r(18,453,5,118)
r(15,426,5,118)
w(14,474,5,118)
w(5,496,5,118)
r(8,416,5,118)
w(1,484,5,118)
r(10,400,5,118)
r(13,417,5,118)
r(16,410,5,118)
r(0,403,5,118)
r(12,409,5,118)
r(11,477,5,118)
r(9,400,5,118)
r(6,415,5,118)
w(7,507,5,118)
w(17,498,5,118)
w(2,495,5,118)
r(0,403,5,119)
w(19,497,5,119)
r(18,880,5,119)
w(12,510,5,119)
w(14,475,5,119)
w(15,526,5,119)
r(11,477,5,119)
r(5,496,5,119)
r(8,416,5,119)
w(6,520,5,119)
r(4,388,5,119)
w(17,499,5,119)
w(2,496,5,119)
w(3,507,5,119)
r(7,507,5,119)
w(13,526,5,119)
r(10,818,5,119)
r(1,790,5,119)
w(16,497,5,119)
w(9,515,5,119)
r(1,111,6,120)
w(2,592,6,120)
w(4,572,6,120)
r(17,103,6,120)
w(6,604,6,120)
w(18,661,6,120)
w(9,598,6,120)
w(11,559,6,120)
r(13,101,6,120)
r(14,95,6,120)
r(10,108,6,120)
w(15,611,6,120)
r(7,109,6,120)
r(3,107,6,120)
r(12,110,6,120)
w(0,590,6,120)
r(19,90,6,120)
r(16,104,6,120)
w(8,613,6,120)
r(5,103,6,120)
w(5,605,6,121)
w(12,596,6,121)
w(10,589,6,121)
r(19,90,6,121)
w(0,591,6,121)
w(18,662,6,121)
r(13,711,6,121)
r(3,107,6,121)
w(11,560,6,121)
w(8,614,6,121)
w(4,573,6,121)
w(17,582,6,121)
w(14,566,6,121)
w(2,593,6,121)
r(16,104,6,121)
w(7,599,6,121)
r(1,111,6,121)
r(15,709,6,121)
w(6,605,6,121)
r(9,699,6,121)
w(1,579,6,122)
w(5,606,6,122)
w(15,612,6,122)
w(4,574,6,122)
r(0,800,6,122)
r(9,790,6,122)
r(10,813,6,122)
w(16,587,6,122)
w(3,603,6,122)
w(12,597,6,122)
w(18,663,6,122)
w(14,567,6,122)
w(17,583,6,122)
r(11,560,6,122)
r(8,818,6,122)
r(7,799,6,122)
r(6,808,6,122)
r(13,819,6,122)
w(2,594,6,122)
w(19,585,6,122)
r(15,709,6,123)
w(4,575,6,123)
r(19,775,6,123)
r(12,812,6,123)
r(2,593,6,123)
w(17,584,6,123)
r(18,662,6,123)
w(5,607,6,123)
r(8,818,6,123)
w(11,561,6,123)
w(6,606,6,123)
r(16,778,6,123)
w(0,592,6,123)
r(14,783,6,123)
r(3,804,6,123)
w(7,600,6,123)
w(1,580,6,123)
r(9,790,6,123)
w(10,590,6,123)
w(13,622,6,123)
r(15,316,6,124)
w(0,593,6,124)
r(10,394,6,124)
w(11,562,6,124)
r(4,764,6,124)
r(5,395,6,124)
w(16,588,6,124)
r(7,799,6,124)
w(18,664,6,124)
r(1,394,6,124)
w(3,604,6,124)
r(14,275,6,124)
r(2,273,6,124)
w(6,607,6,124)
w(17,585,6,124)
r(13,408,6,124)
r(12,403,6,124)
w(19,586,6,124)
r(8,411,6,124)
w(9,599,6,124)
w(1,581,6,125)
w(0,594,6,125)
w(10,591,6,125)
w(18,665,6,125)
w(2,595,6,125)
w(17,586,6,125)
w(4,576,6,125)
r(16,110,6,125)
r(11,95,6,125)
w(5,608,6,125)
r(7,113,6,125)
w(9,600,6,125)
w(6,608,6,125)
r(19,93,6,125)
w(3,605,6,125)
w(14,568,6,125)
w(13,623,6,125)
r(15,421,6,125)
w(12,598,6,125)
w(8,615,6,125)
r(19,93,6,126)
r(17,586,6,126)
r(12,598,6,126)
w(5,609,6,126)
r(14,568,6,126)
w(0,595,6,126)
r(15,421,6,126)
w(16,589,6,126)
w(1,582,6,126)
w(10,592,6,126)
w(2,596,6,126)
w(3,606,6,126)
w(6,609,6,126)
r(8,615,6,126)
w(4,577,6,126)
w(13,624,6,126)
w(7,601,6,126)
w(9,601,6,126)
w(11,563,6,126)
w(18,666,6,126)
w(8,616,6,127)
w(2,597,6,127)
w(0,596,6,127)
r(4,576,6,127)
r(7,113,6,127)
r(5,608,6,127)
r(19,93,6,127)
w(14,569,6,127)
r(17,586,6,127)
r(3,605,6,127)
r(18,665,6,127)
w(12,599,6,127)
r(1,581,6,127)
w(16,590,6,127)
w(15,613,6,127)
w(6,610,6,127)
w(9,602,6,127)
r(11,95,6,127)
w(10,593,6,127)
w(13,625,6,127)
r(0,594,6,128)
w(17,587,6,128)
r(13,721,6,128)
r(10,591,6,128)
w(1,583,6,128)
w(4,578,6,128)
r(16,685,6,128)
w(18,667,6,128)
r(15,718,6,128)
r(5,712,6,128)
r(2,595,6,128)
w(12,600,6,128)
w(9,603,6,128)
r(8,719,6,128)
r(7,702,6,128)
w(19,587,6,128)
r(6,608,6,128)
r(3,605,6,128)
w(14,570,6,128)
w(11,564,6,128)
r(6,213,6,129)
r(14,568,6,129)
w(0,597,6,129)
r(4,675,6,129)
w(19,588,6,129)
r(7,219,6,129)
r(17,205,6,129)
w(16,591,6,129)
w(11,565,6,129)
w(10,594,6,129)
w(9,604,6,129)
r(13,203,6,129)
r(8,213,6,129)
w(2,598,6,129)
r(1,119,6,129)
w(5,610,6,129)
w(3,607,6,129)
r(18,213,6,129)
w(15,614,6,129)
w(12,601,6,129)
w(1,584,6,130)
r(18,213,6,130)
r(0,196,6,130)
r(2,595,6,130)
r(10,210,6,130)
r(7,219,6,130)
w(17,588,6,130)
w(4,579,6,130)
w(14,571,6,130)
r(9,109,6,130)
r(12,598,6,130)
w(8,617,6,130)
r(5,202,6,130)
r(16,209,6,130)
w(6,611,6,130)
w(15,615,6,130)
w(13,626,6,130)
w(11,566,6,130)
w(3,608,6,130)
r(19,168,6,130)
r(1,307,6,131)
r(0,501,6,131)
w(13,627,6,131)
r(11,475,6,131)
r(16,494,6,131)
r(15,525,6,131)
w(9,605,6,131)
r(18,560,6,131)
r(3,503,6,131)
r(7,506,6,131)
w(4,580,6,131)
w(19,589,6,131)
w(14,572,6,131)
w(10,595,6,131)
w(17,589,6,131)
r(6,517,6,131)
r(8,516,6,131)
r(2,280,6,131)
r(12,508,6,131)
w(5,611,6,131)
w(12,602,6,132)
w(8,618,6,132)
r(4,486,6,132)
r(6,518,6,132)
r(2,183,6,132)
r(19,589,6,132)
r(18,561,6,132)
r(9,605,6,132)
r(17,208,6,132)
w(14,573,6,132)
w(13,628,6,132)
r(3,504,6,132)
r(5,494,6,132)
r(1,307,6,132)
w(0,598,6,132)
r(15,211,6,132)
r(16,495,6,132)
w(11,567,6,132)
w(10,596,6,132)
w(7,602,6,132)
r(8,217,6,133)
r(2,183,6,133)
r(11,190,6,133)
w(9,606,6,133)
r(13,923,6,133)
r(16,884,6,133)
w(5,612,6,133)
w(15,616,6,133)
w(0,599,6,133)
w(1,585,6,133)
w(7,603,6,133)
r(4,878,6,133)
r(14,472,6,133)
r(12,914,6,133)
w(3,609,6,133)
r(19,884,6,133)
r(10,212,6,133)
r(17,208,6,133)
r(6,912,6,133)
r(18,997,6,133)
r(7,897,6,134)
r(16,884,6,134)
w(18,668,6,134)
r(13,7,6,134)
w(4,581,6,134)
w(15,617,6,134)
r(11,190,6,134)
w(12,603,6,134)
r(2,6,6,134)
r(0,6,6,134)
r(14,8,6,134)
r(19,884,6,134)
r(9,7,6,134)
r(17,6,6,134)
r(1,6,6,134)
r(5,494,6,134)
r(8,217,6,134)
r(3,5,6,134)
r(6,912,6,134)
r(10,4,6,134)
w(5,613,6,135)
r(4,487,6,135)
r(3,406,6,135)
w(2,599,6,135)
r(10,399,6,135)
r(0,303,6,135)
w(16,592,6,135)
r(13,417,6,135)
r(8,416,6,135)
r(19,277,6,135)
w(9,607,6,135)
r(11,477,6,135)
r(12,408,6,135)
w(1,586,6,135)
r(14,278,6,135)
w(17,590,6,135)
r(18,453,6,135)
w(6,612,6,135)
r(7,897,6,135)
w(15,618,6,135)
r(3,406,6,136)
w(11,568,6,136)
r(9,399,6,136)
w(8,619,6,136)
w(0,600,6,136)
w(10,597,6,136)
r(6,314,6,136)
r(1,309,6,136)
w(2,600,6,136)
r(15,322,6,136)
w(7,604,6,136)
w(4,582,6,136)
r(17,387,6,136)
r(5,402,6,136)
r(18,453,6,136)
r(16,410,6,136)
w(14,574,6,136)
r(12,408,6,136)
r(13,417,6,136)
r(19,277,6,136)
r(15,426,6,137)
r(2,802,6,137)
r(10,818,6,137)
r(12,819,6,137)
w(5,614,6,137)
r(17,784,6,137)
r(16,410,6,137)
r(18,880,6,137)
w(3,610,6,137)
w(1,587,6,137)
w(8,620,6,137)
r(9,400,6,137)
w(6,613,6,137)
r(19,779,6,137)
w(11,569,6,137)
r(14,474,6,137)
w(4,583,6,137)
w(0,601,6,137)
w(13,629,6,137)
w(7,605,6,137)
r(1,587,6,138)
w(18,669,6,138)
r(17,784,6,138)
r(7,605,6,138)
w(4,584,6,138)
r(12,819,6,138)
w(14,575,6,138)
w(9,608,6,138)
r(0,601,6,138)
w(11,570,6,138)
w(5,615,6,138)
w(3,611,6,138)
w(8,621,6,138)
w(10,598,6,138)
r(15,426,6,138)
r(13,629,6,138)
w(6,614,6,138)
r(16,410,6,138)
w(19,590,6,138)
w(2,601,6,138)
w(10,599,6,139)
r(15,325,6,139)
r(12,305,6,139)
w(9,609,6,139)
r(5,298,6,139)
w(4,585,6,139)
r(19,779,6,139)
r(8,315,6,139)
r(3,215,6,139)
w(16,593,6,139)
w(13,630,6,139)
w(0,602,6,139)
w(1,588,6,139)
r(2,187,6,139)
r(7,317,6,139)
w(14,576,6,139)
r(18,214,6,139)
r(6,316,6,139)
r(11,296,6,139)
r(17,291,6,139)
w(15,709,7,140)
r(1,111,7,140)
r(0,106,7,140)
r(5,103,7,140)
w(18,757,7,140)
w(17,682,7,140)
r(11,90,7,140)
r(14,95,7,140)
w(4,668,7,140)
w(8,711,7,140)
w(2,690,7,140)
w(9,699,7,140)
r(3,107,7,140)
w(13,711,7,140)
r(16,104,7,140)
w(10,704,7,140)
w(7,694,7,140)
r(12,110,7,140)
w(6,703,7,140)
r(19,90,7,140)
r(17,682,7,141)
w(6,704,7,141)
r(16,104,7,141)
w(8,712,7,141)
r(4,668,7,141)
r(1,111,7,141)
r(7,694,7,141)
r(11,90,7,141)
w(15,710,7,141)
r(19,90,7,141)
r(12,110,7,141)
w(0,693,7,141)
w(13,712,7,141)
r(9,699,7,141)
r(5,103,7,141)
r(14,95,7,141)
r(10,704,7,141)
r(2,690,7,141)
w(18,758,7,141)
r(3,107,7,141)
r(19,90,7,142)
r(6,703,7,142)
r(18,757,7,142)
w(14,672,7,142)
r(8,711,7,142)
r(1,111,7,142)
w(5,706,7,142)
r(2,690,7,142)
r(10,704,7,142)
w(4,669,7,142)
w(3,699,7,142)
r(16,104,7,142)
w(13,713,7,142)
w(12,701,7,142)
r(9,699,7,142)
r(0,106,7,142)
r(7,694,7,142)
r(17,682,7,142)
w(11,650,7,142)
w(15,711,7,142)
w(18,759,7,143)
r(12,110,7,143)
w(10,705,7,143)
w(16,677,7,143)
w(7,695,7,143)
r(9,699,7,143)
w(1,684,7,143)
r(3,107,7,143)
w(0,694,7,143)
w(4,670,7,143)
w(8,713,7,143)
w(5,707,7,143)
w(2,691,7,143)
r(13,711,7,143)
r(19,90,7,143)
r(6,703,7,143)
w(17,683,7,143)
w(11,651,7,143)
w(15,712,7,143)
r(14,95,7,143)
r(5,103,7,144)
w(10,706,7,144)
w(4,671,7,144)
w(18,760,7,144)
w(3,700,7,144)
w(17,684,7,144)
r(15,709,7,144)
w(13,714,7,144)
w(0,695,7,144)
r(16,104,7,144)
r(12,110,7,144)
r(8,711,7,144)
w(19,675,7,144)
r(1,111,7,144)
w(2,692,7,144)
r(7,694,7,144)
r(6,703,7,144)
r(9,699,7,144)
r(14,95,7,144)
r(11,90,7,144)
r(6,703,7,145)
r(17,682,7,145)
w(2,693,7,145)
r(9,699,7,145)
w(19,676,7,145)
w(8,714,7,145)
w(11,652,7,145)
w(16,678,7,145)
w(3,701,7,145)
r(0,106,7,145)
w(7,696,7,145)
r(18,757,7,145)
w(13,715,7,145)
w(1,685,7,145)
w(15,713,7,145)
w(5,708,7,145)
r(14,95,7,145)
w(12,702,7,145)
w(10,707,7,145)
r(4,668,7,145)
w(9,700,7,146)
w(10,708,7,146)
r(1,111,7,146)
w(11,653,7,146)
w(0,696,7,146)
r(8,818,7,146)
w(3,702,7,146)
r(5,807,7,146)
w(16,679,7,146)
r(19,775,7,146)
w(14,673,7,146)
r(6,808,7,146)
w(4,672,7,146)
w(2,694,7,146)
r(17,780,7,146)
w(18,761,7,146)
r(12,812,7,146)
r(13,819,7,146)
w(15,714,7,146)
r(7,799,7,146)
w(9,701,7,147)
r(4,764,7,147)
w(2,695,7,147)
r(14,783,7,147)
w(19,677,7,147)
r(3,804,7,147)
w(11,654,7,147)
r(7,799,7,147)
r(6,808,7,147)
r(0,800,7,147)
r(5,807,7,147)
w(16,680,7,147)
w(13,716,7,147)
w(17,685,7,147)
r(8,818,7,147)
w(12,703,7,147)
r(18,662,7,147)
r(15,709,7,147)
r(10,813,7,147)
w(1,686,7,147)
w(8,715,7,148)
r(2,593,7,148)
r(12,812,7,148)
w(13,717,7,148)
w(5,709,7,148)
w(19,678,7,148)
w(7,697,7,148)
r(15,709,7,148)
w(10,709,7,148)
w(0,697,7,148)
r(1,111,7,148)
r(4,764,7,148)
w(9,702,7,148)
w(6,705,7,148)
w(14,674,7,148)
r(3,804,7,148)
w(18,762,7,148)
w(16,681,7,148)
w(11,655,7,148)
w(17,686,7,148)
r(4,764,7,149)
r(5,289,7,149)
w(13,718,7,149)
r(11,560,7,149)
w(16,682,7,149)
w(0,698,7,149)
r(15,316,7,149)
r(3,305,7,149)
r(2,273,7,149)
r(10,813,7,149)
r(6,808,7,149)
w(8,716,7,149)
r(14,275,7,149)
r(9,289,7,149)
w(7,698,7,149)
r(1,305,7,149)
r(18,323,7,149)
r(19,775,7,149)
w(17,687,7,149)
w(12,704,7,149)
r(6,808,7,150)
r(8,306,7,150)
w(2,696,7,150)
w(0,699,7,150)
r(4,764,7,150)
r(17,285,7,150)
w(1,687,7,150)
w(11,656,7,150)
w(19,679,7,150)
r(14,275,7,150)
r(13,294,7,150)
r(7,799,7,150)
w(12,705,7,150)
w(10,710,7,150)
r(16,305,7,150)
w(3,703,7,150)
w(15,715,7,150)
r(5,289,7,150)
w(9,703,7,150)
w(18,763,7,150)
r(16,305,7,151)
r(11,560,7,151)
w(18,764,7,151)
w(8,717,7,151)
w(12,706,7,151)
r(5,395,7,151)
r(1,394,7,151)
w(4,673,7,151)
r(15,316,7,151)
w(3,704,7,151)
r(10,394,7,151)
w(17,688,7,151)
w(9,704,7,151)
w(14,675,7,151)
w(7,699,7,151)
r(0,297,7,151)
w(2,697,7,151)
w(6,706,7,151)
w(19,680,7,151)
w(13,719,7,151)
r(12,403,7,152)
r(19,775,7,152)
w(6,707,7,152)
w(18,765,7,152)
r(16,305,7,152)
w(7,700,7,152)
w(5,710,7,152)
r(11,560,7,152)
r(4,764,7,152)
w(0,700,7,152)
w(14,676,7,152)
r(17,285,7,152)
w(15,716,7,152)
r(8,411,7,152)
w(3,705,7,152)
r(1,394,7,152)
r(13,408,7,152)
r(2,273,7,152)
r(9,394,7,152)
r(10,394,7,152)
r(4,384,7,153)
w(6,708,7,153)
r(7,799,7,153)
r(12,403,7,153)
w(14,677,7,153)
w(17,689,7,153)
w(18,766,7,153)
w(8,718,7,153)
r(19,386,7,153)
r(9,395,7,153)
r(10,395,7,153)
r(3,400,7,153)
w(0,701,7,153)
r(13,409,7,153)
w(11,657,7,153)
w(15,717,7,153)
r(2,389,7,153)
w(5,711,7,153)
w(16,683,7,153)
r(1,395,7,153)
r(6,511,7,154)
w(13,720,7,154)
w(12,707,7,154)
w(14,678,7,154)
w(4,674,7,154)
w(2,698,7,154)
w(18,767,7,154)
w(10,711,7,154)
w(17,690,7,154)
w(16,684,7,154)
w(0,702,7,154)
w(3,706,7,154)
w(7,701,7,154)
r(5,490,7,154)
r(15,421,7,154)
r(1,395,7,154)
w(19,681,7,154)
r(9,395,7,154)
r(11,470,7,154)
r(8,512,7,154)
r(0,594,7,155)
r(18,665,7,155)
r(3,605,7,155)
r(2,595,7,155)
w(7,702,7,155)
w(16,685,7,155)
w(17,691,7,155)
r(1,119,7,155)
r(11,95,7,155)
w(8,719,7,155)
r(12,598,7,155)
w(13,721,7,155)
r(19,93,7,155)
w(5,712,7,155)
r(9,109,7,155)
r(6,608,7,155)
w(15,718,7,155)
r(14,568,7,155)
r(10,591,7,155)
w(4,675,7,155)
r(18,665,7,156)
r(12,598,7,156)
w(17,692,7,156)
w(15,719,7,156)
r(6,608,7,156)
r(7,702,7,156)
w(5,713,7,156)
w(0,703,7,156)
r(16,685,7,156)
w(9,705,7,156)
w(14,679,7,156)
r(2,595,7,156)
w(10,712,7,156)
r(13,721,7,156)
r(8,719,7,156)
w(11,658,7,156)
w(3,707,7,156)
r(4,675,7,156)
w(19,682,7,156)
r(1,119,7,156)
r(12,598,7,157)
r(2,595,7,157)
w(1,688,7,157)
r(18,665,7,157)
r(5,712,7,157)
w(15,720,7,157)
r(4,675,7,157)
r(9,109,7,157)
w(16,686,7,157)
r(11,95,7,157)
w(8,720,7,157)
w(10,713,7,157)
w(6,709,7,157)
w(14,680,7,157)
w(13,722,7,157)
r(3,605,7,157)
r(0,594,7,157)
w(7,703,7,157)
r(17,691,7,157)
w(19,683,7,157)
w(13,723,7,158)
r(14,568,7,158)
w(3,708,7,158)
r(10,210,7,158)
r(9,109,7,158)
w(12,708,7,158)
w(2,699,7,158)
r(17,205,7,158)
r(6,213,7,158)
w(18,768,7,158)
w(5,714,7,158)
r(15,208,7,158)
w(16,687,7,158)
r(1,119,7,158)
w(8,721,7,158)
w(7,704,7,158)
w(0,704,7,158)
w(4,676,7,158)
w(11,659,7,158)
w(19,684,7,158)
w(12,709,7,159)
w(16,688,7,159)
r(11,95,7,159)
w(17,693,7,159)
r(5,293,7,159)
r(18,329,7,159)
w(13,724,7,159)
w(6,710,7,159)
w(14,681,7,159)
w(0,705,7,159)
r(19,168,7,159)
w(7,705,7,159)
w(15,721,7,159)
w(8,722,7,159)
w(4,677,7,159)
w(9,706,7,159)
r(1,307,7,159)
w(10,714,7,159)
w(2,700,7,159)
r(3,605,7,159)
r(16,104,8,160)
r(0,106,8,160)
r(17,682,8,160)
r(15,709,8,160)
r(8,711,8,160)
r(19,90,8,160)
r(6,703,8,160)
w(4,760,8,160)
w(12,808,8,160)
r(1,111,8,160)
w(14,781,8,160)
w(13,818,8,160)
r(2,690,8,160)
w(7,796,8,160)
w(9,789,8,160)
w(18,874,8,160)
w(11,756,8,160)
w(5,804,8,160)
w(10,811,8,160)
r(3,107,8,160)
r(18,757,8,161)
w(7,797,8,161)
w(11,757,8,161)
r(15,709,8,161)
w(10,812,8,161)
w(4,761,8,161)
r(0,106,8,161)
r(6,703,8,161)
w(16,776,8,161)
w(19,774,8,161)
w(12,809,8,161)
w(14,782,8,161)
r(9,699,8,161)
w(17,778,8,161)
w(5,805,8,161)
r(1,111,8,161)
r(13,711,8,161)
w(8,816,8,161)
w(2,798,8,161)
r(3,107,8,161)
w(5,806,8,162)
r(0,106,8,162)
r(6,703,8,162)
r(10,704,8,162)
w(16,777,8,162)
r(19,90,8,162)
w(15,805,8,162)
r(7,694,8,162)
r(9,699,8,162)
w(8,817,8,162)
r(14,95,8,162)
w(3,801,8,162)
w(11,758,8,162)
w(4,762,8,162)
r(2,690,8,162)
r(13,711,8,162)
r(12,110,8,162)
r(1,111,8,162)
w(17,779,8,162)
r(18,757,8,162)
w(13,819,8,163)
r(11,560,8,163)
r(14,566,8,163)
r(7,599,8,163)
w(6,808,8,163)
w(17,780,8,163)
w(19,775,8,163)
w(3,802,8,163)
r(2,593,8,163)
w(9,790,8,163)
r(1,111,8,163)
r(18,662,8,163)
w(4,763,8,163)
r(15,709,8,163)
r(0,591,8,163)
r(16,104,8,163)
w(10,813,8,163)
w(5,807,8,163)
w(8,818,8,163)
w(12,810,8,163)
r(8,818,8,164)
r(0,591,8,164)
w(6,809,8,164)
r(10,813,8,164)
w(12,811,8,164)
r(4,763,8,164)
r(17,780,8,164)
r(14,566,8,164)
r(5,807,8,164)
w(18,875,8,164)
r(11,560,8,164)
w(19,776,8,164)
w(7,798,8,164)
r(2,593,8,164)
r(16,104,8,164)
w(3,803,8,164)
r(1,111,8,164)
r(13,819,8,164)
r(9,790,8,164)
r(15,709,8,164)
w(4,764,8,165)
w(12,812,8,165)
w(3,804,8,165)
w(14,783,8,165)
r(17,780,8,165)
r(13,819,8,165)
w(0,800,8,165)
r(8,818,8,165)
r(9,790,8,165)
r(2,593,8,165)
r(10,813,8,165)
r(15,709,8,165)
r(18,662,8,165)
w(16,778,8,165)
r(6,808,8,165)
r(5,807,8,165)
r(19,775,8,165)
r(1,111,8,165)
r(11,560,8,165)
w(7,799,8,165)
r(2,593,8,166)
r(9,790,8,166)
r(17,780,8,166)
r(16,778,8,166)
r(15,709,8,166)
w(13,820,8,166)
r(7,799,8,166)
w(12,813,8,166)
r(19,775,8,166)
r(8,818,8,166)
r(5,807,8,166)
r(4,764,8,166)
w(0,801,8,166)
r(3,804,8,166)
r(10,813,8,166)
w(11,759,8,166)
r(1,111,8,166)
w(18,876,8,166)
r(14,783,8,166)
r(6,808,8,166)
w(18,877,8,167)
r(0,800,8,167)
w(13,821,8,167)
r(12,812,8,167)
r(19,775,8,167)
r(7,799,8,167)
r(6,808,8,167)
w(11,760,8,167)
r(17,780,8,167)
w(3,805,8,167)
r(8,818,8,167)
w(16,779,8,167)
w(10,814,8,167)
r(5,807,8,167)
w(2,799,8,167)
r(9,790,8,167)
w(4,765,8,167)
w(15,806,8,167)
r(14,783,8,167)
w(1,788,8,167)
r(5,289,8,168)
r(2,273,8,168)
w(15,807,8,168)
w(4,766,8,168)
w(9,791,8,168)
w(1,789,8,168)
r(0,297,8,168)
w(12,814,8,168)
r(18,323,8,168)
w(7,800,8,168)
r(11,560,8,168)
r(3,305,8,168)
r(16,305,8,168)
w(14,784,8,168)
w(19,777,8,168)
w(10,815,8,168)
w(6,810,8,168)
r(13,294,8,168)
w(8,819,8,168)
w(17,781,8,168)
w(11,761,8,169)
r(1,394,8,169)
r(0,297,8,169)
r(10,394,8,169)
r(9,394,8,169)
r(5,395,8,169)
w(14,785,8,169)
r(17,285,8,169)
r(4,764,8,169)
r(8,411,8,169)
w(2,800,8,169)
r(16,305,8,169)
w(12,815,8,169)
w(6,811,8,169)
w(13,822,8,169)
r(7,799,8,169)
r(18,444,8,169)
r(19,775,8,169)
r(15,316,8,169)
r(3,400,8,169)
w(6,812,8,170)
w(13,823,8,170)
w(16,780,8,170)
r(8,615,8,170)
r(5,608,8,170)
r(2,595,8,170)
r(1,581,8,170)
r(19,93,8,170)
r(15,421,8,170)
r(14,568,8,170)
r(17,586,8,170)
w(9,792,8,170)
w(0,802,8,170)
r(3,605,8,170)
r(7,113,8,170)
r(10,591,8,170)
w(12,816,8,170)
r(4,576,8,170)
r(18,665,8,170)
w(11,762,8,170)
w(7,801,8,171)
w(6,813,8,171)
w(14,786,8,171)
r(0,196,8,171)
w(12,817,8,171)
w(3,806,8,171)
r(2,595,8,171)
w(8,820,8,171)
w(15,808,8,171)
w(5,808,8,171)
r(4,675,8,171)
r(13,203,8,171)
r(1,119,8,171)
w(17,782,8,171)
w(18,878,8,171)
w(19,778,8,171)
w(9,793,8,171)
w(10,816,8,171)
r(16,209,8,171)
w(11,763,8,171)
r(13,417,8,172)
w(2,801,8,172)
r(4,487,8,172)
w(3,807,8,172)
w(9,794,8,172)
r(15,322,8,172)
r(6,314,8,172)
r(7,897,8,172)
w(11,764,8,172)
w(8,821,8,172)
r(1,309,8,172)
r(0,303,8,172)
r(19,277,8,172)
w(17,783,8,172)
w(18,879,8,172)
w(16,781,8,172)
w(10,817,8,172)
w(5,809,8,172)
w(12,818,8,172)
r(14,278,8,172)
w(17,784,8,173)
w(18,880,8,173)
w(19,779,8,173)
w(6,814,8,173)
w(2,802,8,173)
r(0,403,8,173)
r(8,416,8,173)
r(15,426,8,173)
r(9,400,8,173)
w(12,819,8,173)
w(10,818,8,173)
r(14,474,8,173)
r(4,388,8,173)
r(3,506,8,173)
r(5,496,8,173)
w(1,790,8,173)
r(7,507,8,173)
r(11,477,8,173)
r(16,410,8,173)
r(13,417,8,173)
r(12,305,8,174)
r(19,779,8,174)
w(11,765,8,174)
w(13,824,8,174)
r(6,218,8,174)
w(2,803,8,174)
r(16,215,8,174)
w(18,881,8,174)
w(7,802,8,174)
w(8,822,8,174)
w(1,791,8,174)
r(14,282,8,174)
r(5,299,8,174)
r(15,325,8,174)
w(4,767,8,174)
w(3,808,8,174)
w(17,785,8,174)
w(0,803,8,174)
r(9,213,8,174)
w(10,819,8,174)
w(16,782,8,175)
r(12,305,8,175)
r(2,803,8,175)
w(14,787,8,175)
w(6,815,8,175)
w(17,786,8,175)
w(10,820,8,175)
r(5,299,8,175)
w(9,795,8,175)
w(8,823,8,175)
r(1,791,8,175)
r(3,808,8,175)
r(13,824,8,175)
r(19,779,8,175)
w(18,882,8,175)
r(15,325,8,175)
r(7,802,8,175)
r(4,767,8,175)
w(0,804,8,175)
r(11,765,8,175)
r(8,9,8,176)
w(16,783,8,176)
r(7,9,8,176)
w(6,816,8,176)
w(4,768,8,176)
w(1,792,8,176)
r(17,8,8,176)
r(11,6,8,176)
w(5,810,8,176)
w(10,821,8,176)
r(13,10,8,176)
r(0,8,8,176)
r(2,803,8,176)
w(3,809,8,176)
w(19,780,8,176)
w(15,809,8,176)
r(12,8,8,176)
r(14,787,8,176)
w(18,883,8,176)
w(9,796,8,176)
w(18,884,8,177)
w(2,804,8,177)
r(6,816,8,177)
w(10,822,8,177)
w(11,766,8,177)
r(1,792,8,177)
r(17,9,8,177)
w(16,784,8,177)
r(8,9,8,177)
w(3,810,8,177)
w(14,788,8,177)
w(9,797,8,177)
w(5,811,8,177)
r(0,8,8,177)
w(19,781,8,177)
r(15,7,8,177)
w(12,820,8,177)
w(4,769,8,177)
w(7,803,8,177)
w(13,825,8,177)
r(10,822,8,178)
r(13,12,8,178)
w(19,782,8,178)
w(9,798,8,178)
r(2,9,8,178)
w(0,805,8,178)
w(16,785,8,178)
w(5,812,8,178)
w(1,793,8,178)
r(14,788,8,178)
r(12,820,8,178)
r(18,884,8,178)
w(4,770,8,178)
w(17,787,8,178)
w(11,767,8,178)
r(7,803,8,178)
r(6,9,8,178)
w(8,824,8,178)
w(3,811,8,178)
w(15,810,8,178)
w(3,812,8,179)
r(14,12,8,179)
r(11,8,8,179)
w(5,813,8,179)
r(2,9,8,179)
r(6,10,8,179)
w(4,771,8,179)
r(13,13,8,179)
r(9,14,8,179)
w(0,806,8,179)
w(1,794,8,179)
w(19,783,8,179)
r(10,822,8,179)
w(17,788,8,179)
r(7,803,8,179)
r(8,10,8,179)
r(12,820,8,179)
r(16,10,8,179)
w(18,885,8,179)
r(15,8,8,179)
r(16,104,9,180)
w(3,905,9,180)
r(7,109,9,180)
r(18,105,9,180)
r(5,103,9,180)
r(9,102,9,180)
r(8,95,9,180)
r(4,98,9,180)
r(10,108,9,180)
r(13,101,9,180)
r(12,110,9,180)
w(11,846,9,180)
w(17,891,9,180)
w(1,890,9,180)
w(2,902,9,180)
w(19,877,9,180)
r(15,104,9,180)
r(6,107,9,180)
r(14,95,9,180)
w(0,900,9,180)
r(8,711,9,181)
w(17,892,9,181)
r(11,90,9,181)
r(13,711,9,181)
w(7,889,9,181)
r(15,709,9,181)
r(2,690,9,181)
r(5,103,9,181)
r(14,95,9,181)
w(6,907,9,181)
w(9,885,9,181)
w(16,879,9,181)
r(10,704,9,181)
r(3,107,9,181)
r(12,110,9,181)
r(4,668,9,181)
r(19,90,9,181)
w(1,891,9,181)
r(0,106,9,181)
r(18,757,9,181)
r(3,107,9,182)
w(12,907,9,182)
r(6,703,9,182)
w(14,883,9,182)
w(17,893,9,182)
w(13,917,9,182)
r(4,668,9,182)
r(2,690,9,182)
w(5,899,9,182)
w(10,904,9,182)
w(15,901,9,182)
r(7,694,9,182)
r(1,111,9,182)
w(19,878,9,182)
w(9,886,9,182)
r(18,757,9,182)
r(0,106,9,182)
r(16,104,9,182)
r(11,90,9,182)
r(8,711,9,182)
r(13,408,9,183)
r(19,775,9,183)
r(9,394,9,183)
r(15,316,9,183)
w(18,990,9,183)
w(12,908,9,183)
w(11,847,9,183)
r(2,273,9,183)
r(6,808,9,183)
w(8,917,9,183)
r(10,394,9,183)
w(0,901,9,183)
w(1,892,9,183)
r(16,305,9,183)
w(3,906,9,183)
r(14,275,9,183)
w(4,870,9,183)
w(7,890,9,183)
w(17,894,9,183)
w(5,900,9,183)
r(13,408,9,184)
w(5,901,9,184)
r(8,411,9,184)
r(3,400,9,184)
r(17,285,9,184)
r(7,799,9,184)
w(1,893,9,184)
w(9,887,9,184)
w(11,848,9,184)
r(15,316,9,184)
r(14,275,9,184)
w(0,902,9,184)
r(19,775,9,184)
w(16,880,9,184)
r(6,808,9,184)
w(4,871,9,184)
r(2,273,9,184)
r(18,444,9,184)
w(12,909,9,184)
r(10,394,9,184)
w(0,903,9,185)
r(10,394,9,185)
w(2,903,9,185)
r(17,285,9,185)
r(11,560,9,185)
w(16,881,9,185)
r(7,799,9,185)
w(5,902,9,185)
r(9,394,9,185)
w(6,908,9,185)
w(1,894,9,185)
w(13,918,9,185)
w(14,884,9,185)
w(19,879,9,185)
r(18,444,9,185)
r(12,403,9,185)
r(15,316,9,185)
w(8,918,9,185)
r(4,764,9,185)
r(3,400,9,185)
w(0,904,9,186)
w(14,885,9,186)
w(12,910,9,186)
w(3,907,9,186)
w(10,905,9,186)
w(2,904,9,186)
r(16,305,9,186)
w(15,902,9,186)
r(11,560,9,186)
w(4,872,9,186)
r(7,799,9,186)
w(18,991,9,186)
r(1,394,9,186)
r(9,394,9,186)
r(6,808,9,186)
r(19,775,9,186)
r(13,408,9,186)
r(17,285,9,186)
r(8,411,9,186)
w(5,903,9,186)
w(9,888,9,187)
w(2,905,9,187)
r(12,403,9,187)
w(19,880,9,187)
w(0,905,9,187)
r(16,305,9,187)
w(3,908,9,187)
r(5,395,9,187)
w(18,992,9,187)
w(8,919,9,187)
r(13,408,9,187)
w(10,906,9,187)
w(11,849,9,187)
r(1,394,9,187)
r(4,764,9,187)
r(14,275,9,187)
w(17,895,9,187)
w(7,891,9,187)
w(15,903,9,187)
w(6,909,9,187)
r(9,600,9,188)
r(11,95,9,188)
w(10,907,9,188)
w(4,873,9,188)
r(19,93,9,188)
r(3,605,9,188)
r(13,623,9,188)
r(16,110,9,188)
r(0,594,9,188)
r(12,598,9,188)
r(2,595,9,188)
r(15,421,9,188)
r(17,586,9,188)
r(18,665,9,188)
w(1,895,9,188)
r(6,608,9,188)
w(7,892,9,188)
w(5,904,9,188)
w(14,886,9,188)
w(8,920,9,188)
r(16,685,9,189)
w(12,911,9,189)
w(2,906,9,189)
w(17,896,9,189)
r(1,119,9,189)
r(0,594,9,189)
r(6,608,9,189)
r(13,721,9,189)
w(10,908,9,189)
r(14,568,9,189)
w(11,850,9,189)
r(9,109,9,189)
r(15,718,9,189)
w(18,993,9,189)
r(4,675,9,189)
w(5,905,9,189)
r(19,93,9,189)
w(3,909,9,189)
r(8,719,9,189)
w(7,893,9,189)
w(17,897,9,190)
r(1,119,9,190)
w(9,889,9,190)
w(14,887,9,190)
r(13,203,9,190)
w(15,904,9,190)
w(10,909,9,190)
r(11,95,9,190)
w(2,907,9,190)
w(18,994,9,190)
w(7,894,9,190)
w(19,881,9,190)
r(3,605,9,190)
w(4,874,9,190)
w(8,921,9,190)
w(6,910,9,190)
w(16,882,9,190)
r(12,598,9,190)
r(0,196,9,190)
w(5,906,9,190)
w(4,875,9,191)
r(14,568,9,191)
w(2,908,9,191)
w(1,896,9,191)
r(18,213,9,191)
w(5,907,9,191)
w(19,882,9,191)
w(8,922,9,191)
r(17,205,9,191)
w(15,905,9,191)
w(12,912,9,191)
r(3,605,9,191)
r(10,210,9,191)
r(0,196,9,191)
r(16,209,9,191)
r(6,213,9,191)
r(9,109,9,191)
r(7,219,9,191)
r(13,203,9,191)
w(11,851,9,191)
r(16,209,9,192)
r(11,95,9,192)
r(7,219,9,192)
w(0,906,9,192)
w(8,923,9,192)
w(5,908,9,192)
r(3,605,9,192)
r(9,109,9,192)
r(4,675,9,192)
r(6,213,9,192)
w(2,909,9,192)
r(17,205,9,192)
w(13,919,9,192)
w(15,906,9,192)
r(1,119,9,192)
w(18,995,9,192)
r(19,168,9,192)
w(14,888,9,192)
r(10,210,9,192)
r(12,598,9,192)
w(4,876,9,193)
r(18,213,9,193)
w(7,895,9,193)
r(10,210,9,193)
w(14,889,9,193)
r(8,213,9,193)
r(17,205,9,193)
w(11,852,9,193)
w(15,907,9,193)
w(16,883,9,193)
w(0,907,9,193)
r(12,598,9,193)
r(6,213,9,193)
r(9,109,9,193)
r(19,168,9,193)
r(2,595,9,193)
w(5,909,9,193)
w(13,920,9,193)
r(1,119,9,193)
w(3,910,9,193)
r(19,168,9,194)
w(5,910,9,194)
r(6,517,9,194)
r(4,286,9,194)
r(2,280,9,194)
r(17,495,9,194)
w(3,911,9,194)
r(11,475,9,194)
w(10,910,9,194)
w(8,924,9,194)
w(12,913,9,194)
w(1,897,9,194)
r(9,293,9,194)
w(0,908,9,194)
r(16,494,9,194)
r(18,560,9,194)
w(13,921,9,194)
r(14,568,9,194)
r(15,525,9,194)
w(7,896,9,194)
r(12,508,9,195)
r(16,495,9,195)
w(13,922,9,195)
w(4,877,9,195)
r(3,504,9,195)
r(0,501,9,195)
r(8,217,9,195)
r(17,208,9,195)
w(19,883,9,195)
w(18,996,9,195)
w(2,910,9,195)
w(9,890,9,195)
w(15,908,9,195)
r(14,472,9,195)
r(11,190,9,195)
w(5,911,9,195)
w(6,911,9,195)
r(7,222,9,195)
r(10,212,9,195)
r(1,307,9,195)
w(18,997,9,196)
r(0,501,9,196)
r(10,212,9,196)
r(3,504,9,196)
w(13,923,9,196)
w(6,912,9,196)
r(2,183,9,196)
r(17,208,9,196)
w(19,884,9,196)
w(12,914,9,196)
w(4,878,9,196)
w(7,897,9,196)
r(5,494,9,196)
w(9,891,9,196)
w(16,884,9,196)
r(1,307,9,196)
r(14,472,9,196)
r(8,217,9,196)
r(15,211,9,196)
r(11,190,9,196)
r(3,504,9,197)
w(5,912,9,197)
r(9,891,9,197)
r(0,501,9,197)
r(4,878,9,197)
w(12,915,9,197)
w(14,890,9,197)
r(15,211,9,197)
w(19,885,9,197)
r(1,307,9,197)
w(18,998,9,197)
r(2,183,9,197)
w(6,913,9,197)
w(8,925,9,197)
w(7,898,9,197)
w(13,924,9,197)
w(17,898,9,197)
w(10,911,9,197)
r(16,884,9,197)
w(11,853,9,197)
r(13,7,9,198)
r(7,897,9,198)
w(9,892,9,198)
w(18,999,9,198)
w(10,912,9,198)
w(0,909,9,198)
r(19,884,9,198)
r(16,884,9,198)
w(8,926,9,198)
w(14,891,9,198)
r(3,5,9,198)
w(11,854,9,198)
w(15,909,9,198)
w(4,879,9,198)
w(17,899,9,198)
r(12,914,9,198)
w(1,898,9,198)
w(6,914,9,198)
r(5,494,9,198)
r(2,6,9,198)
w(4,880,9,199)
r(14,8,9,199)
w(7,899,9,199)
w(15,910,9,199)
r(9,7,9,199)
r(11,190,9,199)
w(0,910,9,199)
r(6,912,9,199)
w(16,885,9,199)
w(13,925,9,199)
r(8,217,9,199)
w(18,1000,9,199)
w(19,886,9,199)
r(17,6,9,199)
r(2,6,9,199)
w(5,913,9,199)
r(12,914,9,199)
r(3,5,9,199)
r(10,4,9,199)
r(1,6,9,199)
