r(7,0,0,0)
r(12,0,0,0)
r(11,0,0,0)
w(8,1,0,0)
r(16,0,0,0)
r(19,0,0,0)
r(18,0,0,0)
w(15,1,0,0)
r(13,0,0,0)
r(3,0,0,0)
w(0,1,0,0)
r(14,0,0,0)
r(2,0,0,0)
r(10,0,0,0)
w(4,1,0,0)
r(6,0,0,0)
w(1,1,0,0)
r(5,0,0,0)
r(9,0,0,0)
w(17,1,0,0)
w(2,1,0,1)
r(14,0,0,1)
w(15,2,0,1)
r(19,0,0,1)
w(18,1,0,1)
r(10,0,0,1)
r(9,0,0,1)
r(13,0,0,1)
w(4,2,0,1)
w(7,1,0,1)
w(0,2,0,1)
r(1,1,0,1)
w(12,1,0,1)
w(8,2,0,1)
r(11,0,0,1)
r(6,0,0,1)
r(17,1,0,1)
w(16,1,0,1)
r(3,0,0,1)
r(5,0,0,1)
w(3,1,0,2)
w(0,3,0,2)
w(19,1,0,2)
r(4,2,0,2)
r(15,2,0,2)
w(14,1,0,2)
r(10,0,0,2)
w(8,3,0,2)
r(6,0,0,2)
r(12,1,0,2)
w(11,1,0,2)
w(1,2,0,2)
w(17,2,0,2)
r(5,0,0,2)
r(16,1,0,2)
r(2,1,0,2)
w(7,2,0,2)
r(18,1,0,2)
r(13,0,0,2)
w(9,1,0,2)
w(2,2,0,3)
w(14,2,0,3)
w(11,2,0,3)
w(4,3,0,3)
r(5,0,0,3)
w(6,1,0,3)
w(15,3,0,3)
r(13,0,0,3)
w(19,2,0,3)
r(18,1,0,3)
r(1,2,0,3)
r(8,3,0,3)
r(12,1,0,3)
r(7,2,0,3)
w(16,2,0,3)
w(0,4,0,3)
r(10,0,0,3)
w(3,2,0,3)
r(9,1,0,3)
w(17,3,0,3)
r(0,4,0,4)
w(6,2,0,4)
w(11,3,0,4)
w(1,3,0,4)
r(8,3,0,4)
w(12,2,0,4)
r(7,2,0,4)
w(19,3,0,4)
w(10,1,0,4)
w(3,3,0,4)
r(5,0,0,4)
w(9,2,0,4)
r(2,2,0,4)
w(17,4,0,4)
w(14,3,0,4)
r(18,1,0,4)
r(16,2,0,4)
r(4,3,0,4)
r(13,0,0,4)
r(15,3,0,4)
w(0,5,0,5)
r(6,186,0,5)
w(7,3,0,5)
w(18,2,0,5)
r(10,1,0,5)
r(8,206,0,5)
w(1,4,0,5)
r(17,196,0,5)
w(14,4,0,5)
r(12,204,0,5)
r(5,0,0,5)
r(19,197,0,5)
w(11,4,0,5)
r(9,200,0,5)
w(16,3,0,5)
r(4,210,0,5)
r(15,3,0,5)
w(3,4,0,5)
w(13,1,0,5)
r(2,2,0,5)
r(3,4,0,6)
w(10,2,0,6)
w(2,3,0,6)
r(18,2,0,6)
r(0,5,0,6)
w(6,3,0,6)
r(15,3,0,6)
w(12,3,0,6)
r(1,4,0,6)
r(7,3,0,6)
w(19,4,0,6)
w(5,1,0,6)
w(9,3,0,6)
w(16,4,0,6)
r(13,1,0,6)
r(4,210,0,6)
w(17,5,0,6)
r(8,206,0,6)
r(14,4,0,6)
r(11,4,0,6)
r(0,5,0,7)
r(18,2,0,7)
w(1,5,0,7)
w(19,5,0,7)
w(2,4,0,7)
w(10,3,0,7)
r(15,3,0,7)
r(12,204,0,7)
w(14,5,0,7)
r(16,3,0,7)
r(3,4,0,7)
r(9,200,0,7)
w(11,5,0,7)
w(8,4,0,7)
w(4,4,0,7)
w(13,2,0,7)
w(6,4,0,7)
w(7,4,0,7)
r(5,0,0,7)
w(17,6,0,7)
w(12,4,0,8)
r(13,1,0,8)
r(5,0,0,8)
r(8,206,0,8)
w(4,5,0,8)
r(10,1,0,8)
w(1,6,0,8)
w(2,5,0,8)
w(3,5,0,8)
w(11,6,0,8)
r(17,196,0,8)
w(14,6,0,8)
r(7,3,0,8)
r(9,200,0,8)
r(0,5,0,8)
r(19,197,0,8)
r(18,2,0,8)
w(16,5,0,8)
r(15,3,0,8)
w(6,5,0,8)
w(3,6,0,9)
w(9,4,0,9)
w(18,3,0,9)
w(8,5,0,9)
w(12,5,0,9)
w(5,2,0,9)
w(1,7,0,9)
r(7,3,0,9)
r(4,210,0,9)
w(13,3,0,9)
r(17,196,0,9)
r(14,4,0,9)
r(6,186,0,9)
r(0,5,0,9)
r(16,3,0,9)
r(2,2,0,9)
r(11,4,0,9)
r(10,1,0,9)
w(15,4,0,9)
r(19,197,0,9)
r(6,186,0,10)
w(0,6,0,10)
w(17,7,0,10)
r(5,2,0,10)
w(11,7,0,10)
r(10,1,0,10)
r(18,3,0,10)
r(2,2,0,10)
r(16,3,0,10)
w(19,6,0,10)
w(1,8,0,10)
w(7,5,0,10)
w(12,6,0,10)
w(13,4,0,10)
w(14,7,0,10)
w(3,7,0,10)
w(8,6,0,10)
r(9,4,0,10)
w(15,5,0,10)
r(4,210,0,10)
w(3,8,0,11)
w(11,8,0,11)
w(15,6,0,11)
r(4,210,0,11)
w(10,4,0,11)
r(17,198,0,11)
w(8,7,0,11)
w(1,9,0,11)
w(2,6,0,11)
w(16,6,0,11)
w(12,7,0,11)
w(6,6,0,11)
r(13,186,0,11)
r(9,203,0,11)
r(14,4,0,11)
r(5,2,0,11)
w(7,6,0,11)
w(0,7,0,11)
w(18,4,0,11)
r(19,197,0,11)
r(0,620,0,12)
w(3,9,0,12)
w(6,7,0,12)
r(5,110,0,12)
w(14,8,0,12)
w(7,7,0,12)
w(10,5,0,12)
r(19,199,0,12)
w(4,6,0,12)
r(12,710,0,12)
w(18,5,0,12)
w(13,5,0,12)
r(2,714,0,12)
r(8,712,0,12)
w(9,5,0,12)
w(16,7,0,12)
r(1,106,0,12)
r(17,702,0,12)
w(15,7,0,12)
r(11,102,0,12)
w(0,8,0,13)
r(10,701,0,13)
w(2,7,0,13)
r(9,99,0,13)
r(5,110,0,13)
r(11,102,0,13)
w(17,8,0,13)
r(19,199,0,13)
w(12,8,0,13)
w(4,7,0,13)
w(15,8,0,13)
r(18,672,0,13)
w(1,10,0,13)
w(7,8,0,13)
w(14,9,0,13)
r(13,97,0,13)
w(16,8,0,13)
r(6,87,0,13)
w(8,8,0,13)
w(3,10,0,13)
w(9,6,0,14)
w(3,11,0,14)
w(8,9,0,14)
r(12,710,0,14)
r(5,110,0,14)
w(14,10,0,14)
r(6,87,0,14)
r(7,722,0,14)
r(2,714,0,14)
r(10,701,0,14)
w(11,9,0,14)
w(0,9,0,14)
w(17,9,0,14)
r(19,199,0,14)
r(18,672,0,14)
r(13,97,0,14)
w(15,9,0,14)
r(4,688,0,14)
r(16,695,0,14)
r(1,106,0,14)
w(8,10,0,15)
r(18,672,0,15)
w(4,8,0,15)
r(5,899,0,15)
w(12,9,0,15)
w(2,8,0,15)
w(0,10,0,15)
r(13,876,0,15)
r(10,701,0,15)
r(15,730,0,15)
w(9,7,0,15)
r(16,891,0,15)
r(1,911,0,15)
r(14,202,0,15)
r(3,692,0,15)
r(17,702,0,15)
r(6,87,0,15)
r(11,896,0,15)
r(19,885,0,15)
w(7,9,0,15)
w(0,11,0,16)
w(6,8,0,16)
w(5,3,0,16)
w(13,6,0,16)
w(3,12,0,16)
w(12,10,0,16)
r(16,605,0,16)
w(1,11,0,16)
r(18,677,0,16)
r(10,608,0,16)
w(14,11,0,16)
r(15,628,0,16)
r(17,707,0,16)
r(4,587,0,16)
w(11,10,0,16)
w(8,11,0,16)
r(9,714,0,16)
w(7,10,0,16)
r(2,721,0,16)
w(19,7,0,16)
w(18,6,0,17)
w(13,7,0,17)
w(3,13,0,17)
r(12,10,0,17)
r(1,11,0,17)
r(7,10,0,17)
r(16,605,0,17)
w(19,8,0,17)
r(11,10,0,17)
r(9,714,0,17)
w(0,12,0,17)
w(2,9,0,17)
r(4,587,0,17)
w(8,12,0,17)
r(6,8,0,17)
w(17,10,0,17)
r(15,628,0,17)
w(14,12,0,17)
r(5,3,0,17)
w(10,6,0,17)
w(9,8,0,18)
r(4,107,0,18)
r(1,11,0,18)
r(13,100,0,18)
r(15,628,0,18)
r(3,109,0,18)
r(14,105,0,18)
w(11,11,0,18)
r(19,8,0,18)
r(6,8,0,18)
r(7,107,0,18)
r(17,10,0,18)
r(2,9,0,18)
r(0,12,0,18)
w(10,7,0,18)
w(18,7,0,18)
w(8,13,0,18)
r(16,100,0,18)
r(5,3,0,18)
r(12,10,0,18)
r(16,100,0,19)
w(2,10,0,19)
r(13,794,0,19)
w(10,8,0,19)
w(18,8,0,19)
w(17,11,0,19)
w(3,14,0,19)
r(12,115,0,19)
w(14,13,0,19)
r(11,11,0,19)
r(15,823,0,19)
r(8,13,0,19)
w(5,4,0,19)
w(1,12,0,19)
w(6,9,0,19)
r(9,819,0,19)
w(4,9,0,19)
w(0,13,0,19)
w(7,11,0,19)
r(19,796,0,19)
r(5,0,1,20)
r(2,2,1,20)
r(16,3,1,20)
r(3,4,1,20)
r(7,3,1,20)
w(4,100,1,20)
r(0,5,1,20)
w(14,99,1,20)
r(13,1,1,20)
w(8,113,1,20)
r(18,2,1,20)
r(10,1,1,20)
r(17,196,1,20)
r(11,4,1,20)
r(15,3,1,20)
w(6,85,1,20)
w(12,108,1,20)
r(19,197,1,20)
r(1,4,1,20)
r(9,200,1,20)
w(7,101,1,21)
r(12,204,1,21)
r(0,5,1,21)
w(14,100,1,21)
w(9,97,1,21)
r(18,2,1,21)
r(19,197,1,21)
w(13,96,1,21)
r(15,3,1,21)
r(16,3,1,21)
r(17,196,1,21)
w(5,109,1,21)
r(10,1,1,21)
r(8,206,1,21)
r(4,210,1,21)
w(6,86,1,21)
w(3,104,1,21)
r(11,4,1,21)
w(1,104,1,21)
r(2,2,1,21)
r(6,691,1,22)
w(15,110,1,22)
w(12,109,1,22)
r(5,596,1,22)
w(18,95,1,22)
w(2,98,1,22)
w(1,105,1,22)
r(14,202,1,22)
r(7,6,1,22)
w(11,101,1,22)
w(0,104,1,22)
w(10,91,1,22)
r(17,700,1,22)
r(16,693,1,22)
r(13,186,1,22)
w(3,105,1,22)
r(8,712,1,22)
r(4,210,1,22)
w(19,102,1,22)
w(9,98,1,22)
r(2,714,1,23)
w(12,110,1,23)
r(14,202,1,23)
r(0,620,1,23)
r(18,672,1,23)
w(4,101,1,23)
r(10,701,1,23)
w(5,110,1,23)
w(6,87,1,23)
r(8,712,1,23)
r(16,693,1,23)
w(13,97,1,23)
w(11,102,1,23)
w(15,111,1,23)
w(9,99,1,23)
r(19,199,1,23)
r(3,691,1,23)
w(17,97,1,23)
w(7,102,1,23)
w(1,106,1,23)
w(10,92,1,24)
r(0,620,1,24)
r(3,691,1,24)
r(7,102,1,24)
w(9,100,1,24)
w(4,102,1,24)
w(16,98,1,24)
w(15,112,1,24)
w(18,96,1,24)
w(19,103,1,24)
w(6,88,1,24)
r(11,102,1,24)
r(14,202,1,24)
r(12,110,1,24)
w(1,107,1,24)
r(17,97,1,24)
r(5,110,1,24)
r(13,97,1,24)
w(8,114,1,24)
r(2,714,1,24)
r(17,702,1,25)
w(4,103,1,25)
w(18,97,1,25)
r(14,202,1,25)
r(7,722,1,25)
r(13,97,1,25)
r(9,99,1,25)
r(0,620,1,25)
r(16,695,1,25)
r(12,710,1,25)
w(19,104,1,25)
r(11,102,1,25)
w(5,111,1,25)
r(3,692,1,25)
w(6,89,1,25)
w(2,99,1,25)
r(8,712,1,25)
w(1,108,1,25)
w(15,113,1,25)
r(10,701,1,25)
r(10,304,1,26)
r(4,309,1,26)
r(19,885,1,26)
r(16,891,1,26)
w(1,109,1,26)
w(9,101,1,26)
r(6,87,1,26)
r(11,310,1,26)
r(17,702,1,26)
r(0,620,1,26)
w(14,101,1,26)
w(18,98,1,26)
r(7,307,1,26)
r(2,714,1,26)
r(8,300,1,26)
r(13,288,1,26)
r(15,331,1,26)
r(3,692,1,26)
w(12,111,1,26)
w(5,112,1,26)
w(2,100,1,27)
w(13,98,1,27)
r(12,716,1,27)
w(6,90,1,27)
w(4,104,1,27)
r(18,677,1,27)
w(9,102,1,27)
w(8,115,1,27)
r(1,708,1,27)
w(11,103,1,27)
r(0,720,1,27)
r(16,605,1,27)
w(7,103,1,27)
w(19,105,1,27)
w(3,106,1,27)
w(10,93,1,27)
w(5,113,1,27)
r(15,628,1,27)
w(14,102,1,27)
w(17,98,1,27)
w(14,103,1,28)
w(17,99,1,28)
r(19,7,1,28)
r(0,11,1,28)
r(5,3,1,28)
w(9,103,1,28)
w(6,91,1,28)
r(15,628,1,28)
w(10,94,1,28)
r(12,10,1,28)
w(1,110,1,28)
w(7,104,1,28)
w(18,99,1,28)
r(13,6,1,28)
r(16,605,1,28)
w(8,116,1,28)
w(4,105,1,28)
r(2,721,1,28)
w(11,104,1,28)
w(3,107,1,28)
r(16,605,1,29)
w(19,106,1,29)
w(13,99,1,29)
r(8,12,1,29)
w(5,114,1,29)
w(17,100,1,29)
w(2,101,1,29)
w(15,114,1,29)
w(12,112,1,29)
r(18,6,1,29)
r(3,13,1,29)
r(1,11,1,29)
w(0,105,1,29)
w(9,104,1,29)
w(6,92,1,29)
w(14,104,1,29)
w(7,105,1,29)
w(11,105,1,29)
r(10,6,1,29)
r(4,587,1,29)
w(5,115,1,30)
w(18,100,1,30)
r(0,12,1,30)
w(8,117,1,30)
r(1,11,1,30)
w(16,99,1,30)
w(3,108,1,30)
r(11,10,1,30)
w(6,93,1,30)
w(4,106,1,30)
w(12,113,1,30)
r(13,7,1,30)
r(14,12,1,30)
w(7,106,1,30)
w(15,115,1,30)
w(9,105,1,30)
r(10,6,1,30)
r(17,10,1,30)
w(2,102,1,30)
w(19,107,1,30)
r(6,8,1,31)
r(11,10,1,31)
w(4,107,1,31)
w(8,118,1,31)
r(1,11,1,31)
r(0,12,1,31)
r(12,10,1,31)
r(17,10,1,31)
w(7,107,1,31)
w(13,100,1,31)
r(5,3,1,31)
r(18,6,1,31)
w(16,100,1,31)
w(9,106,1,31)
w(3,109,1,31)
r(2,9,1,31)
r(15,628,1,31)
w(10,95,1,31)
r(19,8,1,31)
w(14,105,1,31)
r(19,8,1,32)
w(2,103,1,32)
r(16,100,1,32)
w(7,108,1,32)
r(9,106,1,32)
r(1,11,1,32)
w(12,114,1,32)
r(18,6,1,32)
r(17,10,1,32)
r(5,3,1,32)
w(8,119,1,32)
r(15,628,1,32)
w(13,101,1,32)
r(6,8,1,32)
r(10,95,1,32)
r(11,10,1,32)
r(4,107,1,32)
r(0,12,1,32)
w(3,110,1,32)
w(14,106,1,32)
r(8,13,1,33)
w(10,96,1,33)
r(17,10,1,33)
r(13,100,1,33)
r(2,9,1,33)
r(14,105,1,33)
w(19,108,1,33)
r(15,628,1,33)
w(1,111,1,33)
r(9,8,1,33)
w(0,106,1,33)
r(18,7,1,33)
w(7,109,1,33)
r(5,3,1,33)
w(12,115,1,33)
r(16,100,1,33)
w(3,111,1,33)
w(6,94,1,33)
r(4,107,1,33)
r(11,11,1,33)
r(12,115,1,34)
w(10,97,1,34)
w(1,112,1,34)
w(2,104,1,34)
w(15,116,1,34)
w(11,106,1,34)
r(16,100,1,34)
w(7,110,1,34)
w(6,95,1,34)
r(9,8,1,34)
w(4,108,1,34)
w(17,101,1,34)
r(5,3,1,34)
w(14,107,1,34)
w(19,109,1,34)
w(8,120,1,34)
w(18,101,1,34)
r(13,100,1,34)
r(3,111,1,34)
r(0,106,1,34)
r(5,3,1,35)
w(1,113,1,35)
r(16,100,1,35)
w(8,121,1,35)
r(2,9,1,35)
r(7,109,1,35)
w(17,102,1,35)
w(19,110,1,35)
w(11,107,1,35)
w(12,116,1,35)
w(15,117,1,35)
r(14,814,1,35)
r(6,94,1,35)
w(0,107,1,35)
w(10,98,1,35)
r(9,819,1,35)
w(13,102,1,35)
w(4,109,1,35)
w(18,102,1,35)
r(3,111,1,35)
r(7,109,1,36)
r(6,94,1,36)
r(18,7,1,36)
r(16,100,1,36)
r(13,794,1,36)
w(2,105,1,36)
r(5,3,1,36)
r(15,823,1,36)
w(11,108,1,36)
r(12,418,1,36)
r(19,394,1,36)
r(8,410,1,36)
w(0,108,1,36)
r(9,819,1,36)
r(3,398,1,36)
w(14,108,1,36)
w(4,110,1,36)
r(10,408,1,36)
w(1,114,1,36)
r(17,401,1,36)
w(18,103,1,37)
r(7,931,1,37)
r(3,881,1,37)
w(15,118,1,37)
r(1,914,1,37)
r(13,883,1,37)
w(9,107,1,37)
r(14,910,1,37)
r(2,911,1,37)
r(12,924,1,37)
w(11,109,1,37)
w(6,96,1,37)
w(4,111,1,37)
w(8,122,1,37)
r(16,895,1,37)
w(5,116,1,37)
w(19,111,1,37)
r(10,903,1,37)
w(0,109,1,37)
w(17,103,1,37)
r(19,301,1,38)
r(18,881,1,38)
r(8,301,1,38)
r(13,883,1,38)
w(17,104,1,38)
w(4,112,1,38)
w(11,110,1,38)
w(2,106,1,38)
w(0,110,1,38)
r(5,306,1,38)
w(15,119,1,38)
w(7,111,1,38)
r(1,299,1,38)
r(10,904,1,38)
r(9,306,1,38)
r(14,910,1,38)
w(12,117,1,38)
w(3,112,1,38)
w(6,97,1,38)
r(16,895,1,38)
w(15,120,1,39)
w(5,117,1,39)
r(12,117,1,39)
r(9,306,1,39)
r(18,881,1,39)
r(19,301,1,39)
w(10,99,1,39)
w(6,98,1,39)
w(14,109,1,39)
r(8,301,1,39)
r(3,112,1,39)
w(13,103,1,39)
r(7,111,1,39)
w(2,107,1,39)
w(1,115,1,39)
r(17,104,1,39)
w(11,111,1,39)
r(16,895,1,39)
r(0,110,1,39)
r(4,112,1,39)
r(2,2,2,40)
r(7,2,2,40)
r(18,1,2,40)
w(6,186,2,40)
w(8,206,2,40)
w(19,197,2,40)
w(9,200,2,40)
r(5,0,2,40)
r(3,3,2,40)
w(11,199,2,40)
r(15,3,2,40)
r(13,0,2,40)
w(4,210,2,40)
r(0,4,2,40)
w(17,196,2,40)
w(14,198,2,40)
r(1,3,2,40)
w(12,204,2,40)
r(10,1,2,40)
w(16,194,2,40)
w(0,208,2,41)
r(10,1,2,41)
r(3,4,2,41)
r(11,4,2,41)
w(17,197,2,41)
r(19,197,2,41)
w(12,205,2,41)
w(8,207,2,41)
w(16,195,2,41)
r(5,0,2,41)
r(6,186,2,41)
w(9,201,2,41)
w(4,211,2,41)
r(2,2,2,41)
r(7,3,2,41)
r(1,4,2,41)
w(14,199,2,41)
w(13,185,2,41)
w(18,193,2,41)
w(15,214,2,41)
w(14,200,2,42)
w(0,209,2,42)
r(16,3,2,42)
r(6,186,2,42)
r(17,196,2,42)
w(15,215,2,42)
w(18,194,2,42)
w(9,202,2,42)
r(19,197,2,42)
r(4,210,2,42)
r(8,206,2,42)
r(5,0,2,42)
r(13,1,2,42)
w(3,198,2,42)
w(12,206,2,42)
r(1,4,2,42)
w(10,190,2,42)
w(11,200,2,42)
w(7,207,2,42)
r(2,2,2,42)
r(4,210,2,43)
w(9,203,2,43)
w(0,210,2,43)
w(3,199,2,43)
w(18,195,2,43)
w(15,216,2,43)
w(6,187,2,43)
w(2,206,2,43)
w(16,196,2,43)
r(12,5,2,43)
r(8,5,2,43)
r(19,197,2,43)
r(7,3,2,43)
r(14,4,2,43)
r(5,2,2,43)
w(1,202,2,43)
w(11,201,2,43)
w(13,186,2,43)
r(10,1,2,43)
w(17,198,2,43)
r(2,6,2,44)
w(5,208,2,44)
w(19,198,2,44)
r(12,7,2,44)
w(6,188,2,44)
w(10,191,2,44)
w(0,211,2,44)
r(4,210,2,44)
w(17,199,2,44)
w(3,200,2,44)
r(14,4,2,44)
r(7,6,2,44)
w(8,208,2,44)
w(11,202,2,44)
w(9,204,2,44)
r(18,4,2,44)
r(13,186,2,44)
w(1,203,2,44)
w(16,197,2,44)
w(15,217,2,44)
r(16,6,2,45)
r(10,404,2,45)
w(4,212,2,45)
w(11,203,2,45)
r(1,400,2,45)
r(7,6,2,45)
r(19,384,2,45)
w(14,201,2,45)
w(13,187,2,45)
w(15,218,2,45)
w(17,200,2,45)
w(12,207,2,45)
r(18,382,2,45)
r(6,6,2,45)
r(0,416,2,45)
w(8,209,2,45)
r(9,203,2,45)
w(5,209,2,45)
w(3,201,2,45)
w(2,207,2,45)
r(4,210,2,46)
r(13,186,2,46)
r(3,393,2,46)
w(17,201,2,46)
w(10,192,2,46)
r(9,203,2,46)
r(7,6,2,46)
w(16,198,2,46)
w(2,208,2,46)
r(5,2,2,46)
w(1,204,2,46)
w(12,208,2,46)
w(14,202,2,46)
w(19,199,2,46)
r(18,382,2,46)
w(11,204,2,46)
r(8,7,2,46)
w(15,219,2,46)
r(6,6,2,46)
r(0,416,2,46)
r(6,6,2,47)
w(11,205,2,47)
r(13,186,2,47)
w(3,202,2,47)
r(18,382,2,47)
r(7,6,2,47)
r(2,208,2,47)
r(15,219,2,47)
r(4,210,2,47)
r(10,192,2,47)
w(9,205,2,47)
r(12,208,2,47)
r(5,2,2,47)
r(17,201,2,47)
w(16,199,2,47)
r(8,7,2,47)
r(0,416,2,47)
w(19,200,2,47)
w(14,203,2,47)
r(1,204,2,47)
r(5,596,2,48)
r(15,625,2,48)
r(8,7,2,48)
r(10,605,2,48)
w(14,204,2,48)
w(2,209,2,48)
r(11,204,2,48)
w(16,200,2,48)
r(12,622,2,48)
w(4,213,2,48)
r(17,595,2,48)
r(19,199,2,48)
w(7,208,2,48)
w(13,188,2,48)
r(18,382,2,48)
w(0,212,2,48)
r(9,610,2,48)
r(6,594,2,48)
r(3,393,2,48)
w(1,205,2,48)
r(3,393,2,49)
w(9,206,2,49)
r(14,202,2,49)
r(16,198,2,49)
r(15,625,2,49)
r(18,382,2,49)
w(2,210,2,49)
w(12,209,2,49)
r(11,204,2,49)
w(7,209,2,49)
r(13,186,2,49)
r(5,596,2,49)
r(4,210,2,49)
r(6,594,2,49)
w(17,202,2,49)
r(19,199,2,49)
w(8,210,2,49)
w(1,206,2,49)
r(10,605,2,49)
w(0,213,2,49)
w(6,189,2,50)
r(11,102,2,50)
r(1,106,2,50)
w(16,201,2,50)
r(10,701,2,50)
w(12,210,2,50)
r(7,722,2,50)
w(8,211,2,50)
w(4,214,2,50)
w(9,207,2,50)
w(18,196,2,50)
w(0,214,2,50)
w(3,203,2,50)
r(17,702,2,50)
r(15,730,2,50)
w(19,201,2,50)
w(14,205,2,50)
r(2,714,2,50)
w(5,210,2,50)
w(13,189,2,50)
r(6,87,2,51)
w(11,206,2,51)
r(9,99,2,51)
w(14,206,2,51)
r(16,695,2,51)
r(18,672,2,51)
r(0,620,2,51)
w(15,220,2,51)
w(17,203,2,51)
w(12,211,2,51)
r(10,701,2,51)
r(3,692,2,51)
w(5,211,2,51)
r(2,714,2,51)
r(4,688,2,51)
w(8,212,2,51)
w(19,202,2,51)
r(1,106,2,51)
r(7,722,2,51)
r(13,97,2,51)
w(3,204,2,52)
r(1,106,2,52)
w(14,207,2,52)
w(19,203,2,52)
r(2,714,2,52)
w(0,215,2,52)
w(15,221,2,52)
r(6,87,2,52)
w(8,213,2,52)
r(4,688,2,52)
r(5,110,2,52)
r(16,695,2,52)
w(10,193,2,52)
r(13,97,2,52)
r(18,672,2,52)
w(12,212,2,52)
w(11,207,2,52)
r(7,722,2,52)
w(17,204,2,52)
w(9,208,2,52)
r(10,701,2,53)
w(0,216,2,53)
w(15,222,2,53)
w(6,190,2,53)
w(2,211,2,53)
r(14,202,2,53)
r(18,672,2,53)
r(13,97,2,53)
w(4,215,2,53)
w(9,209,2,53)
r(8,712,2,53)
r(3,692,2,53)
w(17,205,2,53)
r(12,710,2,53)
r(5,110,2,53)
r(16,695,2,53)
w(19,204,2,53)
w(1,207,2,53)
w(7,210,2,53)
r(11,102,2,53)
w(3,205,2,54)
r(14,202,2,54)
w(11,208,2,54)
r(8,712,2,54)
r(9,99,2,54)
w(0,217,2,54)
r(2,714,2,54)
w(13,190,2,54)
w(10,194,2,54)
r(18,672,2,54)
w(17,206,2,54)
r(6,87,2,54)
w(19,205,2,54)
r(4,688,2,54)
w(7,211,2,54)
w(15,223,2,54)
w(1,208,2,54)
r(5,110,2,54)
r(12,710,2,54)
r(16,695,2,54)
w(7,212,2,55)
r(13,97,2,55)
w(16,202,2,55)
r(1,106,2,55)
r(18,672,2,55)
r(5,110,2,55)
r(15,730,2,55)
r(17,702,2,55)
r(2,714,2,55)
r(6,87,2,55)
r(14,202,2,55)
r(8,712,2,55)
r(19,199,2,55)
w(3,206,2,55)
r(9,99,2,55)
w(0,218,2,55)
r(12,710,2,55)
r(10,701,2,55)
w(11,209,2,55)
r(4,688,2,55)
w(1,209,2,56)
w(15,224,2,56)
r(18,672,2,56)
w(12,213,2,56)
r(3,692,2,56)
r(17,702,2,56)
w(4,216,2,56)
w(16,203,2,56)
r(7,722,2,56)
r(11,102,2,56)
w(14,208,2,56)
r(5,110,2,56)
w(10,195,2,56)
w(19,206,2,56)
w(6,191,2,56)
w(13,191,2,56)
r(9,99,2,56)
w(2,212,2,56)
r(8,712,2,56)
w(0,219,2,56)
r(11,896,2,57)
r(9,99,2,57)
w(19,207,2,57)
w(14,209,2,57)
w(15,225,2,57)
r(17,702,2,57)
r(6,87,2,57)
w(1,210,2,57)
r(7,722,2,57)
r(2,714,2,57)
w(13,192,2,57)
w(16,204,2,57)
w(0,220,2,57)
r(18,672,2,57)
r(3,692,2,57)
r(12,919,2,57)
r(8,909,2,57)
r(4,893,2,57)
r(10,701,2,57)
w(5,212,2,57)
w(4,217,2,58)
w(3,207,2,58)
w(17,207,2,58)
r(1,911,2,58)
r(6,87,2,58)
w(9,210,2,58)
r(5,899,2,58)
r(18,672,2,58)
r(2,714,2,58)
r(11,896,2,58)
r(13,876,2,58)
w(16,205,2,58)
r(14,202,2,58)
r(8,909,2,58)
r(0,620,2,58)
w(10,196,2,58)
w(7,213,2,58)
r(12,919,2,58)
r(15,730,2,58)
w(19,208,2,58)
r(7,722,2,59)
w(9,211,2,59)
r(10,701,2,59)
r(6,87,2,59)
r(16,891,2,59)
r(12,919,2,59)
r(19,885,2,59)
r(1,911,2,59)
r(4,893,2,59)
r(13,876,2,59)
r(0,620,2,59)
r(8,909,2,59)
w(5,213,2,59)
w(3,208,2,59)
w(15,226,2,59)
r(14,202,2,59)
w(2,213,2,59)
r(17,702,2,59)
r(11,896,2,59)
r(18,672,2,59)
w(17,293,3,60)
r(15,3,3,60)
r(14,4,3,60)
r(18,2,3,60)
w(13,283,3,60)
w(12,300,3,60)
w(4,304,3,60)
r(10,1,3,60)
r(16,3,3,60)
r(0,5,3,60)
w(5,297,3,60)
w(19,297,3,60)
w(11,306,3,60)
r(9,200,3,60)
r(8,206,3,60)
r(7,3,3,60)
w(3,305,3,60)
r(6,186,3,60)
r(1,4,3,60)
w(2,302,3,60)
r(4,210,3,61)
r(9,203,3,61)
w(15,325,3,61)
w(8,295,3,61)
w(0,323,3,61)
r(12,7,3,61)
w(1,291,3,61)
r(5,2,3,61)
w(14,304,3,61)
r(17,198,3,61)
r(2,416,3,61)
r(18,382,3,61)
r(6,6,3,61)
r(7,6,3,61)
w(13,284,3,61)
r(10,404,3,61)
r(16,6,3,61)
r(11,412,3,61)
r(3,393,3,61)
r(19,384,3,61)
w(10,300,3,62)
w(0,324,3,62)
r(4,210,3,62)
r(3,691,3,62)
r(6,691,3,62)
w(17,294,3,62)
w(15,326,3,62)
r(9,710,3,62)
r(7,6,3,62)
r(19,199,3,62)
w(14,305,3,62)
r(11,706,3,62)
w(18,292,3,62)
w(8,296,3,62)
w(2,303,3,62)
r(5,596,3,62)
w(16,296,3,62)
r(12,622,3,62)
w(1,292,3,62)
r(13,186,3,62)
r(5,110,3,63)
w(9,301,3,63)
r(6,87,3,63)
r(18,672,3,63)
r(3,692,3,63)
r(1,106,3,63)
w(0,325,3,63)
w(17,295,3,63)
r(4,688,3,63)
w(15,327,3,63)
r(12,710,3,63)
r(10,701,3,63)
r(11,102,3,63)
w(7,304,3,63)
r(19,199,3,63)
w(14,306,3,63)
w(13,285,3,63)
r(2,714,3,63)
w(16,297,3,63)
w(8,297,3,63)
r(15,730,3,64)
w(1,293,3,64)
w(14,307,3,64)
w(6,291,3,64)
r(3,692,3,64)
r(9,99,3,64)
r(13,97,3,64)
r(10,701,3,64)
w(12,301,3,64)
w(0,326,3,64)
r(16,695,3,64)
r(11,102,3,64)
w(4,305,3,64)
w(7,305,3,64)
r(2,714,3,64)
w(5,298,3,64)
w(17,296,3,64)
r(19,199,3,64)
w(18,293,3,64)
r(8,712,3,64)
w(4,306,3,65)
w(2,304,3,65)
w(5,299,3,65)
r(19,199,3,65)
r(0,620,3,65)
r(14,202,3,65)
r(9,99,3,65)
w(15,328,3,65)
r(12,710,3,65)
w(3,306,3,65)
w(11,307,3,65)
r(7,722,3,65)
w(13,286,3,65)
r(10,701,3,65)
w(17,297,3,65)
w(1,294,3,65)
r(8,712,3,65)
r(18,672,3,65)
r(6,87,3,65)
r(16,695,3,65)
w(17,298,3,66)
w(15,329,3,66)
w(12,302,3,66)
w(18,294,3,66)
r(14,202,3,66)
w(16,298,3,66)
r(11,102,3,66)
r(19,199,3,66)
r(3,692,3,66)
w(4,307,3,66)
r(7,722,3,66)
r(0,620,3,66)
r(5,110,3,66)
w(10,301,3,66)
w(1,295,3,66)
r(9,99,3,66)
r(8,712,3,66)
r(6,87,3,66)
r(13,97,3,66)
r(2,714,3,66)
w(16,299,3,67)
r(19,885,3,67)
r(4,893,3,67)
w(5,300,3,67)
w(6,292,3,67)
r(1,911,3,67)
r(17,702,3,67)
r(15,730,3,67)
r(0,620,3,67)
r(10,701,3,67)
r(3,692,3,67)
w(12,303,3,67)
r(9,99,3,67)
r(13,876,3,67)
r(14,202,3,67)
w(8,298,3,67)
r(11,896,3,67)
w(7,306,3,67)
w(2,305,3,67)
w(18,295,3,67)
w(5,301,3,68)
r(13,876,3,68)
r(2,714,3,68)
r(4,893,3,68)
w(11,308,3,68)
w(10,302,3,68)
r(3,692,3,68)
r(8,909,3,68)
r(18,672,3,68)
r(19,885,3,68)
r(1,911,3,68)
r(7,722,3,68)
r(16,891,3,68)
w(9,302,3,68)
r(0,620,3,68)
r(6,87,3,68)
r(12,919,3,68)
w(14,308,3,68)
w(15,330,3,68)
r(17,702,3,68)
w(5,302,3,69)
w(10,303,3,69)
w(0,327,3,69)
w(4,308,3,69)
w(2,306,3,69)
r(1,911,3,69)
r(6,87,3,69)
r(3,692,3,69)
r(15,730,3,69)
r(19,885,3,69)
r(9,99,3,69)
w(11,309,3,69)
w(17,299,3,69)
w(8,299,3,69)
r(12,919,3,69)
r(7,722,3,69)
w(13,287,3,69)
w(14,309,3,69)
r(18,672,3,69)
w(16,300,3,69)
w(7,307,3,70)
r(2,714,3,70)
r(1,911,3,70)
r(6,87,3,70)
r(0,620,3,70)
w(11,310,3,70)
r(5,899,3,70)
r(3,692,3,70)
w(4,309,3,70)
r(16,891,3,70)
r(19,885,3,70)
w(10,304,3,70)
w(8,300,3,70)
r(9,99,3,70)
w(12,304,3,70)
w(14,310,3,70)
w(13,288,3,70)
w(15,331,3,70)
r(17,702,3,70)
w(18,296,3,70)
r(1,911,3,71)
r(11,310,3,71)
w(2,307,3,71)
r(8,300,3,71)
r(10,304,3,71)
w(3,307,3,71)
r(5,899,3,71)
w(7,308,3,71)
r(18,296,3,71)
w(17,300,3,71)
w(6,293,3,71)
w(12,305,3,71)
r(16,891,3,71)
r(4,309,3,71)
r(19,885,3,71)
w(13,289,3,71)
w(15,332,3,71)
w(9,303,3,71)
r(0,620,3,71)
r(14,310,3,71)
r(11,310,3,72)
r(9,99,3,72)
r(16,605,3,72)
r(8,620,3,72)
w(6,294,3,72)
r(2,714,3,72)
w(12,306,3,72)
w(19,298,3,72)
r(0,620,3,72)
w(18,297,3,72)
w(10,305,3,72)
r(5,899,3,72)
w(3,308,3,72)
w(15,333,3,72)
w(13,290,3,72)
r(4,309,3,72)
w(7,309,3,72)
w(1,296,3,72)
w(14,311,3,72)
r(17,600,3,72)
w(11,311,3,73)
r(19,885,3,73)
r(3,695,3,73)
w(4,310,3,73)
w(1,297,3,73)
r(17,707,3,73)
r(12,716,3,73)
w(2,308,3,73)
r(18,677,3,73)
r(8,717,3,73)
w(5,303,3,73)
r(15,628,3,73)
w(14,312,3,73)
w(10,306,3,73)
w(13,291,3,73)
w(16,301,3,73)
r(7,723,3,73)
w(0,328,3,73)
r(9,714,3,73)
r(6,597,3,73)
w(19,299,3,74)
w(3,309,3,74)
r(6,597,3,74)
w(12,307,3,74)
w(7,310,3,74)
w(14,313,3,74)
r(11,713,3,74)
r(17,707,3,74)
r(18,677,3,74)
r(16,605,3,74)
w(13,292,3,74)
r(10,608,3,74)
r(8,717,3,74)
r(4,587,3,74)
w(0,329,3,74)
w(1,298,3,74)
w(9,304,3,74)
w(5,304,3,74)
w(2,309,3,74)
r(15,628,3,74)
r(6,94,3,75)
w(15,334,3,75)
w(9,305,3,75)
r(12,115,3,75)
w(5,305,3,75)
r(11,11,3,75)
r(1,111,3,75)
r(14,814,3,75)
w(17,301,3,75)
w(16,302,3,75)
r(18,7,3,75)
w(2,310,3,75)
r(3,111,3,75)
r(10,96,3,75)
w(13,293,3,75)
r(7,109,3,75)
r(8,13,3,75)
r(4,107,3,75)
r(0,824,3,75)
w(19,300,3,75)
w(2,311,3,76)
r(10,904,3,76)
w(6,295,3,76)
w(1,299,3,76)
r(18,881,3,76)
w(9,306,3,76)
w(5,306,3,76)
w(19,301,3,76)
r(16,895,3,76)
r(14,910,3,76)
r(12,925,3,76)
w(7,311,3,76)
w(0,330,3,76)
w(17,302,3,76)
w(11,312,3,76)
r(15,929,3,76)
r(13,883,3,76)
w(8,301,3,76)
w(4,311,3,76)
r(3,881,3,76)
w(11,313,3,77)
r(8,301,3,77)
w(15,335,3,77)
r(19,301,3,77)
w(7,312,3,77)
w(12,308,3,77)
w(16,303,3,77)
r(4,311,3,77)
w(17,303,3,77)
r(9,306,3,77)
w(0,331,3,77)
r(14,910,3,77)
w(18,298,3,77)
w(2,312,3,77)
r(6,295,3,77)
r(10,904,3,77)
w(13,294,3,77)
w(1,300,3,77)
r(3,881,3,77)
w(5,307,3,77)
w(11,314,3,78)
r(5,906,3,78)
r(6,914,3,78)
w(7,313,3,78)
r(3,112,3,78)
r(4,112,3,78)
w(9,307,3,78)
w(8,302,3,78)
w(17,304,3,78)
r(0,110,3,78)
r(13,885,3,78)
r(19,890,3,78)
r(10,906,3,78)
r(15,119,3,78)
r(16,896,3,78)
w(18,299,3,78)
w(1,301,3,78)
r(12,927,3,78)
r(14,912,3,78)
w(2,313,3,78)
w(18,300,3,79)
w(12,309,3,79)
r(11,110,3,79)
w(16,304,3,79)
w(2,314,3,79)
r(7,111,3,79)
w(5,308,3,79)
r(14,912,3,79)
w(10,307,3,79)
w(0,332,3,79)
w(19,302,3,79)
r(4,112,3,79)
r(6,914,3,79)
w(3,310,3,79)
r(8,915,3,79)
r(1,299,3,79)
w(17,305,3,79)
w(13,295,3,79)
r(15,119,3,79)
r(9,306,3,79)
w(11,411,4,80)
w(15,421,4,80)
r(17,196,4,80)
r(3,4,4,80)
w(7,407,4,80)
r(16,3,4,80)
w(1,399,4,80)
w(10,403,4,80)
r(2,2,4,80)
r(8,206,4,80)
r(9,200,4,80)
w(19,383,4,80)
r(4,210,4,80)
r(18,2,4,80)
r(13,1,4,80)
w(6,380,4,80)
w(14,408,4,80)
w(5,400,4,80)
r(12,204,4,80)
r(0,5,4,80)
w(2,416,4,81)
r(12,7,4,81)
w(19,384,4,81)
w(1,400,4,81)
r(9,203,4,81)
r(4,210,4,81)
w(3,393,4,81)
w(10,404,4,81)
r(5,2,4,81)
r(13,186,4,81)
w(0,416,4,81)
r(14,4,4,81)
r(17,198,4,81)
w(15,422,4,81)
r(6,6,4,81)
w(18,382,4,81)
r(8,7,4,81)
w(11,412,4,81)
r(7,6,4,81)
r(16,6,4,81)
r(4,210,4,82)
r(0,620,4,82)
w(17,395,4,82)
r(8,712,4,82)
w(5,401,4,82)
w(10,405,4,82)
w(12,409,4,82)
r(3,691,4,82)
w(13,391,4,82)
w(6,381,4,82)
w(19,385,4,82)
r(18,672,4,82)
r(9,710,4,82)
r(16,693,4,82)
w(11,413,4,82)
r(15,727,4,82)
r(1,703,4,82)
w(7,408,4,82)
r(14,202,4,82)
w(2,417,4,82)
r(10,701,4,83)
r(3,691,4,83)
w(8,403,4,83)
w(16,406,4,83)
r(12,622,4,83)
w(7,409,4,83)
w(6,382,4,83)
w(1,401,4,83)
r(15,727,4,83)
w(4,395,4,83)
w(19,386,4,83)
r(9,710,4,83)
w(18,383,4,83)
w(11,414,4,83)
r(5,596,4,83)
r(13,186,4,83)
w(0,417,4,83)
w(17,396,4,83)
r(14,202,4,83)
r(2,714,4,83)
r(8,712,4,84)
r(0,620,4,84)
w(12,410,4,84)
w(6,383,4,84)
r(15,111,4,84)
w(16,407,4,84)
w(2,418,4,84)
r(18,672,4,84)
r(19,199,4,84)
r(3,691,4,84)
w(11,415,4,84)
w(5,402,4,84)
r(7,102,4,84)
r(4,101,4,84)
w(10,406,4,84)
r(17,97,4,84)
w(13,392,4,84)
w(9,400,4,84)
r(14,202,4,84)
w(1,402,4,84)
r(6,87,4,85)
w(0,418,4,85)
r(14,202,4,85)
w(11,416,4,85)
r(10,701,4,85)
w(13,393,4,85)
w(5,403,4,85)
r(7,722,4,85)
w(12,411,4,85)
w(4,396,4,85)
r(18,672,4,85)
r(15,730,4,85)
w(2,419,4,85)
r(16,695,4,85)
w(3,394,4,85)
w(19,387,4,85)
w(1,403,4,85)
r(17,702,4,85)
w(8,404,4,85)
r(9,99,4,85)
r(8,712,4,86)
r(17,702,4,86)
r(9,99,4,86)
w(0,419,4,86)
r(14,202,4,86)
w(11,417,4,86)
r(16,695,4,86)
w(7,410,4,86)
r(15,730,4,86)
w(12,412,4,86)
r(2,714,4,86)
w(4,397,4,86)
r(3,692,4,86)
w(1,404,4,86)
r(18,672,4,86)
w(6,384,4,86)
w(19,388,4,86)
r(10,701,4,86)
w(13,394,4,86)
w(5,404,4,86)
r(7,722,4,87)
r(2,714,4,87)
r(5,110,4,87)
w(0,420,4,87)
w(18,384,4,87)
w(16,408,4,87)
r(10,701,4,87)
w(14,409,4,87)
w(13,395,4,87)
r(19,199,4,87)
w(15,423,4,87)
w(6,385,4,87)
w(9,401,4,87)
w(11,418,4,87)
r(8,712,4,87)
r(1,106,4,87)
r(3,692,4,87)
w(12,413,4,87)
r(17,702,4,87)
w(4,398,4,87)
r(0,620,4,88)
w(14,410,4,88)
w(11,419,4,88)
w(12,414,4,88)
w(7,411,4,88)
w(17,397,4,88)
r(9,99,4,88)
r(4,688,4,88)
w(1,405,4,88)
w(15,424,4,88)
w(8,405,4,88)
r(2,714,4,88)
w(13,396,4,88)
r(3,692,4,88)
r(19,199,4,88)
w(16,409,4,88)
r(5,110,4,88)
r(10,701,4,88)
w(18,385,4,88)
r(6,87,4,88)
r(5,110,4,89)
r(9,99,4,89)
w(8,406,4,89)
r(7,722,4,89)
r(2,714,4,89)
w(16,410,4,89)
w(15,425,4,89)
w(6,386,4,89)
r(12,710,4,89)
w(14,411,4,89)
r(17,702,4,89)
r(18,672,4,89)
w(1,406,4,89)
w(19,389,4,89)
r(11,102,4,89)
r(3,692,4,89)
r(13,97,4,89)
w(4,399,4,89)
r(0,620,4,89)
w(10,407,4,89)
r(0,620,4,90)
r(11,102,4,90)
r(6,87,4,90)
r(10,701,4,90)
w(7,412,4,90)
w(9,402,4,90)
w(12,415,4,90)
w(19,390,4,90)
w(1,407,4,90)
r(8,712,4,90)
w(17,398,4,90)
r(18,672,4,90)
r(5,110,4,90)
w(2,420,4,90)
w(16,411,4,90)
w(15,426,4,90)
w(4,400,4,90)
r(13,97,4,90)
r(14,202,4,90)
r(3,692,4,90)
r(17,707,4,91)
r(10,608,4,91)
w(12,416,4,91)
w(3,395,4,91)
r(9,714,4,91)
r(2,721,4,91)
r(0,720,4,91)
w(13,397,4,91)
w(14,412,4,91)
r(1,708,4,91)
w(15,427,4,91)
r(7,723,4,91)
r(16,605,4,91)
w(5,405,4,91)
r(4,587,4,91)
w(6,387,4,91)
w(8,407,4,91)
w(18,386,4,91)
r(19,885,4,91)
w(11,420,4,91)
w(8,408,4,92)
r(12,10,4,92)
w(13,398,4,92)
r(4,107,4,92)
w(5,406,4,92)
r(18,7,4,92)
r(15,628,4,92)
w(2,421,4,92)
w(16,412,4,92)
w(11,421,4,92)
r(14,105,4,92)
w(3,396,4,92)
w(1,408,4,92)
w(9,403,4,92)
r(10,7,4,92)
w(7,413,4,92)
w(0,421,4,92)
w(17,399,4,92)
w(19,391,4,92)
r(6,8,4,92)
w(17,400,4,93)
r(2,9,4,93)
r(15,628,4,93)
r(13,100,4,93)
w(0,422,4,93)
w(5,407,4,93)
w(11,422,4,93)
r(18,7,4,93)
w(19,392,4,93)
w(14,413,4,93)
r(6,94,4,93)
r(10,96,4,93)
r(12,115,4,93)
w(1,409,4,93)
r(7,109,4,93)
r(9,8,4,93)
r(3,111,4,93)
w(16,413,4,93)
r(4,107,4,93)
w(8,409,4,93)
r(0,106,4,94)
w(3,397,4,94)
r(5,3,4,94)
w(12,417,4,94)
w(15,428,4,94)
w(19,393,4,94)
w(16,414,4,94)
r(10,96,4,94)
r(17,10,4,94)
w(11,423,4,94)
w(18,387,4,94)
w(1,410,4,94)
r(6,94,4,94)
r(4,107,4,94)
r(8,13,4,94)
w(7,414,4,94)
w(14,414,4,94)
w(9,404,4,94)
w(2,422,4,94)
w(13,399,4,94)
r(13,794,4,95)
w(0,423,4,95)
w(3,398,4,95)
w(11,424,4,95)
w(2,423,4,95)
r(7,109,4,95)
w(12,418,4,95)
w(4,401,4,95)
r(9,819,4,95)
r(16,100,4,95)
w(19,394,4,95)
r(14,814,4,95)
r(18,7,4,95)
w(8,410,4,95)
r(6,94,4,95)
w(10,408,4,95)
r(1,111,4,95)
r(5,3,4,95)
w(17,401,4,95)
r(15,823,4,95)
w(16,415,4,96)
w(11,425,4,96)
r(4,401,4,96)
r(14,814,4,96)
r(6,94,4,96)
r(13,794,4,96)
r(0,423,4,96)
w(12,419,4,96)
r(2,423,4,96)
r(8,410,4,96)
w(5,408,4,96)
w(1,411,4,96)
r(10,408,4,96)
r(19,394,4,96)
r(18,7,4,96)
r(3,398,4,96)
w(9,405,4,96)
w(15,429,4,96)
w(17,402,4,96)
w(7,415,4,96)
r(11,901,4,97)
r(19,111,4,97)
r(12,925,4,97)
w(2,424,4,97)
w(0,424,4,97)
r(5,116,4,97)
r(6,912,4,97)
w(18,388,4,97)
w(4,402,4,97)
w(14,415,4,97)
r(17,907,4,97)
w(13,400,4,97)
r(16,895,4,97)
r(8,913,4,97)
w(15,430,4,97)
w(10,409,4,97)
w(1,412,4,97)
r(7,931,4,97)
r(3,881,4,97)
w(9,406,4,97)
w(10,410,4,98)
w(14,416,4,98)
r(3,881,4,98)
w(12,420,4,98)
w(11,426,4,98)
r(0,330,4,98)
r(19,301,4,98)
r(8,301,4,98)
w(18,389,4,98)
r(17,302,4,98)
w(5,409,4,98)
w(9,407,4,98)
r(6,295,4,98)
w(7,416,4,98)
w(1,413,4,98)
r(13,883,4,98)
w(15,431,4,98)
w(2,425,4,98)
r(16,895,4,98)
r(4,311,4,98)
r(12,925,4,99)
w(17,403,4,99)
w(2,426,4,99)
r(11,312,4,99)
r(13,883,4,99)
r(7,311,4,99)
r(19,301,4,99)
r(14,910,4,99)
w(10,411,4,99)
r(9,306,4,99)
w(5,410,4,99)
w(16,416,4,99)
r(4,311,4,99)
w(6,388,4,99)
r(15,929,4,99)
w(1,414,4,99)
r(18,881,4,99)
w(8,411,4,99)
r(0,330,4,99)
w(3,399,4,99)
w(18,481,5,100)
r(10,1,5,100)
r(6,186,5,100)
r(3,4,5,100)
w(7,506,5,100)
r(2,2,5,100)
w(14,512,5,100)
w(1,495,5,100)
r(15,3,5,100)
r(19,197,5,100)
w(8,507,5,100)
r(0,5,5,100)
r(11,4,5,100)
r(13,1,5,100)
w(17,498,5,100)
r(9,200,5,100)
w(16,506,5,100)
r(5,0,5,100)
r(12,204,5,100)
w(4,480,5,100)
r(6,186,5,101)
r(5,0,5,101)
w(10,510,5,101)
r(11,4,5,101)
w(16,507,5,101)
w(12,516,5,101)
r(15,3,5,101)
w(9,503,5,101)
w(8,508,5,101)
r(19,197,5,101)
w(0,511,5,101)
w(14,513,5,101)
r(7,3,5,101)
r(13,1,5,101)
w(3,492,5,101)
r(4,210,5,101)
w(1,496,5,101)
r(2,2,5,101)
r(18,2,5,101)
r(17,196,5,101)
w(4,481,5,102)
w(13,487,5,102)
r(14,4,5,102)
w(2,516,5,102)
r(0,5,5,102)
w(1,497,5,102)
w(12,517,5,102)
w(9,504,5,102)
w(16,508,5,102)
w(19,480,5,102)
w(10,511,5,102)
w(6,484,5,102)
w(18,482,5,102)
w(3,493,5,102)
w(15,527,5,102)
r(11,4,5,102)
w(5,493,5,102)
r(8,5,5,102)
w(7,507,5,102)
r(17,196,5,102)
r(10,404,5,103)
w(5,494,5,103)
w(8,509,5,103)
r(7,6,5,103)
w(11,510,5,103)
r(14,4,5,103)
w(1,498,5,103)
w(6,485,5,103)
r(17,198,5,103)
r(12,7,5,103)
r(3,393,5,103)
w(0,512,5,103)
r(16,6,5,103)
r(2,416,5,103)
w(15,528,5,103)
w(13,488,5,103)
r(19,384,5,103)
r(4,210,5,103)
r(18,382,5,103)
w(9,505,5,103)
r(12,208,5,104)
w(19,481,5,104)
r(9,203,5,104)
r(4,210,5,104)
r(1,204,5,104)
r(14,202,5,104)
w(2,517,5,104)
w(13,489,5,104)
r(10,192,5,104)
r(0,416,5,104)
w(5,495,5,104)
r(8,7,5,104)
r(7,6,5,104)
r(16,198,5,104)
r(15,219,5,104)
w(18,483,5,104)
r(17,201,5,104)
r(11,204,5,104)
r(6,6,5,104)
r(3,393,5,104)
r(18,382,5,105)
w(13,490,5,105)
w(12,518,5,105)
w(2,518,5,105)
w(6,486,5,105)
r(1,204,5,105)
r(16,198,5,105)
r(17,201,5,105)
w(14,514,5,105)
w(7,508,5,105)
w(3,494,5,105)
w(11,511,5,105)
w(8,510,5,105)
r(19,199,5,105)
w(5,496,5,105)
w(9,506,5,105)
r(15,219,5,105)
w(10,512,5,105)
r(0,416,5,105)
w(4,482,5,105)
w(0,513,5,106)
w(13,491,5,106)
r(17,595,5,106)
w(15,529,5,106)
w(1,499,5,106)
w(4,483,5,106)
r(11,204,5,106)
w(19,482,5,106)
r(6,594,5,106)
w(14,515,5,106)
w(2,519,5,106)
r(9,610,5,106)
r(12,622,5,106)
w(18,484,5,106)
w(8,511,5,106)
w(16,509,5,106)
r(7,6,5,106)
w(10,513,5,106)
w(5,497,5,106)
w(3,495,5,106)
r(8,712,5,107)
w(15,530,5,107)
r(12,622,5,107)
w(18,485,5,107)
r(13,186,5,107)
w(16,510,5,107)
w(4,484,5,107)
w(5,498,5,107)
r(1,703,5,107)
w(10,514,5,107)
r(11,706,5,107)
w(3,496,5,107)
w(9,507,5,107)
w(6,487,5,107)
r(7,6,5,107)
r(0,620,5,107)
w(14,516,5,107)
w(2,520,5,107)
w(17,499,5,107)
r(19,199,5,107)
r(16,693,5,108)
r(2,714,5,108)
w(13,492,5,108)
r(0,620,5,108)
w(4,485,5,108)
r(5,596,5,108)
w(8,512,5,108)
r(15,727,5,108)
r(12,622,5,108)
w(7,509,5,108)
r(19,199,5,108)
r(6,691,5,108)
w(18,486,5,108)
w(14,517,5,108)
w(3,497,5,108)
w(1,500,5,108)
w(17,500,5,108)
r(9,710,5,108)
r(10,701,5,108)
w(11,512,5,108)
r(3,692,5,109)
w(17,501,5,109)
w(2,521,5,109)
r(10,304,5,109)
r(11,310,5,109)
w(6,488,5,109)
r(19,885,5,109)
w(1,501,5,109)
w(0,514,5,109)
r(18,296,5,109)
r(5,899,5,109)
r(14,310,5,109)
r(15,331,5,109)
w(13,493,5,109)
w(12,519,5,109)
r(8,300,5,109)
r(4,309,5,109)
w(16,511,5,109)
r(9,99,5,109)
w(7,510,5,109)
r(8,300,5,110)
w(0,515,5,110)
w(4,486,5,110)
w(1,502,5,110)
r(7,307,5,110)
r(9,99,5,110)
w(18,487,5,110)
r(16,891,5,110)
r(11,310,5,110)
w(17,502,5,110)
r(10,304,5,110)
r(12,304,5,110)
w(5,499,5,110)
r(2,714,5,110)
r(6,87,5,110)
w(15,531,5,110)
r(19,885,5,110)
w(13,494,5,110)
w(3,498,5,110)
r(14,310,5,110)
r(4,309,5,111)
r(3,692,5,111)
w(16,512,5,111)
w(2,522,5,111)
r(15,331,5,111)
w(19,483,5,111)
w(7,511,5,111)
r(0,620,5,111)
w(18,488,5,111)
r(17,702,5,111)
r(13,288,5,111)
w(5,500,5,111)
r(11,310,5,111)
r(1,911,5,111)
r(8,300,5,111)
r(10,304,5,111)
w(9,508,5,111)
w(14,518,5,111)
w(6,489,5,111)
r(12,304,5,111)
r(7,307,5,112)
r(3,592,5,112)
r(4,309,5,112)
r(5,899,5,112)
r(2,714,5,112)
w(10,515,5,112)
w(18,489,5,112)
r(17,600,5,112)
r(0,620,5,112)
r(9,99,5,112)
w(19,484,5,112)
r(15,627,5,112)
w(14,519,5,112)
w(12,520,5,112)
w(16,513,5,112)
r(11,310,5,112)
w(8,513,5,112)
r(6,596,5,112)
r(13,590,5,112)
r(1,911,5,112)
w(3,499,5,113)
w(4,487,5,113)
r(17,601,5,113)
w(18,490,5,113)
w(6,490,5,113)
r(14,614,5,113)
w(7,512,5,113)
r(10,608,5,113)
w(16,514,5,113)
w(1,503,5,113)
w(9,509,5,113)
w(0,516,5,113)
w(5,501,5,113)
r(2,621,5,113)
r(15,628,5,113)
r(11,606,5,113)
w(13,495,5,113)
r(8,620,5,113)
r(12,624,5,113)
w(19,485,5,113)
r(2,721,5,114)
r(11,713,5,114)
w(1,504,5,114)
w(5,502,5,114)
r(3,695,5,114)
w(13,496,5,114)
r(16,605,5,114)
r(6,597,5,114)
r(10,608,5,114)
w(14,520,5,114)
w(0,517,5,114)
r(4,587,5,114)
r(7,723,5,114)
w(8,514,5,114)
w(9,510,5,114)
r(15,628,5,114)
w(17,503,5,114)
w(19,486,5,114)
r(18,677,5,114)
r(12,716,5,114)
w(15,532,5,115)
r(5,3,5,115)
w(12,521,5,115)
w(3,500,5,115)
w(17,504,5,115)
w(2,523,5,115)
r(13,100,5,115)
r(9,8,5,115)
w(10,516,5,115)
r(1,111,5,115)
w(19,487,5,115)
r(8,13,5,115)
r(18,7,5,115)
w(7,513,5,115)
w(0,518,5,115)
r(6,94,5,115)
w(16,515,5,115)
r(14,105,5,115)
r(11,11,5,115)
r(4,107,5,115)
w(1,505,5,116)
w(14,521,5,116)
w(16,516,5,116)
r(17,10,5,116)
w(15,533,5,116)
w(2,524,5,116)
r(6,94,5,116)
r(5,3,5,116)
w(11,513,5,116)
w(9,511,5,116)
r(8,13,5,116)
r(13,794,5,116)
w(7,514,5,116)
r(19,796,5,116)
r(0,824,5,116)
r(10,96,5,116)
r(18,7,5,116)
w(4,488,5,116)
w(12,522,5,116)
r(3,111,5,116)
r(5,3,5,117)
w(3,501,5,117)
r(6,94,5,117)
w(16,517,5,117)
w(14,522,5,117)
r(18,7,5,117)
w(8,515,5,117)
w(17,505,5,117)
r(9,819,5,117)
w(15,534,5,117)
w(1,506,5,117)
r(11,424,5,117)
w(12,523,5,117)
w(4,489,5,117)
r(0,423,5,117)
w(7,515,5,117)
r(19,394,5,117)
r(2,423,5,117)
w(13,497,5,117)
r(10,408,5,117)
w(19,488,5,118)
r(11,424,5,118)
w(12,524,5,118)
r(17,401,5,118)
r(9,819,5,118)
r(0,423,5,118)
r(2,423,5,118)
w(1,507,5,118)
r(18,7,5,118)
w(7,516,5,118)
w(8,516,5,118)
w(16,518,5,118)
w(6,491,5,118)
r(13,794,5,118)
r(4,401,5,118)
r(15,823,5,118)
r(5,3,5,118)
w(3,502,5,118)
r(10,408,5,118)
w(14,523,5,118)
w(2,525,5,119)
r(3,398,5,119)
r(14,814,5,119)
w(10,517,5,119)
r(15,928,5,119)
w(18,491,5,119)
r(0,423,5,119)
w(4,490,5,119)
w(8,517,5,119)
w(19,489,5,119)
r(16,894,5,119)
w(9,512,5,119)
w(12,525,5,119)
w(11,514,5,119)
w(6,492,5,119)
w(17,506,5,119)
w(1,508,5,119)
w(7,517,5,119)
w(5,503,5,119)
w(13,498,5,119)
r(1,4,6,120)
r(9,200,6,120)
w(0,618,6,120)
w(7,603,6,120)
r(15,3,6,120)
w(10,602,6,120)
r(5,0,6,120)
r(14,4,6,120)
r(13,1,6,120)
w(19,578,6,120)
w(2,617,6,120)
r(8,206,6,120)
w(4,584,6,120)
r(18,2,6,120)
w(16,601,6,120)
w(6,592,6,120)
r(11,4,6,120)
r(3,4,6,120)
r(12,204,6,120)
w(17,592,6,120)
w(9,609,6,121)
r(13,1,6,121)
r(8,206,6,121)
w(11,604,6,121)
r(3,4,6,121)
w(16,602,6,121)
r(2,2,6,121)
r(19,197,6,121)
r(4,210,6,121)
r(7,3,6,121)
r(5,0,6,121)
w(17,593,6,121)
w(6,593,6,121)
w(10,603,6,121)
w(15,624,6,121)
w(1,604,6,121)
r(12,204,6,121)
r(18,2,6,121)
w(0,619,6,121)
w(14,608,6,121)
r(0,5,6,122)
w(2,618,6,122)
r(4,210,6,122)
w(13,587,6,122)
w(5,595,6,122)
r(9,200,6,122)
r(16,3,6,122)
w(10,604,6,122)
r(7,3,6,122)
w(12,621,6,122)
w(14,609,6,122)
r(3,4,6,122)
w(17,594,6,122)
w(1,605,6,122)
r(19,197,6,122)
r(6,186,6,122)
w(8,617,6,122)
r(15,3,6,122)
r(18,2,6,122)
r(11,4,6,122)
r(18,382,6,123)
r(19,199,6,123)
r(4,210,6,123)
w(17,595,6,123)
w(0,620,6,123)
r(1,204,6,123)
w(9,610,6,123)
r(14,202,6,123)
r(2,208,6,123)
w(10,605,6,123)
w(15,625,6,123)
r(16,198,6,123)
r(13,186,6,123)
r(7,6,6,123)
w(5,596,6,123)
r(8,7,6,123)
r(11,204,6,123)
w(6,594,6,123)
r(3,393,6,123)
w(12,622,6,123)
r(16,198,6,124)
r(11,204,6,124)
r(4,210,6,124)
w(14,610,6,124)
r(6,594,6,124)
w(15,626,6,124)
r(19,199,6,124)
r(18,382,6,124)
w(5,597,6,124)
r(3,393,6,124)
r(0,620,6,124)
r(7,6,6,124)
w(10,606,6,124)
r(8,7,6,124)
w(17,596,6,124)
r(13,186,6,124)
r(2,208,6,124)
w(1,606,6,124)
w(9,611,6,124)
r(12,622,6,124)
r(13,186,6,125)
w(0,621,6,125)
r(4,210,6,125)
w(5,598,6,125)
w(1,607,6,125)
w(19,579,6,125)
r(11,706,6,125)
r(15,727,6,125)
r(2,714,6,125)
r(10,701,6,125)
w(7,604,6,125)
w(16,603,6,125)
r(3,691,6,125)
w(14,611,6,125)
w(12,623,6,125)
r(8,712,6,125)
r(9,710,6,125)
r(18,672,6,125)
w(17,597,6,125)
w(6,595,6,125)
r(12,622,6,126)
w(16,604,6,126)
r(9,710,6,126)
r(1,703,6,126)
w(8,618,6,126)
w(19,580,6,126)
r(14,202,6,126)
r(10,701,6,126)
w(7,605,6,126)
r(18,672,6,126)
w(2,619,6,126)
r(6,691,6,126)
w(3,590,6,126)
w(5,599,6,126)
r(11,706,6,126)
r(0,620,6,126)
r(15,727,6,126)
r(13,186,6,126)
r(4,210,6,126)
w(17,598,6,126)
r(10,701,6,127)
r(18,672,6,127)
w(5,600,6,127)
w(11,605,6,127)
w(13,588,6,127)
r(1,106,6,127)
r(9,99,6,127)
r(0,620,6,127)
r(7,722,6,127)
r(15,730,6,127)
w(4,585,6,127)
w(17,599,6,127)
r(12,710,6,127)
w(8,619,6,127)
r(16,695,6,127)
r(19,199,6,127)
r(6,87,6,127)
r(2,714,6,127)
w(14,612,6,127)
w(3,591,6,127)
w(13,589,6,128)
r(7,307,6,128)
r(16,891,6,128)
r(0,620,6,128)
r(12,304,6,128)
r(8,300,6,128)
r(6,87,6,128)
r(11,310,6,128)
r(17,702,6,128)
r(1,911,6,128)
w(9,612,6,128)
r(18,296,6,128)
w(2,620,6,128)
w(5,601,6,128)
w(19,581,6,128)
w(10,607,6,128)
r(15,331,6,128)
w(4,586,6,128)
r(3,692,6,128)
w(14,613,6,128)
r(0,620,6,129)
w(6,596,6,129)
w(17,600,6,129)
w(15,627,6,129)
r(4,309,6,129)
r(9,99,6,129)
r(7,307,6,129)
r(19,885,6,129)
w(3,592,6,129)
r(18,296,6,129)
r(5,899,6,129)
r(12,304,6,129)
r(11,310,6,129)
w(8,620,6,129)
r(10,304,6,129)
w(16,605,6,129)
w(13,590,6,129)
w(14,614,6,129)
r(2,714,6,129)
r(1,911,6,129)
w(3,593,6,130)
r(19,885,6,130)
w(0,622,6,130)
w(13,591,6,130)
w(11,606,6,130)
w(7,606,6,130)
w(4,587,6,130)
r(16,605,6,130)
r(9,99,6,130)
w(12,624,6,130)
w(1,608,6,130)
w(15,628,6,130)
w(2,621,6,130)
r(8,620,6,130)
w(17,601,6,130)
w(10,608,6,130)
w(5,602,6,130)
w(18,576,6,130)
r(14,614,6,130)
w(6,597,6,130)
r(15,628,6,131)
r(11,10,6,131)
w(0,623,6,131)
r(3,13,6,131)
r(9,714,6,131)
r(4,587,6,131)
r(5,3,6,131)
r(6,8,6,131)
w(8,621,6,131)
r(17,10,6,131)
w(13,592,6,131)
w(18,577,6,131)
w(2,622,6,131)
w(1,609,6,131)
w(14,615,6,131)
w(12,625,6,131)
w(19,582,6,131)
r(10,6,6,131)
w(7,607,6,131)
w(16,606,6,131)
w(15,629,6,132)
w(12,626,6,132)
w(13,593,6,132)
r(14,105,6,132)
r(19,8,6,132)
w(9,613,6,132)
r(18,6,6,132)
r(17,10,6,132)
r(8,118,6,132)
r(5,3,6,132)
w(4,588,6,132)
r(11,10,6,132)
w(0,624,6,132)
r(6,8,6,132)
w(3,594,6,132)
w(1,610,6,132)
w(7,608,6,132)
r(10,95,6,132)
r(16,100,6,132)
w(2,623,6,132)
r(14,105,6,133)
r(9,106,6,133)
r(5,3,6,133)
w(1,611,6,133)
w(12,627,6,133)
r(10,95,6,133)
w(19,583,6,133)
r(8,118,6,133)
r(7,107,6,133)
r(13,100,6,133)
r(11,10,6,133)
r(16,100,6,133)
w(3,595,6,133)
r(2,9,6,133)
r(15,628,6,133)
r(17,10,6,133)
w(4,589,6,133)
r(18,6,6,133)
w(6,598,6,133)
r(0,12,6,133)
r(17,401,6,134)
r(8,410,6,134)
r(7,109,6,134)
r(12,418,6,134)
w(0,625,6,134)
r(3,398,6,134)
w(15,630,6,134)
w(6,599,6,134)
r(5,3,6,134)
r(16,100,6,134)
r(4,401,6,134)
w(2,624,6,134)
w(10,609,6,134)
w(18,578,6,134)
r(11,424,6,134)
w(19,584,6,134)
r(14,814,6,134)
w(9,614,6,134)
w(1,612,6,134)
r(13,794,6,134)
r(19,301,6,135)
r(0,330,6,135)
r(7,311,6,135)
r(9,306,6,135)
w(2,625,6,135)
r(10,904,6,135)
w(6,600,6,135)
w(14,616,6,135)
r(1,299,6,135)
r(11,312,6,135)
r(18,881,6,135)
w(3,596,6,135)
w(8,622,6,135)
w(17,602,6,135)
w(16,607,6,135)
w(12,628,6,135)
r(13,883,6,135)
r(15,929,6,135)
w(4,590,6,135)
r(5,306,6,135)
r(1,299,6,136)
w(6,601,6,136)
w(9,615,6,136)
r(8,301,6,136)
r(11,312,6,136)
w(5,603,6,136)
r(7,311,6,136)
r(16,895,6,136)
r(15,929,6,136)
r(13,883,6,136)
r(12,925,6,136)
w(3,597,6,136)
r(10,904,6,136)
r(18,881,6,136)
r(0,330,6,136)
w(19,585,6,136)
r(4,311,6,136)
w(2,626,6,136)
w(17,603,6,136)
w(14,617,6,136)
r(12,927,6,137)
w(16,608,6,137)
w(1,613,6,137)
w(6,602,6,137)
r(11,110,6,137)
w(14,618,6,137)
w(13,594,6,137)
r(17,104,6,137)
w(3,598,6,137)
w(8,623,6,137)
r(15,119,6,137)
r(2,915,6,137)
w(7,609,6,137)
r(9,306,6,137)
r(18,882,6,137)
r(19,890,6,137)
w(0,626,6,137)
w(5,604,6,137)
w(10,610,6,137)
r(4,112,6,137)
w(16,609,6,138)
r(15,119,6,138)
r(9,306,6,138)
w(10,611,6,138)
w(17,604,6,138)
w(1,614,6,138)
r(14,912,6,138)
r(18,300,6,138)
w(19,586,6,138)
r(11,110,6,138)
r(12,309,6,138)
w(2,627,6,138)
w(6,603,6,138)
r(3,310,6,138)
w(13,595,6,138)
w(5,605,6,138)
r(0,332,6,138)
r(8,915,6,138)
r(7,111,6,138)
w(4,591,6,138)
w(10,612,6,139)
r(18,883,6,139)
w(19,587,6,139)
r(12,309,6,139)
r(9,306,6,139)
w(17,605,6,139)
w(14,619,6,139)
r(4,112,6,139)
w(5,606,6,139)
w(15,631,6,139)
w(0,627,6,139)
r(7,111,6,139)
w(16,610,6,139)
w(3,599,6,139)
r(13,295,6,139)
r(11,902,6,139)
w(1,615,6,139)
r(6,915,6,139)
r(2,916,6,139)
r(8,915,6,139)
r(14,4,7,140)
r(11,4,7,140)
w(1,701,7,140)
r(5,0,7,140)
w(13,691,7,140)
r(2,2,7,140)
r(10,1,7,140)
w(12,708,7,140)
r(18,2,7,140)
r(17,196,7,140)
r(8,206,7,140)
r(0,5,7,140)
r(15,3,7,140)
r(9,200,7,140)
r(19,197,7,140)
w(16,691,7,140)
r(3,4,7,140)
w(4,685,7,140)
w(7,719,7,140)
w(6,689,7,140)
r(10,192,7,141)
r(7,6,7,141)
r(2,208,7,141)
r(6,6,7,141)
w(1,702,7,141)
w(18,671,7,141)
w(17,698,7,141)
r(13,186,7,141)
w(8,710,7,141)
r(5,2,7,141)
r(14,202,7,141)
w(16,692,7,141)
w(11,705,7,141)
r(19,199,7,141)
r(3,393,7,141)
r(15,219,7,141)
r(12,208,7,141)
w(0,715,7,141)
r(9,203,7,141)
w(4,686,7,141)
r(7,6,7,142)
w(17,699,7,142)
w(10,700,7,142)
w(3,690,7,142)
r(19,199,7,142)
r(14,202,7,142)
r(1,204,7,142)
r(4,210,7,142)
r(16,198,7,142)
w(8,711,7,142)
w(15,726,7,142)
r(5,596,7,142)
r(9,610,7,142)
r(2,208,7,142)
w(6,690,7,142)
r(0,620,7,142)
w(13,692,7,142)
w(12,709,7,142)
r(11,204,7,142)
r(18,382,7,142)
w(3,691,7,143)
r(13,186,7,143)
w(11,706,7,143)
r(14,202,7,143)
w(2,714,7,143)
w(16,693,7,143)
w(15,727,7,143)
r(4,210,7,143)
w(10,701,7,143)
w(8,712,7,143)
r(12,622,7,143)
r(7,6,7,143)
r(5,596,7,143)
w(6,691,7,143)
r(0,620,7,143)
r(19,199,7,143)
w(18,672,7,143)
w(9,710,7,143)
w(1,703,7,143)
w(17,700,7,143)
r(11,706,7,144)
r(16,693,7,144)
w(9,711,7,144)
w(18,673,7,144)
w(0,716,7,144)
w(7,720,7,144)
w(15,728,7,144)
w(13,693,7,144)
w(1,704,7,144)
r(3,691,7,144)
r(14,202,7,144)
w(8,713,7,144)
r(12,622,7,144)
w(4,687,7,144)
w(2,715,7,144)
w(10,702,7,144)
r(5,596,7,144)
w(19,684,7,144)
r(17,700,7,144)
r(6,691,7,144)
w(5,691,7,145)
w(15,729,7,145)
w(17,701,7,145)
r(4,101,7,145)
r(13,97,7,145)
r(3,691,7,145)
r(19,199,7,145)
w(7,721,7,145)
r(8,712,7,145)
w(2,716,7,145)
r(1,106,7,145)
r(6,87,7,145)
r(14,202,7,145)
r(10,701,7,145)
w(11,707,7,145)
r(12,110,7,145)
r(0,620,7,145)
r(9,99,7,145)
w(16,694,7,145)
r(18,672,7,145)
r(9,99,7,146)
w(3,692,7,146)
r(13,97,7,146)
r(10,701,7,146)
w(16,695,7,146)
w(7,722,7,146)
w(17,702,7,146)
w(4,688,7,146)
r(19,199,7,146)
r(8,712,7,146)
r(14,202,7,146)
r(5,110,7,146)
r(18,672,7,146)
w(12,710,7,146)
r(1,106,7,146)
r(0,620,7,146)
r(11,102,7,146)
w(15,730,7,146)
r(2,714,7,146)
r(6,87,7,146)
r(9,99,7,147)
r(4,688,7,147)
r(0,620,7,147)
r(6,87,7,147)
w(8,714,7,147)
w(5,692,7,147)
w(18,674,7,147)
r(15,730,7,147)
r(7,722,7,147)
r(13,97,7,147)
w(12,711,7,147)
w(11,708,7,147)
r(16,695,7,147)
w(1,705,7,147)
r(17,702,7,147)
w(19,685,7,147)
r(10,701,7,147)
r(14,202,7,147)
w(2,717,7,147)
r(3,692,7,147)
r(5,110,7,148)
r(12,710,7,148)
r(3,692,7,148)
r(0,620,7,148)
r(11,102,7,148)
r(15,730,7,148)
w(16,696,7,148)
r(1,106,7,148)
w(6,692,7,148)
w(9,712,7,148)
w(14,707,7,148)
r(2,714,7,148)
r(19,199,7,148)
r(8,712,7,148)
w(13,694,7,148)
w(17,703,7,148)
r(7,722,7,148)
r(18,672,7,148)
r(10,701,7,148)
r(4,688,7,148)
r(8,909,7,149)
w(9,713,7,149)
w(11,709,7,149)
w(14,708,7,149)
r(16,891,7,149)
w(1,706,7,149)
r(10,701,7,149)
w(6,693,7,149)
w(17,704,7,149)
r(15,730,7,149)
w(2,718,7,149)
r(7,722,7,149)
r(5,899,7,149)
w(12,712,7,149)
w(13,695,7,149)
r(4,893,7,149)
w(0,717,7,149)
r(3,692,7,149)
r(19,885,7,149)
w(18,675,7,149)
r(7,307,7,150)
r(18,296,7,150)
w(4,689,7,150)
r(15,331,7,150)
r(13,288,7,150)
r(10,304,7,150)
r(3,692,7,150)
r(9,99,7,150)
r(8,300,7,150)
w(12,713,7,150)
w(11,710,7,150)
w(17,705,7,150)
r(0,620,7,150)
w(16,697,7,150)
r(1,911,7,150)
r(19,885,7,150)
w(14,709,7,150)
w(6,694,7,150)
r(5,899,7,150)
r(2,714,7,150)
w(11,711,7,151)
w(12,714,7,151)
w(15,731,7,151)
w(2,719,7,151)
r(19,885,7,151)
w(3,693,7,151)
r(1,911,7,151)
r(18,296,7,151)
w(16,698,7,151)
r(5,899,7,151)
r(17,702,7,151)
r(9,99,7,151)
w(0,718,7,151)
w(14,710,7,151)
r(10,304,7,151)
w(8,715,7,151)
r(7,307,7,151)
w(13,696,7,151)
r(6,87,7,151)
r(4,309,7,151)
w(11,712,7,152)
r(13,288,7,152)
r(1,911,7,152)
w(2,720,7,152)
r(6,87,7,152)
r(3,692,7,152)
r(19,885,7,152)
w(8,716,7,152)
r(7,307,7,152)
r(9,99,7,152)
r(4,309,7,152)
w(17,706,7,152)
r(0,620,7,152)
r(10,304,7,152)
w(5,693,7,152)
r(16,891,7,152)
w(15,732,7,152)
w(18,676,7,152)
w(12,715,7,152)
w(14,711,7,152)
w(1,707,7,153)
r(16,605,7,153)
w(9,714,7,153)
r(17,601,7,153)
w(3,694,7,153)
r(15,628,7,153)
r(18,576,7,153)
r(19,885,7,153)
r(10,608,7,153)
w(0,719,7,153)
r(13,591,7,153)
r(6,597,7,153)
w(11,713,7,153)
w(8,717,7,153)
w(2,721,7,153)
w(14,712,7,153)
w(7,723,7,153)
w(12,716,7,153)
w(5,694,7,153)
r(4,587,7,153)
r(10,608,7,154)
r(16,605,7,154)
r(15,628,7,154)
r(19,885,7,154)
r(13,591,7,154)
r(5,694,7,154)
w(17,707,7,154)
r(9,714,7,154)
w(14,713,7,154)
r(6,597,7,154)
r(8,717,7,154)
r(12,716,7,154)
r(11,713,7,154)
w(0,720,7,154)
r(4,587,7,154)
w(18,677,7,154)
w(3,695,7,154)
r(7,723,7,154)
w(1,708,7,154)
r(2,721,7,154)
r(16,605,7,155)
w(9,715,7,155)
r(2,721,7,155)
w(8,718,7,155)
r(1,708,7,155)
w(7,724,7,155)
w(12,717,7,155)
r(10,608,7,155)
r(17,707,7,155)
w(14,714,7,155)
w(5,695,7,155)
r(18,677,7,155)
w(15,733,7,155)
w(3,696,7,155)
r(4,587,7,155)
r(19,885,7,155)
r(11,713,7,155)
w(0,721,7,155)
w(6,695,7,155)
r(13,591,7,155)
w(6,696,7,156)
r(11,713,7,156)
r(16,605,7,156)
r(17,707,7,156)
w(13,697,7,156)
w(0,722,7,156)
w(1,709,7,156)
r(15,628,7,156)
r(3,695,7,156)
r(18,677,7,156)
r(2,721,7,156)
w(10,703,7,156)
r(8,717,7,156)
w(14,715,7,156)
r(4,587,7,156)
w(7,725,7,156)
w(19,686,7,156)
r(12,716,7,156)
r(5,694,7,156)
w(9,716,7,156)
r(6,94,7,157)
w(3,697,7,157)
r(1,111,7,157)
w(15,734,7,157)
w(10,704,7,157)
r(19,394,7,157)
w(5,696,7,157)
w(12,718,7,157)
r(9,819,7,157)
w(13,698,7,157)
r(4,401,7,157)
w(7,726,7,157)
r(18,7,7,157)
w(17,708,7,157)
r(14,814,7,157)
w(11,714,7,157)
w(8,719,7,157)
w(2,722,7,157)
r(0,423,7,157)
w(16,699,7,157)
r(3,881,7,158)
r(17,302,7,158)
w(2,723,7,158)
w(1,710,7,158)
r(7,311,7,158)
w(9,717,7,158)
w(19,687,7,158)
w(14,716,7,158)
r(0,330,7,158)
r(11,312,7,158)
r(5,306,7,158)
w(12,719,7,158)
r(8,301,7,158)
r(4,311,7,158)
r(13,883,7,158)
w(10,705,7,158)
w(16,700,7,158)
w(15,735,7,158)
r(6,295,7,158)
r(18,881,7,158)
w(5,697,7,159)
w(17,709,7,159)
w(3,698,7,159)
r(1,299,7,159)
w(18,678,7,159)
w(12,720,7,159)
w(4,690,7,159)
r(9,306,7,159)
r(11,312,7,159)
w(16,701,7,159)
w(8,720,7,159)
w(6,697,7,159)
r(10,904,7,159)
r(0,330,7,159)
r(13,883,7,159)
w(15,736,7,159)
w(7,727,7,159)
w(14,717,7,159)
w(19,688,7,159)
w(2,724,7,159)
w(10,804,8,160)
w(9,810,8,160)
w(17,796,8,160)
w(14,809,8,160)
w(12,810,8,160)
r(18,2,8,160)
r(19,197,8,160)
r(4,210,8,160)
r(11,4,8,160)
r(13,1,8,160)
r(5,0,8,160)
w(16,792,8,160)
r(15,3,8,160)
r(8,206,8,160)
w(2,806,8,160)
w(7,820,8,160)
r(0,5,8,160)
w(6,799,8,160)
w(3,790,8,160)
r(1,4,8,160)
w(13,788,8,161)
w(17,797,8,161)
r(11,4,8,161)
w(8,811,8,161)
w(16,793,8,161)
w(9,811,8,161)
r(6,186,8,161)
r(15,3,8,161)
w(4,785,8,161)
w(18,773,8,161)
r(14,4,8,161)
r(0,5,8,161)
w(19,788,8,161)
r(3,4,8,161)
w(7,821,8,161)
r(10,1,8,161)
r(1,4,8,161)
r(2,2,8,161)
w(5,795,8,161)
r(12,204,8,161)
r(16,6,8,162)
w(18,774,8,162)
r(6,6,8,162)
w(11,791,8,162)
r(7,6,8,162)
w(14,810,8,162)
w(12,811,8,162)
r(8,7,8,162)
w(4,786,8,162)
r(3,8,8,162)
w(15,816,8,162)
r(5,2,8,162)
r(17,198,8,162)
w(0,818,8,162)
r(9,203,8,162)
w(10,805,8,162)
r(13,186,8,162)
r(2,6,8,162)
w(19,789,8,162)
w(1,803,8,162)
r(15,422,8,163)
r(5,2,8,163)
r(13,186,8,163)
r(17,198,8,163)
w(10,806,8,163)
r(12,7,8,163)
r(18,382,8,163)
r(19,384,8,163)
r(3,393,8,163)
r(8,7,8,163)
r(4,210,8,163)
w(6,800,8,163)
w(14,811,8,163)
r(0,416,8,163)
r(11,412,8,163)
w(16,794,8,163)
w(9,812,8,163)
w(2,807,8,163)
r(1,400,8,163)
r(7,6,8,163)
w(12,812,8,164)
r(11,204,8,164)
r(5,596,8,164)
r(6,594,8,164)
w(1,804,8,164)
r(0,620,8,164)
r(8,7,8,164)
w(18,775,8,164)
w(17,798,8,164)
w(10,807,8,164)
w(7,822,8,164)
r(13,186,8,164)
w(14,812,8,164)
r(19,199,8,164)
w(2,808,8,164)
w(4,787,8,164)
w(9,813,8,164)
w(15,817,8,164)
r(3,393,8,164)
w(16,795,8,164)
r(13,186,8,165)
r(2,208,8,165)
r(10,605,8,165)
r(0,620,8,165)
r(16,198,8,165)
w(12,813,8,165)
w(1,805,8,165)
w(5,796,8,165)
r(8,7,8,165)
r(18,382,8,165)
w(19,790,8,165)
r(17,595,8,165)
r(6,594,8,165)
r(14,202,8,165)
r(3,393,8,165)
r(7,6,8,165)
w(9,814,8,165)
r(15,625,8,165)
w(4,788,8,165)
r(11,204,8,165)
w(3,791,8,166)
r(9,710,8,166)
r(8,712,8,166)
w(17,799,8,166)
w(19,791,8,166)
r(0,620,8,166)
w(12,814,8,166)
r(18,672,8,166)
r(7,6,8,166)
r(13,186,8,166)
w(4,789,8,166)
w(5,797,8,166)
r(16,693,8,166)
w(10,808,8,166)
r(14,202,8,166)
r(1,703,8,166)
w(11,792,8,166)
r(15,727,8,166)
r(6,691,8,166)
r(2,714,8,166)
r(4,101,8,167)
r(9,99,8,167)
r(19,199,8,167)
r(6,87,8,167)
w(18,776,8,167)
r(17,97,8,167)
r(5,110,8,167)
r(2,714,8,167)
r(14,202,8,167)
w(7,823,8,167)
r(13,97,8,167)
w(3,792,8,167)
w(12,815,8,167)
r(11,102,8,167)
r(1,106,8,167)
r(0,620,8,167)
w(8,812,8,167)
r(10,701,8,167)
w(15,818,8,167)
r(16,693,8,167)
r(14,202,8,168)
r(4,688,8,168)
r(5,110,8,168)
r(6,87,8,168)
r(2,714,8,168)
r(18,672,8,168)
r(7,722,8,168)
w(19,792,8,168)
r(3,692,8,168)
r(10,701,8,168)
r(11,102,8,168)
r(0,620,8,168)
w(8,813,8,168)
r(1,106,8,168)
r(13,97,8,168)
w(15,819,8,168)
w(9,815,8,168)
w(12,816,8,168)
r(16,695,8,168)
r(17,702,8,168)
r(19,199,8,169)
r(9,99,8,169)
r(14,202,8,169)
w(0,819,8,169)
w(17,800,8,169)
r(15,730,8,169)
w(10,809,8,169)
w(6,801,8,169)
r(11,102,8,169)
r(8,712,8,169)
w(1,806,8,169)
w(2,809,8,169)
w(5,798,8,169)
w(18,777,8,169)
w(16,796,8,169)
w(13,789,8,169)
w(7,824,8,169)
w(4,790,8,169)
w(12,817,8,169)
w(3,793,8,169)
w(11,793,8,170)
w(16,797,8,170)
w(1,807,8,170)
w(14,813,8,170)
r(5,110,8,170)
w(19,793,8,170)
w(9,816,8,170)
w(17,801,8,170)
w(8,814,8,170)
r(3,692,8,170)
r(6,87,8,170)
w(0,820,8,170)
r(15,730,8,170)
r(7,722,8,170)
w(18,778,8,170)
r(13,97,8,170)
r(2,714,8,170)
r(12,710,8,170)
r(4,688,8,170)
r(10,701,8,170)
r(15,730,8,171)
r(12,710,8,171)
w(6,802,8,171)
r(18,672,8,171)
w(11,794,8,171)
r(9,99,8,171)
r(1,106,8,171)
w(4,791,8,171)
r(14,202,8,171)
r(19,199,8,171)
r(17,702,8,171)
r(13,97,8,171)
r(16,695,8,171)
r(5,110,8,171)
r(10,701,8,171)
r(7,722,8,171)
r(0,620,8,171)
r(3,692,8,171)
w(8,815,8,171)
w(2,810,8,171)
r(14,202,8,172)
w(13,790,8,172)
r(18,672,8,172)
r(10,701,8,172)
w(8,816,8,172)
r(9,99,8,172)
r(7,722,8,172)
r(3,692,8,172)
r(1,106,8,172)
w(5,799,8,172)
r(17,702,8,172)
w(4,792,8,172)
r(19,199,8,172)
r(2,714,8,172)
w(15,820,8,172)
r(11,102,8,172)
w(16,798,8,172)
w(6,803,8,172)
w(12,818,8,172)
w(0,821,8,172)
w(18,779,8,173)
w(5,800,8,173)
r(14,202,8,173)
w(7,825,8,173)
r(10,701,8,173)
w(2,811,8,173)
r(6,87,8,173)
w(1,808,8,173)
w(13,791,8,173)
w(11,795,8,173)
r(12,710,8,173)
w(19,794,8,173)
w(8,817,8,173)
r(3,692,8,173)
w(9,817,8,173)
r(0,620,8,173)
w(17,802,8,173)
w(4,793,8,173)
w(15,821,8,173)
r(16,695,8,173)
r(10,304,8,174)
r(9,99,8,174)
r(19,885,8,174)
r(12,304,8,174)
w(8,818,8,174)
w(5,801,8,174)
w(4,794,8,174)
w(0,822,8,174)
r(1,911,8,174)
r(14,310,8,174)
r(2,714,8,174)
w(7,826,8,174)
w(16,799,8,174)
w(18,780,8,174)
r(3,692,8,174)
w(15,822,8,174)
w(11,796,8,174)
r(13,288,8,174)
r(6,87,8,174)
r(17,702,8,174)
r(3,13,8,175)
r(8,12,8,175)
w(0,823,8,175)
r(11,10,8,175)
w(2,812,8,175)
w(13,792,8,175)
r(16,605,8,175)
w(17,803,8,175)
r(19,8,8,175)
r(10,6,8,175)
w(9,818,8,175)
r(14,12,8,175)
w(7,827,8,175)
w(12,819,8,175)
r(15,628,8,175)
r(1,11,8,175)
w(4,795,8,175)
w(5,802,8,175)
w(18,781,8,175)
w(6,804,8,175)
w(3,794,8,176)
w(17,804,8,176)
r(1,11,8,176)
w(19,795,8,176)
w(13,793,8,176)
w(6,805,8,176)
r(16,100,8,176)
r(2,9,8,176)
w(4,796,8,176)
r(15,628,8,176)
r(10,7,8,176)
r(0,12,8,176)
r(7,107,8,176)
r(5,3,8,176)
r(8,13,8,176)
r(9,8,8,176)
r(12,10,8,176)
w(18,782,8,176)
r(14,105,8,176)
w(11,797,8,176)
w(13,794,8,177)
r(2,9,8,177)
w(9,819,8,177)
r(6,94,8,177)
r(17,10,8,177)
r(5,3,8,177)
r(18,7,8,177)
w(19,796,8,177)
r(3,111,8,177)
r(1,111,8,177)
r(11,11,8,177)
r(12,115,8,177)
r(8,13,8,177)
r(7,109,8,177)
w(15,823,8,177)
r(10,96,8,177)
w(0,824,8,177)
r(16,100,8,177)
r(4,107,8,177)
w(14,814,8,177)
w(9,820,8,178)
w(1,809,8,178)
r(6,94,8,178)
w(8,819,8,178)
r(13,794,8,178)
r(14,814,8,178)
w(18,783,8,178)
r(3,398,8,178)
w(17,805,8,178)
w(11,798,8,178)
w(19,797,8,178)
r(16,100,8,178)
r(4,401,8,178)
w(10,810,8,178)
w(15,824,8,178)
w(12,820,8,178)
r(0,423,8,178)
w(7,828,8,178)
w(5,803,8,178)
w(2,813,8,178)
r(9,819,8,179)
w(12,821,8,179)
w(2,814,8,179)
r(6,94,8,179)
r(8,410,8,179)
r(5,3,8,179)
r(13,794,8,179)
r(10,408,8,179)
r(14,814,8,179)
w(3,795,8,179)
r(7,109,8,179)
w(19,798,8,179)
r(17,401,8,179)
w(16,800,8,179)
r(11,424,8,179)
w(0,825,8,179)
r(15,823,8,179)
w(4,797,8,179)
r(18,7,8,179)
w(1,810,8,179)
r(15,3,9,180)
w(5,897,9,180)
r(17,196,9,180)
w(8,908,9,180)
w(9,909,9,180)
w(16,890,9,180)
r(3,4,9,180)
r(7,3,9,180)
w(18,875,9,180)
r(19,197,9,180)
w(12,917,9,180)
w(6,905,9,180)
r(10,1,9,180)
r(0,5,9,180)
w(4,892,9,180)
w(11,894,9,180)
w(13,875,9,180)
r(1,4,9,180)
w(2,905,9,180)
r(14,4,9,180)
w(9,910,9,181)
w(14,905,9,181)
r(4,688,9,181)
w(2,906,9,181)
r(8,712,9,181)
r(16,695,9,181)
r(3,692,9,181)
w(1,910,9,181)
w(5,898,9,181)
r(13,97,9,181)
w(12,918,9,181)
r(7,722,9,181)
w(6,906,9,181)
w(19,884,9,181)
w(18,876,9,181)
r(10,701,9,181)
r(17,702,9,181)
w(0,913,9,181)
w(11,895,9,181)
r(15,730,9,181)
r(3,692,9,182)
w(12,919,9,182)
w(16,891,9,182)
r(7,722,9,182)
r(2,714,9,182)
r(6,87,9,182)
r(18,672,9,182)
r(9,99,9,182)
r(0,620,9,182)
w(11,896,9,182)
w(13,876,9,182)
r(14,202,9,182)
r(15,730,9,182)
r(17,702,9,182)
r(10,701,9,182)
w(8,909,9,182)
w(4,893,9,182)
w(19,885,9,182)
w(5,899,9,182)
w(1,911,9,182)
w(0,914,9,183)
r(16,605,9,183)
r(11,310,9,183)
w(17,901,9,183)
r(19,885,9,183)
w(12,920,9,183)
w(14,906,9,183)
r(9,99,9,183)
r(6,596,9,183)
r(1,911,9,183)
w(3,879,9,183)
r(18,296,9,183)
w(2,907,9,183)
r(5,899,9,183)
w(13,877,9,183)
w(8,910,9,183)
r(4,309,9,183)
r(10,304,9,183)
w(7,927,9,183)
w(15,926,9,183)
r(8,118,9,184)
r(2,9,9,184)
w(0,915,9,184)
r(5,3,9,184)
r(16,100,9,184)
w(13,878,9,184)
r(15,628,9,184)
w(10,899,9,184)
r(6,8,9,184)
r(7,107,9,184)
w(18,877,9,184)
w(14,907,9,184)
r(19,8,9,184)
w(3,880,9,184)
r(12,10,9,184)
r(9,106,9,184)
r(1,11,9,184)
w(11,897,9,184)
w(17,902,9,184)
w(4,894,9,184)
r(19,8,9,185)
w(16,892,9,185)
w(10,900,9,185)
w(5,900,9,185)
w(17,903,9,185)
w(0,916,9,185)
r(3,109,9,185)
r(7,107,9,185)
w(4,895,9,185)
r(15,628,9,185)
r(2,9,9,185)
w(14,908,9,185)
w(11,898,9,185)
r(18,6,9,185)
w(9,911,9,185)
w(8,911,9,185)
w(1,912,9,185)
w(6,907,9,185)
w(12,921,9,185)
w(13,879,9,185)
r(9,106,9,186)
w(5,901,9,186)
w(4,896,9,186)
r(8,118,9,186)
r(11,10,9,186)
w(17,904,9,186)
r(18,6,9,186)
r(19,8,9,186)
w(6,908,9,186)
r(1,11,9,186)
r(14,105,9,186)
w(13,880,9,186)
w(7,928,9,186)
r(16,100,9,186)
w(15,927,9,186)
r(3,109,9,186)
w(12,922,9,186)
r(10,95,9,186)
w(2,908,9,186)
w(0,917,9,186)
w(6,909,9,187)
r(11,424,9,187)
w(18,878,9,187)
r(5,3,9,187)
r(0,423,9,187)
w(2,909,9,187)
w(10,901,9,187)
w(17,905,9,187)
r(4,401,9,187)
w(19,886,9,187)
w(8,912,9,187)
w(1,913,9,187)
w(13,881,9,187)
r(12,418,9,187)
r(9,819,9,187)
r(15,823,9,187)
w(7,929,9,187)
r(3,398,9,187)
w(14,909,9,187)
w(16,893,9,187)
w(9,912,9,188)
r(8,410,9,188)
r(1,111,9,188)
w(7,930,9,188)
w(10,902,9,188)
w(12,923,9,188)
w(6,910,9,188)
r(14,814,9,188)
w(5,902,9,188)
w(11,899,9,188)
r(17,401,9,188)
r(19,394,9,188)
w(16,894,9,188)
w(2,910,9,188)
r(0,423,9,188)
w(15,928,9,188)
w(13,882,9,188)
r(4,401,9,188)
w(18,879,9,188)
r(3,398,9,188)
w(13,883,9,189)
w(14,910,9,189)
w(12,924,9,189)
w(5,903,9,189)
w(17,906,9,189)
w(19,887,9,189)
w(11,900,9,189)
w(7,931,9,189)
w(1,914,9,189)
w(10,903,9,189)
r(0,423,9,189)
w(2,911,9,189)
r(9,512,9,189)
w(3,881,9,189)
r(18,491,9,189)
w(16,895,9,189)
r(15,928,9,189)
w(6,911,9,189)
r(8,517,9,189)
w(4,897,9,189)
w(2,912,9,190)
w(18,880,9,190)
r(16,895,9,190)
r(13,883,9,190)
r(14,910,9,190)
r(3,881,9,190)
r(10,903,9,190)
w(0,918,9,190)
w(15,929,9,190)
r(7,931,9,190)
w(17,907,9,190)
w(4,898,9,190)
r(9,107,9,190)
w(8,913,9,190)
r(19,111,9,190)
w(12,925,9,190)
w(6,912,9,190)
w(11,901,9,190)
r(5,116,9,190)
r(1,914,9,190)
w(7,932,9,191)
r(13,883,9,191)
r(14,910,9,191)
r(11,901,9,191)
w(18,881,9,191)
w(6,913,9,191)
r(8,913,9,191)
w(2,913,9,191)
w(19,888,9,191)
w(1,915,9,191)
w(0,919,9,191)
r(3,881,9,191)
w(17,908,9,191)
w(5,904,9,191)
r(4,898,9,191)
r(12,925,9,191)
r(15,929,9,191)
w(10,904,9,191)
r(9,107,9,191)
r(16,895,9,191)
w(13,884,9,192)
r(18,881,9,192)
r(15,929,9,192)
w(17,909,9,192)
w(12,926,9,192)
w(19,889,9,192)
r(11,312,9,192)
w(10,905,9,192)
r(16,895,9,192)
r(6,295,9,192)
r(7,311,9,192)
w(3,882,9,192)
r(9,306,9,192)
w(5,905,9,192)
r(1,299,9,192)
w(14,911,9,192)
w(0,920,9,192)
w(8,914,9,192)
w(2,914,9,192)
r(4,311,9,192)
r(7,111,9,193)
r(1,299,9,193)
w(18,882,9,193)
r(9,306,9,193)
r(15,119,9,193)
w(19,890,9,193)
w(12,927,9,193)
w(5,906,9,193)
r(0,110,9,193)
w(13,885,9,193)
r(4,112,9,193)
r(17,104,9,193)
w(8,915,9,193)
w(2,915,9,193)
w(14,912,9,193)
w(6,914,9,193)
w(16,896,9,193)
r(11,110,9,193)
w(10,906,9,193)
r(3,112,9,193)
r(13,295,9,194)
w(3,883,9,194)
w(14,913,9,194)
r(0,332,9,194)
r(7,111,9,194)
r(17,305,9,194)
r(1,299,9,194)
r(12,309,9,194)
w(2,916,9,194)
r(5,308,9,194)
w(19,891,9,194)
w(6,915,9,194)
r(8,915,9,194)
w(10,907,9,194)
w(11,902,9,194)
r(15,119,9,194)
r(4,112,9,194)
r(16,304,9,194)
r(9,306,9,194)
w(18,883,9,194)
w(14,914,9,195)
r(1,615,9,195)
r(4,112,9,195)
w(9,913,9,195)
w(15,930,9,195)
r(6,915,9,195)
w(17,910,9,195)
w(19,892,9,195)
w(11,903,9,195)
w(7,933,9,195)
w(16,897,9,195)
w(10,908,9,195)
w(13,886,9,195)
r(18,883,9,195)
w(12,928,9,195)
w(0,921,9,195)
r(5,606,9,195)
w(8,916,9,195)
r(3,599,9,195)
w(2,917,9,195)
r(4,112,9,196)
r(7,933,9,196)
r(1,615,9,196)
r(5,606,9,196)
r(13,886,9,196)
r(2,917,9,196)
r(10,908,9,196)
r(17,910,9,196)
r(14,914,9,196)
r(18,883,9,196)
w(19,893,9,196)
w(11,904,9,196)
r(9,913,9,196)
w(6,916,9,196)
r(0,921,9,196)
r(12,928,9,196)
r(8,916,9,196)
r(16,897,9,196)
r(15,930,9,196)
w(3,884,9,196)
w(18,884,9,197)
w(14,915,9,197)
r(11,904,9,197)
w(6,917,9,197)
r(4,112,9,197)
w(15,931,9,197)
w(12,929,9,197)
r(1,615,9,197)
w(8,917,9,197)
r(16,897,9,197)
r(0,921,9,197)
r(3,884,9,197)
r(17,910,9,197)
r(13,886,9,197)
r(19,893,9,197)
r(7,933,9,197)
w(10,909,9,197)
r(2,917,9,197)
r(9,913,9,197)
r(5,606,9,197)
w(3,885,9,198)
w(6,918,9,198)
r(0,921,9,198)
r(1,615,9,198)
w(15,932,9,198)
r(2,917,9,198)
w(14,916,9,198)
r(5,606,9,198)
w(19,894,9,198)
r(4,112,9,198)
w(10,910,9,198)
r(7,933,9,198)
w(16,898,9,198)
r(11,904,9,198)
w(9,914,9,198)
w(18,885,9,198)
w(13,887,9,198)
r(8,917,9,198)
w(17,911,9,198)
r(12,929,9,198)
w(11,905,9,199)
w(0,922,9,199)
w(7,934,9,199)
r(3,885,9,199)
r(13,887,9,199)
r(14,916,9,199)
w(18,886,9,199)
w(9,915,9,199)
r(5,606,9,199)
w(16,899,9,199)
r(19,894,9,199)
r(17,911,9,199)
w(2,918,9,199)
w(1,916,9,199)
r(10,910,9,199)
r(12,929,9,199)
w(4,899,9,199)
w(15,933,9,199)
w(6,919,9,199)
r(8,917,9,199)
