w(7,1,0,0)
w(13,1,0,0)
w(17,1,0,0)
w(11,1,0,0)
w(6,1,0,0)
r(19,0,0,0)
r(5,0,0,0)
w(8,1,0,0)
r(9,0,0,0)
w(16,1,0,0)
w(0,1,0,0)
r(3,0,0,0)
w(4,1,0,0)
r(10,0,0,0)
w(2,1,0,0)
r(18,0,0,0)
r(12,0,0,0)
w(14,1,0,0)
r(15,0,0,0)
w(1,1,0,0)
w(11,2,0,1)
w(9,1,0,1)
w(5,1,0,1)
w(8,2,0,1)
w(1,2,0,1)
r(12,0,0,1)
r(10,0,0,1)
r(18,0,0,1)
r(2,1,0,1)
r(15,0,0,1)
w(7,2,0,1)
r(6,1,0,1)
r(14,1,0,1)
w(4,2,0,1)
w(0,2,0,1)
r(3,0,0,1)
w(17,2,0,1)
r(16,1,0,1)
w(19,1,0,1)
w(13,2,0,1)
r(11,2,0,2)
w(0,3,0,2)
w(14,2,0,2)
w(2,2,0,2)
w(1,3,0,2)
w(4,3,0,2)
r(17,2,0,2)
w(10,1,0,2)
r(9,1,0,2)
r(18,0,0,2)
r(13,2,0,2)
w(12,1,0,2)
w(15,1,0,2)
w(16,2,0,2)
r(6,1,0,2)
w(7,3,0,2)
r(19,1,0,2)
r(8,2,0,2)
r(3,0,0,2)
w(5,2,0,2)
w(10,2,0,3)
r(16,2,0,3)
r(5,2,0,3)
r(17,2,0,3)
w(11,3,0,3)
r(15,1,0,3)
w(0,4,0,3)
r(18,0,0,3)
r(7,3,0,3)
r(3,0,0,3)
r(4,3,0,3)
r(14,2,0,3)
w(19,2,0,3)
r(2,2,0,3)
r(8,2,0,3)
w(12,2,0,3)
r(6,1,0,3)
w(1,4,0,3)
w(9,2,0,3)
w(13,3,0,3)
w(15,2,0,4)
r(8,299,0,4)
r(19,317,0,4)
w(9,3,0,4)
w(16,3,0,4)
w(0,5,0,4)
r(4,312,0,4)
r(17,289,0,4)
r(13,284,0,4)
w(18,1,0,4)
w(14,3,0,4)
r(11,3,0,4)
w(2,3,0,4)
w(12,3,0,4)
r(5,286,0,4)
r(10,202,0,4)
w(3,1,0,4)
r(6,1,0,4)
w(7,4,0,4)
r(1,315,0,4)
r(7,299,0,5)
r(16,295,0,5)
w(2,4,0,5)
r(15,1,0,5)
r(10,202,0,5)
r(17,289,0,5)
r(8,299,0,5)
r(14,2,0,5)
w(18,2,0,5)
r(9,296,0,5)
r(3,216,0,5)
r(11,3,0,5)
w(5,3,0,5)
r(0,295,0,5)
w(1,5,0,5)
r(6,1,0,5)
r(13,284,0,5)
r(12,2,0,5)
r(4,312,0,5)
r(19,317,0,5)
w(12,4,0,6)
r(19,317,0,6)
w(5,4,0,6)
r(10,202,0,6)
r(1,315,0,6)
w(18,3,0,6)
r(6,1,0,6)
r(16,295,0,6)
r(13,284,0,6)
r(0,295,0,6)
r(2,2,0,6)
w(8,3,0,6)
r(11,3,0,6)
r(4,312,0,6)
r(17,289,0,6)
r(14,2,0,6)
w(3,2,0,6)
w(9,4,0,6)
w(7,5,0,6)
r(15,1,0,6)
r(9,296,0,7)
w(1,6,0,7)
r(14,2,0,7)
r(3,216,0,7)
w(8,4,0,7)
r(4,312,0,7)
r(12,2,0,7)
w(7,6,0,7)
r(17,392,0,7)
r(5,387,0,7)
w(11,4,0,7)
w(16,4,0,7)
w(13,4,0,7)
w(2,5,0,7)
w(18,4,0,7)
r(0,295,0,7)
w(6,2,0,7)
w(10,3,0,7)
r(15,403,0,7)
r(19,317,0,7)
r(16,384,0,8)
r(5,387,0,8)
w(4,4,0,8)
r(9,296,0,8)
w(17,3,0,8)
w(19,3,0,8)
r(15,403,0,8)
w(2,6,0,8)
r(6,402,0,8)
w(8,5,0,8)
r(0,295,0,8)
w(1,7,0,8)
r(12,2,0,8)
r(3,216,0,8)
w(13,5,0,8)
w(7,7,0,8)
r(18,208,0,8)
r(11,3,0,8)
w(14,4,0,8)
r(10,202,0,8)
w(8,6,0,9)
w(0,6,0,9)
r(1,931,0,9)
r(5,387,0,9)
r(10,202,0,9)
r(4,930,0,9)
w(18,5,0,9)
w(7,8,0,9)
w(16,5,0,9)
r(14,856,0,9)
w(9,5,0,9)
w(11,5,0,9)
r(3,931,0,9)
w(17,4,0,9)
r(13,903,0,9)
w(6,3,0,9)
w(15,3,0,9)
r(2,909,0,9)
w(12,5,0,9)
w(19,4,0,9)
r(7,8,0,10)
r(11,5,0,10)
w(6,4,0,10)
r(0,894,0,10)
w(15,4,0,10)
w(19,5,0,10)
w(3,3,0,10)
r(10,903,0,10)
w(2,7,0,10)
r(9,878,0,10)
w(14,5,0,10)
w(18,6,0,10)
w(17,5,0,10)
r(16,887,0,10)
r(1,933,0,10)
w(4,5,0,10)
r(12,5,0,10)
r(13,903,0,10)
r(8,6,0,10)
w(5,5,0,10)
w(7,9,0,11)
r(14,856,0,11)
r(1,933,0,11)
w(15,5,0,11)
w(18,7,0,11)
w(3,4,0,11)
w(12,6,0,11)
w(5,6,0,11)
w(10,4,0,11)
r(13,903,0,11)
r(19,882,0,11)
w(8,7,0,11)
r(16,887,0,11)
w(2,8,0,11)
w(9,6,0,11)
w(6,5,0,11)
r(4,932,0,11)
r(0,894,0,11)
w(17,6,0,11)
r(11,5,0,11)
w(14,6,0,12)
r(3,102,0,12)
w(7,10,0,12)
r(5,387,0,12)
w(6,6,0,12)
w(0,7,0,12)
r(18,103,0,12)
w(2,9,0,12)
r(19,882,0,12)
r(16,887,0,12)
w(4,6,0,12)
w(9,7,0,12)
w(8,8,0,12)
w(11,6,0,12)
w(1,8,0,12)
r(12,5,0,12)
w(10,5,0,12)
w(13,6,0,12)
r(15,98,0,12)
w(17,7,0,12)
r(10,99,0,13)
w(4,7,0,13)
r(11,312,0,13)
r(9,301,0,13)
w(0,8,0,13)
w(3,5,0,13)
w(5,7,0,13)
w(1,9,0,13)
w(6,7,0,13)
w(2,10,0,13)
w(12,7,0,13)
w(17,8,0,13)
w(13,7,0,13)
r(14,297,0,13)
r(8,210,0,13)
r(19,882,0,13)
r(16,301,0,13)
r(7,307,0,13)
r(15,306,0,13)
r(18,212,0,13)
r(12,189,0,14)
w(0,9,0,14)
w(10,6,0,14)
w(1,10,0,14)
w(13,8,0,14)
w(15,6,0,14)
r(9,688,0,14)
w(14,7,0,14)
r(5,677,0,14)
w(19,6,0,14)
w(16,6,0,14)
w(6,8,0,14)
w(18,8,0,14)
w(8,9,0,14)
r(7,704,0,14)
w(2,11,0,14)
w(4,8,0,14)
r(11,749,0,14)
w(3,6,0,14)
w(17,9,0,14)
r(2,11,0,15)
r(5,677,0,15)
r(19,6,0,15)
r(4,8,0,15)
w(18,9,0,15)
w(17,10,0,15)
w(0,10,0,15)
w(9,8,0,15)
r(15,6,0,15)
r(14,7,0,15)
r(6,8,0,15)
r(12,189,0,15)
r(16,6,0,15)
r(7,704,0,15)
w(3,7,0,15)
r(11,749,0,15)
r(1,10,0,15)
r(13,8,0,15)
w(8,10,0,15)
w(10,7,0,15)
r(10,6,0,16)
r(17,9,0,16)
w(6,9,0,16)
w(5,8,0,16)
r(12,189,0,16)
w(7,11,0,16)
w(1,11,0,16)
r(4,531,0,16)
w(14,8,0,16)
r(3,526,0,16)
r(19,519,0,16)
w(16,7,0,16)
w(8,11,0,16)
w(18,10,0,16)
r(9,688,0,16)
r(15,507,0,16)
r(11,749,0,16)
w(13,9,0,16)
w(0,11,0,16)
w(2,12,0,16)
w(5,9,0,17)
w(9,9,0,17)
r(18,925,0,17)
r(6,314,0,17)
w(0,12,0,17)
r(1,325,0,17)
r(4,531,0,17)
r(10,6,0,17)
r(12,293,0,17)
w(2,13,0,17)
w(3,8,0,17)
w(17,11,0,17)
r(16,888,0,17)
w(15,7,0,17)
r(13,908,0,17)
r(8,932,0,17)
r(7,309,0,17)
w(19,7,0,17)
w(11,7,0,17)
r(14,7,0,17)
w(8,12,0,18)
w(13,10,0,18)
w(17,12,0,18)
r(7,505,0,18)
r(4,534,0,18)
w(14,9,0,18)
w(9,10,0,18)
w(18,11,0,18)
w(15,8,0,18)
w(6,10,0,18)
w(16,8,0,18)
r(12,784,0,18)
r(3,833,0,18)
w(11,8,0,18)
r(10,798,0,18)
w(5,10,0,18)
w(0,13,0,18)
w(19,8,0,18)
r(1,836,0,18)
r(2,807,0,18)
r(14,216,0,19)
r(10,907,0,19)
r(16,890,0,19)
w(1,12,0,19)
r(11,215,0,19)
w(9,11,0,19)
r(13,910,0,19)
r(4,935,0,19)
r(18,216,0,19)
w(12,8,0,19)
r(8,935,0,19)
w(17,13,0,19)
w(0,14,0,19)
r(2,915,0,19)
w(7,12,0,19)
r(5,192,0,19)
w(6,11,0,19)
w(15,9,0,19)
r(19,788,0,19)
w(3,9,0,19)
r(14,2,1,20)
w(4,87,1,20)
r(16,2,1,20)
r(15,1,1,20)
r(1,4,1,20)
r(12,2,1,20)
r(18,0,1,20)
r(17,2,1,20)
r(0,4,1,20)
w(2,96,1,20)
r(3,0,1,20)
r(11,3,1,20)
w(10,97,1,20)
w(6,110,1,20)
r(8,2,1,20)
r(5,2,1,20)
w(9,104,1,20)
w(13,95,1,20)
r(7,3,1,20)
r(19,2,1,20)
r(15,1,1,21)
w(7,95,1,21)
w(5,100,1,21)
r(13,3,1,21)
r(18,208,1,21)
r(9,2,1,21)
r(10,202,1,21)
w(19,104,1,21)
r(1,207,1,21)
w(0,107,1,21)
r(4,204,1,21)
r(2,2,1,21)
r(11,3,1,21)
w(3,101,1,21)
r(8,2,1,21)
w(17,105,1,21)
r(12,2,1,21)
w(14,100,1,21)
w(16,99,1,21)
w(6,111,1,21)
w(15,96,1,22)
w(0,108,1,22)
r(11,3,1,22)
r(4,312,1,22)
r(5,286,1,22)
r(14,2,1,22)
r(10,202,1,22)
r(17,289,1,22)
w(19,105,1,22)
r(7,299,1,22)
r(16,295,1,22)
w(6,112,1,22)
r(8,299,1,22)
w(18,101,1,22)
w(13,96,1,22)
w(12,85,1,22)
w(2,97,1,22)
r(3,216,1,22)
r(9,296,1,22)
w(1,98,1,22)
r(0,6,1,23)
w(6,113,1,23)
w(15,97,1,23)
r(18,5,1,23)
r(17,4,1,23)
w(4,88,1,23)
r(13,903,1,23)
w(10,98,1,23)
w(11,102,1,23)
r(1,931,1,23)
r(5,387,1,23)
w(2,98,1,23)
r(16,5,1,23)
w(7,96,1,23)
r(12,5,1,23)
w(19,106,1,23)
w(14,101,1,23)
r(9,5,1,23)
r(3,931,1,23)
r(8,6,1,23)
r(3,931,1,24)
w(6,114,1,24)
r(0,6,1,24)
w(2,99,1,24)
r(5,387,1,24)
r(11,5,1,24)
r(10,202,1,24)
r(9,5,1,24)
w(16,100,1,24)
r(19,4,1,24)
w(13,97,1,24)
w(14,102,1,24)
r(15,3,1,24)
w(18,102,1,24)
w(8,108,1,24)
w(4,89,1,24)
w(17,106,1,24)
r(7,8,1,24)
r(12,5,1,24)
r(1,931,1,24)
w(13,98,1,25)
w(17,107,1,25)
w(15,98,1,25)
w(6,115,1,25)
r(19,882,1,25)
w(1,99,1,25)
w(11,103,1,25)
w(4,90,1,25)
r(16,887,1,25)
w(14,103,1,25)
w(8,109,1,25)
r(12,5,1,25)
w(2,100,1,25)
r(0,894,1,25)
w(3,102,1,25)
r(5,387,1,25)
w(18,103,1,25)
w(10,99,1,25)
w(7,97,1,25)
r(9,878,1,25)
w(2,101,1,26)
w(12,86,1,26)
r(0,894,1,26)
r(14,103,1,26)
r(11,211,1,26)
w(5,101,1,26)
w(3,103,1,26)
w(9,105,1,26)
r(6,213,1,26)
r(16,887,1,26)
w(13,99,1,26)
r(19,882,1,26)
w(7,98,1,26)
r(17,209,1,26)
w(4,91,1,26)
r(18,212,1,26)
w(8,110,1,26)
w(1,100,1,26)
w(10,100,1,26)
w(15,99,1,26)
r(3,428,1,27)
w(12,87,1,27)
w(4,92,1,27)
w(19,107,1,27)
r(9,196,1,27)
r(11,412,1,27)
r(15,306,1,27)
r(14,209,1,27)
w(5,102,1,27)
w(17,108,1,27)
r(1,427,1,27)
r(8,210,1,27)
w(6,116,1,27)
r(18,212,1,27)
r(7,195,1,27)
r(2,394,1,27)
w(16,101,1,27)
r(13,196,1,27)
w(10,101,1,27)
r(0,388,1,27)
w(0,109,1,28)
w(16,102,1,28)
r(15,306,1,28)
w(12,88,1,28)
w(17,109,1,28)
w(14,104,1,28)
r(4,208,1,28)
r(19,210,1,28)
r(8,210,1,28)
w(18,104,1,28)
w(5,103,1,28)
w(2,102,1,28)
r(11,412,1,28)
r(9,196,1,28)
w(10,102,1,28)
r(3,428,1,28)
w(13,100,1,28)
w(7,99,1,28)
w(6,117,1,28)
w(1,101,1,28)
r(10,207,1,29)
r(5,390,1,29)
w(13,101,1,29)
r(7,195,1,29)
r(0,388,1,29)
r(1,427,1,29)
r(19,210,1,29)
w(9,106,1,29)
w(3,104,1,29)
w(4,93,1,29)
r(14,209,1,29)
w(6,118,1,29)
r(8,210,1,29)
w(12,89,1,29)
r(15,306,1,29)
r(2,394,1,29)
w(16,103,1,29)
r(18,212,1,29)
r(11,412,1,29)
w(17,110,1,29)
w(1,102,1,30)
w(0,110,1,30)
w(6,119,1,30)
w(14,105,1,30)
w(17,111,1,30)
r(2,394,1,30)
w(10,103,1,30)
r(12,189,1,30)
w(19,108,1,30)
r(3,428,1,30)
w(4,94,1,30)
w(11,104,1,30)
w(13,102,1,30)
r(5,390,1,30)
w(9,107,1,30)
w(15,100,1,30)
w(7,100,1,30)
w(8,111,1,30)
r(18,212,1,30)
w(16,104,1,30)
w(5,104,1,31)
r(8,210,1,31)
r(12,189,1,31)
r(1,727,1,31)
r(6,715,1,31)
r(10,207,1,31)
w(4,95,1,31)
r(7,704,1,31)
r(2,696,1,31)
r(16,685,1,31)
w(18,105,1,31)
w(14,106,1,31)
r(0,696,1,31)
w(3,105,1,31)
w(13,103,1,31)
r(19,691,1,31)
w(11,105,1,31)
w(17,112,1,31)
w(9,108,1,31)
w(15,101,1,31)
w(2,103,1,32)
r(5,677,1,32)
w(14,107,1,32)
w(10,104,1,32)
r(11,749,1,32)
r(1,10,1,32)
w(3,106,1,32)
r(12,189,1,32)
r(16,6,1,32)
w(15,102,1,32)
r(19,6,1,32)
r(4,8,1,32)
w(18,106,1,32)
r(7,704,1,32)
r(8,9,1,32)
r(9,688,1,32)
w(17,113,1,32)
w(13,104,1,32)
w(0,111,1,32)
w(6,120,1,32)
w(19,109,1,33)
r(16,6,1,33)
r(10,6,1,33)
r(18,8,1,33)
r(5,677,1,33)
w(0,112,1,33)
w(13,105,1,33)
w(3,107,1,33)
w(12,90,1,33)
r(7,704,1,33)
r(2,11,1,33)
w(4,96,1,33)
r(11,749,1,33)
r(1,10,1,33)
r(9,688,1,33)
w(17,114,1,33)
w(14,108,1,33)
w(15,103,1,33)
w(6,121,1,33)
r(8,9,1,33)
w(0,113,1,34)
w(16,105,1,34)
r(12,189,1,34)
r(2,501,1,34)
w(7,101,1,34)
w(8,112,1,34)
w(6,122,1,34)
r(10,6,1,34)
w(1,103,1,34)
w(15,104,1,34)
r(9,688,1,34)
r(19,519,1,34)
r(4,531,1,34)
w(14,109,1,34)
r(18,8,1,34)
r(13,488,1,34)
r(5,677,1,34)
w(3,108,1,34)
w(11,106,1,34)
r(17,9,1,34)
w(8,113,1,35)
w(14,110,1,35)
r(4,531,1,35)
w(13,106,1,35)
r(3,332,1,35)
r(0,302,1,35)
w(15,105,1,35)
w(12,91,1,35)
r(7,309,1,35)
r(10,6,1,35)
w(1,104,1,35)
r(9,688,1,35)
r(5,677,1,35)
r(16,888,1,35)
w(17,115,1,35)
r(2,283,1,35)
r(19,325,1,35)
r(11,934,1,35)
w(18,107,1,35)
w(6,123,1,35)
r(5,677,1,36)
r(1,325,1,36)
r(10,6,1,36)
r(17,294,1,36)
r(11,934,1,36)
w(4,97,1,36)
w(19,110,1,36)
r(14,7,1,36)
r(3,332,1,36)
r(8,932,1,36)
w(18,108,1,36)
w(13,107,1,36)
r(0,302,1,36)
w(16,106,1,36)
w(9,109,1,36)
w(15,106,1,36)
r(7,309,1,36)
w(12,92,1,36)
r(6,314,1,36)
r(2,283,1,36)
r(19,325,1,37)
w(2,104,1,37)
r(8,932,1,37)
r(16,888,1,37)
w(18,109,1,37)
r(7,309,1,37)
w(13,108,1,37)
r(4,531,1,37)
w(5,105,1,37)
w(3,109,1,37)
r(9,688,1,37)
r(11,934,1,37)
r(1,325,1,37)
r(6,314,1,37)
w(15,107,1,37)
w(14,111,1,37)
w(17,116,1,37)
r(10,6,1,37)
r(0,302,1,37)
w(12,93,1,37)
w(7,102,1,38)
r(6,314,1,38)
w(19,111,1,38)
r(15,308,1,38)
r(10,6,1,38)
w(14,112,1,38)
r(1,325,1,38)
w(13,109,1,38)
w(16,107,1,38)
w(3,110,1,38)
w(9,110,1,38)
w(11,107,1,38)
r(2,283,1,38)
w(12,94,1,38)
r(17,294,1,38)
r(4,531,1,38)
w(18,110,1,38)
w(5,106,1,38)
r(0,302,1,38)
r(8,932,1,38)
r(11,934,1,39)
w(0,114,1,39)
r(9,688,1,39)
w(18,111,1,39)
w(2,105,1,39)
r(1,325,1,39)
r(6,314,1,39)
w(16,108,1,39)
r(5,677,1,39)
w(13,110,1,39)
w(14,113,1,39)
r(19,325,1,39)
r(7,309,1,39)
w(15,108,1,39)
r(12,293,1,39)
r(4,531,1,39)
r(3,332,1,39)
w(17,117,1,39)
w(10,105,1,39)
r(8,932,1,39)
r(4,3,2,40)
w(19,205,2,40)
w(2,193,2,40)
w(17,205,2,40)
r(12,2,2,40)
w(9,191,2,40)
w(11,207,2,40)
r(6,1,2,40)
w(13,193,2,40)
w(10,201,2,40)
w(5,184,2,40)
r(0,4,2,40)
r(3,0,2,40)
r(15,1,2,40)
w(8,205,2,40)
w(1,206,2,40)
r(14,2,2,40)
w(18,207,2,40)
w(16,201,2,40)
w(7,189,2,40)
w(16,202,2,41)
w(1,207,2,41)
r(12,2,2,41)
r(13,3,2,41)
r(14,2,2,41)
r(5,2,2,41)
r(17,2,2,41)
r(0,4,2,41)
w(7,190,2,41)
r(6,1,2,41)
r(9,2,2,41)
r(19,2,2,41)
w(10,202,2,41)
r(11,3,2,41)
w(18,208,2,41)
r(8,2,2,41)
r(15,1,2,41)
w(3,216,2,41)
r(2,2,2,41)
w(4,204,2,41)
r(1,207,2,42)
r(15,1,2,42)
w(19,206,2,42)
r(9,2,2,42)
r(0,4,2,42)
r(6,1,2,42)
r(7,190,2,42)
r(2,2,2,42)
w(10,203,2,42)
w(11,208,2,42)
r(8,2,2,42)
w(12,183,2,42)
w(4,205,2,42)
r(5,2,2,42)
w(17,206,2,42)
r(14,2,2,42)
w(16,203,2,42)
w(3,217,2,42)
r(13,3,2,42)
w(18,209,2,42)
w(0,188,2,43)
w(12,184,2,43)
r(18,208,2,43)
w(8,206,2,43)
w(15,209,2,43)
r(3,216,2,43)
r(19,2,2,43)
w(9,192,2,43)
r(6,1,2,43)
r(16,202,2,43)
r(10,202,2,43)
r(17,2,2,43)
w(4,206,2,43)
w(5,185,2,43)
r(13,3,2,43)
r(7,190,2,43)
r(11,3,2,43)
w(14,206,2,43)
w(1,208,2,43)
r(2,2,2,43)
r(3,216,2,44)
w(9,193,2,44)
w(19,207,2,44)
w(7,191,2,44)
w(16,204,2,44)
w(2,194,2,44)
r(13,284,2,44)
w(8,207,2,44)
r(12,2,2,44)
w(6,210,2,44)
r(5,286,2,44)
w(17,207,2,44)
w(11,209,2,44)
w(0,189,2,44)
r(4,312,2,44)
r(10,202,2,44)
r(1,315,2,44)
r(15,1,2,44)
r(18,208,2,44)
w(14,207,2,44)
w(5,186,2,45)
r(17,289,2,45)
r(13,284,2,45)
r(14,2,2,45)
r(2,2,2,45)
r(15,1,2,45)
r(9,296,2,45)
r(0,295,2,45)
r(19,317,2,45)
w(12,185,2,45)
w(10,204,2,45)
w(18,210,2,45)
r(16,295,2,45)
r(4,312,2,45)
w(7,192,2,45)
w(3,218,2,45)
w(8,208,2,45)
r(11,3,2,45)
w(1,209,2,45)
r(6,1,2,45)
r(16,384,2,46)
r(6,402,2,46)
w(1,210,2,46)
w(19,208,2,46)
r(4,312,2,46)
w(11,210,2,46)
r(3,216,2,46)
r(10,202,2,46)
r(5,387,2,46)
r(18,208,2,46)
r(14,2,2,46)
w(0,190,2,46)
w(9,194,2,46)
w(15,210,2,46)
w(7,193,2,46)
r(2,391,2,46)
w(12,186,2,46)
r(13,284,2,46)
r(17,392,2,46)
r(8,299,2,46)
w(18,211,2,47)
w(1,211,2,47)
r(15,98,2,47)
r(5,387,2,47)
r(19,882,2,47)
r(0,894,2,47)
w(10,205,2,47)
r(9,878,2,47)
r(14,103,2,47)
r(8,109,2,47)
w(13,194,2,47)
r(11,103,2,47)
r(17,107,2,47)
r(7,97,2,47)
w(12,187,2,47)
w(6,211,2,47)
r(2,100,2,47)
w(4,207,2,47)
w(3,219,2,47)
r(16,887,2,47)
r(5,387,2,48)
w(19,209,2,48)
r(9,878,2,48)
w(7,194,2,48)
r(15,98,2,48)
w(8,209,2,48)
w(17,208,2,48)
r(13,98,2,48)
r(11,103,2,48)
r(0,894,2,48)
w(16,205,2,48)
w(12,188,2,48)
r(4,90,2,48)
w(14,208,2,48)
r(10,99,2,48)
w(6,212,2,48)
w(2,195,2,48)
r(18,103,2,48)
r(3,102,2,48)
r(1,99,2,48)
r(13,98,2,49)
r(9,878,2,49)
w(18,212,2,49)
r(0,894,2,49)
r(12,5,2,49)
w(8,210,2,49)
r(19,882,2,49)
r(7,97,2,49)
r(4,90,2,49)
w(5,187,2,49)
w(15,211,2,49)
r(14,103,2,49)
w(17,209,2,49)
w(1,212,2,49)
r(16,887,2,49)
w(2,196,2,49)
w(6,213,2,49)
w(11,211,2,49)
w(3,220,2,49)
r(10,99,2,49)
r(6,405,2,50)
r(19,415,2,50)
w(5,188,2,50)
r(11,412,2,50)
w(10,206,2,50)
r(16,301,2,50)
r(14,375,2,50)
r(3,428,2,50)
r(12,382,2,50)
r(4,416,2,50)
w(9,195,2,50)
r(7,409,2,50)
w(8,211,2,50)
w(15,212,2,50)
r(1,427,2,50)
w(17,210,2,50)
w(18,213,2,50)
r(0,388,2,50)
r(2,394,2,50)
w(13,195,2,50)
w(10,207,2,51)
w(7,195,2,51)
w(12,189,2,51)
w(6,214,2,51)
w(13,196,2,51)
r(2,394,2,51)
r(0,388,2,51)
r(11,412,2,51)
w(19,210,2,51)
r(3,428,2,51)
w(9,196,2,51)
w(17,211,2,51)
w(4,208,2,51)
w(16,206,2,51)
r(18,212,2,51)
r(1,427,2,51)
r(15,306,2,51)
r(8,210,2,51)
w(14,209,2,51)
r(5,390,2,51)
r(1,727,2,52)
w(11,212,2,52)
w(7,196,2,52)
r(15,700,2,52)
w(18,214,2,52)
r(5,677,2,52)
w(14,210,2,52)
r(10,207,2,52)
r(6,715,2,52)
r(17,211,2,52)
w(9,197,2,52)
w(16,207,2,52)
w(0,191,2,52)
r(3,734,2,52)
w(8,212,2,52)
w(19,211,2,52)
r(13,196,2,52)
r(12,189,2,52)
r(2,696,2,52)
r(4,729,2,52)
r(5,677,2,53)
w(1,213,2,53)
r(13,488,2,53)
r(8,9,2,53)
w(19,212,2,53)
r(3,526,2,53)
r(2,501,2,53)
r(0,495,2,53)
r(14,7,2,53)
r(11,749,2,53)
r(6,8,2,53)
r(18,8,2,53)
w(4,209,2,53)
r(15,507,2,53)
r(17,9,2,53)
r(7,704,2,53)
r(12,189,2,53)
w(16,208,2,53)
w(9,198,2,53)
w(10,208,2,53)
w(15,213,2,54)
w(7,197,2,54)
r(5,677,2,54)
r(17,904,2,54)
w(0,192,2,54)
w(14,211,2,54)
r(10,6,2,54)
r(13,908,2,54)
w(3,221,2,54)
r(2,501,2,54)
r(18,925,2,54)
w(16,209,2,54)
r(11,934,2,54)
r(9,688,2,54)
w(8,213,2,54)
r(1,10,2,54)
r(12,875,2,54)
w(19,213,2,54)
r(6,905,2,54)
r(4,531,2,54)
r(1,325,2,55)
r(3,332,2,55)
r(15,308,2,55)
r(5,677,2,55)
r(9,688,2,55)
w(7,198,2,55)
w(2,197,2,55)
w(14,212,2,55)
w(17,212,2,55)
r(0,302,2,55)
r(11,934,2,55)
r(8,932,2,55)
r(18,925,2,55)
r(6,314,2,55)
r(12,293,2,55)
r(13,908,2,55)
r(4,531,2,55)
r(16,888,2,55)
w(10,209,2,55)
r(19,325,2,55)
r(7,309,2,56)
r(8,932,2,56)
r(15,308,2,56)
w(1,214,2,56)
w(5,189,2,56)
r(13,908,2,56)
r(2,283,2,56)
r(10,6,2,56)
w(18,215,2,56)
w(9,199,2,56)
r(11,934,2,56)
r(4,531,2,56)
w(6,215,2,56)
w(0,193,2,56)
w(14,213,2,56)
r(17,294,2,56)
r(12,293,2,56)
r(3,332,2,56)
w(19,214,2,56)
w(16,210,2,56)
w(4,210,2,57)
w(9,200,2,57)
w(0,194,2,57)
r(10,6,2,57)
w(2,198,2,57)
w(19,215,2,57)
r(12,293,2,57)
r(8,932,2,57)
w(6,216,2,57)
w(1,215,2,57)
w(5,190,2,57)
w(7,199,2,57)
r(17,294,2,57)
r(3,332,2,57)
w(13,197,2,57)
w(11,213,2,57)
r(18,925,2,57)
w(14,214,2,57)
r(16,888,2,57)
w(15,214,2,57)
r(10,798,2,58)
r(6,812,2,58)
w(4,211,2,58)
w(13,198,2,58)
w(2,199,2,58)
r(19,520,2,58)
r(9,688,2,58)
w(17,213,2,58)
w(5,191,2,58)
r(7,505,2,58)
r(12,784,2,58)
w(0,195,2,58)
w(14,215,2,58)
r(1,836,2,58)
r(18,518,2,58)
w(11,214,2,58)
w(8,214,2,58)
w(3,222,2,58)
w(15,215,2,58)
r(16,779,2,58)
r(7,505,2,59)
w(15,216,2,59)
r(4,831,2,59)
r(17,810,2,59)
w(18,216,2,59)
r(0,802,2,59)
w(9,201,2,59)
w(8,215,2,59)
w(3,223,2,59)
w(13,199,2,59)
w(6,217,2,59)
r(12,785,2,59)
w(14,216,2,59)
w(11,215,2,59)
r(2,808,2,59)
r(10,799,2,59)
w(1,216,2,59)
w(16,211,2,59)
w(5,192,2,59)
r(19,788,2,59)
r(19,2,3,60)
w(2,277,3,60)
r(16,202,3,60)
r(11,3,3,60)
r(18,208,3,60)
r(9,2,3,60)
r(3,216,3,60)
r(8,2,3,60)
w(12,286,3,60)
w(0,294,3,60)
w(1,314,3,60)
r(10,202,3,60)
r(14,2,3,60)
r(7,190,3,60)
r(5,2,3,60)
r(13,3,3,60)
r(6,1,3,60)
w(4,311,3,60)
w(17,288,3,60)
w(15,301,3,60)
r(14,2,3,61)
w(7,299,3,61)
w(13,284,3,61)
w(17,289,3,61)
r(10,202,3,61)
w(5,286,3,61)
w(0,295,3,61)
w(1,315,3,61)
w(16,295,3,61)
r(15,1,3,61)
w(4,312,3,61)
r(11,3,3,61)
w(8,299,3,61)
r(2,2,3,61)
r(12,2,3,61)
r(18,208,3,61)
w(9,296,3,61)
w(19,317,3,61)
r(6,1,3,61)
r(3,216,3,61)
r(10,202,3,62)
w(5,287,3,62)
w(8,300,3,62)
w(4,313,3,62)
r(15,1,3,62)
r(11,3,3,62)
w(3,324,3,62)
r(12,2,3,62)
w(19,318,3,62)
w(17,290,3,62)
r(0,295,3,62)
w(7,300,3,62)
r(14,2,3,62)
w(2,278,3,62)
r(6,1,3,62)
r(16,295,3,62)
w(18,308,3,62)
r(9,296,3,62)
r(13,284,3,62)
w(1,316,3,62)
r(10,202,3,63)
r(17,4,3,63)
w(15,302,3,63)
r(12,5,3,63)
w(9,297,3,63)
w(6,308,3,63)
r(7,8,3,63)
w(18,309,3,63)
w(11,310,3,63)
w(13,285,3,63)
r(19,4,3,63)
w(2,279,3,63)
r(0,6,3,63)
w(3,325,3,63)
w(4,314,3,63)
r(5,387,3,63)
w(1,317,3,63)
r(14,856,3,63)
r(16,5,3,63)
w(8,301,3,63)
r(8,6,3,64)
r(5,387,3,64)
w(4,315,3,64)
w(0,296,3,64)
r(6,3,3,64)
r(9,878,3,64)
w(7,301,3,64)
w(3,326,3,64)
w(1,318,3,64)
w(19,319,3,64)
r(14,856,3,64)
w(15,303,3,64)
w(12,287,3,64)
r(2,909,3,64)
r(11,5,3,64)
r(10,903,3,64)
w(18,310,3,64)
w(13,286,3,64)
r(17,4,3,64)
r(16,887,3,64)
r(12,5,3,65)
w(5,288,3,65)
w(15,304,3,65)
r(11,5,3,65)
w(19,320,3,65)
r(18,921,3,65)
w(0,297,3,65)
r(9,878,3,65)
w(2,280,3,65)
w(8,302,3,65)
w(3,327,3,65)
w(13,287,3,65)
w(10,316,3,65)
w(1,319,3,65)
r(14,856,3,65)
r(6,3,3,65)
r(16,887,3,65)
r(7,8,3,65)
w(4,316,3,65)
w(17,291,3,65)
r(11,5,3,66)
r(5,387,3,66)
w(7,302,3,66)
w(12,288,3,66)
r(15,3,3,66)
r(1,933,3,66)
r(9,878,3,66)
r(10,903,3,66)
w(16,296,3,66)
r(8,6,3,66)
r(14,856,3,66)
w(19,321,3,66)
w(3,328,3,66)
r(4,932,3,66)
w(6,309,3,66)
r(13,903,3,66)
w(2,281,3,66)
w(0,298,3,66)
r(18,921,3,66)
r(17,4,3,66)
r(17,107,3,67)
w(14,296,3,67)
r(12,5,3,67)
r(1,99,3,67)
w(9,298,3,67)
r(6,115,3,67)
r(2,100,3,67)
r(15,98,3,67)
w(0,299,3,67)
r(5,387,3,67)
r(8,109,3,67)
r(19,882,3,67)
r(13,98,3,67)
w(16,297,3,67)
r(10,99,3,67)
r(4,90,3,67)
r(11,103,3,67)
w(7,303,3,67)
w(18,311,3,67)
r(3,102,3,67)
r(3,102,3,68)
w(12,289,3,68)
r(2,100,3,68)
w(13,288,3,68)
w(16,298,3,68)
w(17,292,3,68)
r(14,103,3,68)
r(15,98,3,68)
w(8,303,3,68)
w(18,312,3,68)
r(19,882,3,68)
r(11,103,3,68)
r(10,99,3,68)
w(7,304,3,68)
w(6,310,3,68)
r(5,387,3,68)
w(1,320,3,68)
r(0,894,3,68)
r(4,90,3,68)
w(9,299,3,68)
w(1,321,3,69)
w(4,317,3,69)
r(8,109,3,69)
r(5,387,3,69)
r(14,103,3,69)
w(9,300,3,69)
r(19,882,3,69)
r(10,99,3,69)
w(12,290,3,69)
r(11,103,3,69)
r(6,115,3,69)
w(16,299,3,69)
r(0,894,3,69)
w(3,329,3,69)
w(2,282,3,69)
w(18,313,3,69)
w(7,305,3,69)
w(15,305,3,69)
r(13,98,3,69)
r(17,107,3,69)
r(9,878,3,70)
r(12,5,3,70)
r(4,90,3,70)
w(13,289,3,70)
w(11,311,3,70)
w(18,314,3,70)
r(5,187,3,70)
r(3,220,3,70)
w(6,311,3,70)
r(8,210,3,70)
w(1,322,3,70)
r(2,196,3,70)
r(15,211,3,70)
r(17,209,3,70)
w(19,322,3,70)
w(0,300,3,70)
w(10,317,3,70)
r(14,103,3,70)
w(7,306,3,70)
w(16,300,3,70)
r(8,210,3,71)
w(11,312,3,71)
r(13,98,3,71)
w(16,301,3,71)
w(9,301,3,71)
r(17,209,3,71)
w(12,291,3,71)
w(5,289,3,71)
r(10,99,3,71)
w(4,318,3,71)
r(18,212,3,71)
w(3,330,3,71)
w(14,297,3,71)
w(6,312,3,71)
r(19,882,3,71)
r(2,196,3,71)
r(1,212,3,71)
w(7,307,3,71)
r(0,894,3,71)
w(15,306,3,71)
w(4,319,3,72)
w(0,301,3,72)
r(16,301,3,72)
r(10,99,3,72)
r(2,196,3,72)
w(11,313,3,72)
w(5,290,3,72)
w(3,331,3,72)
w(19,323,3,72)
r(12,291,3,72)
w(9,302,3,72)
r(13,98,3,72)
w(15,307,3,72)
r(8,210,3,72)
r(14,297,3,72)
r(7,307,3,72)
w(1,323,3,72)
w(6,313,3,72)
r(17,209,3,72)
r(18,212,3,72)
r(8,932,3,73)
r(2,501,3,73)
w(19,324,3,73)
w(11,314,3,73)
r(15,909,3,73)
r(18,925,3,73)
w(13,290,3,73)
r(16,888,3,73)
r(5,677,3,73)
r(6,905,3,73)
r(3,935,3,73)
w(10,318,3,73)
w(4,320,3,73)
r(0,896,3,73)
w(12,292,3,73)
w(7,308,3,73)
r(14,7,3,73)
w(1,324,3,73)
w(17,293,3,73)
r(9,688,3,73)
r(18,925,3,74)
w(1,325,3,74)
r(11,934,3,74)
w(0,302,3,74)
w(17,294,3,74)
w(15,308,3,74)
w(12,293,3,74)
w(3,332,3,74)
r(8,932,3,74)
r(16,888,3,74)
w(6,314,3,74)
r(5,677,3,74)
r(13,908,3,74)
r(14,7,3,74)
w(19,325,3,74)
w(2,283,3,74)
r(4,531,3,74)
r(10,6,3,74)
r(9,688,3,74)
w(7,309,3,74)
w(7,310,3,75)
r(16,888,3,75)
r(13,908,3,75)
w(8,304,3,75)
r(5,677,3,75)
w(15,309,3,75)
r(14,7,3,75)
r(9,688,3,75)
w(19,326,3,75)
r(10,6,3,75)
w(4,321,3,75)
r(3,332,3,75)
r(12,293,3,75)
w(2,284,3,75)
r(11,934,3,75)
r(6,314,3,75)
w(17,295,3,75)
r(1,325,3,75)
r(0,302,3,75)
w(18,315,3,75)
r(15,911,3,76)
w(10,319,3,76)
r(12,785,3,76)
w(17,296,3,76)
w(19,327,3,76)
w(5,291,3,76)
w(2,285,3,76)
w(9,303,3,76)
r(4,935,3,76)
r(18,216,3,76)
w(7,311,3,76)
w(3,333,3,76)
w(14,298,3,76)
r(13,910,3,76)
w(0,303,3,76)
w(16,302,3,76)
w(1,326,3,76)
w(11,315,3,76)
r(6,217,3,76)
w(8,305,3,76)
r(3,333,3,77)
w(9,304,3,77)
r(8,305,3,77)
r(11,315,3,77)
w(0,304,3,77)
w(6,315,3,77)
r(19,327,3,77)
w(15,310,3,77)
r(12,785,3,77)
r(13,910,3,77)
r(1,326,3,77)
r(18,216,3,77)
r(16,302,3,77)
r(2,285,3,77)
w(4,322,3,77)
w(10,320,3,77)
r(14,298,3,77)
w(17,297,3,77)
w(7,312,3,77)
r(5,291,3,77)
r(16,302,3,78)
w(13,291,3,78)
w(17,298,3,78)
r(12,594,3,78)
w(15,311,3,78)
r(6,719,3,78)
w(14,299,3,78)
r(4,732,3,78)
w(8,306,3,78)
w(3,334,3,78)
r(11,637,3,78)
r(0,591,3,78)
w(2,286,3,78)
r(5,682,3,78)
w(9,305,3,78)
r(10,710,3,78)
w(19,328,3,78)
w(1,327,3,78)
w(18,316,3,78)
w(7,313,3,78)
r(5,775,3,79)
w(4,323,3,79)
r(13,594,3,79)
r(8,710,3,79)
w(3,335,3,79)
r(14,298,3,79)
w(2,287,3,79)
w(10,321,3,79)
r(17,296,3,79)
r(16,780,3,79)
r(6,815,3,79)
r(11,849,3,79)
w(0,305,3,79)
w(15,312,3,79)
w(1,328,3,79)
w(7,314,3,79)
r(12,594,3,79)
w(9,306,3,79)
r(18,611,3,79)
w(19,329,3,79)
w(17,392,4,80)
w(2,391,4,80)
r(8,299,4,80)
r(9,296,4,80)
r(14,2,4,80)
r(13,284,4,80)
w(5,387,4,80)
r(0,295,4,80)
w(1,422,4,80)
w(6,402,4,80)
w(16,384,4,80)
r(4,312,4,80)
r(10,202,4,80)
w(15,403,4,80)
r(3,216,4,80)
w(7,406,4,80)
r(18,208,4,80)
r(12,2,4,80)
r(11,3,4,80)
r(19,317,4,80)
w(5,388,4,81)
w(2,392,4,81)
w(14,374,4,81)
r(8,6,4,81)
r(7,8,4,81)
w(9,375,4,81)
w(1,423,4,81)
w(19,413,4,81)
w(3,426,4,81)
w(13,378,4,81)
r(11,5,4,81)
r(16,5,4,81)
w(6,403,4,81)
w(15,404,4,81)
r(12,5,4,81)
w(4,413,4,81)
w(0,384,4,81)
r(18,5,4,81)
w(17,393,4,81)
r(10,202,4,81)
w(4,414,4,82)
r(13,903,4,82)
w(9,376,4,82)
w(8,398,4,82)
r(14,856,4,82)
r(12,5,4,82)
w(3,427,4,82)
r(5,387,4,82)
r(18,921,4,82)
r(10,903,4,82)
w(0,385,4,82)
w(11,409,4,82)
r(19,882,4,82)
w(17,394,4,82)
r(7,8,4,82)
w(16,385,4,82)
r(15,3,4,82)
r(6,3,4,82)
w(1,424,4,82)
w(2,393,4,82)
w(10,414,4,83)
r(15,3,4,83)
r(13,903,4,83)
r(6,3,4,83)
r(14,856,4,83)
w(8,399,4,83)
w(7,407,4,83)
w(17,395,4,83)
r(3,931,4,83)
w(0,386,4,83)
r(19,882,4,83)
w(9,377,4,83)
r(5,387,4,83)
r(12,5,4,83)
w(18,411,4,83)
w(1,425,4,83)
r(2,909,4,83)
r(16,887,4,83)
w(11,410,4,83)
r(4,932,4,83)
w(17,396,4,84)
w(16,386,4,84)
r(3,102,4,84)
r(15,98,4,84)
w(19,414,4,84)
r(9,878,4,84)
r(13,98,4,84)
w(6,404,4,84)
w(1,426,4,84)
w(4,415,4,84)
r(2,100,4,84)
w(11,411,4,84)
w(5,389,4,84)
r(14,103,4,84)
w(8,400,4,84)
w(7,408,4,84)
w(0,387,4,84)
r(12,5,4,84)
w(10,415,4,84)
w(18,412,4,84)
r(15,306,4,85)
w(6,405,4,85)
w(9,378,4,85)
w(13,379,4,85)
w(17,397,4,85)
w(10,416,4,85)
w(1,427,4,85)
w(7,409,4,85)
r(16,301,4,85)
w(2,394,4,85)
w(3,428,4,85)
w(14,375,4,85)
w(12,382,4,85)
w(4,416,4,85)
r(18,212,4,85)
w(0,388,4,85)
w(11,412,4,85)
r(8,210,4,85)
w(5,390,4,85)
w(19,415,4,85)
r(2,394,4,86)
w(10,417,4,86)
r(12,189,4,86)
w(5,391,4,86)
w(6,406,4,86)
w(15,405,4,86)
w(13,380,4,86)
w(18,413,4,86)
w(3,429,4,86)
w(16,387,4,86)
r(14,209,4,86)
r(11,412,4,86)
w(8,401,4,86)
w(17,398,4,86)
r(9,196,4,86)
w(4,417,4,86)
w(1,428,4,86)
r(0,388,4,86)
w(7,410,4,86)
w(19,416,4,86)
w(0,389,4,87)
w(2,395,4,87)
w(18,414,4,87)
w(15,406,4,87)
w(6,407,4,87)
w(14,376,4,87)
r(11,749,4,87)
r(8,210,4,87)
w(16,388,4,87)
r(12,189,4,87)
w(13,381,4,87)
r(5,677,4,87)
w(4,418,4,87)
r(10,207,4,87)
r(19,691,4,87)
w(1,429,4,87)
r(17,211,4,87)
r(9,688,4,87)
r(7,704,4,87)
w(3,430,4,87)
r(12,785,4,88)
w(8,402,4,88)
r(4,935,4,88)
r(10,907,4,88)
w(19,417,4,88)
r(3,939,4,88)
r(15,911,4,88)
r(9,201,4,88)
w(16,389,4,88)
w(0,390,4,88)
w(7,411,4,88)
w(11,413,4,88)
w(1,430,4,88)
w(18,415,4,88)
r(14,216,4,88)
r(13,910,4,88)
w(5,392,4,88)
w(17,399,4,88)
r(2,915,4,88)
r(6,217,4,88)
w(1,431,4,89)
r(10,319,4,89)
r(7,311,4,89)
w(5,393,4,89)
w(9,379,4,89)
r(8,305,4,89)
w(14,377,4,89)
w(16,390,4,89)
r(2,285,4,89)
w(18,416,4,89)
w(19,418,4,89)
r(6,217,4,89)
w(4,419,4,89)
r(3,333,4,89)
w(15,407,4,89)
r(11,315,4,89)
w(13,382,4,89)
w(12,383,4,89)
r(0,303,4,89)
r(17,296,4,89)
w(5,394,4,90)
r(6,719,4,90)
w(17,400,4,90)
r(12,594,4,90)
w(9,380,4,90)
w(4,420,4,90)
r(15,911,4,90)
r(3,739,4,90)
r(13,594,4,90)
r(16,302,4,90)
w(8,403,4,90)
r(1,637,4,90)
w(2,396,4,90)
w(18,417,4,90)
r(7,707,4,90)
w(11,414,4,90)
w(19,419,4,90)
r(0,591,4,90)
r(10,710,4,90)
w(14,378,4,90)
w(8,404,4,91)
w(17,401,4,91)
w(19,420,4,91)
r(18,611,4,91)
r(13,594,4,91)
w(6,408,4,91)
r(14,298,4,91)
w(15,408,4,91)
r(7,707,4,91)
r(1,637,4,91)
r(2,701,4,91)
r(0,591,4,91)
w(3,431,4,91)
w(4,421,4,91)
r(10,710,4,91)
w(9,381,4,91)
w(16,391,4,91)
w(5,395,4,91)
w(11,415,4,91)
w(12,384,4,91)
w(4,422,4,92)
r(6,815,4,92)
r(7,815,4,92)
r(15,808,4,92)
w(8,405,4,92)
w(9,382,4,92)
w(14,379,4,92)
w(10,418,4,92)
w(19,421,4,92)
r(3,836,4,92)
w(18,418,4,92)
w(2,397,4,92)
r(13,594,4,92)
r(5,775,4,92)
w(1,432,4,92)
w(11,416,4,92)
w(0,391,4,92)
w(12,385,4,92)
w(17,402,4,92)
w(16,392,4,92)
w(10,419,4,93)
r(7,314,4,93)
w(5,396,4,93)
r(17,296,4,93)
r(13,594,4,93)
w(6,409,4,93)
r(1,328,4,93)
w(15,409,4,93)
w(11,417,4,93)
r(16,780,4,93)
w(12,386,4,93)
r(9,306,4,93)
r(4,323,4,93)
w(14,380,4,93)
w(2,398,4,93)
r(19,329,4,93)
r(18,611,4,93)
w(3,432,4,93)
r(0,305,4,93)
w(8,406,4,93)
w(7,412,4,94)
r(15,409,4,94)
r(10,618,4,94)
r(5,590,4,94)
w(12,387,4,94)
w(8,407,4,94)
r(2,595,4,94)
r(3,639,4,94)
r(19,615,4,94)
r(9,306,4,94)
w(18,419,4,94)
r(1,328,4,94)
w(14,381,4,94)
w(17,403,4,94)
r(11,640,4,94)
r(4,634,4,94)
r(16,780,4,94)
w(0,392,4,94)
w(13,383,4,94)
w(6,410,4,94)
w(14,382,4,95)
w(15,410,4,95)
r(18,419,4,95)
r(4,634,4,95)
r(19,615,4,95)
w(13,384,4,95)
r(11,640,4,95)
w(7,413,4,95)
r(5,590,4,95)
w(16,393,4,95)
r(2,595,4,95)
r(8,407,4,95)
r(6,410,4,95)
r(10,618,4,95)
r(12,387,4,95)
r(3,639,4,95)
r(9,306,4,95)
r(1,328,4,95)
w(0,393,4,95)
w(17,404,4,95)
r(17,404,4,96)
w(19,422,4,96)
w(10,420,4,96)
w(9,383,4,96)
r(11,640,4,96)
r(1,328,4,96)
r(7,413,4,96)
r(3,639,4,96)
w(18,420,4,96)
r(14,382,4,96)
w(0,394,4,96)
w(2,399,4,96)
r(12,387,4,96)
r(8,407,4,96)
r(4,634,4,96)
r(6,410,4,96)
r(5,590,4,96)
r(16,393,4,96)
r(13,384,4,96)
w(15,411,4,96)
r(10,420,4,97)
w(15,412,4,97)
w(12,388,4,97)
r(18,420,4,97)
w(8,408,4,97)
r(5,590,4,97)
r(9,383,4,97)
w(14,383,4,97)
r(17,404,4,97)
w(19,423,4,97)
r(2,399,4,97)
w(11,418,4,97)
r(3,639,4,97)
r(1,328,4,97)
w(0,395,4,97)
r(16,393,4,97)
w(13,385,4,97)
w(4,423,4,97)
r(7,413,4,97)
w(6,411,4,97)
r(18,420,4,98)
w(3,433,4,98)
w(6,412,4,98)
w(15,413,4,98)
r(13,385,4,98)
w(14,384,4,98)
w(7,414,4,98)
r(4,423,4,98)
r(0,395,4,98)
r(2,399,4,98)
r(5,590,4,98)
r(8,408,4,98)
r(17,404,4,98)
w(16,394,4,98)
r(10,420,4,98)
r(12,388,4,98)
r(19,423,4,98)
w(11,419,4,98)
r(1,328,4,98)
r(9,383,4,98)
w(12,389,4,99)
w(11,420,4,99)
w(2,400,4,99)
r(9,383,4,99)
w(7,415,4,99)
r(4,423,4,99)
w(1,433,4,99)
r(17,404,4,99)
w(6,413,4,99)
w(19,424,4,99)
w(18,421,4,99)
r(10,420,4,99)
r(16,394,4,99)
w(5,397,4,99)
w(8,409,4,99)
r(14,384,4,99)
r(3,433,4,99)
w(13,386,4,99)
w(0,396,4,99)
r(15,413,4,99)
w(14,473,5,100)
w(8,507,5,100)
r(2,2,5,100)
w(4,523,5,100)
w(9,484,5,100)
w(3,517,5,100)
w(15,503,5,100)
w(19,510,5,100)
r(16,202,5,100)
w(12,479,5,100)
w(5,484,5,100)
w(17,497,5,100)
r(6,1,5,100)
r(18,208,5,100)
r(13,3,5,100)
w(1,528,5,100)
w(10,512,5,100)
r(7,190,5,100)
r(0,4,5,100)
w(11,518,5,100)
r(14,2,5,101)
w(5,485,5,101)
r(16,202,5,101)
r(18,208,5,101)
w(7,497,5,101)
r(0,4,5,101)
r(9,2,5,101)
r(13,3,5,101)
w(8,508,5,101)
r(17,2,5,101)
r(6,1,5,101)
w(15,504,5,101)
w(12,480,5,101)
r(19,2,5,101)
w(10,513,5,101)
w(3,518,5,101)
w(1,529,5,101)
r(4,204,5,101)
w(11,519,5,101)
w(2,494,5,101)
r(2,2,5,102)
r(6,1,5,102)
r(7,190,5,102)
r(14,2,5,102)
w(12,481,5,102)
r(13,3,5,102)
w(3,519,5,102)
w(8,509,5,102)
w(18,507,5,102)
w(5,486,5,102)
r(15,1,5,102)
r(10,202,5,102)
w(0,491,5,102)
w(4,524,5,102)
w(19,511,5,102)
w(1,530,5,102)
w(17,498,5,102)
r(9,2,5,102)
w(11,520,5,102)
r(16,202,5,102)
r(8,299,5,103)
w(16,476,5,103)
w(17,499,5,103)
w(2,495,5,103)
r(7,299,5,103)
r(3,216,5,103)
r(4,312,5,103)
r(12,2,5,103)
w(5,487,5,103)
w(10,514,5,103)
r(0,295,5,103)
r(15,1,5,103)
r(13,284,5,103)
w(19,512,5,103)
r(14,2,5,103)
r(6,1,5,103)
w(11,521,5,103)
r(1,315,5,103)
w(9,485,5,103)
w(18,508,5,103)
w(7,498,5,104)
w(8,510,5,104)
w(19,513,5,104)
r(6,402,5,104)
r(0,295,5,104)
r(2,391,5,104)
w(10,515,5,104)
w(3,520,5,104)
w(13,482,5,104)
w(5,488,5,104)
r(11,3,5,104)
w(1,531,5,104)
w(17,500,5,104)
w(12,482,5,104)
r(9,296,5,104)
w(18,509,5,104)
r(15,403,5,104)
r(14,2,5,104)
w(4,525,5,104)
r(16,384,5,104)
r(1,933,5,105)
r(6,3,5,105)
w(18,510,5,105)
r(8,6,5,105)
r(9,878,5,105)
w(13,483,5,105)
w(5,489,5,105)
w(16,477,5,105)
r(14,856,5,105)
w(3,521,5,105)
r(0,894,5,105)
w(15,505,5,105)
r(19,882,5,105)
w(2,496,5,105)
w(4,526,5,105)
r(11,5,5,105)
w(12,483,5,105)
r(10,903,5,105)
r(7,8,5,105)
r(17,4,5,105)
r(8,109,5,106)
w(7,499,5,106)
w(17,501,5,106)
w(0,492,5,106)
w(19,514,5,106)
w(13,484,5,106)
w(18,511,5,106)
w(6,516,5,106)
w(11,522,5,106)
r(15,98,5,106)
w(16,478,5,106)
w(10,516,5,106)
w(14,474,5,106)
w(4,527,5,106)
w(2,497,5,106)
r(5,387,5,106)
w(9,486,5,106)
w(12,484,5,106)
r(1,99,5,106)
r(3,102,5,106)
w(8,511,5,107)
w(3,522,5,107)
w(18,512,5,107)
r(7,97,5,107)
r(0,894,5,107)
r(6,115,5,107)
r(5,387,5,107)
w(13,485,5,107)
r(15,98,5,107)
r(2,100,5,107)
r(11,103,5,107)
w(10,517,5,107)
r(16,887,5,107)
r(12,5,5,107)
w(4,528,5,107)
w(17,502,5,107)
w(19,515,5,107)
w(1,532,5,107)
r(9,878,5,107)
w(14,475,5,107)
w(0,493,5,108)
w(9,487,5,108)
w(15,506,5,108)
w(11,523,5,108)
r(2,100,5,108)
w(18,513,5,108)
w(7,500,5,108)
r(14,103,5,108)
r(12,5,5,108)
w(19,516,5,108)
w(5,490,5,108)
w(13,486,5,108)
r(16,887,5,108)
r(8,109,5,108)
w(6,517,5,108)
r(10,99,5,108)
r(4,90,5,108)
r(3,102,5,108)
w(1,533,5,108)
w(17,503,5,108)
w(3,523,5,109)
r(9,878,5,109)
w(6,518,5,109)
r(7,97,5,109)
r(10,99,5,109)
r(13,98,5,109)
w(14,476,5,109)
r(19,882,5,109)
r(2,100,5,109)
r(1,99,5,109)
r(12,5,5,109)
w(4,529,5,109)
r(0,894,5,109)
r(11,103,5,109)
r(15,98,5,109)
w(8,512,5,109)
r(17,107,5,109)
w(5,491,5,109)
r(18,103,5,109)
r(16,887,5,109)
w(13,487,5,110)
r(4,90,5,110)
w(17,504,5,110)
r(11,211,5,110)
w(14,477,5,110)
w(3,524,5,110)
r(1,212,5,110)
r(15,211,5,110)
w(2,498,5,110)
r(0,894,5,110)
w(18,514,5,110)
r(8,210,5,110)
r(16,887,5,110)
w(7,501,5,110)
r(19,882,5,110)
w(9,488,5,110)
r(12,5,5,110)
w(10,518,5,110)
r(6,213,5,110)
r(5,187,5,110)
r(4,318,5,111)
r(6,312,5,111)
w(18,515,5,111)
w(7,502,5,111)
w(3,525,5,111)
w(14,478,5,111)
r(9,301,5,111)
w(0,494,5,111)
w(11,524,5,111)
w(2,499,5,111)
w(19,517,5,111)
r(5,289,5,111)
w(17,505,5,111)
w(16,479,5,111)
r(1,212,5,111)
w(12,485,5,111)
w(8,513,5,111)
r(13,98,5,111)
r(10,99,5,111)
r(15,306,5,111)
w(17,506,5,112)
w(11,525,5,112)
r(3,5,5,112)
w(7,503,5,112)
r(6,7,5,112)
r(13,7,5,112)
r(18,212,5,112)
r(8,210,5,112)
r(0,8,5,112)
r(10,99,5,112)
r(5,7,5,112)
r(15,306,5,112)
w(14,479,5,112)
r(9,301,5,112)
w(4,530,5,112)
r(16,301,5,112)
w(2,500,5,112)
r(12,7,5,112)
w(1,534,5,112)
w(19,518,5,112)
r(16,6,5,113)
r(10,6,5,113)
r(6,8,5,113)
w(4,531,5,113)
r(17,9,5,113)
w(13,488,5,113)
r(12,189,5,113)
w(15,507,5,113)
r(8,9,5,113)
r(1,10,5,113)
w(2,501,5,113)
w(0,495,5,113)
r(18,8,5,113)
r(7,704,5,113)
r(11,749,5,113)
w(19,519,5,113)
r(5,677,5,113)
r(14,7,5,113)
r(9,688,5,113)
w(3,526,5,113)
r(9,688,5,114)
r(10,6,5,114)
r(1,325,5,114)
r(8,932,5,114)
r(16,888,5,114)
w(7,504,5,114)
r(17,294,5,114)
w(5,492,5,114)
r(19,325,5,114)
w(2,502,5,114)
w(12,486,5,114)
w(6,519,5,114)
w(4,532,5,114)
w(13,489,5,114)
w(0,496,5,114)
r(14,7,5,114)
r(3,332,5,114)
r(15,308,5,114)
w(18,516,5,114)
w(11,526,5,114)
w(12,487,5,115)
w(15,508,5,115)
r(7,813,5,115)
r(14,767,5,115)
r(1,834,5,115)
r(19,786,5,115)
w(9,489,5,115)
r(5,677,5,115)
r(3,833,5,115)
w(4,533,5,115)
w(17,507,5,115)
w(2,503,5,115)
w(18,517,5,115)
r(16,778,5,115)
r(10,6,5,115)
w(11,527,5,115)
w(6,520,5,115)
w(8,514,5,115)
r(0,800,5,115)
r(13,819,5,115)
w(8,515,5,116)
w(12,488,5,116)
w(19,520,5,116)
w(1,535,5,116)
r(9,688,5,116)
r(2,283,5,116)
r(13,819,5,116)
r(0,800,5,116)
w(17,508,5,116)
r(3,833,5,116)
w(7,505,5,116)
w(4,534,5,116)
w(11,528,5,116)
w(18,518,5,116)
r(10,6,5,116)
w(15,509,5,116)
w(14,480,5,116)
r(16,778,5,116)
r(5,677,5,116)
r(6,314,5,116)
r(19,788,5,117)
w(15,510,5,117)
r(18,216,5,117)
w(3,527,5,117)
r(11,215,5,117)
w(14,481,5,117)
r(13,910,5,117)
r(5,192,5,117)
w(9,490,5,117)
w(4,535,5,117)
w(12,489,5,117)
w(17,509,5,117)
w(16,480,5,117)
r(2,915,5,117)
w(6,521,5,117)
r(0,802,5,117)
w(8,516,5,117)
w(10,519,5,117)
r(7,505,5,117)
w(1,536,5,117)
r(17,296,5,118)
r(10,710,5,118)
r(13,594,5,118)
r(0,591,5,118)
w(7,506,5,118)
r(3,739,5,118)
w(1,537,5,118)
w(5,493,5,118)
w(6,522,5,118)
r(12,594,5,118)
w(14,482,5,118)
r(8,710,5,118)
w(2,504,5,118)
r(9,601,5,118)
w(4,536,5,118)
w(16,481,5,118)
r(18,611,5,118)
r(15,911,5,118)
w(11,529,5,118)
w(19,521,5,118)
r(1,637,5,119)
w(4,537,5,119)
w(2,505,5,119)
w(17,510,5,119)
r(19,789,5,119)
r(3,836,5,119)
r(12,594,5,119)
w(5,494,5,119)
r(13,594,5,119)
w(16,482,5,119)
w(7,507,5,119)
w(15,511,5,119)
w(8,517,5,119)
w(14,483,5,119)
r(10,710,5,119)
w(18,519,5,119)
r(0,591,5,119)
r(6,815,5,119)
w(9,491,5,119)
r(11,849,5,119)
w(10,605,6,120)
w(3,628,6,120)
r(14,2,6,120)
w(6,608,6,120)
r(12,2,6,120)
w(17,607,6,120)
r(1,207,6,120)
r(15,1,6,120)
w(7,607,6,120)
r(18,208,6,120)
r(0,4,6,120)
w(16,579,6,120)
w(4,628,6,120)
w(19,605,6,120)
w(2,587,6,120)
w(13,586,6,120)
w(9,593,6,120)
w(5,579,6,120)
r(11,3,6,120)
w(8,604,6,120)
r(13,284,6,121)
r(6,1,6,121)
r(12,2,6,121)
w(1,628,6,121)
w(10,606,6,121)
w(15,597,6,121)
r(17,289,6,121)
w(18,601,6,121)
w(3,629,6,121)
w(19,606,6,121)
w(2,588,6,121)
r(8,299,6,121)
w(11,629,6,121)
r(4,312,6,121)
w(9,594,6,121)
w(14,560,6,121)
w(0,587,6,121)
w(16,580,6,121)
w(5,580,6,121)
r(7,299,6,121)
r(0,295,6,122)
w(4,629,6,122)
r(15,1,6,122)
w(6,609,6,122)
r(11,3,6,122)
r(18,208,6,122)
r(9,296,6,122)
r(17,289,6,122)
w(1,629,6,122)
r(8,299,6,122)
r(12,2,6,122)
r(7,299,6,122)
w(14,561,6,122)
w(16,581,6,122)
r(10,202,6,122)
w(3,630,6,122)
w(19,607,6,122)
r(2,2,6,122)
w(13,587,6,122)
w(5,581,6,122)
w(12,588,6,123)
w(17,608,6,123)
r(3,216,6,123)
w(13,588,6,123)
w(15,598,6,123)
w(5,582,6,123)
r(1,315,6,123)
r(9,296,6,123)
r(7,299,6,123)
w(18,602,6,123)
r(11,3,6,123)
w(0,588,6,123)
r(8,299,6,123)
w(2,589,6,123)
w(10,607,6,123)
w(6,610,6,123)
r(4,312,6,123)
w(19,608,6,123)
r(14,2,6,123)
w(16,582,6,123)
r(9,296,6,124)
w(10,608,6,124)
r(13,284,6,124)
w(14,562,6,124)
w(12,589,6,124)
r(2,391,6,124)
r(4,312,6,124)
w(0,589,6,124)
w(5,583,6,124)
r(16,384,6,124)
w(7,608,6,124)
w(3,631,6,124)
w(18,603,6,124)
r(19,317,6,124)
r(1,422,6,124)
r(8,299,6,124)
r(17,392,6,124)
r(15,403,6,124)
w(6,611,6,124)
r(11,3,6,124)
w(17,609,6,125)
w(4,630,6,125)
w(16,583,6,125)
w(1,630,6,125)
w(13,589,6,125)
r(0,894,6,125)
r(9,878,6,125)
r(7,8,6,125)
w(6,612,6,125)
w(2,590,6,125)
w(19,609,6,125)
w(18,604,6,125)
r(10,903,6,125)
w(12,590,6,125)
w(8,605,6,125)
w(11,630,6,125)
w(15,599,6,125)
r(14,856,6,125)
w(3,632,6,125)
r(5,387,6,125)
r(19,882,6,126)
r(12,5,6,126)
r(10,99,6,126)
w(7,609,6,126)
w(3,633,6,126)
w(1,631,6,126)
r(5,387,6,126)
r(4,90,6,126)
r(11,103,6,126)
r(14,103,6,126)
r(8,109,6,126)
w(18,605,6,126)
w(9,595,6,126)
w(16,584,6,126)
r(6,115,6,126)
w(15,600,6,126)
r(17,107,6,126)
r(0,894,6,126)
r(13,98,6,126)
w(2,591,6,126)
w(5,584,6,127)
w(6,613,6,127)
w(11,631,6,127)
r(8,210,6,127)
r(16,301,6,127)
w(13,590,6,127)
w(10,609,6,127)
w(15,601,6,127)
r(4,318,6,127)
w(9,596,6,127)
r(19,882,6,127)
w(14,563,6,127)
r(0,894,6,127)
w(2,592,6,127)
w(18,606,6,127)
w(7,610,6,127)
r(12,291,6,127)
w(3,634,6,127)
w(17,610,6,127)
w(1,632,6,127)
w(17,611,6,128)
r(1,427,6,128)
r(2,394,6,128)
r(16,301,6,128)
w(10,610,6,128)
w(6,614,6,128)
w(19,610,6,128)
w(18,607,6,128)
r(0,388,6,128)
w(14,564,6,128)
r(15,306,6,128)
w(12,591,6,128)
r(5,390,6,128)
r(3,428,6,128)
w(4,631,6,128)
w(13,591,6,128)
r(7,409,6,128)
r(9,378,6,128)
w(8,606,6,128)
w(11,632,6,128)
w(17,612,6,129)
w(13,592,6,129)
w(8,607,6,129)
r(14,7,6,129)
r(16,6,6,129)
r(10,6,6,129)
w(15,602,6,129)
w(2,593,6,129)
w(1,633,6,129)
w(6,615,6,129)
r(12,189,6,129)
w(7,611,6,129)
r(4,8,6,129)
w(5,585,6,129)
w(18,608,6,129)
r(3,6,6,129)
w(9,597,6,129)
r(0,9,6,129)
w(11,633,6,129)
r(19,6,6,129)
w(3,635,6,130)
w(16,585,6,130)
r(4,8,6,130)
r(11,749,6,130)
r(13,8,6,130)
r(17,9,6,130)
w(10,611,6,130)
r(5,677,6,130)
r(1,10,6,130)
r(8,9,6,130)
r(15,6,6,130)
r(9,688,6,130)
w(6,616,6,130)
r(2,11,6,130)
r(18,8,6,130)
w(7,612,6,130)
w(14,565,6,130)
w(12,592,6,130)
r(19,6,6,130)
r(0,9,6,130)
r(18,8,6,131)
r(2,501,6,131)
r(17,9,6,131)
w(10,612,6,131)
r(4,531,6,131)
r(12,189,6,131)
r(1,10,6,131)
w(13,593,6,131)
r(0,495,6,131)
r(8,9,6,131)
w(14,566,6,131)
w(19,611,6,131)
r(16,6,6,131)
w(15,603,6,131)
r(11,749,6,131)
w(9,598,6,131)
r(6,8,6,131)
r(7,704,6,131)
w(3,636,6,131)
w(5,586,6,131)
r(5,677,6,132)
r(18,925,6,132)
w(12,593,6,132)
r(0,302,6,132)
w(1,634,6,132)
w(8,608,6,132)
r(3,332,6,132)
r(16,888,6,132)
r(10,6,6,132)
w(14,567,6,132)
r(9,688,6,132)
w(19,612,6,132)
w(15,604,6,132)
r(13,908,6,132)
r(6,314,6,132)
r(4,531,6,132)
r(11,934,6,132)
r(7,309,6,132)
r(2,283,6,132)
w(17,613,6,132)
r(7,813,6,133)
r(6,314,6,133)
w(18,609,6,133)
w(8,609,6,133)
r(13,819,6,133)
w(5,587,6,133)
r(9,688,6,133)
w(11,634,6,133)
r(12,293,6,133)
r(19,786,6,133)
w(4,632,6,133)
r(3,833,6,133)
r(2,283,6,133)
w(14,568,6,133)
w(15,605,6,133)
w(10,613,6,133)
w(1,635,6,133)
r(16,778,6,133)
w(0,590,6,133)
w(17,614,6,133)
w(10,614,6,134)
w(11,635,6,134)
r(12,785,6,134)
r(0,802,6,134)
w(9,599,6,134)
w(14,569,6,134)
r(1,216,6,134)
w(7,613,6,134)
w(4,633,6,134)
r(5,192,6,134)
r(13,199,6,134)
r(6,217,6,134)
w(19,613,6,134)
r(18,216,6,134)
w(17,615,6,134)
w(8,610,6,134)
r(3,223,6,134)
r(2,808,6,134)
w(15,606,6,134)
r(16,211,6,134)
w(6,617,6,135)
w(15,607,6,135)
r(16,890,6,135)
r(0,802,6,135)
w(18,610,6,135)
w(11,636,6,135)
r(14,216,6,135)
w(1,636,6,135)
r(17,810,6,135)
r(19,788,6,135)
r(4,935,6,135)
r(7,505,6,135)
r(12,785,6,135)
r(2,915,6,135)
w(10,615,6,135)
w(5,588,6,135)
w(3,637,6,135)
w(9,600,6,135)
w(8,611,6,135)
r(13,910,6,135)
r(17,296,6,136)
w(0,591,6,136)
w(13,594,6,136)
r(7,707,6,136)
r(15,911,6,136)
r(14,298,6,136)
r(6,719,6,136)
w(18,611,6,136)
w(12,594,6,136)
r(19,327,6,136)
r(4,732,6,136)
r(3,739,6,136)
r(10,710,6,136)
w(1,637,6,136)
r(2,701,6,136)
w(9,601,6,136)
r(16,302,6,136)
w(11,637,6,136)
r(5,682,6,136)
r(8,710,6,136)
r(1,637,6,137)
w(6,618,6,137)
w(10,616,6,137)
r(13,594,6,137)
w(9,602,6,137)
r(17,296,6,137)
r(2,811,6,137)
w(8,612,6,137)
w(16,586,6,137)
r(5,775,6,137)
r(0,591,6,137)
r(4,834,6,137)
r(3,836,6,137)
w(7,614,6,137)
r(15,808,6,137)
w(14,570,6,137)
w(19,614,6,137)
w(12,595,6,137)
w(18,612,6,137)
w(11,638,6,137)
w(3,638,6,138)
r(16,780,6,138)
r(1,328,6,138)
r(9,306,6,138)
r(6,409,6,138)
w(18,613,6,138)
r(13,594,6,138)
r(12,386,6,138)
w(8,613,6,138)
r(17,296,6,138)
r(19,329,6,138)
w(14,571,6,138)
w(15,608,6,138)
w(2,594,6,138)
w(10,617,6,138)
r(4,323,6,138)
w(11,639,6,138)
r(0,305,6,138)
w(5,589,6,138)
r(7,314,6,138)
r(1,328,6,139)
w(4,634,6,139)
w(10,618,6,139)
w(6,619,6,139)
r(16,780,6,139)
w(2,595,6,139)
r(15,409,6,139)
w(18,614,6,139)
w(3,639,6,139)
r(0,305,6,139)
w(14,572,6,139)
w(5,590,6,139)
w(12,596,6,139)
w(11,640,6,139)
r(9,306,6,139)
r(13,594,6,139)
r(17,296,6,139)
r(7,314,6,139)
w(19,615,6,139)
w(8,614,6,139)
w(17,713,7,140)
w(7,698,7,140)
w(11,742,7,140)
r(8,2,7,140)
r(4,204,7,140)
w(10,703,7,140)
w(18,707,7,140)
w(2,690,7,140)
w(13,700,7,140)
w(6,711,7,140)
w(0,690,7,140)
r(15,1,7,140)
r(12,2,7,140)
w(16,679,7,140)
w(9,684,7,140)
r(3,216,7,140)
w(14,670,7,140)
w(19,686,7,140)
w(1,723,7,140)
r(5,2,7,140)
r(19,2,7,141)
r(1,207,7,141)
w(16,680,7,141)
r(4,204,7,141)
w(17,714,7,141)
r(2,2,7,141)
r(15,1,7,141)
r(0,4,7,141)
r(6,1,7,141)
w(13,701,7,141)
w(8,704,7,141)
w(7,699,7,141)
w(14,671,7,141)
r(12,2,7,141)
r(18,208,7,141)
w(11,743,7,141)
w(5,674,7,141)
w(10,704,7,141)
r(3,216,7,141)
w(9,685,7,141)
w(18,708,7,142)
r(1,315,7,142)
r(14,2,7,142)
r(16,295,7,142)
w(11,744,7,142)
w(2,691,7,142)
w(10,705,7,142)
w(12,678,7,142)
r(8,299,7,142)
w(15,695,7,142)
w(13,702,7,142)
w(19,687,7,142)
w(3,730,7,142)
w(7,700,7,142)
r(5,286,7,142)
r(17,289,7,142)
w(9,686,7,142)
r(4,312,7,142)
r(6,1,7,142)
w(0,691,7,142)
w(0,692,7,143)
w(19,688,7,143)
r(13,284,7,143)
w(7,701,7,143)
w(18,709,7,143)
w(5,675,7,143)
w(6,712,7,143)
r(10,202,7,143)
w(8,705,7,143)
w(17,715,7,143)
w(15,696,7,143)
w(16,681,7,143)
r(1,315,7,143)
w(14,672,7,143)
r(9,296,7,143)
w(2,692,7,143)
w(3,731,7,143)
w(12,679,7,143)
w(11,745,7,143)
r(4,312,7,143)
r(1,422,7,144)
w(16,682,7,144)
w(4,727,7,144)
w(5,676,7,144)
w(3,732,7,144)
w(11,746,7,144)
r(19,317,7,144)
r(6,402,7,144)
r(17,392,7,144)
r(13,284,7,144)
w(15,697,7,144)
w(18,710,7,144)
r(9,296,7,144)
w(2,693,7,144)
w(0,693,7,144)
r(12,2,7,144)
r(8,299,7,144)
w(10,706,7,144)
r(14,2,7,144)
w(7,702,7,144)
w(2,694,7,145)
r(5,387,7,145)
w(17,716,7,145)
r(9,296,7,145)
r(4,312,7,145)
r(13,284,7,145)
w(16,683,7,145)
w(15,698,7,145)
r(3,216,7,145)
w(0,694,7,145)
w(1,724,7,145)
w(11,747,7,145)
r(19,317,7,145)
r(8,299,7,145)
w(6,713,7,145)
w(14,673,7,145)
w(18,711,7,145)
r(7,406,7,145)
r(10,202,7,145)
r(12,2,7,145)
w(19,689,7,146)
w(6,714,7,146)
w(14,674,7,146)
r(2,909,7,146)
w(15,699,7,146)
w(7,703,7,146)
w(13,703,7,146)
r(0,891,7,146)
w(3,733,7,146)
w(11,748,7,146)
w(17,717,7,146)
w(12,680,7,146)
r(16,384,7,146)
w(1,725,7,146)
w(4,728,7,146)
w(18,712,7,146)
r(5,387,7,146)
r(8,299,7,146)
w(9,687,7,146)
w(10,707,7,146)
r(14,297,7,147)
r(17,209,7,147)
r(15,306,7,147)
r(12,291,7,147)
w(8,706,7,147)
r(5,289,7,147)
r(13,98,7,147)
w(2,695,7,147)
r(3,330,7,147)
w(19,690,7,147)
w(18,713,7,147)
w(0,695,7,147)
w(1,726,7,147)
r(11,312,7,147)
r(9,301,7,147)
r(6,312,7,147)
r(7,307,7,147)
w(10,708,7,147)
w(16,684,7,147)
r(4,318,7,147)
r(10,207,7,148)
w(3,734,7,148)
w(6,715,7,148)
w(0,696,7,148)
w(11,749,7,148)
w(1,727,7,148)
r(8,210,7,148)
r(17,211,7,148)
r(14,209,7,148)
w(19,691,7,148)
r(13,196,7,148)
w(15,700,7,148)
w(16,685,7,148)
w(4,729,7,148)
w(2,696,7,148)
w(5,677,7,148)
w(7,704,7,148)
r(12,189,7,148)
w(9,688,7,148)
r(18,212,7,148)
r(3,6,7,149)
r(14,7,7,149)
w(12,681,7,149)
r(7,704,7,149)
w(11,750,7,149)
w(16,686,7,149)
r(4,8,7,149)
w(0,697,7,149)
r(10,6,7,149)
w(8,707,7,149)
r(9,688,7,149)
r(17,9,7,149)
r(18,8,7,149)
r(19,6,7,149)
w(13,704,7,149)
w(2,697,7,149)
r(15,6,7,149)
w(5,678,7,149)
r(1,10,7,149)
w(6,716,7,149)
w(9,689,7,150)
r(18,8,7,150)
w(0,698,7,150)
r(12,189,7,150)
w(17,718,7,150)
r(1,10,7,150)
w(5,679,7,150)
r(13,8,7,150)
r(19,6,7,150)
r(7,704,7,150)
w(6,717,7,150)
r(10,6,7,150)
r(2,11,7,150)
r(11,749,7,150)
r(14,7,7,150)
w(16,687,7,150)
w(3,735,7,150)
r(15,6,7,150)
w(8,708,7,150)
r(4,8,7,150)
w(3,736,7,151)
r(16,6,7,151)
r(19,6,7,151)
r(17,9,7,151)
r(0,9,7,151)
r(6,8,7,151)
r(11,749,7,151)
r(9,688,7,151)
w(2,698,7,151)
r(4,8,7,151)
r(14,7,7,151)
r(5,677,7,151)
r(12,189,7,151)
r(10,6,7,151)
r(18,8,7,151)
r(8,9,7,151)
r(7,704,7,151)
r(15,6,7,151)
r(1,10,7,151)
w(13,705,7,151)
w(14,675,7,152)
w(15,701,7,152)
w(0,699,7,152)
w(4,730,7,152)
w(7,705,7,152)
w(3,737,7,152)
r(2,283,7,152)
r(12,293,7,152)
r(16,888,7,152)
r(9,688,7,152)
w(1,728,7,152)
r(10,6,7,152)
r(17,294,7,152)
r(6,314,7,152)
r(18,925,7,152)
w(13,706,7,152)
w(11,751,7,152)
w(5,680,7,152)
w(19,692,7,152)
r(8,932,7,152)
w(1,729,7,153)
w(4,731,7,153)
r(8,932,7,153)
w(16,688,7,153)
r(13,908,7,153)
w(2,699,7,153)
r(3,332,7,153)
w(15,702,7,153)
w(19,693,7,153)
w(9,690,7,153)
w(11,752,7,153)
r(12,293,7,153)
r(6,314,7,153)
w(14,676,7,153)
r(17,294,7,153)
w(0,700,7,153)
w(5,681,7,153)
w(7,706,7,153)
w(10,709,7,153)
w(18,714,7,153)
r(5,677,7,154)
r(1,834,7,154)
r(7,813,7,154)
w(6,718,7,154)
r(18,820,7,154)
r(10,6,7,154)
w(3,738,7,154)
w(9,691,7,154)
r(16,778,7,154)
r(12,293,7,154)
w(19,694,7,154)
w(0,701,7,154)
r(15,804,7,154)
w(11,753,7,154)
w(13,707,7,154)
w(2,700,7,154)
r(14,767,7,154)
r(4,531,7,154)
r(17,294,7,154)
w(8,709,7,154)
w(10,710,7,155)
r(17,296,7,155)
r(16,302,7,155)
r(14,298,7,155)
w(11,754,7,155)
w(7,707,7,155)
w(12,682,7,155)
w(5,682,7,155)
w(2,701,7,155)
w(6,719,7,155)
w(9,692,7,155)
r(19,327,7,155)
w(13,708,7,155)
w(18,715,7,155)
w(4,732,7,155)
r(15,911,7,155)
w(3,739,7,155)
r(1,326,7,155)
w(8,710,7,155)
w(0,702,7,155)
w(3,740,7,156)
w(5,683,7,156)
w(12,683,7,156)
r(8,710,7,156)
r(16,302,7,156)
w(15,703,7,156)
r(19,327,7,156)
w(1,730,7,156)
w(4,733,7,156)
w(6,720,7,156)
w(14,677,7,156)
r(17,296,7,156)
w(18,716,7,156)
r(2,701,7,156)
r(13,594,7,156)
w(10,711,7,156)
w(11,755,7,156)
r(7,707,7,156)
w(9,693,7,156)
w(0,703,7,156)
r(5,682,7,157)
r(0,591,7,157)
w(10,712,7,157)
r(7,707,7,157)
w(3,741,7,157)
r(4,732,7,157)
r(6,719,7,157)
w(13,709,7,157)
r(11,637,7,157)
r(18,611,7,157)
r(12,594,7,157)
w(1,731,7,157)
r(19,327,7,157)
r(2,701,7,157)
w(15,704,7,157)
r(17,296,7,157)
w(8,711,7,157)
r(14,298,7,157)
w(16,689,7,157)
w(9,694,7,157)
w(16,690,7,158)
r(19,327,7,158)
w(7,708,7,158)
r(4,732,7,158)
w(5,684,7,158)
w(1,732,7,158)
r(18,611,7,158)
r(17,296,7,158)
w(15,705,7,158)
r(3,739,7,158)
r(10,710,7,158)
w(14,678,7,158)
w(6,721,7,158)
w(2,702,7,158)
r(8,710,7,158)
r(12,594,7,158)
r(13,594,7,158)
w(11,756,7,158)
w(9,695,7,158)
r(0,591,7,158)
w(15,706,7,159)
w(12,684,7,159)
r(19,327,7,159)
w(2,703,7,159)
w(5,685,7,159)
r(4,732,7,159)
w(7,709,7,159)
r(16,302,7,159)
r(1,637,7,159)
w(3,742,7,159)
w(13,710,7,159)
r(11,637,7,159)
r(17,296,7,159)
w(14,679,7,159)
w(9,696,7,159)
w(18,717,7,159)
w(6,722,7,159)
w(0,704,7,159)
w(8,712,7,159)
r(10,710,7,159)
r(3,216,8,160)
w(11,842,8,160)
r(9,2,8,160)
w(5,766,8,160)
w(7,810,8,160)
w(0,795,8,160)
w(19,779,8,160)
w(4,823,8,160)
r(10,202,8,160)
r(2,2,8,160)
w(6,804,8,160)
w(16,773,8,160)
r(1,207,8,160)
w(8,814,8,160)
w(13,811,8,160)
w(17,806,8,160)
r(18,208,8,160)
w(12,776,8,160)
w(14,761,8,160)
w(15,802,8,160)
r(16,202,8,161)
r(15,1,8,161)
r(13,3,8,161)
w(2,798,8,161)
w(1,826,8,161)
w(5,767,8,161)
r(17,2,8,161)
r(3,216,8,161)
w(8,815,8,161)
r(14,2,8,161)
w(12,777,8,161)
w(6,805,8,161)
w(7,811,8,161)
r(11,3,8,161)
w(10,791,8,161)
w(4,824,8,161)
w(9,778,8,161)
w(19,780,8,161)
r(18,208,8,161)
r(0,4,8,161)
w(4,825,8,162)
w(8,816,8,162)
r(5,286,8,162)
w(3,828,8,162)
w(2,799,8,162)
w(12,778,8,162)
w(10,792,8,162)
r(1,315,8,162)
w(16,774,8,162)
w(6,806,8,162)
w(14,762,8,162)
w(19,781,8,162)
r(0,295,8,162)
r(15,1,8,162)
w(11,843,8,162)
r(17,289,8,162)
w(18,815,8,162)
r(7,299,8,162)
r(13,284,8,162)
r(9,296,8,162)
w(1,827,8,163)
r(3,216,8,163)
r(15,403,8,163)
w(12,779,8,163)
r(7,406,8,163)
w(5,768,8,163)
r(4,312,8,163)
w(13,812,8,163)
r(19,317,8,163)
w(10,793,8,163)
r(16,384,8,163)
r(17,392,8,163)
w(9,779,8,163)
r(11,3,8,163)
r(0,295,8,163)
r(18,208,8,163)
w(2,800,8,163)
r(6,402,8,163)
w(8,817,8,163)
r(14,2,8,163)
r(13,903,8,164)
w(12,780,8,164)
r(14,856,8,164)
r(7,8,8,164)
w(2,801,8,164)
r(15,3,8,164)
w(16,775,8,164)
r(4,932,8,164)
r(9,878,8,164)
r(8,6,8,164)
w(1,828,8,164)
w(5,769,8,164)
r(0,894,8,164)
r(11,5,8,164)
r(10,903,8,164)
r(17,4,8,164)
r(18,921,8,164)
w(19,782,8,164)
w(6,807,8,164)
r(3,931,8,164)
w(2,802,8,165)
r(14,856,8,165)
w(13,813,8,165)
r(7,8,8,165)
w(6,808,8,165)
w(0,796,8,165)
r(16,887,8,165)
w(11,844,8,165)
w(5,770,8,165)
r(12,5,8,165)
r(15,3,8,165)
r(3,931,8,165)
w(10,794,8,165)
w(17,807,8,165)
r(8,6,8,165)
w(1,829,8,165)
w(4,826,8,165)
w(18,816,8,165)
w(19,783,8,165)
w(9,780,8,165)
r(8,6,8,166)
w(13,814,8,166)
r(16,887,8,166)
r(12,5,8,166)
r(3,931,8,166)
r(2,909,8,166)
r(10,903,8,166)
w(18,817,8,166)
r(4,932,8,166)
r(15,3,8,166)
r(11,5,8,166)
r(19,882,8,166)
w(14,763,8,166)
w(6,809,8,166)
r(7,8,8,166)
w(0,797,8,166)
w(5,771,8,166)
w(1,830,8,166)
w(9,781,8,166)
r(17,4,8,166)
r(12,5,8,167)
w(2,803,8,167)
w(3,829,8,167)
w(18,818,8,167)
r(19,882,8,167)
r(17,4,8,167)
r(10,903,8,167)
w(13,815,8,167)
w(14,764,8,167)
r(16,887,8,167)
r(15,3,8,167)
w(8,818,8,167)
r(6,3,8,167)
r(9,878,8,167)
r(0,894,8,167)
w(7,812,8,167)
r(1,933,8,167)
r(11,5,8,167)
w(4,827,8,167)
w(5,772,8,167)
w(6,810,8,168)
w(5,773,8,168)
r(7,97,8,168)
w(9,782,8,168)
w(8,819,8,168)
w(14,765,8,168)
w(15,803,8,168)
r(0,894,8,168)
w(4,828,8,168)
w(12,781,8,168)
w(13,816,8,168)
r(16,887,8,168)
r(17,209,8,168)
w(2,804,8,168)
r(19,882,8,168)
w(10,795,8,168)
w(3,830,8,168)
w(1,831,8,168)
r(11,211,8,168)
r(18,212,8,168)
r(7,704,8,169)
r(2,11,8,169)
r(1,10,8,169)
r(4,8,8,169)
r(0,9,8,169)
r(10,6,8,169)
r(12,189,8,169)
r(3,6,8,169)
w(16,776,8,169)
r(17,9,8,169)
w(13,817,8,169)
w(11,845,8,169)
w(19,784,8,169)
r(14,7,8,169)
r(5,677,8,169)
r(18,8,8,169)
w(9,783,8,169)
r(8,9,8,169)
r(6,8,8,169)
r(15,6,8,169)
r(4,531,8,170)
r(15,909,8,170)
w(11,846,8,170)
w(1,832,8,170)
r(7,923,8,170)
r(17,904,8,170)
w(19,785,8,170)
w(14,766,8,170)
r(18,925,8,170)
r(9,688,8,170)
r(8,932,8,170)
r(6,905,8,170)
r(16,888,8,170)
w(2,805,8,170)
w(12,782,8,170)
w(10,796,8,170)
r(5,677,8,170)
w(3,831,8,170)
w(13,818,8,170)
w(0,798,8,170)
r(14,7,8,171)
r(10,6,8,171)
w(2,806,8,171)
r(12,293,8,171)
r(15,308,8,171)
r(8,932,8,171)
w(6,811,8,171)
r(13,908,8,171)
r(4,531,8,171)
w(1,833,8,171)
w(11,847,8,171)
w(0,799,8,171)
w(17,808,8,171)
r(5,677,8,171)
r(19,325,8,171)
w(18,819,8,171)
w(3,832,8,171)
w(16,777,8,171)
r(7,309,8,171)
w(9,784,8,171)
w(0,800,8,172)
r(12,293,8,172)
r(11,934,8,172)
r(4,531,8,172)
w(8,820,8,172)
w(7,813,8,172)
w(19,786,8,172)
r(2,283,8,172)
r(17,294,8,172)
r(5,677,8,172)
w(18,820,8,172)
w(3,833,8,172)
r(10,6,8,172)
w(1,834,8,172)
w(15,804,8,172)
w(13,819,8,172)
w(16,778,8,172)
w(14,767,8,172)
r(6,314,8,172)
r(9,688,8,172)
r(14,767,8,173)
r(6,314,8,173)
r(18,820,8,173)
r(2,283,8,173)
w(8,821,8,173)
w(4,829,8,173)
w(12,783,8,173)
w(9,785,8,173)
w(17,809,8,173)
r(7,813,8,173)
r(5,677,8,173)
r(11,934,8,173)
w(10,797,8,173)
w(0,801,8,173)
r(13,819,8,173)
w(1,835,8,173)
w(15,805,8,173)
r(16,778,8,173)
w(19,787,8,173)
r(3,833,8,173)
w(10,798,8,174)
w(6,812,8,174)
w(12,784,8,174)
r(9,688,8,174)
r(18,518,8,174)
r(7,505,8,174)
r(13,819,8,174)
w(0,802,8,174)
r(19,520,8,174)
r(11,528,8,174)
r(4,534,8,174)
r(5,677,8,174)
w(15,806,8,174)
w(17,810,8,174)
r(3,833,8,174)
w(16,779,8,174)
w(14,768,8,174)
w(2,807,8,174)
w(1,836,8,174)
w(8,822,8,174)
r(15,806,8,175)
w(13,820,8,175)
r(16,779,8,175)
r(1,836,8,175)
r(11,528,8,175)
r(19,520,8,175)
r(9,688,8,175)
r(17,810,8,175)
w(0,803,8,175)
r(2,807,8,175)
r(8,822,8,175)
r(12,784,8,175)
r(3,833,8,175)
w(4,830,8,175)
r(10,798,8,175)
w(18,821,8,175)
r(14,768,8,175)
r(5,677,8,175)
r(7,505,8,175)
w(6,813,8,175)
r(17,810,8,176)
w(6,814,8,176)
w(12,785,8,176)
r(5,677,8,176)
r(0,802,8,176)
w(14,769,8,176)
r(15,806,8,176)
r(7,505,8,176)
w(18,822,8,176)
w(10,799,8,176)
w(4,831,8,176)
r(11,528,8,176)
w(9,786,8,176)
r(13,819,8,176)
w(3,834,8,176)
r(16,779,8,176)
w(1,837,8,176)
w(8,823,8,176)
w(19,788,8,176)
w(2,808,8,176)
r(15,911,8,177)
r(6,217,8,177)
w(2,809,8,177)
r(16,302,8,177)
r(11,315,8,177)
w(4,832,8,177)
r(19,327,8,177)
r(18,216,8,177)
r(7,311,8,177)
w(12,786,8,177)
r(0,303,8,177)
w(3,835,8,177)
w(9,787,8,177)
w(1,838,8,177)
w(5,774,8,177)
r(17,296,8,177)
r(14,298,8,177)
w(8,824,8,177)
r(13,910,8,177)
r(10,319,8,177)
r(0,591,8,178)
w(10,800,8,178)
w(15,807,8,178)
r(1,637,8,178)
w(7,814,8,178)
w(4,833,8,178)
w(17,811,8,178)
w(2,810,8,178)
w(18,823,8,178)
r(3,739,8,178)
w(8,825,8,178)
w(9,788,8,178)
r(6,719,8,178)
r(12,594,8,178)
r(5,682,8,178)
w(11,848,8,178)
r(16,302,8,178)
r(19,327,8,178)
r(13,594,8,178)
r(14,298,8,178)
w(11,849,8,179)
r(8,710,8,179)
w(6,815,8,179)
r(18,611,8,179)
w(15,808,8,179)
r(17,296,8,179)
r(12,594,8,179)
w(4,834,8,179)
w(5,775,8,179)
w(2,811,8,179)
w(16,780,8,179)
r(13,594,8,179)
r(1,637,8,179)
r(10,710,8,179)
r(0,591,8,179)
w(9,789,8,179)
w(3,836,8,179)
w(19,789,8,179)
w(7,815,8,179)
r(14,298,8,179)
r(9,2,9,180)
w(2,907,9,180)
r(16,202,9,180)
w(19,877,9,180)
w(18,918,9,180)
r(5,2,9,180)
r(10,202,9,180)
r(8,2,9,180)
w(11,930,9,180)
r(7,190,9,180)
w(14,853,9,180)
w(13,899,9,180)
w(4,925,9,180)
w(6,898,9,180)
r(12,2,9,180)
r(1,207,9,180)
r(0,4,9,180)
w(17,897,9,180)
w(3,928,9,180)
r(15,1,9,180)
w(0,887,9,181)
w(17,898,9,181)
w(4,926,9,181)
r(15,1,9,181)
r(12,2,9,181)
r(16,202,9,181)
r(7,190,9,181)
w(1,928,9,181)
w(13,900,9,181)
r(9,2,9,181)
r(3,216,9,181)
r(18,208,9,181)
r(8,2,9,181)
w(5,865,9,181)
w(10,899,9,181)
r(2,2,9,181)
r(11,3,9,181)
w(19,878,9,181)
r(6,1,9,181)
r(14,2,9,181)
r(11,3,9,182)
r(15,1,9,182)
w(17,899,9,182)
w(5,866,9,182)
w(13,901,9,182)
r(14,2,9,182)
r(3,216,9,182)
w(0,888,9,182)
w(9,875,9,182)
w(8,926,9,182)
w(10,900,9,182)
w(2,908,9,182)
r(6,1,9,182)
r(4,312,9,182)
r(1,315,9,182)
w(16,883,9,182)
w(7,918,9,182)
w(19,879,9,182)
w(18,919,9,182)
r(12,2,9,182)
w(6,899,9,183)
r(8,299,9,183)
r(2,2,9,183)
w(1,929,9,183)
w(4,927,9,183)
r(7,299,9,183)
w(10,901,9,183)
r(5,286,9,183)
w(14,854,9,183)
r(9,296,9,183)
w(17,900,9,183)
w(16,884,9,183)
w(3,929,9,183)
r(13,284,9,183)
w(12,870,9,183)
r(19,317,9,183)
r(11,3,9,183)
w(0,889,9,183)
r(15,1,9,183)
r(18,208,9,183)
r(13,284,9,184)
r(12,2,9,184)
r(16,295,9,184)
w(11,931,9,184)
r(5,286,9,184)
w(8,927,9,184)
r(1,315,9,184)
w(3,930,9,184)
r(17,289,9,184)
w(4,928,9,184)
w(19,880,9,184)
w(0,890,9,184)
r(14,2,9,184)
r(15,1,9,184)
w(7,919,9,184)
r(6,1,9,184)
r(18,208,9,184)
r(9,296,9,184)
r(2,2,9,184)
r(10,202,9,184)
w(15,905,9,185)
r(17,289,9,185)
r(11,3,9,185)
r(5,286,9,185)
r(2,2,9,185)
r(18,208,9,185)
w(16,885,9,185)
r(3,216,9,185)
w(6,900,9,185)
w(12,871,9,185)
r(0,295,9,185)
w(1,930,9,185)
w(4,929,9,185)
w(13,902,9,185)
r(19,317,9,185)
w(8,928,9,185)
r(7,299,9,185)
r(10,202,9,185)
w(14,855,9,185)
r(9,296,9,185)
r(7,406,9,186)
w(19,881,9,186)
w(14,856,9,186)
w(18,920,9,186)
r(5,387,9,186)
w(4,930,9,186)
r(8,299,9,186)
w(17,901,9,186)
w(2,909,9,186)
w(6,901,9,186)
w(13,903,9,186)
r(16,384,9,186)
w(3,931,9,186)
w(15,906,9,186)
w(12,872,9,186)
w(11,932,9,186)
w(1,931,9,186)
w(0,891,9,186)
w(9,876,9,186)
r(10,202,9,186)
w(7,920,9,187)
r(12,5,9,187)
r(1,931,9,187)
w(3,932,9,187)
r(2,909,9,187)
r(18,5,9,187)
r(5,387,9,187)
w(0,892,9,187)
r(15,3,9,187)
w(16,886,9,187)
w(10,902,9,187)
r(17,4,9,187)
r(6,3,9,187)
r(11,5,9,187)
r(4,930,9,187)
r(8,6,9,187)
r(14,856,9,187)
r(19,4,9,187)
w(13,904,9,187)
w(9,877,9,187)
w(3,933,9,188)
w(12,873,9,188)
w(4,931,9,188)
r(5,387,9,188)
w(0,893,9,188)
w(7,921,9,188)
r(18,5,9,188)
r(16,5,9,188)
w(6,902,9,188)
r(17,4,9,188)
r(19,4,9,188)
w(1,932,9,188)
r(15,3,9,188)
r(10,202,9,188)
r(14,856,9,188)
w(8,929,9,188)
r(11,5,9,188)
w(2,910,9,188)
r(9,5,9,188)
w(13,905,9,188)
r(7,8,9,189)
r(12,5,9,189)
r(11,5,9,189)
r(6,3,9,189)
w(10,903,9,189)
r(3,931,9,189)
w(19,882,9,189)
r(17,4,9,189)
w(0,894,9,189)
r(2,909,9,189)
w(18,921,9,189)
w(4,932,9,189)
r(13,903,9,189)
w(16,887,9,189)
r(5,387,9,189)
w(1,933,9,189)
r(15,3,9,189)
r(8,6,9,189)
w(9,878,9,189)
r(14,856,9,189)
r(7,8,9,190)
r(14,856,9,190)
w(10,904,9,190)
w(17,902,9,190)
w(8,930,9,190)
r(3,931,9,190)
w(9,879,9,190)
r(16,887,9,190)
w(13,906,9,190)
r(12,5,9,190)
r(1,933,9,190)
w(18,922,9,190)
r(0,894,9,190)
r(11,5,9,190)
w(15,907,9,190)
r(19,882,9,190)
w(6,903,9,190)
r(4,932,9,190)
r(2,909,9,190)
r(5,387,9,190)
w(15,908,9,191)
w(17,903,9,191)
w(2,911,9,191)
r(7,307,9,191)
r(14,297,9,191)
w(6,904,9,191)
r(16,301,9,191)
w(3,934,9,191)
w(1,934,9,191)
w(18,923,9,191)
r(11,312,9,191)
r(0,8,9,191)
r(12,7,9,191)
r(19,882,9,191)
w(9,880,9,191)
w(8,931,9,191)
r(10,99,9,191)
w(5,867,9,191)
r(4,7,9,191)
w(13,907,9,191)
r(1,10,9,192)
r(10,6,9,192)
w(0,895,9,192)
w(2,912,9,192)
r(8,9,9,192)
w(12,874,9,192)
w(19,883,9,192)
w(18,924,9,192)
r(3,6,9,192)
r(17,9,9,192)
r(16,6,9,192)
w(5,868,9,192)
w(7,922,9,192)
r(13,8,9,192)
w(4,933,9,192)
w(9,881,9,192)
r(14,7,9,192)
r(15,6,9,192)
r(6,8,9,192)
w(11,933,9,192)
w(7,923,9,193)
w(17,904,9,193)
w(8,932,9,193)
w(15,909,9,193)
r(4,531,9,193)
w(16,888,9,193)
w(13,908,9,193)
w(18,925,9,193)
r(2,501,9,193)
r(9,688,9,193)
r(14,7,9,193)
w(11,934,9,193)
r(1,10,9,193)
w(3,935,9,193)
w(0,896,9,193)
w(12,875,9,193)
w(6,905,9,193)
r(5,677,9,193)
w(19,884,9,193)
r(10,6,9,193)
w(5,869,9,194)
r(17,294,9,194)
r(14,7,9,194)
w(2,913,9,194)
w(18,926,9,194)
w(3,936,9,194)
r(10,6,9,194)
r(1,325,9,194)
w(8,933,9,194)
w(11,935,9,194)
w(13,909,9,194)
r(15,308,9,194)
r(16,888,9,194)
r(6,314,9,194)
r(12,293,9,194)
r(7,309,9,194)
r(0,302,9,194)
w(9,882,9,194)
w(19,885,9,194)
w(4,934,9,194)
w(14,857,9,195)
w(17,905,9,195)
r(6,314,9,195)
r(2,283,9,195)
w(11,936,9,195)
w(19,886,9,195)
w(10,905,9,195)
r(7,309,9,195)
r(4,531,9,195)
r(1,325,9,195)
r(18,925,9,195)
r(5,677,9,195)
r(13,908,9,195)
r(12,293,9,195)
r(15,308,9,195)
w(0,897,9,195)
r(3,332,9,195)
r(16,888,9,195)
r(8,932,9,195)
r(9,688,9,195)
r(8,932,9,196)
r(18,925,9,196)
r(4,531,9,196)
w(12,876,9,196)
r(5,677,9,196)
r(2,283,9,196)
w(7,924,9,196)
r(10,6,9,196)
w(0,898,9,196)
r(16,888,9,196)
w(15,910,9,196)
w(11,937,9,196)
w(9,883,9,196)
w(17,906,9,196)
r(6,314,9,196)
w(3,937,9,196)
w(14,858,9,196)
w(19,887,9,196)
r(13,908,9,196)
r(1,325,9,196)
w(16,889,9,197)
r(1,325,9,197)
r(9,688,9,197)
r(4,531,9,197)
w(3,938,9,197)
r(15,308,9,197)
w(19,888,9,197)
r(5,677,9,197)
w(6,906,9,197)
w(10,906,9,197)
r(0,302,9,197)
r(18,925,9,197)
r(17,294,9,197)
r(7,309,9,197)
r(11,934,9,197)
r(13,908,9,197)
w(8,934,9,197)
w(2,914,9,197)
w(12,877,9,197)
r(14,7,9,197)
r(12,785,9,198)
r(9,201,9,198)
r(19,788,9,198)
w(13,910,9,198)
r(14,216,9,198)
r(17,810,9,198)
w(8,935,9,198)
w(3,939,9,198)
r(7,505,9,198)
w(15,911,9,198)
r(0,802,9,198)
r(11,215,9,198)
w(4,935,9,198)
r(18,216,9,198)
r(5,192,9,198)
w(16,890,9,198)
w(2,915,9,198)
r(6,217,9,198)
w(10,907,9,198)
w(1,935,9,198)
w(4,936,9,199)
r(12,785,9,199)
r(6,217,9,199)
r(14,216,9,199)
r(10,907,9,199)
r(9,201,9,199)
w(0,899,9,199)
r(2,915,9,199)
w(18,927,9,199)
r(11,215,9,199)
w(8,936,9,199)
w(13,911,9,199)
w(7,925,9,199)
w(19,889,9,199)
w(15,912,9,199)
w(16,891,9,199)
r(5,192,9,199)
r(1,935,9,199)
r(3,939,9,199)
w(17,907,9,199)
