r(16,93,0,0)
r(19,94,0,0)
w(11,1,0,0)
r(5,108,0,0)
w(17,1,0,0)
w(18,1,0,0)
w(4,1,0,0)
r(13,91,0,0)
r(2,0,0,0)
w(9,1,0,0)
r(7,106,0,0)
w(3,1,0,0)
r(1,98,0,0)
r(15,94,0,0)
r(6,104,0,0)
r(10,99,0,0)
r(12,102,0,0)
w(0,1,0,0)
r(8,92,0,0)
r(14,94,0,0)
r(7,888,0,1)
r(17,771,0,1)
r(10,887,0,1)
r(16,311,0,1)
r(15,290,0,1)
w(18,2,0,1)
r(14,294,0,1)
w(1,1,0,1)
w(13,1,0,1)
w(9,2,0,1)
w(0,2,0,1)
r(2,923,0,1)
r(8,96,0,1)
r(19,96,0,1)
r(6,308,0,1)
r(12,106,0,1)
w(3,2,0,1)
r(5,110,0,1)
w(4,2,0,1)
w(11,2,0,1)
w(9,3,0,2)
r(0,105,0,2)
w(6,1,0,2)
r(10,887,0,2)
w(16,1,0,2)
r(14,294,0,2)
w(7,1,0,2)
r(4,102,0,2)
r(11,316,0,2)
w(15,1,0,2)
r(3,297,0,2)
r(1,98,0,2)
w(5,1,0,2)
w(12,1,0,2)
r(17,771,0,2)
r(13,901,0,2)
w(2,1,0,2)
w(18,3,0,2)
w(19,1,0,2)
w(8,1,0,2)
w(14,1,0,3)
r(7,888,0,3)
r(19,96,0,3)
r(18,308,0,3)
w(11,3,0,3)
r(4,102,0,3)
w(3,3,0,3)
r(5,110,0,3)
r(15,290,0,3)
r(16,311,0,3)
w(8,2,0,3)
w(2,2,0,3)
w(17,2,0,3)
r(10,887,0,3)
w(9,4,0,3)
r(6,308,0,3)
r(12,106,0,3)
r(0,105,0,3)
r(13,901,0,3)
r(1,98,0,3)
r(5,110,0,4)
w(11,4,0,4)
r(7,391,0,4)
r(3,405,0,4)
r(16,416,0,4)
r(17,395,0,4)
w(9,5,0,4)
r(15,290,0,4)
w(2,3,0,4)
w(8,3,0,4)
w(6,2,0,4)
w(14,2,0,4)
r(19,383,0,4)
r(0,105,0,4)
w(13,2,0,4)
r(18,308,0,4)
r(4,391,0,4)
r(1,393,0,4)
r(10,392,0,4)
r(12,393,0,4)
w(14,3,0,5)
w(16,2,0,5)
r(4,202,0,5)
r(7,206,0,5)
w(2,4,0,5)
r(10,392,0,5)
r(1,393,0,5)
w(5,2,0,5)
w(3,4,0,5)
r(8,96,0,5)
w(6,3,0,5)
r(0,201,0,5)
r(13,378,0,5)
r(18,215,0,5)
r(17,199,0,5)
r(11,220,0,5)
r(15,290,0,5)
w(12,2,0,5)
r(19,194,0,5)
r(9,207,0,5)
r(15,103,0,6)
w(17,3,0,6)
w(5,3,0,6)
r(9,115,0,6)
r(1,578,0,6)
r(14,101,0,6)
r(8,592,0,6)
w(11,5,0,6)
w(7,2,0,6)
w(4,3,0,6)
w(18,4,0,6)
r(3,102,0,6)
w(6,4,0,6)
w(0,3,0,6)
w(13,3,0,6)
r(12,596,0,6)
w(10,1,0,6)
w(16,3,0,6)
r(19,578,0,6)
r(2,631,0,6)
w(14,4,0,7)
r(5,210,0,7)
w(19,2,0,7)
w(4,4,0,7)
r(10,204,0,7)
r(13,193,0,7)
w(0,4,0,7)
r(6,215,0,7)
r(15,195,0,7)
r(18,949,0,7)
r(16,930,0,7)
w(11,6,0,7)
r(3,201,0,7)
r(12,204,0,7)
r(7,209,0,7)
w(17,4,0,7)
w(9,6,0,7)
r(8,592,0,7)
r(2,631,0,7)
r(1,578,0,7)
r(16,724,0,8)
r(19,669,0,8)
r(17,674,0,8)
w(11,7,0,8)
r(8,592,0,8)
r(7,691,0,8)
r(3,695,0,8)
r(12,204,0,8)
w(6,5,0,8)
r(0,410,0,8)
r(9,920,0,8)
w(15,2,0,8)
r(1,691,0,8)
r(5,700,0,8)
r(14,192,0,8)
w(13,4,0,8)
r(4,705,0,8)
r(18,424,0,8)
r(10,688,0,8)
r(2,723,0,8)
r(17,674,0,9)
r(1,691,0,9)
w(5,4,0,9)
w(3,5,0,9)
w(16,4,0,9)
r(2,723,0,9)
r(0,410,0,9)
w(12,3,0,9)
r(8,592,0,9)
r(15,2,0,9)
r(6,5,0,9)
r(19,669,0,9)
w(10,2,0,9)
w(4,5,0,9)
r(9,920,0,9)
w(14,5,0,9)
w(18,5,0,9)
w(11,8,0,9)
r(7,691,0,9)
r(13,4,0,9)
w(15,3,0,10)
r(1,691,0,10)
r(5,4,0,10)
w(7,3,0,10)
w(13,5,0,10)
r(3,5,0,10)
w(17,5,0,10)
w(18,6,0,10)
w(4,6,0,10)
r(2,723,0,10)
r(0,410,0,10)
w(6,6,0,10)
r(8,592,0,10)
r(11,8,0,10)
r(10,2,0,10)
r(16,4,0,10)
w(14,6,0,10)
r(12,3,0,10)
r(9,920,0,10)
w(19,3,0,10)
r(15,2,0,11)
w(13,6,0,11)
w(3,6,0,11)
r(5,602,0,11)
w(16,5,0,11)
w(19,4,0,11)
r(12,600,0,11)
w(0,5,0,11)
r(17,674,0,11)
r(10,583,0,11)
r(4,5,0,11)
w(11,9,0,11)
r(18,5,0,11)
r(8,592,0,11)
w(14,7,0,11)
r(6,629,0,11)
r(2,635,0,11)
r(9,632,0,11)
r(7,605,0,11)
w(1,2,0,11)
w(2,5,0,12)
r(6,629,0,12)
w(12,4,0,12)
r(11,322,0,12)
w(7,4,0,12)
r(10,583,0,12)
r(3,302,0,12)
w(5,5,0,12)
w(9,7,0,12)
r(13,290,0,12)
r(17,305,0,12)
r(19,669,0,12)
r(4,307,0,12)
r(15,294,0,12)
w(1,3,0,12)
w(0,6,0,12)
r(18,5,0,12)
w(14,8,0,12)
w(8,4,0,12)
w(16,6,0,12)
r(3,303,0,13)
w(0,7,0,13)
r(17,305,0,13)
r(6,629,0,13)
r(16,317,0,13)
r(8,592,0,13)
r(7,605,0,13)
r(11,323,0,13)
w(13,7,0,13)
r(2,328,0,13)
w(9,8,0,13)
r(14,302,0,13)
r(18,313,0,13)
r(1,308,0,13)
w(4,7,0,13)
r(19,669,0,13)
w(10,3,0,13)
w(12,5,0,13)
r(15,294,0,13)
w(5,6,0,13)
r(8,592,0,14)
w(18,7,0,14)
r(19,582,0,14)
r(10,583,0,14)
r(17,305,0,14)
r(0,305,0,14)
r(6,630,0,14)
w(5,7,0,14)
r(15,294,0,14)
w(14,9,0,14)
w(9,9,0,14)
w(4,8,0,14)
r(3,610,0,14)
r(2,328,0,14)
w(12,6,0,14)
w(7,5,0,14)
w(13,8,0,14)
w(16,7,0,14)
r(11,637,0,14)
w(1,4,0,14)
w(15,4,0,15)
w(11,10,0,15)
r(2,328,0,15)
w(14,10,0,15)
r(5,7,0,15)
w(9,10,0,15)
r(8,592,0,15)
r(10,583,0,15)
w(18,8,0,15)
w(7,6,0,15)
w(0,8,0,15)
w(12,7,0,15)
w(16,8,0,15)
r(3,610,0,15)
w(6,7,0,15)
r(13,8,0,15)
w(17,6,0,15)
r(4,8,0,15)
r(19,582,0,15)
r(1,4,0,15)
w(6,8,0,16)
r(2,532,0,16)
r(0,515,0,16)
r(7,500,0,16)
r(3,610,0,16)
w(16,9,0,16)
w(4,9,0,16)
r(10,475,0,16)
w(15,5,0,16)
w(12,8,0,16)
w(9,11,0,16)
r(19,484,0,16)
w(11,11,0,16)
r(17,499,0,16)
w(13,9,0,16)
w(14,11,0,16)
r(5,7,0,16)
w(18,9,0,16)
w(1,5,0,16)
r(8,487,0,16)
r(5,7,0,17)
w(2,6,0,17)
w(8,5,0,17)
r(15,5,0,17)
w(17,7,0,17)
w(11,12,0,17)
r(4,9,0,17)
r(16,9,0,17)
r(6,8,0,17)
w(14,12,0,17)
w(12,9,0,17)
r(3,610,0,17)
r(1,5,0,17)
w(9,12,0,17)
w(7,7,0,17)
w(19,5,0,17)
w(18,10,0,17)
r(0,515,0,17)
w(10,4,0,17)
w(13,10,0,17)
w(4,10,0,18)
w(17,8,0,18)
r(11,531,0,18)
w(0,9,0,18)
w(6,9,0,18)
r(16,530,0,18)
w(14,13,0,18)
w(15,6,0,18)
w(10,5,0,18)
r(19,485,0,18)
w(3,7,0,18)
r(1,5,0,18)
w(9,13,0,18)
r(7,501,0,18)
w(2,7,0,18)
r(8,487,0,18)
w(18,11,0,18)
w(5,8,0,18)
r(13,9,0,18)
w(12,10,0,18)
w(16,10,0,19)
r(10,5,0,19)
w(11,13,0,19)
w(19,6,0,19)
w(18,12,0,19)
r(9,13,0,19)
w(1,6,0,19)
w(0,10,0,19)
w(8,6,0,19)
w(6,10,0,19)
w(4,11,0,19)
w(14,14,0,19)
w(7,8,0,19)
r(5,8,0,19)
w(13,11,0,19)
w(3,8,0,19)
r(2,7,0,19)
w(15,7,0,19)
w(12,11,0,19)
w(17,9,0,19)
w(9,107,1,20)
w(1,97,1,20)
w(8,91,1,20)
w(12,99,1,20)
r(10,0,1,20)
w(16,92,1,20)
r(13,0,1,20)
r(18,0,1,20)
r(17,0,1,20)
w(7,104,1,20)
r(3,0,1,20)
r(14,0,1,20)
w(5,107,1,20)
r(6,0,1,20)
r(0,0,1,20)
w(15,92,1,20)
r(2,0,1,20)
w(11,105,1,20)
w(19,92,1,20)
r(4,0,1,20)
r(8,91,1,21)
r(10,0,1,21)
r(2,0,1,21)
w(11,106,1,21)
w(16,93,1,21)
r(15,92,1,21)
r(3,0,1,21)
r(4,0,1,21)
r(18,0,1,21)
w(5,108,1,21)
r(12,99,1,21)
r(1,97,1,21)
r(9,107,1,21)
r(17,0,1,21)
w(7,105,1,21)
w(0,99,1,21)
w(6,103,1,21)
r(19,92,1,21)
w(14,93,1,21)
w(13,89,1,21)
r(7,105,1,22)
w(19,93,1,22)
w(8,92,1,22)
r(14,93,1,22)
r(5,108,1,22)
r(2,0,1,22)
r(1,97,1,22)
r(3,0,1,22)
w(15,93,1,22)
r(4,0,1,22)
r(16,93,1,22)
r(11,106,1,22)
r(13,89,1,22)
w(0,100,1,22)
r(6,103,1,22)
w(10,98,1,22)
w(12,100,1,22)
w(18,101,1,22)
w(17,100,1,22)
r(9,107,1,22)
r(19,93,1,23)
r(1,97,1,23)
w(12,101,1,23)
w(13,90,1,23)
w(18,102,1,23)
r(16,93,1,23)
w(15,94,1,23)
w(9,108,1,23)
r(2,0,1,23)
r(5,108,1,23)
w(14,94,1,23)
r(3,0,1,23)
r(8,92,1,23)
r(6,103,1,23)
w(7,106,1,23)
w(11,107,1,23)
w(4,99,1,23)
r(0,100,1,23)
r(17,100,1,23)
w(10,99,1,23)
w(0,101,1,24)
w(12,102,1,24)
r(14,94,1,24)
w(6,104,1,24)
r(11,107,1,24)
w(17,101,1,24)
w(19,94,1,24)
r(18,102,1,24)
r(16,93,1,24)
w(13,91,1,24)
r(7,106,1,24)
r(10,99,1,24)
w(9,109,1,24)
r(15,94,1,24)
w(4,100,1,24)
r(8,92,1,24)
w(3,92,1,24)
w(1,98,1,24)
r(5,108,1,24)
r(2,0,1,24)
r(9,109,1,25)
r(0,101,1,25)
w(8,93,1,25)
r(19,94,1,25)
r(2,0,1,25)
r(7,106,1,25)
r(4,100,1,25)
r(14,94,1,25)
w(1,99,1,25)
w(3,93,1,25)
w(12,103,1,25)
w(5,109,1,25)
r(17,101,1,25)
r(15,94,1,25)
r(6,104,1,25)
r(16,93,1,25)
w(18,103,1,25)
w(11,108,1,25)
w(10,100,1,25)
w(13,92,1,25)
r(17,101,1,26)
w(15,95,1,26)
w(3,94,1,26)
r(12,102,1,26)
r(4,100,1,26)
w(10,101,1,26)
r(18,102,1,26)
r(14,94,1,26)
r(9,109,1,26)
w(8,94,1,26)
r(7,106,1,26)
r(13,91,1,26)
r(5,108,1,26)
w(11,109,1,26)
r(16,93,1,26)
r(6,104,1,26)
w(1,100,1,26)
w(0,102,1,26)
w(19,95,1,26)
r(2,0,1,26)
r(4,100,1,27)
r(14,94,1,27)
w(12,104,1,27)
w(6,105,1,27)
w(3,95,1,27)
w(7,107,1,27)
r(2,0,1,27)
r(13,91,1,27)
w(0,103,1,27)
w(8,95,1,27)
r(18,102,1,27)
r(5,108,1,27)
r(16,93,1,27)
w(11,110,1,27)
w(17,102,1,27)
r(19,94,1,27)
r(10,99,1,27)
r(9,109,1,27)
r(1,98,1,27)
w(15,96,1,27)
w(14,95,1,28)
r(8,92,1,28)
w(17,103,1,28)
w(10,102,1,28)
w(12,105,1,28)
r(19,94,1,28)
r(5,312,1,28)
w(16,94,1,28)
r(18,102,1,28)
w(3,96,1,28)
r(11,107,1,28)
r(1,98,1,28)
w(0,104,1,28)
w(9,110,1,28)
r(6,307,1,28)
r(15,94,1,28)
w(2,107,1,28)
r(13,282,1,28)
w(7,108,1,28)
w(4,101,1,28)
w(3,97,1,29)
w(9,111,1,29)
w(5,110,1,29)
w(0,105,1,29)
r(16,93,1,29)
r(6,307,1,29)
w(18,104,1,29)
w(2,108,1,29)
w(12,106,1,29)
r(7,106,1,29)
w(10,103,1,29)
w(14,96,1,29)
w(8,96,1,29)
r(1,98,1,29)
w(17,104,1,29)
w(11,111,1,29)
w(13,93,1,29)
w(4,102,1,29)
w(19,96,1,29)
w(15,97,1,29)
r(11,111,1,30)
w(17,105,1,30)
w(15,98,1,30)
r(18,104,1,30)
w(4,103,1,30)
r(1,98,1,30)
w(14,97,1,30)
r(9,111,1,30)
w(6,106,1,30)
r(8,96,1,30)
r(2,108,1,30)
w(19,97,1,30)
w(10,104,1,30)
r(16,93,1,30)
r(0,105,1,30)
w(7,109,1,30)
w(3,98,1,30)
r(5,110,1,30)
r(13,93,1,30)
w(12,107,1,30)
r(4,102,1,31)
w(2,109,1,31)
w(10,105,1,31)
r(17,771,1,31)
r(18,308,1,31)
w(8,97,1,31)
r(11,316,1,31)
w(1,101,1,31)
r(5,110,1,31)
w(9,112,1,31)
w(12,108,1,31)
w(15,99,1,31)
w(19,98,1,31)
r(13,901,1,31)
w(0,106,1,31)
r(6,308,1,31)
w(7,110,1,31)
w(14,98,1,31)
w(3,99,1,31)
w(16,95,1,31)
r(7,888,1,32)
r(9,299,1,32)
r(13,901,1,32)
r(18,308,1,32)
w(14,99,1,32)
r(11,316,1,32)
w(6,107,1,32)
w(2,110,1,32)
w(16,96,1,32)
w(15,100,1,32)
w(12,109,1,32)
r(19,96,1,32)
r(4,102,1,32)
w(1,102,1,32)
w(0,107,1,32)
r(10,887,1,32)
r(3,297,1,32)
r(8,96,1,32)
r(5,110,1,32)
w(17,106,1,32)
w(15,101,1,33)
r(12,393,1,33)
w(6,108,1,33)
w(9,113,1,33)
r(14,188,1,33)
w(10,106,1,33)
w(5,111,1,33)
w(19,99,1,33)
w(7,111,1,33)
w(4,104,1,33)
r(18,215,1,33)
w(13,94,1,33)
r(1,393,1,33)
w(2,111,1,33)
w(17,107,1,33)
w(3,100,1,33)
r(8,96,1,33)
w(11,112,1,33)
r(16,416,1,33)
w(0,108,1,33)
w(19,100,1,34)
w(2,112,1,34)
w(17,108,1,34)
w(9,114,1,34)
w(4,105,1,34)
w(7,112,1,34)
r(15,290,1,34)
w(3,101,1,34)
r(0,201,1,34)
r(1,393,1,34)
w(11,113,1,34)
r(13,378,1,34)
r(5,207,1,34)
w(10,107,1,34)
r(6,213,1,34)
w(12,110,1,34)
r(14,188,1,34)
w(16,97,1,34)
r(18,215,1,34)
w(8,98,1,34)
r(0,201,1,35)
w(5,112,1,35)
r(16,416,1,35)
r(11,220,1,35)
r(10,392,1,35)
r(12,393,1,35)
r(8,96,1,35)
r(9,207,1,35)
w(14,100,1,35)
w(19,101,1,35)
w(6,109,1,35)
w(4,106,1,35)
r(2,222,1,35)
w(15,102,1,35)
w(18,105,1,35)
r(3,197,1,35)
w(1,103,1,35)
r(17,199,1,35)
w(13,95,1,35)
r(7,206,1,35)
w(6,110,1,36)
r(11,220,1,36)
w(1,104,1,36)
w(7,113,1,36)
r(12,399,1,36)
w(9,115,1,36)
w(14,101,1,36)
r(10,396,1,36)
r(19,389,1,36)
w(15,103,1,36)
w(13,96,1,36)
w(2,113,1,36)
w(3,102,1,36)
r(8,374,1,36)
r(4,395,1,36)
r(17,401,1,36)
r(0,408,1,36)
w(5,113,1,36)
w(18,106,1,36)
w(16,98,1,36)
w(17,109,1,37)
w(19,102,1,37)
r(14,101,1,37)
r(0,408,1,37)
w(16,99,1,37)
w(7,114,1,37)
r(18,106,1,37)
w(4,107,1,37)
r(12,399,1,37)
w(11,114,1,37)
w(2,114,1,37)
w(9,116,1,37)
w(1,105,1,37)
w(13,97,1,37)
r(5,113,1,37)
r(15,103,1,37)
r(3,102,1,37)
w(10,108,1,37)
w(6,111,1,37)
r(8,374,1,37)
w(11,115,1,38)
w(3,103,1,38)
w(1,106,1,38)
w(4,108,1,38)
w(9,117,1,38)
r(17,599,1,38)
w(16,100,1,38)
w(0,109,1,38)
r(18,106,1,38)
r(8,592,1,38)
w(15,104,1,38)
w(13,98,1,38)
w(14,102,1,38)
w(10,109,1,38)
w(19,103,1,38)
r(2,631,1,38)
w(12,111,1,38)
r(6,626,1,38)
r(5,596,1,38)
r(7,598,1,38)
r(8,592,1,39)
w(12,112,1,39)
r(1,578,1,39)
w(10,110,1,39)
r(0,408,1,39)
w(18,107,1,39)
r(17,202,1,39)
w(19,104,1,39)
w(6,112,1,39)
r(16,930,1,39)
r(9,920,1,39)
w(5,114,1,39)
w(15,105,1,39)
w(3,104,1,39)
r(14,192,1,39)
r(2,631,1,39)
w(11,116,1,39)
r(4,205,1,39)
w(7,115,1,39)
w(13,99,1,39)
r(5,108,2,40)
r(10,99,2,40)
r(1,98,2,40)
r(7,106,2,40)
r(9,109,2,40)
w(16,203,2,40)
w(12,197,2,40)
w(13,187,2,40)
w(6,210,2,40)
r(0,101,2,40)
r(8,92,2,40)
r(15,94,2,40)
r(3,92,2,40)
r(4,100,2,40)
w(18,212,2,40)
r(2,0,2,40)
w(14,185,2,40)
r(17,101,2,40)
r(11,107,2,40)
w(19,192,2,40)
r(8,96,2,41)
r(11,111,2,41)
w(1,200,2,41)
w(17,196,2,41)
w(14,186,2,41)
w(16,204,2,41)
r(18,104,2,41)
r(19,96,2,41)
w(5,205,2,41)
w(12,198,2,41)
r(10,103,2,41)
r(13,93,2,41)
r(0,105,2,41)
r(15,97,2,41)
w(3,193,2,41)
r(7,106,2,41)
w(4,198,2,41)
r(6,307,2,41)
r(2,108,2,41)
w(9,206,2,41)
w(13,188,2,42)
w(17,197,2,42)
w(12,199,2,42)
w(15,189,2,42)
r(11,918,2,42)
w(18,213,2,42)
w(10,201,2,42)
w(6,211,2,42)
w(8,182,2,42)
w(19,193,2,42)
w(3,194,2,42)
w(2,221,2,42)
w(14,187,2,42)
w(7,204,2,42)
r(5,110,2,42)
w(16,205,2,42)
w(0,198,2,42)
r(9,915,2,42)
w(1,201,2,42)
w(4,199,2,42)
r(19,96,2,43)
r(10,887,2,43)
w(13,189,2,43)
r(2,923,2,43)
w(4,200,2,43)
w(5,206,2,43)
w(11,219,2,43)
w(12,200,2,43)
w(15,190,2,43)
r(1,98,2,43)
r(14,294,2,43)
r(9,299,2,43)
r(7,888,2,43)
r(17,771,2,43)
w(8,183,2,43)
r(18,308,2,43)
r(6,308,2,43)
w(3,195,2,43)
r(16,311,2,43)
w(0,199,2,43)
w(7,205,2,44)
r(2,923,2,44)
r(9,299,2,44)
r(12,106,2,44)
r(13,901,2,44)
r(14,294,2,44)
w(6,212,2,44)
w(10,202,2,44)
r(11,316,2,44)
r(1,98,2,44)
w(4,201,2,44)
w(17,198,2,44)
r(19,96,2,44)
w(16,206,2,44)
w(18,214,2,44)
r(8,96,2,44)
r(5,110,2,44)
w(0,200,2,44)
r(15,290,2,44)
w(3,196,2,44)
w(5,207,2,45)
w(7,206,2,45)
r(12,393,2,45)
w(14,188,2,45)
r(10,392,2,45)
r(1,393,2,45)
r(15,290,2,45)
w(11,220,2,45)
w(4,202,2,45)
w(3,197,2,45)
w(0,201,2,45)
r(8,96,2,45)
r(16,416,2,45)
w(9,207,2,45)
w(17,199,2,45)
w(6,213,2,45)
w(18,215,2,45)
w(19,194,2,45)
w(2,222,2,45)
r(13,378,2,45)
r(17,199,2,46)
w(14,189,2,46)
r(0,201,2,46)
r(11,220,2,46)
r(12,393,2,46)
r(1,393,2,46)
r(6,213,2,46)
w(7,207,2,46)
w(16,207,2,46)
w(3,198,2,46)
r(5,207,2,46)
w(9,208,2,46)
w(2,223,2,46)
w(4,203,2,46)
w(15,191,2,46)
w(8,184,2,46)
r(10,392,2,46)
w(19,195,2,46)
r(13,378,2,46)
r(18,215,2,46)
r(10,392,2,47)
w(8,185,2,47)
r(0,201,2,47)
w(14,190,2,47)
r(3,197,2,47)
r(15,290,2,47)
w(2,224,2,47)
r(1,393,2,47)
w(11,221,2,47)
w(13,190,2,47)
r(4,202,2,47)
r(5,207,2,47)
w(19,196,2,47)
w(9,209,2,47)
r(17,199,2,47)
r(7,206,2,47)
w(12,201,2,47)
r(6,213,2,47)
r(18,215,2,47)
r(16,416,2,47)
r(15,290,2,48)
w(18,216,2,48)
w(12,202,2,48)
w(13,191,2,48)
r(16,926,2,48)
r(9,409,2,48)
w(10,203,2,48)
w(11,222,2,48)
w(8,186,2,48)
r(2,431,2,48)
r(3,197,2,48)
w(19,197,2,48)
w(17,200,2,48)
r(14,188,2,48)
r(7,393,2,48)
w(0,202,2,48)
r(4,897,2,48)
w(6,214,2,48)
r(5,413,2,48)
w(1,202,2,48)
r(12,915,2,49)
w(4,204,2,49)
w(18,217,2,49)
w(1,203,2,49)
r(10,891,2,49)
w(15,192,2,49)
r(6,407,2,49)
w(0,203,2,49)
r(17,400,2,49)
r(8,373,2,49)
r(13,903,2,49)
r(9,409,2,49)
w(19,198,2,49)
w(11,223,2,49)
r(16,926,2,49)
w(5,208,2,49)
w(3,199,2,49)
r(14,188,2,49)
r(7,393,2,49)
r(2,431,2,49)
w(5,209,2,50)
r(18,106,2,50)
w(0,204,2,50)
r(10,579,2,50)
r(2,631,2,50)
r(1,578,2,50)
w(17,201,2,50)
r(12,596,2,50)
w(8,187,2,50)
r(3,102,2,50)
r(6,626,2,50)
r(7,598,2,50)
r(4,395,2,50)
r(13,598,2,50)
w(14,191,2,50)
r(16,615,2,50)
r(11,220,2,50)
r(19,578,2,50)
w(9,210,2,50)
w(15,193,2,50)
r(14,101,2,51)
w(7,208,2,51)
w(3,200,2,51)
w(12,203,2,51)
w(1,204,2,51)
w(16,208,2,51)
r(9,115,2,51)
r(6,626,2,51)
r(8,592,2,51)
r(17,599,2,51)
r(4,395,2,51)
w(11,224,2,51)
r(5,596,2,51)
w(13,192,2,51)
r(0,408,2,51)
r(10,579,2,51)
w(15,194,2,51)
w(19,199,2,51)
r(18,106,2,51)
w(2,225,2,51)
w(10,204,2,52)
r(18,949,2,52)
w(11,225,2,52)
w(4,205,2,52)
w(12,204,2,52)
w(7,209,2,52)
w(19,200,2,52)
r(0,408,2,52)
w(15,195,2,52)
w(6,215,2,52)
w(17,202,2,52)
r(8,592,2,52)
r(16,930,2,52)
r(2,631,2,52)
w(3,201,2,52)
w(5,210,2,52)
w(13,193,2,52)
w(14,192,2,52)
r(9,920,2,52)
r(1,578,2,52)
r(17,405,2,53)
r(1,402,2,53)
w(13,194,2,53)
r(4,397,2,53)
r(8,592,2,53)
w(10,205,2,53)
r(15,390,2,53)
r(9,920,2,53)
r(7,209,2,53)
w(14,193,2,53)
r(16,423,2,53)
w(11,226,2,53)
w(5,211,2,53)
w(12,205,2,53)
r(0,410,2,53)
r(19,200,2,53)
r(3,410,2,53)
w(6,216,2,53)
w(18,218,2,53)
r(2,433,2,53)
w(1,205,2,54)
r(16,4,2,54)
r(19,669,2,54)
r(4,5,2,54)
w(7,210,2,54)
w(17,203,2,54)
w(11,227,2,54)
w(2,226,2,54)
w(14,194,2,54)
r(13,4,2,54)
w(10,206,2,54)
r(9,920,2,54)
w(5,212,2,54)
r(18,5,2,54)
r(8,592,2,54)
r(15,2,2,54)
w(0,205,2,54)
r(12,3,2,54)
w(6,217,2,54)
w(3,202,2,54)
w(9,211,2,55)
r(14,5,2,55)
r(2,723,2,55)
w(3,203,2,55)
w(13,195,2,55)
r(0,410,2,55)
r(15,2,2,55)
r(18,5,2,55)
w(8,188,2,55)
r(16,4,2,55)
r(19,669,2,55)
w(17,204,2,55)
w(5,213,2,55)
w(7,211,2,55)
r(10,2,2,55)
w(1,206,2,55)
r(11,8,2,55)
w(6,218,2,55)
w(4,206,2,55)
r(12,3,2,55)
r(18,632,2,56)
r(8,592,2,56)
w(10,207,2,56)
r(5,322,2,56)
w(9,212,2,56)
r(0,305,2,56)
r(3,610,2,56)
w(14,195,2,56)
r(7,605,2,56)
w(17,205,2,56)
r(19,582,2,56)
w(15,196,2,56)
w(11,228,2,56)
w(13,196,2,56)
r(2,328,2,56)
w(6,219,2,56)
w(1,207,2,56)
w(4,207,2,56)
w(16,209,2,56)
w(12,206,2,56)
r(9,305,2,57)
r(4,308,2,57)
r(6,630,2,57)
r(1,584,2,57)
r(2,328,2,57)
w(18,219,2,57)
r(16,620,2,57)
r(19,582,2,57)
r(7,605,2,57)
w(14,196,2,57)
r(0,305,2,57)
w(13,197,2,57)
r(12,601,2,57)
r(11,637,2,57)
w(5,214,2,57)
r(15,294,2,57)
w(3,204,2,57)
r(17,305,2,57)
r(10,583,2,57)
w(8,189,2,57)
r(12,601,2,58)
r(19,582,2,58)
w(0,206,2,58)
w(7,212,2,58)
r(5,322,2,58)
r(16,620,2,58)
r(2,328,2,58)
r(11,637,2,58)
r(15,294,2,58)
r(6,630,2,58)
r(14,302,2,58)
w(4,208,2,58)
w(1,208,2,58)
r(13,601,2,58)
w(17,206,2,58)
w(3,205,2,58)
r(8,592,2,58)
r(18,632,2,58)
w(9,213,2,58)
w(10,208,2,58)
r(7,5,2,59)
w(13,198,2,59)
r(8,592,2,59)
r(6,630,2,59)
r(16,7,2,59)
r(18,7,2,59)
w(12,207,2,59)
r(19,582,2,59)
w(5,215,2,59)
r(17,305,2,59)
w(1,209,2,59)
r(3,610,2,59)
r(14,9,2,59)
r(15,294,2,59)
w(11,229,2,59)
r(10,583,2,59)
w(9,214,2,59)
w(4,209,2,59)
w(0,207,2,59)
w(2,227,2,59)
w(18,305,3,60)
r(12,102,3,60)
w(17,298,3,60)
r(1,98,3,60)
w(6,305,3,60)
r(13,91,3,60)
w(5,310,3,60)
r(2,0,3,60)
w(15,288,3,60)
w(11,312,3,60)
w(3,295,3,60)
r(16,93,3,60)
w(7,299,3,60)
r(14,94,3,60)
w(0,296,3,60)
r(8,92,3,60)
w(19,285,3,60)
r(10,99,3,60)
r(4,100,3,60)
r(9,109,3,60)
r(8,92,3,61)
r(19,94,3,61)
r(0,101,3,61)
r(5,108,3,61)
r(7,106,3,61)
r(13,91,3,61)
w(3,296,3,61)
r(1,98,3,61)
w(11,313,3,61)
r(9,109,3,61)
r(4,100,3,61)
r(15,94,3,61)
r(16,93,3,61)
r(17,101,3,61)
r(6,104,3,61)
r(14,94,3,61)
w(18,306,3,61)
r(10,99,3,61)
w(12,291,3,61)
r(2,0,3,61)
w(8,273,3,62)
r(0,101,3,62)
r(19,94,3,62)
r(18,102,3,62)
w(7,300,3,62)
w(4,298,3,62)
r(17,101,3,62)
w(5,311,3,62)
w(14,293,3,62)
w(15,289,3,62)
w(6,306,3,62)
r(9,109,3,62)
w(12,292,3,62)
r(10,99,3,62)
w(16,309,3,62)
w(13,281,3,62)
r(2,0,3,62)
r(3,92,3,62)
w(1,301,3,62)
w(11,314,3,62)
r(9,109,3,63)
r(14,94,3,63)
r(12,102,3,63)
w(5,312,3,63)
r(18,102,3,63)
r(2,0,3,63)
r(1,98,3,63)
r(10,99,3,63)
w(0,297,3,63)
r(4,100,3,63)
r(19,94,3,63)
r(16,93,3,63)
w(6,307,3,63)
r(3,92,3,63)
r(8,92,3,63)
w(13,282,3,63)
r(17,101,3,63)
r(15,94,3,63)
r(7,106,3,63)
r(11,107,3,63)
r(3,92,3,64)
r(7,106,3,64)
r(0,297,3,64)
w(17,299,3,64)
w(18,307,3,64)
w(11,315,3,64)
r(6,307,3,64)
r(14,94,3,64)
w(13,283,3,64)
w(5,313,3,64)
w(4,299,3,64)
r(19,94,3,64)
r(2,0,3,64)
r(10,99,3,64)
r(15,94,3,64)
w(8,274,3,64)
w(9,298,3,64)
w(12,293,3,64)
w(16,310,3,64)
w(1,302,3,64)
w(9,299,3,65)
r(4,102,3,65)
r(19,96,3,65)
r(10,887,3,65)
r(13,901,3,65)
w(18,308,3,65)
r(17,771,3,65)
w(16,311,3,65)
w(3,297,3,65)
r(1,98,3,65)
r(5,110,3,65)
w(15,290,3,65)
r(0,105,3,65)
r(7,888,3,65)
w(11,316,3,65)
r(12,106,3,65)
r(8,96,3,65)
w(6,308,3,65)
r(2,923,3,65)
w(14,294,3,65)
w(10,292,3,66)
r(16,311,3,66)
w(6,309,3,66)
w(8,275,3,66)
w(15,291,3,66)
r(5,110,3,66)
w(17,300,3,66)
w(12,294,3,66)
r(9,299,3,66)
w(13,284,3,66)
r(19,96,3,66)
w(0,298,3,66)
w(4,300,3,66)
w(18,309,3,66)
w(14,295,3,66)
r(11,316,3,66)
w(3,298,3,66)
r(2,923,3,66)
w(7,301,3,66)
r(1,98,3,66)
w(9,300,3,67)
w(8,276,3,67)
w(12,295,3,67)
w(1,303,3,67)
w(7,302,3,67)
w(11,317,3,67)
r(4,391,3,67)
w(19,286,3,67)
r(3,405,3,67)
r(6,403,3,67)
w(16,312,3,67)
r(0,105,3,67)
w(17,301,3,67)
w(5,314,3,67)
r(13,378,3,67)
r(15,290,3,67)
r(2,429,3,67)
r(18,308,3,67)
w(14,296,3,67)
w(10,293,3,67)
w(19,287,3,68)
w(18,310,3,68)
w(7,303,3,68)
r(17,395,3,68)
w(6,310,3,68)
w(14,297,3,68)
w(9,301,3,68)
w(5,315,3,68)
r(2,429,3,68)
r(8,96,3,68)
r(15,290,3,68)
w(13,285,3,68)
w(3,299,3,68)
w(11,318,3,68)
w(12,296,3,68)
r(1,393,3,68)
w(4,301,3,68)
r(10,392,3,68)
w(0,299,3,68)
r(16,416,3,68)
w(4,302,3,69)
r(8,96,3,69)
w(18,311,3,69)
r(16,416,3,69)
r(9,207,3,69)
r(12,393,3,69)
r(17,199,3,69)
r(19,194,3,69)
w(15,292,3,69)
r(2,222,3,69)
r(10,392,3,69)
w(11,319,3,69)
w(5,316,3,69)
r(3,197,3,69)
w(14,298,3,69)
r(6,213,3,69)
w(0,300,3,69)
w(13,286,3,69)
w(1,304,3,69)
w(7,304,3,69)
r(18,215,3,70)
w(10,294,3,70)
w(13,287,3,70)
w(14,299,3,70)
r(15,290,3,70)
r(11,220,3,70)
r(2,222,3,70)
w(1,305,3,70)
w(16,313,3,70)
w(4,303,3,70)
w(0,301,3,70)
w(12,297,3,70)
r(17,199,3,70)
w(8,277,3,70)
r(3,197,3,70)
w(6,311,3,70)
w(5,317,3,70)
r(9,207,3,70)
w(19,288,3,70)
r(7,206,3,70)
w(9,302,3,71)
w(16,314,3,71)
w(6,312,3,71)
r(19,578,3,71)
w(13,288,3,71)
w(8,278,3,71)
r(0,408,3,71)
r(15,103,3,71)
r(2,631,3,71)
r(14,101,3,71)
w(12,298,3,71)
w(7,305,3,71)
r(11,220,3,71)
r(3,102,3,71)
w(1,306,3,71)
r(10,579,3,71)
w(17,302,3,71)
r(4,395,3,71)
r(18,106,3,71)
w(5,318,3,71)
r(10,204,3,72)
w(4,304,3,72)
w(0,302,3,72)
r(11,225,3,72)
w(12,299,3,72)
w(6,313,3,72)
r(17,202,3,72)
r(19,200,3,72)
r(18,949,3,72)
r(15,195,3,72)
r(1,578,3,72)
r(16,930,3,72)
w(14,300,3,72)
r(3,201,3,72)
r(2,631,3,72)
r(5,210,3,72)
w(7,306,3,72)
w(8,279,3,72)
w(13,289,3,72)
r(9,920,3,72)
w(0,303,3,73)
w(9,303,3,73)
w(6,314,3,73)
w(3,300,3,73)
w(15,293,3,73)
r(10,397,3,73)
w(2,326,3,73)
r(7,209,3,73)
r(13,193,3,73)
w(8,280,3,73)
r(12,204,3,73)
r(19,200,3,73)
w(11,320,3,73)
w(14,301,3,73)
w(16,315,3,73)
w(17,303,3,73)
w(5,319,3,73)
r(1,578,3,73)
w(4,305,3,73)
r(18,949,3,73)
r(2,723,3,74)
w(11,321,3,74)
r(6,5,3,74)
w(16,316,3,74)
w(4,306,3,74)
r(8,592,3,74)
r(9,920,3,74)
r(12,3,3,74)
w(10,295,3,74)
r(14,5,3,74)
r(13,4,3,74)
w(18,312,3,74)
w(17,304,3,74)
w(0,304,3,74)
w(19,289,3,74)
r(15,2,3,74)
w(3,301,3,74)
w(5,320,3,74)
r(7,691,3,74)
w(1,307,3,74)
r(16,619,3,75)
w(15,294,3,75)
w(13,290,3,75)
r(7,605,3,75)
r(18,5,3,75)
w(5,321,3,75)
w(0,305,3,75)
r(6,629,3,75)
r(1,583,3,75)
w(3,302,3,75)
w(12,300,3,75)
w(17,305,3,75)
w(9,304,3,75)
w(4,307,3,75)
r(10,583,3,75)
w(2,327,3,75)
r(8,592,3,75)
r(14,610,3,75)
w(11,322,3,75)
r(19,669,3,75)
w(16,317,3,76)
r(6,629,3,76)
r(12,300,3,76)
w(2,328,3,76)
w(14,302,3,76)
r(19,669,3,76)
r(0,305,3,76)
w(18,313,3,76)
w(4,308,3,76)
w(1,308,3,76)
w(5,322,3,76)
w(3,303,3,76)
w(9,305,3,76)
r(7,605,3,76)
r(10,583,3,76)
r(15,294,3,76)
w(13,291,3,76)
w(11,323,3,76)
r(17,305,3,76)
r(8,592,3,76)
r(16,317,3,77)
r(5,322,3,77)
r(13,291,3,77)
r(12,300,3,77)
r(6,629,3,77)
w(14,303,3,77)
w(0,306,3,77)
w(7,307,3,77)
r(8,592,3,77)
w(11,324,3,77)
w(3,304,3,77)
w(9,306,3,77)
r(1,308,3,77)
w(17,306,3,77)
r(15,294,3,77)
r(19,669,3,77)
w(18,314,3,77)
r(10,583,3,77)
w(2,329,3,77)
w(4,309,3,77)
r(2,328,3,78)
w(18,315,3,78)
r(16,620,3,78)
w(4,310,3,78)
r(5,322,3,78)
r(7,605,3,78)
w(3,305,3,78)
w(6,315,3,78)
w(14,304,3,78)
r(0,305,3,78)
w(15,295,3,78)
r(9,305,3,78)
w(1,309,3,78)
w(19,290,3,78)
r(12,601,3,78)
w(8,281,3,78)
w(10,296,3,78)
w(17,307,3,78)
w(13,292,3,78)
r(11,637,3,78)
w(18,316,3,79)
r(2,328,3,79)
w(1,310,3,79)
r(12,7,3,79)
w(7,308,3,79)
r(0,8,3,79)
r(10,583,3,79)
r(13,8,3,79)
w(4,311,3,79)
w(14,305,3,79)
w(6,316,3,79)
w(15,296,3,79)
r(5,7,3,79)
r(8,592,3,79)
r(9,10,3,79)
r(19,582,3,79)
w(11,325,3,79)
w(17,308,3,79)
w(3,306,3,79)
w(16,318,3,79)
w(9,402,4,80)
r(15,94,4,80)
r(4,100,4,80)
w(10,388,4,80)
r(0,101,4,80)
w(14,398,4,80)
w(13,376,4,80)
r(1,98,4,80)
r(17,101,4,80)
w(5,409,4,80)
r(6,104,4,80)
w(3,401,4,80)
r(18,102,4,80)
w(11,423,4,80)
r(8,92,4,80)
w(2,425,4,80)
w(19,380,4,80)
w(16,411,4,80)
w(12,389,4,80)
r(7,106,4,80)
w(19,381,4,81)
r(15,94,4,81)
w(10,389,4,81)
w(6,400,4,81)
r(4,100,4,81)
w(18,417,4,81)
r(17,101,4,81)
w(2,426,4,81)
w(11,424,4,81)
r(14,94,4,81)
r(12,102,4,81)
w(8,366,4,81)
w(1,390,4,81)
w(3,402,4,81)
w(16,412,4,81)
w(7,389,4,81)
r(13,91,4,81)
r(0,101,4,81)
r(5,108,4,81)
w(9,403,4,81)
r(2,0,4,82)
w(3,403,4,82)
w(12,390,4,82)
r(18,102,4,82)
w(16,413,4,82)
r(19,94,4,82)
r(13,282,4,82)
r(15,94,4,82)
r(14,94,4,82)
r(10,99,4,82)
r(7,106,4,82)
w(6,401,4,82)
r(9,109,4,82)
r(4,100,4,82)
r(17,101,4,82)
w(5,410,4,82)
r(1,98,4,82)
w(0,404,4,82)
w(8,367,4,82)
r(11,107,4,82)
r(4,100,4,83)
w(13,377,4,83)
w(10,390,4,83)
r(15,94,4,83)
r(9,109,4,83)
r(12,102,4,83)
r(6,307,4,83)
w(2,427,4,83)
w(1,391,4,83)
r(14,94,4,83)
w(0,405,4,83)
w(8,368,4,83)
r(16,93,4,83)
r(7,106,4,83)
r(17,101,4,83)
r(18,102,4,83)
r(5,312,4,83)
r(19,94,4,83)
r(3,92,4,83)
w(11,425,4,83)
r(7,106,4,84)
r(13,93,4,84)
w(18,418,4,84)
w(19,382,4,84)
r(11,111,4,84)
r(9,111,4,84)
w(16,414,4,84)
r(8,96,4,84)
r(4,102,4,84)
w(12,391,4,84)
r(1,98,4,84)
w(14,399,4,84)
r(2,108,4,84)
r(6,307,4,84)
w(3,404,4,84)
r(0,105,4,84)
r(10,103,4,84)
w(5,411,4,84)
r(17,104,4,84)
w(15,384,4,84)
r(17,771,4,85)
w(6,402,4,85)
w(16,415,4,85)
w(8,369,4,85)
r(15,887,4,85)
w(7,390,4,85)
w(0,406,4,85)
r(14,913,4,85)
w(2,428,4,85)
w(9,404,4,85)
r(5,110,4,85)
w(12,392,4,85)
r(13,901,4,85)
r(11,918,4,85)
w(10,391,4,85)
w(4,390,4,85)
r(19,96,4,85)
w(1,392,4,85)
r(3,902,4,85)
r(18,104,4,85)
r(0,105,4,86)
w(19,383,4,86)
w(10,392,4,86)
w(4,391,4,86)
r(8,96,4,86)
w(2,429,4,86)
w(6,403,4,86)
r(15,290,4,86)
w(9,405,4,86)
r(14,294,4,86)
w(13,378,4,86)
r(11,316,4,86)
r(18,308,4,86)
r(5,110,4,86)
w(12,393,4,86)
w(7,391,4,86)
w(3,405,4,86)
w(1,393,4,86)
w(17,395,4,86)
w(16,416,4,86)
r(2,222,4,87)
r(14,188,4,87)
r(3,197,4,87)
r(1,393,4,87)
w(13,379,4,87)
w(11,426,4,87)
w(6,404,4,87)
w(10,393,4,87)
r(19,194,4,87)
w(4,392,4,87)
w(18,419,4,87)
w(9,406,4,87)
w(0,407,4,87)
r(15,290,4,87)
w(5,412,4,87)
w(12,394,4,87)
w(17,396,4,87)
r(16,416,4,87)
r(7,206,4,87)
w(8,370,4,87)
r(10,392,4,88)
w(1,394,4,88)
r(13,378,4,88)
w(12,395,4,88)
w(14,400,4,88)
r(4,202,4,88)
r(0,201,4,88)
r(16,416,4,88)
r(11,220,4,88)
w(3,406,4,88)
w(7,392,4,88)
w(18,420,4,88)
r(6,213,4,88)
r(2,222,4,88)
r(9,207,4,88)
r(5,207,4,88)
w(8,371,4,88)
w(19,384,4,88)
r(17,199,4,88)
w(15,385,4,88)
w(3,407,4,89)
w(19,385,4,89)
w(1,395,4,89)
w(4,393,4,89)
r(9,207,4,89)
w(6,405,4,89)
r(5,207,4,89)
w(14,401,4,89)
w(16,417,4,89)
r(0,201,4,89)
w(13,380,4,89)
r(8,96,4,89)
r(2,222,4,89)
w(17,397,4,89)
r(7,206,4,89)
r(10,392,4,89)
w(18,421,4,89)
r(15,290,4,89)
w(12,396,4,89)
w(11,427,4,89)
w(13,381,4,90)
w(14,402,4,90)
w(12,397,4,90)
r(4,897,4,90)
w(2,430,4,90)
w(9,407,4,90)
w(19,386,4,90)
r(0,870,4,90)
r(7,889,4,90)
w(17,398,4,90)
r(6,931,4,90)
w(16,418,4,90)
r(5,901,4,90)
w(8,372,4,90)
w(10,394,4,90)
r(11,220,4,90)
r(18,947,4,90)
w(1,396,4,90)
r(3,197,4,90)
w(15,386,4,90)
w(10,395,4,91)
r(14,188,4,91)
r(2,222,4,91)
r(7,889,4,91)
w(12,398,4,91)
w(15,387,4,91)
w(1,397,4,91)
w(17,399,4,91)
w(13,382,4,91)
r(0,870,4,91)
w(9,408,4,91)
r(3,197,4,91)
r(5,901,4,91)
w(6,406,4,91)
w(19,387,4,91)
w(16,419,4,91)
w(4,394,4,91)
r(11,220,4,91)
r(18,947,4,91)
r(8,871,4,91)
r(10,891,4,92)
r(3,197,4,92)
w(9,409,4,92)
r(16,926,4,92)
w(5,413,4,92)
w(17,400,4,92)
w(19,388,4,92)
r(12,915,4,92)
r(4,897,4,92)
w(2,431,4,92)
r(1,897,4,92)
r(14,188,4,92)
r(15,290,4,92)
w(6,407,4,92)
w(8,373,4,92)
r(18,947,4,92)
w(7,393,4,92)
r(13,903,4,92)
r(11,220,4,92)
w(0,408,4,92)
w(5,414,4,93)
w(10,396,4,93)
w(14,403,4,93)
w(17,401,4,93)
w(2,432,4,93)
w(9,410,4,93)
w(4,395,4,93)
w(18,422,4,93)
w(16,420,4,93)
w(12,399,4,93)
r(13,903,4,93)
r(0,408,4,93)
w(8,374,4,93)
r(3,197,4,93)
w(19,389,4,93)
r(7,393,4,93)
w(1,398,4,93)
r(11,220,4,93)
w(6,408,4,93)
r(15,290,4,93)
r(2,631,4,94)
r(14,101,4,94)
r(8,592,4,94)
w(7,394,4,94)
r(19,578,4,94)
r(18,106,4,94)
r(9,115,4,94)
w(1,399,4,94)
r(12,596,4,94)
r(4,395,4,94)
r(0,408,4,94)
w(5,415,4,94)
r(3,102,4,94)
w(17,402,4,94)
r(11,220,4,94)
w(15,388,4,94)
w(13,383,4,94)
r(10,579,4,94)
r(6,626,4,94)
w(16,421,4,94)
r(5,596,4,95)
w(4,396,4,95)
r(16,615,4,95)
r(14,101,4,95)
w(0,409,4,95)
w(1,400,4,95)
w(7,395,4,95)
r(17,599,4,95)
r(3,102,4,95)
r(9,115,4,95)
r(13,598,4,95)
r(11,220,4,95)
r(18,106,4,95)
r(19,578,4,95)
w(12,400,4,95)
w(6,409,4,95)
r(10,579,4,95)
w(15,389,4,95)
r(8,592,4,95)
r(2,631,4,95)
r(0,408,4,96)
w(13,384,4,96)
r(10,893,4,96)
r(9,920,4,96)
w(19,390,4,96)
w(12,401,4,96)
w(6,410,4,96)
r(15,103,4,96)
w(7,396,4,96)
w(1,401,4,96)
r(2,631,4,96)
w(17,403,4,96)
w(3,408,4,96)
w(14,404,4,96)
r(8,592,4,96)
r(11,922,4,96)
r(4,395,4,96)
w(18,423,4,96)
r(5,905,4,96)
w(16,422,4,96)
w(3,409,4,97)
r(9,920,4,97)
r(7,209,4,97)
w(15,390,4,97)
r(5,210,4,97)
w(10,397,4,97)
r(19,200,4,97)
r(8,592,4,97)
r(14,192,4,97)
r(6,215,4,97)
w(17,404,4,97)
r(12,204,4,97)
r(2,631,4,97)
r(1,578,4,97)
r(18,949,4,97)
r(13,193,4,97)
w(11,428,4,97)
w(4,397,4,97)
r(16,930,4,97)
r(0,408,4,97)
r(14,192,4,98)
w(11,429,4,98)
r(13,193,4,98)
r(7,209,4,98)
w(10,398,4,98)
w(18,424,4,98)
w(0,410,4,98)
r(9,920,4,98)
r(8,592,4,98)
r(19,200,4,98)
w(3,410,4,98)
r(4,397,4,98)
r(15,390,4,98)
w(1,402,4,98)
r(12,204,4,98)
r(5,210,4,98)
w(16,423,4,98)
w(2,433,4,98)
w(17,405,4,98)
r(6,215,4,98)
r(18,5,4,99)
r(6,5,4,99)
w(15,391,4,99)
r(9,920,4,99)
w(5,416,4,99)
r(14,5,4,99)
w(2,434,4,99)
r(1,691,4,99)
r(10,2,4,99)
w(19,391,4,99)
w(11,430,4,99)
w(7,397,4,99)
w(17,406,4,99)
w(8,375,4,99)
r(13,4,4,99)
w(12,402,4,99)
r(16,4,4,99)
w(0,411,4,99)
w(4,398,4,99)
w(3,411,4,99)
r(18,102,5,100)
w(15,498,5,100)
r(7,106,5,100)
r(17,101,5,100)
r(14,94,5,100)
r(1,98,5,100)
r(5,108,5,100)
w(13,485,5,100)
r(12,102,5,100)
r(19,94,5,100)
w(6,515,5,100)
w(11,519,5,100)
r(3,92,5,100)
w(2,521,5,100)
w(8,480,5,100)
r(10,99,5,100)
r(16,93,5,100)
w(4,498,5,100)
r(9,109,5,100)
w(0,503,5,100)
r(8,92,5,101)
w(14,496,5,101)
r(18,102,5,101)
r(12,102,5,101)
w(4,499,5,101)
r(9,109,5,101)
w(6,516,5,101)
w(11,520,5,101)
r(7,106,5,101)
w(16,517,5,101)
r(10,99,5,101)
r(17,101,5,101)
r(3,92,5,101)
w(1,481,5,101)
r(19,94,5,101)
r(0,101,5,101)
w(5,501,5,101)
w(13,486,5,101)
r(2,0,5,101)
w(15,499,5,101)
r(2,0,5,102)
w(16,518,5,102)
r(19,94,5,102)
r(10,99,5,102)
w(7,492,5,102)
w(5,502,5,102)
w(14,497,5,102)
r(9,109,5,102)
w(12,491,5,102)
r(3,92,5,102)
w(11,521,5,102)
r(13,282,5,102)
w(1,482,5,102)
w(18,520,5,102)
w(8,481,5,102)
r(15,94,5,102)
r(0,297,5,102)
r(6,307,5,102)
r(4,100,5,102)
w(17,490,5,102)
w(7,493,5,103)
r(9,109,5,103)
r(18,102,5,103)
w(16,519,5,103)
w(11,522,5,103)
w(4,500,5,103)
r(14,94,5,103)
w(3,500,5,103)
r(15,94,5,103)
w(8,482,5,103)
r(6,307,5,103)
w(10,471,5,103)
r(19,94,5,103)
r(12,102,5,103)
w(0,504,5,103)
w(2,522,5,103)
r(1,98,5,103)
w(13,487,5,103)
w(5,503,5,103)
w(17,491,5,103)
w(18,521,5,104)
w(19,477,5,104)
w(7,494,5,104)
r(10,103,5,104)
w(0,505,5,104)
w(3,501,5,104)
r(8,96,5,104)
w(16,520,5,104)
w(1,483,5,104)
r(15,97,5,104)
w(11,523,5,104)
r(9,111,5,104)
w(17,492,5,104)
w(12,492,5,104)
r(4,102,5,104)
w(5,504,5,104)
w(2,523,5,104)
r(13,93,5,104)
w(14,498,5,104)
w(6,517,5,104)
w(9,512,5,105)
r(0,201,5,105)
w(3,502,5,105)
w(12,493,5,105)
r(16,416,5,105)
r(13,378,5,105)
r(8,96,5,105)
r(5,207,5,105)
w(17,493,5,105)
r(6,213,5,105)
r(10,392,5,105)
w(4,501,5,105)
w(18,522,5,105)
w(11,524,5,105)
w(2,524,5,105)
w(14,499,5,105)
r(19,194,5,105)
r(7,206,5,105)
w(1,484,5,105)
w(15,500,5,105)
r(11,220,5,106)
r(1,897,5,106)
r(14,188,5,106)
w(17,494,5,106)
r(3,197,5,106)
r(7,393,5,106)
w(9,513,5,106)
w(12,494,5,106)
w(15,501,5,106)
w(16,521,5,106)
r(13,903,5,106)
r(4,897,5,106)
w(0,506,5,106)
r(10,891,5,106)
w(18,523,5,106)
r(19,388,5,106)
r(2,431,5,106)
r(8,373,5,106)
w(5,505,5,106)
r(6,407,5,106)
w(16,522,5,107)
r(5,596,5,107)
w(7,495,5,107)
r(13,598,5,107)
r(6,626,5,107)
w(2,525,5,107)
w(14,500,5,107)
w(8,483,5,107)
r(12,596,5,107)
w(9,514,5,107)
r(11,220,5,107)
w(10,472,5,107)
w(18,524,5,107)
w(19,478,5,107)
w(17,495,5,107)
r(3,102,5,107)
r(1,578,5,107)
r(4,395,5,107)
w(0,507,5,107)
w(15,502,5,107)
w(0,508,5,108)
w(16,523,5,108)
w(7,496,5,108)
r(5,596,5,108)
w(6,518,5,108)
r(1,578,5,108)
r(4,395,5,108)
w(15,503,5,108)
w(12,495,5,108)
r(18,106,5,108)
w(14,501,5,108)
w(8,484,5,108)
w(3,503,5,108)
r(17,599,5,108)
w(11,525,5,108)
r(13,598,5,108)
r(10,579,5,108)
w(2,526,5,108)
w(9,515,5,108)
r(19,578,5,108)
w(9,516,5,109)
w(5,506,5,109)
w(19,479,5,109)
r(7,598,5,109)
r(8,592,5,109)
w(2,527,5,109)
r(1,578,5,109)
r(17,599,5,109)
r(6,626,5,109)
w(18,525,5,109)
w(4,502,5,109)
r(10,579,5,109)
w(14,502,5,109)
r(12,596,5,109)
w(13,488,5,109)
r(15,103,5,109)
w(3,504,5,109)
r(16,615,5,109)
r(11,220,5,109)
w(0,509,5,109)
r(18,949,5,110)
w(1,485,5,110)
w(13,489,5,110)
r(4,205,5,110)
w(7,497,5,110)
w(5,507,5,110)
r(17,202,5,110)
w(11,526,5,110)
r(9,920,5,110)
w(19,480,5,110)
w(14,503,5,110)
w(15,504,5,110)
r(3,201,5,110)
w(2,528,5,110)
r(8,592,5,110)
w(16,524,5,110)
r(6,215,5,110)
r(12,204,5,110)
r(10,204,5,110)
r(0,408,5,110)
w(18,526,5,111)
r(13,193,5,111)
w(1,486,5,111)
w(15,505,5,111)
w(16,525,5,111)
r(4,397,5,111)
r(5,210,5,111)
r(2,433,5,111)
w(12,496,5,111)
w(11,527,5,111)
r(9,920,5,111)
w(14,504,5,111)
r(0,410,5,111)
r(7,209,5,111)
w(6,519,5,111)
w(19,481,5,111)
w(17,496,5,111)
r(3,410,5,111)
r(8,592,5,111)
r(10,398,5,111)
w(9,517,5,112)
r(14,192,5,112)
w(19,482,5,112)
r(1,402,5,112)
r(11,429,5,112)
r(8,592,5,112)
r(6,215,5,112)
r(17,405,5,112)
w(16,526,5,112)
r(7,209,5,112)
r(2,433,5,112)
r(4,397,5,112)
r(12,204,5,112)
w(10,473,5,112)
r(5,210,5,112)
w(3,505,5,112)
w(13,490,5,112)
r(18,424,5,112)
w(15,506,5,112)
w(0,510,5,112)
r(9,920,5,113)
r(1,691,5,113)
r(19,669,5,113)
r(3,695,5,113)
w(4,503,5,113)
w(0,511,5,113)
w(11,528,5,113)
w(16,527,5,113)
r(10,688,5,113)
w(6,520,5,113)
w(15,507,5,113)
r(18,424,5,113)
r(5,700,5,113)
r(8,592,5,113)
r(7,691,5,113)
w(2,529,5,113)
r(13,703,5,113)
w(17,497,5,113)
r(12,204,5,113)
r(14,192,5,113)
r(18,5,5,114)
r(17,305,5,114)
w(12,497,5,114)
r(2,327,5,114)
r(1,583,5,114)
r(5,321,5,114)
w(9,518,5,114)
r(10,583,5,114)
r(7,605,5,114)
w(4,504,5,114)
w(15,508,5,114)
r(3,302,5,114)
r(13,290,5,114)
w(0,512,5,114)
r(11,322,5,114)
r(6,629,5,114)
r(16,619,5,114)
r(14,610,5,114)
w(19,483,5,114)
r(8,592,5,114)
w(16,528,5,115)
r(18,313,5,115)
r(1,308,5,115)
w(8,485,5,115)
w(12,498,5,115)
w(0,513,5,115)
r(19,669,5,115)
w(5,508,5,115)
w(2,530,5,115)
r(3,303,5,115)
r(9,305,5,115)
r(10,583,5,115)
r(4,308,5,115)
r(13,291,5,115)
w(11,529,5,115)
r(7,605,5,115)
r(6,629,5,115)
w(15,509,5,115)
w(14,505,5,115)
r(17,305,5,115)
w(12,499,5,116)
w(7,498,5,116)
r(19,582,5,116)
r(10,583,5,116)
r(16,7,5,116)
w(1,487,5,116)
r(5,7,5,116)
w(17,498,5,116)
w(3,506,5,116)
w(11,530,5,116)
r(9,9,5,116)
w(15,510,5,116)
r(6,630,5,116)
w(0,514,5,116)
r(4,8,5,116)
r(8,592,5,116)
w(2,531,5,116)
r(18,7,5,116)
w(14,506,5,116)
r(13,8,5,116)
r(17,6,5,117)
w(9,519,5,117)
w(10,474,5,117)
w(13,491,5,117)
w(8,486,5,117)
w(6,521,5,117)
r(16,8,5,117)
r(14,10,5,117)
r(19,582,5,117)
w(18,527,5,117)
w(7,499,5,117)
r(11,10,5,117)
w(3,507,5,117)
r(15,4,5,117)
w(1,488,5,117)
w(4,505,5,117)
r(0,8,5,117)
r(12,7,5,117)
r(2,328,5,117)
r(5,7,5,117)
r(6,7,5,118)
w(0,515,5,118)
w(2,532,5,118)
w(19,484,5,118)
r(1,4,5,118)
r(11,10,5,118)
w(13,492,5,118)
r(4,8,5,118)
r(15,4,5,118)
w(10,475,5,118)
w(7,500,5,118)
w(9,520,5,118)
r(3,610,5,118)
w(18,528,5,118)
w(17,499,5,118)
r(5,7,5,118)
r(14,10,5,118)
w(8,487,5,118)
r(12,7,5,118)
w(16,529,5,118)
r(5,7,5,119)
r(10,475,5,119)
r(13,9,5,119)
w(16,530,5,119)
w(9,521,5,119)
r(0,515,5,119)
r(12,8,5,119)
w(11,531,5,119)
r(3,610,5,119)
w(7,501,5,119)
r(17,499,5,119)
r(6,8,5,119)
w(19,485,5,119)
w(2,533,5,119)
r(4,9,5,119)
r(8,487,5,119)
w(18,529,5,119)
r(1,5,5,119)
r(14,11,5,119)
r(15,5,5,119)
w(5,592,6,120)
r(17,101,6,120)
w(9,622,6,120)
r(6,104,6,120)
w(2,625,6,120)
w(16,610,6,120)
w(11,626,6,120)
w(15,594,6,120)
r(12,102,6,120)
w(18,621,6,120)
w(8,585,6,120)
w(14,600,6,120)
w(19,573,6,120)
w(10,573,6,120)
r(7,106,6,120)
r(0,101,6,120)
w(13,589,6,120)
r(4,100,6,120)
r(3,92,6,120)
r(1,98,6,120)
w(7,591,6,121)
w(9,623,6,121)
w(1,572,6,121)
r(11,107,6,121)
r(16,93,6,121)
r(19,94,6,121)
w(13,590,6,121)
r(6,104,6,121)
r(4,100,6,121)
r(8,92,6,121)
w(5,593,6,121)
w(15,595,6,121)
w(18,622,6,121)
r(12,102,6,121)
r(17,101,6,121)
w(0,608,6,121)
r(3,92,6,121)
w(14,601,6,121)
w(10,574,6,121)
r(2,0,6,121)
w(17,594,6,122)
w(8,586,6,122)
w(10,575,6,122)
w(16,611,6,122)
w(6,622,6,122)
r(1,98,6,122)
r(7,106,6,122)
w(2,626,6,122)
w(11,627,6,122)
r(18,102,6,122)
r(0,297,6,122)
w(4,602,6,122)
w(19,574,6,122)
r(3,92,6,122)
w(13,591,6,122)
r(12,102,6,122)
r(14,94,6,122)
w(9,624,6,122)
w(5,594,6,122)
w(15,596,6,122)
w(2,627,6,123)
w(3,603,6,123)
r(16,93,6,123)
r(7,106,6,123)
w(11,628,6,123)
w(13,592,6,123)
w(17,595,6,123)
w(14,602,6,123)
r(4,100,6,123)
r(19,94,6,123)
r(9,109,6,123)
r(15,94,6,123)
r(5,312,6,123)
r(12,102,6,123)
r(0,297,6,123)
r(10,99,6,123)
r(8,92,6,123)
w(6,623,6,123)
r(18,102,6,123)
w(1,573,6,123)
r(13,93,6,124)
w(14,603,6,124)
r(16,93,6,124)
r(5,110,6,124)
w(7,592,6,124)
r(4,102,6,124)
w(19,575,6,124)
w(3,604,6,124)
r(10,103,6,124)
r(6,307,6,124)
w(15,597,6,124)
r(18,104,6,124)
w(17,596,6,124)
r(0,105,6,124)
w(1,574,6,124)
r(9,111,6,124)
r(2,108,6,124)
r(12,106,6,124)
w(8,587,6,124)
w(11,629,6,124)
r(16,93,6,125)
w(14,604,6,125)
r(4,102,6,125)
w(8,588,6,125)
w(3,605,6,125)
r(10,103,6,125)
w(18,623,6,125)
r(12,106,6,125)
r(17,104,6,125)
w(9,625,6,125)
w(7,593,6,125)
r(1,98,6,125)
r(2,108,6,125)
r(15,97,6,125)
w(0,609,6,125)
w(19,576,6,125)
r(5,110,6,125)
w(13,593,6,125)
r(6,307,6,125)
w(11,630,6,125)
r(12,106,6,126)
r(16,93,6,126)
w(5,595,6,126)
r(15,97,6,126)
w(1,575,6,126)
r(2,108,6,126)
w(13,594,6,126)
r(9,111,6,126)
r(0,105,6,126)
w(7,594,6,126)
r(17,104,6,126)
w(18,624,6,126)
w(10,576,6,126)
w(14,605,6,126)
r(3,97,6,126)
w(8,589,6,126)
w(11,631,6,126)
w(19,577,6,126)
r(6,307,6,126)
w(4,603,6,126)
w(7,595,6,127)
w(2,628,6,127)
w(6,624,6,127)
r(12,106,6,127)
w(16,612,6,127)
w(15,598,6,127)
w(8,590,6,127)
r(19,96,6,127)
w(17,597,6,127)
w(14,606,6,127)
w(10,577,6,127)
r(4,102,6,127)
w(18,625,6,127)
w(11,632,6,127)
w(13,595,6,127)
r(3,297,6,127)
w(0,610,6,127)
w(9,626,6,127)
r(5,110,6,127)
w(1,576,6,127)
w(15,599,6,128)
w(17,598,6,128)
r(12,393,6,128)
w(11,633,6,128)
w(2,629,6,128)
r(5,110,6,128)
w(16,613,6,128)
r(19,383,6,128)
r(4,391,6,128)
w(7,596,6,128)
w(14,607,6,128)
w(8,591,6,128)
r(3,405,6,128)
w(10,578,6,128)
r(0,105,6,128)
w(18,626,6,128)
w(9,627,6,128)
w(13,596,6,128)
r(1,393,6,128)
r(6,403,6,128)
w(7,597,6,129)
w(15,600,6,129)
w(2,630,6,129)
w(16,614,6,129)
w(14,608,6,129)
r(9,207,6,129)
r(10,392,6,129)
r(8,96,6,129)
r(5,207,6,129)
w(1,577,6,129)
w(6,625,6,129)
r(17,199,6,129)
r(19,194,6,129)
r(18,215,6,129)
r(4,202,6,129)
r(3,197,6,129)
r(11,220,6,129)
w(12,595,6,129)
w(13,597,6,129)
w(0,611,6,129)
r(15,103,6,130)
w(5,596,6,130)
r(3,102,6,130)
r(14,101,6,130)
w(17,599,6,130)
r(0,408,6,130)
w(10,579,6,130)
r(9,115,6,130)
r(4,395,6,130)
w(12,596,6,130)
w(13,598,6,130)
w(7,598,6,130)
w(19,578,6,130)
w(2,631,6,130)
r(11,220,6,130)
w(16,615,6,130)
w(1,578,6,130)
w(8,592,6,130)
w(6,626,6,130)
r(18,106,6,130)
r(16,615,6,131)
w(18,627,6,131)
w(1,579,6,131)
w(12,597,6,131)
r(14,101,6,131)
r(2,631,6,131)
w(10,580,6,131)
w(8,593,6,131)
r(9,115,6,131)
r(15,103,6,131)
r(17,599,6,131)
r(3,102,6,131)
r(6,626,6,131)
r(13,598,6,131)
w(5,597,6,131)
w(7,599,6,131)
r(0,408,6,131)
r(4,395,6,131)
r(11,220,6,131)
r(19,578,6,131)
w(4,604,6,132)
r(17,599,6,132)
r(5,596,6,132)
w(0,612,6,132)
r(14,101,6,132)
w(11,634,6,132)
w(7,600,6,132)
w(18,628,6,132)
w(1,580,6,132)
r(12,596,6,132)
r(15,103,6,132)
w(8,594,6,132)
r(19,578,6,132)
r(16,615,6,132)
r(13,598,6,132)
w(6,627,6,132)
w(2,632,6,132)
r(3,102,6,132)
w(9,628,6,132)
w(10,581,6,132)
r(3,201,6,133)
r(10,204,6,133)
w(4,605,6,133)
r(11,225,6,133)
w(7,601,6,133)
w(2,633,6,133)
w(16,616,6,133)
w(5,598,6,133)
w(6,628,6,133)
r(19,200,6,133)
w(14,609,6,133)
r(13,193,6,133)
w(8,595,6,133)
w(9,629,6,133)
w(17,600,6,133)
r(1,578,6,133)
w(18,629,6,133)
w(12,598,6,133)
r(0,408,6,133)
r(15,195,6,133)
r(9,920,6,134)
w(8,596,6,134)
r(16,930,6,134)
w(19,579,6,134)
w(4,606,6,134)
r(10,204,6,134)
r(6,215,6,134)
w(15,601,6,134)
r(17,202,6,134)
r(14,192,6,134)
r(13,193,6,134)
r(2,631,6,134)
r(18,949,6,134)
r(11,225,6,134)
w(0,613,6,134)
w(1,581,6,134)
w(3,606,6,134)
r(12,204,6,134)
w(5,599,6,134)
w(7,602,6,134)
w(10,582,6,135)
w(3,607,6,135)
w(15,602,6,135)
r(0,410,6,135)
w(1,582,6,135)
r(6,5,6,135)
w(5,600,6,135)
w(16,617,6,135)
w(13,599,6,135)
w(18,630,6,135)
w(7,603,6,135)
w(2,634,6,135)
w(12,599,6,135)
w(19,580,6,135)
r(11,7,6,135)
r(14,192,6,135)
w(9,630,6,135)
r(4,705,6,135)
w(8,597,6,135)
r(17,674,6,135)
r(0,410,6,136)
r(1,691,6,136)
w(9,631,6,136)
r(10,2,6,136)
w(11,635,6,136)
w(13,600,6,136)
w(18,631,6,136)
r(17,674,6,136)
w(19,581,6,136)
r(12,3,6,136)
w(15,603,6,136)
w(7,604,6,136)
w(8,598,6,136)
r(6,5,6,136)
w(3,608,6,136)
r(4,5,6,136)
w(16,618,6,136)
r(14,5,6,136)
r(2,723,6,136)
w(5,601,6,136)
w(10,583,6,137)
w(3,609,6,137)
w(11,636,6,137)
r(15,2,6,137)
w(12,600,6,137)
w(6,629,6,137)
w(7,605,6,137)
w(9,632,6,137)
r(19,669,6,137)
r(18,5,6,137)
r(8,592,6,137)
w(16,619,6,137)
r(17,674,6,137)
r(4,5,6,137)
w(14,610,6,137)
w(2,635,6,137)
r(13,4,6,137)
w(1,583,6,137)
w(5,602,6,137)
w(0,614,6,137)
r(4,308,6,138)
w(3,610,6,138)
r(14,302,6,138)
r(17,305,6,138)
w(11,637,6,138)
w(12,601,6,138)
w(16,620,6,138)
w(19,582,6,138)
w(1,584,6,138)
r(7,605,6,138)
w(18,632,6,138)
r(10,583,6,138)
r(2,328,6,138)
r(15,294,6,138)
w(13,601,6,138)
r(0,305,6,138)
r(8,592,6,138)
r(9,305,6,138)
w(6,630,6,138)
r(5,322,6,138)
w(14,611,6,139)
r(11,637,6,139)
r(6,630,6,139)
r(4,308,6,139)
w(17,601,6,139)
r(8,592,6,139)
w(13,602,6,139)
r(7,605,6,139)
r(5,322,6,139)
r(12,601,6,139)
w(3,611,6,139)
w(2,636,6,139)
r(15,294,6,139)
r(9,305,6,139)
w(19,583,6,139)
w(0,615,6,139)
r(16,620,6,139)
w(18,633,6,139)
r(10,583,6,139)
w(1,585,6,139)
w(0,691,7,140)
w(9,715,7,140)
r(1,98,7,140)
w(7,683,7,140)
w(12,693,7,140)
w(10,682,7,140)
r(3,92,7,140)
r(8,92,7,140)
w(5,694,7,140)
r(17,101,7,140)
w(14,713,7,140)
w(6,720,7,140)
r(2,0,7,140)
w(18,730,7,140)
w(15,693,7,140)
r(19,94,7,140)
w(13,700,7,140)
r(4,100,7,140)
r(11,107,7,140)
r(16,93,7,140)
w(4,699,7,141)
r(10,99,7,141)
w(5,695,7,141)
w(0,692,7,141)
r(2,0,7,141)
w(17,668,7,141)
w(1,688,7,141)
r(11,107,7,141)
w(8,681,7,141)
w(12,694,7,141)
r(13,282,7,141)
w(18,731,7,141)
w(3,689,7,141)
r(6,307,7,141)
r(14,94,7,141)
r(15,94,7,141)
r(16,93,7,141)
r(9,109,7,141)
w(7,684,7,141)
r(19,94,7,141)
r(13,282,7,142)
w(16,720,7,142)
r(18,102,7,142)
r(12,102,7,142)
r(9,109,7,142)
r(8,92,7,142)
w(15,694,7,142)
w(3,690,7,142)
r(0,297,7,142)
r(7,106,7,142)
w(4,700,7,142)
w(14,714,7,142)
r(11,107,7,142)
r(5,312,7,142)
r(17,101,7,142)
r(10,99,7,142)
w(19,664,7,142)
w(2,716,7,142)
w(1,689,7,142)
w(6,721,7,142)
w(7,685,7,143)
r(9,111,7,143)
r(1,98,7,143)
w(11,731,7,143)
r(13,93,7,143)
r(15,97,7,143)
w(12,695,7,143)
r(4,102,7,143)
r(5,110,7,143)
w(17,669,7,143)
w(6,722,7,143)
r(16,93,7,143)
w(19,665,7,143)
w(14,715,7,143)
w(8,682,7,143)
r(18,104,7,143)
w(2,717,7,143)
r(3,97,7,143)
w(10,683,7,143)
r(0,105,7,143)
w(10,684,7,144)
r(7,888,7,144)
r(9,299,7,144)
w(13,701,7,144)
r(6,308,7,144)
w(14,716,7,144)
r(11,316,7,144)
r(5,110,7,144)
w(15,695,7,144)
w(0,693,7,144)
r(3,297,7,144)
w(4,701,7,144)
w(2,718,7,144)
w(19,666,7,144)
r(8,96,7,144)
r(16,311,7,144)
r(1,98,7,144)
r(18,308,7,144)
w(17,670,7,144)
w(12,696,7,144)
w(4,702,7,145)
w(2,719,7,145)
r(12,393,7,145)
w(3,691,7,145)
r(1,393,7,145)
r(11,220,7,145)
w(7,686,7,145)
w(6,723,7,145)
r(10,392,7,145)
r(8,96,7,145)
r(13,378,7,145)
r(9,207,7,145)
r(0,201,7,145)
w(14,717,7,145)
r(17,199,7,145)
w(5,696,7,145)
w(18,732,7,145)
r(16,416,7,145)
r(19,194,7,145)
r(15,290,7,145)
w(2,720,7,146)
w(3,692,7,146)
r(10,392,7,146)
r(13,378,7,146)
w(9,716,7,146)
w(19,667,7,146)
w(7,687,7,146)
r(0,201,7,146)
w(16,721,7,146)
w(18,733,7,146)
r(17,199,7,146)
w(11,732,7,146)
w(14,718,7,146)
w(12,697,7,146)
r(1,393,7,146)
r(6,213,7,146)
w(5,697,7,146)
w(4,703,7,146)
w(15,696,7,146)
w(8,683,7,146)
w(2,721,7,147)
r(4,395,7,147)
w(18,734,7,147)
r(6,626,7,147)
w(17,671,7,147)
r(11,220,7,147)
r(8,592,7,147)
w(10,685,7,147)
r(3,102,7,147)
w(13,702,7,147)
w(7,688,7,147)
w(15,697,7,147)
w(12,698,7,147)
r(1,578,7,147)
w(19,668,7,147)
r(16,615,7,147)
w(14,719,7,147)
r(0,408,7,147)
w(9,717,7,147)
w(5,698,7,147)
w(14,720,7,148)
r(13,193,7,148)
r(6,215,7,148)
w(17,672,7,148)
r(8,592,7,148)
r(19,200,7,148)
w(9,718,7,148)
w(7,689,7,148)
r(2,631,7,148)
w(0,694,7,148)
w(3,693,7,148)
w(15,698,7,148)
w(4,704,7,148)
r(1,578,7,148)
w(12,699,7,148)
w(10,686,7,148)
w(16,722,7,148)
r(5,210,7,148)
w(11,733,7,148)
r(18,949,7,148)
w(17,673,7,149)
r(8,592,7,149)
w(0,695,7,149)
r(12,204,7,149)
r(1,402,7,149)
w(7,690,7,149)
r(18,424,7,149)
r(19,200,7,149)
r(5,210,7,149)
r(15,390,7,149)
w(14,721,7,149)
r(16,423,7,149)
w(3,694,7,149)
r(9,920,7,149)
w(10,687,7,149)
r(13,193,7,149)
r(4,397,7,149)
w(2,722,7,149)
w(11,734,7,149)
w(6,724,7,149)
w(1,690,7,150)
r(2,433,7,150)
r(15,390,7,150)
w(14,722,7,150)
r(13,193,7,150)
w(11,735,7,150)
r(12,204,7,150)
w(5,699,7,150)
w(9,719,7,150)
r(7,209,7,150)
w(8,684,7,150)
r(4,397,7,150)
r(10,398,7,150)
r(0,410,7,150)
r(17,405,7,150)
w(16,723,7,150)
w(6,725,7,150)
r(3,410,7,150)
r(19,200,7,150)
w(18,735,7,150)
w(2,723,7,151)
r(18,424,7,151)
r(9,920,7,151)
w(5,700,7,151)
w(7,691,7,151)
w(10,688,7,151)
r(15,390,7,151)
r(8,592,7,151)
r(6,215,7,151)
r(12,204,7,151)
w(16,724,7,151)
w(17,674,7,151)
w(4,705,7,151)
w(1,691,7,151)
r(11,429,7,151)
r(14,192,7,151)
w(19,669,7,151)
w(3,695,7,151)
r(0,410,7,151)
w(13,703,7,151)
r(4,705,7,152)
r(12,204,7,152)
r(0,410,7,152)
r(15,390,7,152)
w(1,692,7,152)
r(8,592,7,152)
w(16,725,7,152)
w(10,689,7,152)
r(7,691,7,152)
r(5,700,7,152)
w(18,736,7,152)
w(17,675,7,152)
w(9,720,7,152)
r(6,215,7,152)
r(19,669,7,152)
r(11,429,7,152)
r(2,723,7,152)
r(13,703,7,152)
r(3,695,7,152)
r(14,192,7,152)
r(17,674,7,153)
r(10,583,7,153)
r(12,600,7,153)
r(1,583,7,153)
w(13,704,7,153)
r(7,605,7,153)
r(18,5,7,153)
w(8,685,7,153)
r(4,5,7,153)
r(3,609,7,153)
w(2,724,7,153)
r(14,610,7,153)
w(5,701,7,153)
w(15,699,7,153)
r(0,614,7,153)
r(16,619,7,153)
r(9,632,7,153)
r(11,636,7,153)
r(6,629,7,153)
w(19,670,7,153)
r(12,300,7,154)
w(14,723,7,154)
w(11,736,7,154)
w(15,700,7,154)
r(6,629,7,154)
w(5,702,7,154)
w(1,693,7,154)
w(19,671,7,154)
w(2,725,7,154)
w(17,676,7,154)
r(16,619,7,154)
w(8,686,7,154)
r(3,302,7,154)
w(0,696,7,154)
r(9,304,7,154)
w(10,690,7,154)
w(7,692,7,154)
r(13,290,7,154)
r(18,5,7,154)
r(4,307,7,154)
r(1,584,7,155)
r(10,583,7,155)
r(11,637,7,155)
r(5,322,7,155)
r(4,308,7,155)
r(16,620,7,155)
w(0,697,7,155)
w(9,721,7,155)
r(6,630,7,155)
r(7,605,7,155)
r(2,328,7,155)
r(19,582,7,155)
w(13,705,7,155)
w(8,687,7,155)
w(14,724,7,155)
r(12,601,7,155)
r(17,305,7,155)
w(15,701,7,155)
w(18,737,7,155)
w(3,696,7,155)
r(6,630,7,156)
r(9,305,7,156)
w(11,737,7,156)
w(7,693,7,156)
r(13,601,7,156)
r(0,305,7,156)
r(18,632,7,156)
w(16,726,7,156)
w(1,694,7,156)
w(3,697,7,156)
w(14,725,7,156)
w(12,700,7,156)
w(5,703,7,156)
w(10,691,7,156)
w(19,672,7,156)
w(17,677,7,156)
w(15,702,7,156)
w(2,726,7,156)
w(4,706,7,156)
w(8,688,7,156)
r(15,4,7,157)
r(4,8,7,157)
w(16,727,7,157)
r(9,520,7,157)
r(14,10,7,157)
w(0,698,7,157)
r(7,500,7,157)
w(13,706,7,157)
w(1,695,7,157)
r(11,10,7,157)
r(17,499,7,157)
w(5,704,7,157)
r(3,610,7,157)
r(2,532,7,157)
r(8,487,7,157)
r(10,475,7,157)
r(6,7,7,157)
r(12,7,7,157)
w(18,738,7,157)
r(19,484,7,157)
w(15,703,7,158)
w(9,722,7,158)
w(7,694,7,158)
r(10,475,7,158)
r(13,492,7,158)
w(4,707,7,158)
r(16,529,7,158)
w(14,726,7,158)
w(6,726,7,158)
w(8,689,7,158)
r(5,7,7,158)
w(1,696,7,158)
r(2,532,7,158)
r(11,10,7,158)
r(3,610,7,158)
w(12,701,7,158)
r(0,515,7,158)
r(19,484,7,158)
r(18,528,7,158)
w(17,678,7,158)
w(19,673,7,159)
r(13,492,7,159)
r(4,8,7,159)
r(1,4,7,159)
w(7,695,7,159)
w(12,702,7,159)
w(15,704,7,159)
r(6,7,7,159)
w(5,705,7,159)
r(14,10,7,159)
r(17,499,7,159)
r(10,475,7,159)
w(11,738,7,159)
r(3,610,7,159)
r(2,532,7,159)
w(9,723,7,159)
w(18,739,7,159)
w(8,690,7,159)
r(16,529,7,159)
w(0,699,7,159)
r(1,98,8,160)
r(18,102,8,160)
w(3,794,8,160)
w(5,784,8,160)
r(0,101,8,160)
w(17,768,8,160)
w(19,771,8,160)
w(15,783,8,160)
r(2,0,8,160)
w(13,797,8,160)
w(6,825,8,160)
r(7,106,8,160)
w(9,826,8,160)
r(12,102,8,160)
r(8,92,8,160)
r(16,93,8,160)
w(4,795,8,160)
w(11,819,8,160)
w(14,817,8,160)
r(10,99,8,160)
w(13,798,8,161)
r(18,102,8,161)
w(6,826,8,161)
r(19,94,8,161)
r(16,93,8,161)
w(5,785,8,161)
r(7,106,8,161)
r(17,101,8,161)
r(2,0,8,161)
r(12,102,8,161)
r(8,92,8,161)
r(9,109,8,161)
w(10,773,8,161)
r(15,94,8,161)
r(0,101,8,161)
w(3,795,8,161)
w(14,818,8,161)
r(4,100,8,161)
w(11,820,8,161)
r(1,98,8,161)
w(3,796,8,162)
w(12,801,8,162)
w(9,827,8,162)
r(5,108,8,162)
w(10,774,8,162)
w(19,772,8,162)
r(8,92,8,162)
r(2,0,8,162)
w(6,827,8,162)
w(18,834,8,162)
r(16,93,8,162)
w(11,821,8,162)
r(7,106,8,162)
r(4,100,8,162)
r(1,98,8,162)
w(15,784,8,162)
r(0,101,8,162)
r(17,101,8,162)
r(14,94,8,162)
r(13,91,8,162)
w(3,797,8,163)
w(10,775,8,163)
w(2,817,8,163)
w(7,781,8,163)
w(1,793,8,163)
r(8,92,8,163)
w(12,802,8,163)
r(0,297,8,163)
r(13,282,8,163)
r(5,312,8,163)
r(4,100,8,163)
r(14,94,8,163)
w(9,828,8,163)
w(17,769,8,163)
r(6,307,8,163)
w(15,785,8,163)
w(11,822,8,163)
r(16,93,8,163)
r(18,102,8,163)
r(19,94,8,163)
r(16,93,8,164)
r(19,94,8,164)
w(11,823,8,164)
w(12,803,8,164)
w(8,771,8,164)
r(0,297,8,164)
w(5,786,8,164)
r(2,0,8,164)
w(9,829,8,164)
r(7,106,8,164)
r(14,94,8,164)
w(13,799,8,164)
w(4,796,8,164)
r(17,101,8,164)
w(18,835,8,164)
w(3,798,8,164)
r(10,99,8,164)
w(1,794,8,164)
r(15,94,8,164)
w(6,828,8,164)
r(3,97,8,165)
w(15,786,8,165)
w(7,782,8,165)
w(17,770,8,165)
r(2,108,8,165)
r(10,103,8,165)
r(19,96,8,165)
r(18,104,8,165)
r(0,105,8,165)
w(14,819,8,165)
w(11,824,8,165)
r(1,98,8,165)
r(13,93,8,165)
r(4,102,8,165)
w(5,787,8,165)
r(6,307,8,165)
w(12,804,8,165)
w(8,772,8,165)
w(16,822,8,165)
w(9,830,8,165)
r(1,98,8,166)
r(9,111,8,166)
r(8,96,8,166)
w(6,829,8,166)
r(2,108,8,166)
r(4,102,8,166)
r(14,96,8,166)
r(11,111,8,166)
r(5,110,8,166)
r(13,93,8,166)
r(15,97,8,166)
w(17,771,8,166)
r(10,103,8,166)
r(18,104,8,166)
r(0,105,8,166)
r(7,106,8,166)
r(12,106,8,166)
w(16,823,8,166)
r(19,96,8,166)
w(3,799,8,166)
w(13,800,8,167)
r(18,308,8,167)
r(17,771,8,167)
r(16,311,8,167)
w(0,780,8,167)
w(15,787,8,167)
r(2,923,8,167)
r(4,102,8,167)
r(7,888,8,167)
w(11,825,8,167)
r(3,297,8,167)
w(1,795,8,167)
r(14,294,8,167)
w(12,805,8,167)
w(8,773,8,167)
w(6,830,8,167)
r(19,96,8,167)
r(9,299,8,167)
w(10,776,8,167)
w(5,788,8,167)
r(14,188,8,168)
w(5,789,8,168)
r(11,220,8,168)
r(15,290,8,168)
w(9,831,8,168)
w(6,831,8,168)
w(16,824,8,168)
w(2,818,8,168)
w(13,801,8,168)
r(4,202,8,168)
r(3,197,8,168)
w(12,806,8,168)
r(18,215,8,168)
r(1,393,8,168)
r(0,201,8,168)
w(7,783,8,168)
w(10,777,8,168)
w(17,772,8,168)
w(8,774,8,168)
r(19,194,8,168)
w(12,807,8,169)
w(1,796,8,169)
r(8,96,8,169)
w(10,778,8,169)
r(5,207,8,169)
r(16,416,8,169)
r(9,207,8,169)
r(13,378,8,169)
w(7,784,8,169)
w(3,800,8,169)
r(2,222,8,169)
r(11,220,8,169)
r(14,188,8,169)
r(4,202,8,169)
w(6,832,8,169)
r(0,201,8,169)
r(17,199,8,169)
r(15,290,8,169)
w(19,773,8,169)
w(18,836,8,169)
w(11,826,8,170)
w(19,774,8,170)
r(6,213,8,170)
r(13,378,8,170)
r(18,215,8,170)
r(16,416,8,170)
r(7,206,8,170)
r(2,222,8,170)
w(14,820,8,170)
w(5,790,8,170)
w(15,788,8,170)
r(1,393,8,170)
w(12,808,8,170)
r(4,202,8,170)
w(3,801,8,170)
w(0,781,8,170)
w(17,773,8,170)
r(8,96,8,170)
r(9,207,8,170)
r(10,392,8,170)
r(9,115,8,171)
w(1,797,8,171)
w(2,819,8,171)
r(0,408,8,171)
w(4,797,8,171)
w(11,827,8,171)
r(13,598,8,171)
r(10,579,8,171)
w(19,775,8,171)
w(12,809,8,171)
w(14,821,8,171)
w(7,785,8,171)
w(6,833,8,171)
r(3,102,8,171)
w(15,789,8,171)
w(17,774,8,171)
r(16,615,8,171)
w(8,775,8,171)
w(18,837,8,171)
w(5,791,8,171)
r(4,395,8,172)
r(5,596,8,172)
w(2,820,8,172)
r(8,592,8,172)
w(1,798,8,172)
r(11,220,8,172)
w(14,822,8,172)
r(3,102,8,172)
w(0,782,8,172)
w(10,779,8,172)
w(7,786,8,172)
w(18,838,8,172)
r(9,115,8,172)
r(6,626,8,172)
r(19,578,8,172)
r(13,598,8,172)
r(12,596,8,172)
r(15,103,8,172)
r(16,615,8,172)
r(17,599,8,172)
r(12,596,8,173)
r(18,106,8,173)
w(9,832,8,173)
w(17,775,8,173)
w(3,802,8,173)
w(7,787,8,173)
r(2,631,8,173)
r(6,626,8,173)
r(5,596,8,173)
r(4,395,8,173)
r(14,101,8,173)
w(1,799,8,173)
r(15,103,8,173)
w(16,825,8,173)
w(11,828,8,173)
w(13,802,8,173)
w(10,780,8,173)
w(19,776,8,173)
r(0,408,8,173)
r(8,592,8,173)
r(4,395,8,174)
r(7,598,8,174)
r(17,599,8,174)
r(8,592,8,174)
w(5,792,8,174)
r(10,579,8,174)
r(0,408,8,174)
w(18,839,8,174)
r(2,631,8,174)
w(15,790,8,174)
r(11,220,8,174)
r(1,578,8,174)
r(14,101,8,174)
r(3,102,8,174)
w(16,826,8,174)
w(9,833,8,174)
r(6,626,8,174)
w(19,777,8,174)
r(12,596,8,174)
w(13,803,8,174)
w(6,834,8,175)
r(4,395,8,175)
w(5,793,8,175)
r(3,102,8,175)
r(8,592,8,175)
r(14,101,8,175)
w(9,834,8,175)
r(1,578,8,175)
w(7,788,8,175)
w(15,791,8,175)
r(0,408,8,175)
w(17,776,8,175)
w(2,821,8,175)
w(12,810,8,175)
r(13,598,8,175)
w(18,840,8,175)
w(16,827,8,175)
r(11,220,8,175)
r(10,579,8,175)
r(19,578,8,175)
r(15,195,8,176)
r(3,201,8,176)
r(5,210,8,176)
r(11,225,8,176)
w(9,835,8,176)
w(17,777,8,176)
w(7,789,8,176)
r(0,408,8,176)
w(16,828,8,176)
w(10,781,8,176)
r(14,192,8,176)
w(6,835,8,176)
r(18,949,8,176)
r(13,193,8,176)
w(19,778,8,176)
r(1,578,8,176)
w(4,798,8,176)
w(8,776,8,176)
w(2,822,8,176)
r(12,204,8,176)
w(6,836,8,177)
r(4,397,8,177)
r(15,390,8,177)
w(17,778,8,177)
w(12,811,8,177)
r(3,409,8,177)
w(1,800,8,177)
w(13,804,8,177)
w(10,782,8,177)
w(11,829,8,177)
w(7,790,8,177)
r(18,949,8,177)
r(14,192,8,177)
r(8,592,8,177)
w(16,829,8,177)
w(9,836,8,177)
r(2,631,8,177)
r(5,210,8,177)
w(19,779,8,177)
r(0,408,8,177)
w(11,830,8,178)
r(16,930,8,178)
r(2,631,8,178)
w(6,837,8,178)
w(7,791,8,178)
w(1,801,8,178)
r(14,192,8,178)
r(13,193,8,178)
w(8,777,8,178)
r(4,397,8,178)
r(0,408,8,178)
r(19,200,8,178)
w(18,841,8,178)
r(9,920,8,178)
r(3,409,8,178)
w(17,779,8,178)
r(12,204,8,178)
w(15,792,8,178)
r(5,210,8,178)
w(10,783,8,178)
r(3,409,8,179)
w(18,842,8,179)
r(10,397,8,179)
w(2,823,8,179)
w(0,783,8,179)
r(17,404,8,179)
r(1,578,8,179)
r(9,920,8,179)
r(4,397,8,179)
r(6,215,8,179)
w(14,823,8,179)
r(19,200,8,179)
r(7,209,8,179)
r(11,428,8,179)
r(12,204,8,179)
w(15,793,8,179)
w(8,778,8,179)
r(16,930,8,179)
r(5,210,8,179)
r(13,193,8,179)
r(9,109,9,180)
r(14,94,9,180)
w(0,867,9,180)
r(8,92,9,180)
w(19,873,9,180)
w(17,873,9,180)
w(11,917,9,180)
w(2,922,9,180)
r(12,102,9,180)
r(10,99,9,180)
r(16,93,9,180)
r(7,106,9,180)
w(4,894,9,180)
r(13,282,9,180)
w(5,898,9,180)
w(3,901,9,180)
r(1,98,9,180)
r(15,94,9,180)
w(18,944,9,180)
w(6,929,9,180)
r(1,98,9,181)
r(4,102,9,181)
w(13,901,9,181)
w(7,888,9,181)
w(9,915,9,181)
w(15,887,9,181)
w(14,913,9,181)
w(6,930,9,181)
r(12,106,9,181)
r(5,110,9,181)
r(19,96,9,181)
r(0,105,9,181)
r(8,96,9,181)
r(16,823,9,181)
w(3,902,9,181)
w(11,918,9,181)
r(18,104,9,181)
w(2,923,9,181)
w(10,887,9,181)
r(17,771,9,181)
r(9,299,9,182)
r(14,294,9,182)
r(11,316,9,182)
r(16,311,9,182)
w(19,874,9,182)
w(10,888,9,182)
r(6,308,9,182)
r(7,888,9,182)
r(3,297,9,182)
w(4,895,9,182)
r(17,771,9,182)
r(18,308,9,182)
r(2,923,9,182)
w(15,888,9,182)
w(1,894,9,182)
r(12,106,9,182)
r(0,105,9,182)
w(8,867,9,182)
r(13,901,9,182)
r(5,110,9,182)
w(5,899,9,183)
w(8,868,9,183)
r(13,378,9,183)
r(3,197,9,183)
r(11,220,9,183)
w(12,913,9,183)
w(18,945,9,183)
w(17,874,9,183)
w(2,924,9,183)
r(4,202,9,183)
w(19,875,9,183)
r(15,290,9,183)
r(6,213,9,183)
w(10,889,9,183)
w(14,914,9,183)
r(16,416,9,183)
r(1,393,9,183)
r(0,201,9,183)
r(9,207,9,183)
r(7,206,9,183)
r(12,393,9,184)
w(1,895,9,184)
r(7,206,9,184)
w(0,868,9,184)
r(10,392,9,184)
r(2,222,9,184)
w(5,900,9,184)
w(18,946,9,184)
w(13,902,9,184)
r(19,194,9,184)
w(17,875,9,184)
r(16,416,9,184)
r(3,197,9,184)
w(14,915,9,184)
r(6,213,9,184)
w(9,916,9,184)
w(4,896,9,184)
w(11,919,9,184)
w(8,869,9,184)
r(15,290,9,184)
w(10,890,9,185)
r(2,222,9,185)
w(16,925,9,185)
w(12,914,9,185)
r(6,213,9,185)
r(18,215,9,185)
w(1,896,9,185)
r(9,207,9,185)
r(13,378,9,185)
r(4,202,9,185)
w(11,920,9,185)
r(5,207,9,185)
w(15,889,9,185)
w(8,870,9,185)
r(17,199,9,185)
w(14,916,9,185)
r(7,206,9,185)
r(19,194,9,185)
w(0,869,9,185)
w(3,903,9,185)
w(5,901,9,186)
w(1,897,9,186)
w(0,870,9,186)
w(13,903,9,186)
w(12,915,9,186)
r(15,290,9,186)
r(3,197,9,186)
w(7,889,9,186)
r(11,220,9,186)
r(14,188,9,186)
w(10,891,9,186)
w(17,876,9,186)
w(8,871,9,186)
r(2,222,9,186)
w(6,931,9,186)
w(4,897,9,186)
w(19,876,9,186)
w(16,926,9,186)
w(18,947,9,186)
r(9,207,9,186)
r(11,220,9,187)
w(14,917,9,187)
w(13,904,9,187)
w(4,898,9,187)
r(10,891,9,187)
r(15,290,9,187)
r(5,901,9,187)
w(1,898,9,187)
r(3,197,9,187)
r(6,931,9,187)
w(2,925,9,187)
r(17,876,9,187)
w(0,871,9,187)
w(19,877,9,187)
r(9,207,9,187)
r(8,871,9,187)
w(16,927,9,187)
w(12,916,9,187)
r(18,947,9,187)
w(7,890,9,187)
r(0,870,9,188)
r(4,897,9,188)
w(19,878,9,188)
w(14,918,9,188)
r(11,220,9,188)
r(16,926,9,188)
r(6,931,9,188)
w(9,917,9,188)
r(15,290,9,188)
w(5,902,9,188)
r(8,871,9,188)
w(10,892,9,188)
w(18,948,9,188)
r(12,915,9,188)
r(7,889,9,188)
r(17,876,9,188)
w(1,899,9,188)
w(13,905,9,188)
r(3,197,9,188)
r(2,222,9,188)
w(5,903,9,189)
r(10,891,9,189)
r(0,408,9,189)
w(9,918,9,189)
r(1,897,9,189)
r(2,431,9,189)
w(19,879,9,189)
w(16,928,9,189)
r(12,915,9,189)
w(7,891,9,189)
w(6,932,9,189)
w(13,906,9,189)
r(8,373,9,189)
r(15,290,9,189)
r(3,197,9,189)
w(17,877,9,189)
r(18,947,9,189)
r(4,897,9,189)
r(14,188,9,189)
r(11,220,9,189)
r(17,401,9,190)
r(10,396,9,190)
w(3,904,9,190)
w(0,872,9,190)
w(9,919,9,190)
r(19,389,9,190)
w(11,921,9,190)
w(12,917,9,190)
w(15,890,9,190)
w(16,929,9,190)
r(18,106,9,190)
r(6,110,9,190)
r(8,374,9,190)
w(4,899,9,190)
w(13,907,9,190)
r(2,113,9,190)
w(1,900,9,190)
r(7,113,9,190)
w(14,919,9,190)
w(5,904,9,190)
w(18,949,9,191)
w(9,920,9,191)
w(16,930,9,191)
w(19,880,9,191)
r(15,103,9,191)
r(3,102,9,191)
r(2,631,9,191)
w(10,893,9,191)
w(5,905,9,191)
r(1,578,9,191)
w(17,878,9,191)
r(7,598,9,191)
r(8,592,9,191)
w(6,933,9,191)
r(13,598,9,191)
r(0,408,9,191)
r(4,395,9,191)
r(14,101,9,191)
r(12,596,9,191)
w(11,922,9,191)
r(17,404,9,192)
r(11,428,9,192)
r(3,409,9,192)
r(5,210,9,192)
r(13,193,9,192)
r(12,204,9,192)
r(10,397,9,192)
r(14,192,9,192)
w(4,900,9,192)
r(18,949,9,192)
w(6,934,9,192)
r(2,631,9,192)
r(19,200,9,192)
w(1,901,9,192)
w(15,891,9,192)
w(0,873,9,192)
r(9,920,9,192)
w(7,892,9,192)
r(16,930,9,192)
w(8,872,9,192)
w(8,873,9,193)
w(13,908,9,193)
w(1,902,9,193)
r(0,410,9,193)
w(19,881,9,193)
w(12,918,9,193)
w(4,901,9,193)
r(14,192,9,193)
r(15,390,9,193)
r(9,920,9,193)
r(11,429,9,193)
r(3,410,9,193)
w(16,931,9,193)
r(2,433,9,193)
r(10,398,9,193)
w(18,950,9,193)
w(17,879,9,193)
r(7,209,9,193)
r(5,210,9,193)
w(6,935,9,193)
w(7,893,9,194)
r(11,429,9,194)
w(1,903,9,194)
r(5,210,9,194)
r(14,192,9,194)
r(0,410,9,194)
w(19,882,9,194)
r(9,920,9,194)
r(3,410,9,194)
w(10,894,9,194)
r(15,390,9,194)
r(12,204,9,194)
w(18,951,9,194)
r(6,215,9,194)
r(2,433,9,194)
r(4,397,9,194)
r(13,193,9,194)
r(8,592,9,194)
r(16,423,9,194)
r(17,405,9,194)
r(17,674,9,195)
w(9,921,9,195)
w(11,923,9,195)
r(6,5,9,195)
w(15,892,9,195)
r(1,691,9,195)
r(7,691,9,195)
r(3,695,9,195)
r(4,705,9,195)
r(8,592,9,195)
w(0,874,9,195)
r(2,723,9,195)
w(13,909,9,195)
r(14,192,9,195)
w(18,952,9,195)
w(19,883,9,195)
r(5,700,9,195)
r(10,688,9,195)
w(16,932,9,195)
r(12,204,9,195)
r(1,691,9,196)
w(0,875,9,196)
w(12,919,9,196)
r(6,5,9,196)
w(16,933,9,196)
w(11,924,9,196)
r(14,5,9,196)
r(4,5,9,196)
w(17,880,9,196)
w(9,922,9,196)
r(2,723,9,196)
r(15,2,9,196)
r(18,5,9,196)
r(3,5,9,196)
w(19,884,9,196)
r(10,2,9,196)
w(8,874,9,196)
r(5,4,9,196)
w(7,894,9,196)
w(13,910,9,196)
r(14,610,9,197)
r(0,614,9,197)
r(6,629,9,197)
r(4,5,9,197)
w(12,920,9,197)
r(10,583,9,197)
r(13,4,9,197)
w(7,895,9,197)
w(19,885,9,197)
r(9,632,9,197)
r(2,635,9,197)
r(15,2,9,197)
r(8,592,9,197)
w(11,925,9,197)
w(3,905,9,197)
w(16,934,9,197)
w(5,906,9,197)
r(17,674,9,197)
r(18,5,9,197)
w(1,904,9,197)
w(9,923,9,198)
w(14,920,9,198)
w(6,936,9,198)
w(0,876,9,198)
w(8,875,9,198)
w(4,902,9,198)
r(10,583,9,198)
w(17,881,9,198)
w(13,911,9,198)
r(18,5,9,198)
r(3,302,9,198)
w(2,926,9,198)
r(16,619,9,198)
w(5,907,9,198)
r(19,669,9,198)
w(1,905,9,198)
w(7,896,9,198)
w(11,926,9,198)
r(15,294,9,198)
w(12,921,9,198)
r(2,532,9,199)
r(16,529,9,199)
r(19,484,9,199)
r(15,4,9,199)
r(5,7,9,199)
r(6,7,9,199)
r(3,610,9,199)
r(1,4,9,199)
r(4,8,9,199)
w(12,922,9,199)
r(0,515,9,199)
w(7,897,9,199)
w(10,895,9,199)
w(8,876,9,199)
r(14,10,9,199)
r(13,492,9,199)
w(9,924,9,199)
w(18,953,9,199)
r(11,10,9,199)
r(17,499,9,199)
