r(16,294,0,0)
w(6,1,0,0)
r(18,895,0,0)
w(5,1,0,0)
r(13,106,0,0)
w(7,1,0,0)
r(10,875,0,0)
r(3,939,0,0)
w(0,1,0,0)
r(4,286,0,0)
w(8,1,0,0)
r(15,939,0,0)
r(11,870,0,0)
w(9,1,0,0)
r(12,99,0,0)
r(19,91,0,0)
w(1,1,0,0)
r(14,292,0,0)
w(2,1,0,0)
r(17,885,0,0)
r(15,939,0,1)
w(14,1,0,1)
r(10,875,0,1)
w(19,1,0,1)
w(16,1,0,1)
r(1,908,0,1)
w(2,2,0,1)
r(8,305,0,1)
w(9,2,0,1)
w(4,1,0,1)
w(11,1,0,1)
r(17,885,0,1)
w(7,2,0,1)
w(3,1,0,1)
w(18,1,0,1)
r(5,888,0,1)
r(12,99,0,1)
r(6,295,0,1)
r(0,883,0,1)
r(13,106,0,1)
w(14,2,0,2)
r(10,875,0,2)
r(4,286,0,2)
w(15,1,0,2)
r(12,99,0,2)
w(9,3,0,2)
w(17,1,0,2)
r(0,883,0,2)
w(1,2,0,2)
w(13,1,0,2)
w(19,2,0,2)
r(18,895,0,2)
r(3,939,0,2)
w(5,2,0,2)
w(6,2,0,2)
w(2,3,0,2)
w(16,2,0,2)
w(7,3,0,2)
w(11,2,0,2)
r(8,305,0,2)
r(17,885,0,3)
r(19,91,0,3)
w(3,2,0,3)
w(7,4,0,3)
w(2,4,0,3)
w(10,1,0,3)
w(12,1,0,3)
w(9,4,0,3)
r(6,295,0,3)
w(11,3,0,3)
w(13,2,0,3)
w(0,2,0,3)
r(4,286,0,3)
w(1,3,0,3)
r(5,888,0,3)
w(8,2,0,3)
r(15,939,0,3)
w(14,3,0,3)
w(16,3,0,3)
w(18,2,0,3)
r(4,892,0,4)
w(9,5,0,4)
r(18,896,0,4)
w(5,3,0,4)
r(19,91,0,4)
r(0,883,0,4)
w(12,2,0,4)
r(14,292,0,4)
r(13,907,0,4)
r(2,302,0,4)
w(8,3,0,4)
r(1,908,0,4)
r(6,916,0,4)
w(7,5,0,4)
w(3,3,0,4)
w(15,2,0,4)
w(11,4,0,4)
r(10,877,0,4)
r(16,294,0,4)
w(17,2,0,4)
r(2,302,0,5)
w(10,2,0,5)
r(4,92,0,5)
r(19,302,0,5)
r(7,902,0,5)
w(18,3,0,5)
w(0,3,0,5)
w(11,5,0,5)
r(6,916,0,5)
w(1,4,0,5)
w(8,4,0,5)
r(17,106,0,5)
r(16,294,0,5)
r(12,100,0,5)
r(3,939,0,5)
r(15,313,0,5)
w(14,4,0,5)
w(13,3,0,5)
w(9,6,0,5)
w(5,4,0,5)
w(10,3,0,6)
w(11,6,0,6)
r(8,308,0,6)
r(1,116,0,6)
w(19,3,0,6)
r(12,100,0,6)
r(16,294,0,6)
w(17,3,0,6)
w(7,6,0,6)
r(15,313,0,6)
r(3,939,0,6)
r(14,101,0,6)
r(18,896,0,6)
w(9,7,0,6)
r(0,883,0,6)
w(2,5,0,6)
r(4,92,0,6)
r(5,888,0,6)
r(6,916,0,6)
w(13,4,0,6)
r(0,883,0,7)
r(18,896,0,7)
r(2,302,0,7)
r(19,302,0,7)
w(11,7,0,7)
r(12,100,0,7)
w(6,3,0,7)
w(17,4,0,7)
r(8,308,0,7)
r(4,92,0,7)
r(13,108,0,7)
w(7,7,0,7)
w(1,5,0,7)
r(14,101,0,7)
r(5,888,0,7)
r(3,939,0,7)
r(10,109,0,7)
w(16,4,0,7)
w(15,3,0,7)
w(9,8,0,7)
w(15,4,0,8)
w(1,6,0,8)
r(19,302,0,8)
r(2,302,0,8)
r(0,883,0,8)
r(5,888,0,8)
r(12,100,0,8)
r(17,106,0,8)
w(16,5,0,8)
w(13,5,0,8)
w(9,9,0,8)
w(4,2,0,8)
w(3,4,0,8)
w(14,5,0,8)
w(11,8,0,8)
r(10,109,0,8)
r(6,916,0,8)
w(7,8,0,8)
r(8,308,0,8)
w(18,4,0,8)
r(1,116,0,9)
r(10,109,0,9)
r(19,304,0,9)
w(17,5,0,9)
w(12,3,0,9)
r(14,101,0,9)
r(2,304,0,9)
r(0,883,0,9)
r(6,916,0,9)
r(13,108,0,9)
w(4,3,0,9)
r(5,318,0,9)
w(7,9,0,9)
r(8,311,0,9)
r(3,939,0,9)
w(11,9,0,9)
w(9,10,0,9)
r(18,289,0,9)
r(16,297,0,9)
w(15,5,0,9)
w(9,11,0,10)
r(4,590,0,10)
w(12,4,0,10)
w(19,4,0,10)
w(17,6,0,10)
r(18,583,0,10)
r(15,313,0,10)
w(14,6,0,10)
w(16,6,0,10)
r(0,883,0,10)
r(3,632,0,10)
w(10,4,0,10)
r(11,583,0,10)
w(2,6,0,10)
w(5,5,0,10)
r(6,916,0,10)
r(13,602,0,10)
r(8,591,0,10)
w(1,7,0,10)
w(7,10,0,10)
w(4,4,0,11)
w(0,4,0,11)
w(10,5,0,11)
w(14,7,0,11)
r(19,574,0,11)
r(9,608,0,11)
w(8,5,0,11)
w(12,5,0,11)
w(1,8,0,11)
r(16,297,0,11)
w(7,11,0,11)
r(3,632,0,11)
w(11,10,0,11)
w(2,7,0,11)
r(17,106,0,11)
w(13,6,0,11)
w(6,4,0,11)
r(15,313,0,11)
w(5,6,0,11)
w(18,5,0,11)
w(5,7,0,12)
w(18,6,0,12)
r(0,883,0,12)
r(11,583,0,12)
r(16,297,0,12)
r(14,101,0,12)
w(4,5,0,12)
w(6,5,0,12)
w(10,6,0,12)
w(12,6,0,12)
r(17,106,0,12)
w(9,12,0,12)
w(13,7,0,12)
r(2,594,0,12)
r(15,313,0,12)
w(8,6,0,12)
w(7,12,0,12)
w(1,9,0,12)
r(19,574,0,12)
r(3,632,0,12)
r(10,579,0,13)
r(6,916,0,13)
w(17,7,0,13)
w(9,13,0,13)
r(2,594,0,13)
w(1,10,0,13)
w(11,11,0,13)
w(8,7,0,13)
r(16,297,0,13)
w(13,8,0,13)
w(4,6,0,13)
w(12,7,0,13)
r(19,574,0,13)
r(18,583,0,13)
r(7,611,0,13)
r(14,101,0,13)
w(5,8,0,13)
w(0,5,0,13)
w(15,6,0,13)
r(3,632,0,13)
r(16,297,0,14)
r(12,288,0,14)
w(5,9,0,14)
r(0,310,0,14)
w(11,12,0,14)
r(6,304,0,14)
w(8,8,0,14)
w(2,8,0,14)
w(13,9,0,14)
w(9,14,0,14)
r(18,292,0,14)
r(10,579,0,14)
r(7,611,0,14)
w(1,11,0,14)
r(17,301,0,14)
r(19,307,0,14)
w(4,7,0,14)
w(14,8,0,14)
w(15,7,0,14)
w(3,5,0,14)
w(10,7,0,15)
w(8,9,0,15)
w(16,7,0,15)
r(12,288,0,15)
r(4,7,0,15)
r(0,310,0,15)
r(6,304,0,15)
r(11,12,0,15)
w(13,10,0,15)
r(14,8,0,15)
w(9,15,0,15)
w(5,10,0,15)
r(15,7,0,15)
w(2,9,0,15)
w(1,12,0,15)
r(18,292,0,15)
w(17,8,0,15)
w(7,13,0,15)
r(19,307,0,15)
w(3,6,0,15)
w(9,16,0,16)
w(1,13,0,16)
w(19,5,0,16)
w(4,8,0,16)
r(2,8,0,16)
w(16,8,0,16)
r(0,310,0,16)
w(10,8,0,16)
r(12,288,0,16)
r(8,8,0,16)
w(7,14,0,16)
r(5,9,0,16)
r(11,12,0,16)
r(15,7,0,16)
r(13,9,0,16)
w(18,7,0,16)
r(6,304,0,16)
w(3,7,0,16)
r(17,301,0,16)
r(14,8,0,16)
r(5,9,0,17)
w(17,9,0,17)
r(10,579,0,17)
r(12,288,0,17)
r(8,8,0,17)
w(6,6,0,17)
w(14,9,0,17)
w(4,9,0,17)
r(18,292,0,17)
w(13,11,0,17)
w(7,15,0,17)
r(3,5,0,17)
r(9,14,0,17)
r(15,7,0,17)
w(1,14,0,17)
w(11,13,0,17)
r(16,297,0,17)
w(0,6,0,17)
r(2,8,0,17)
w(19,6,0,17)
r(3,109,0,18)
w(11,14,0,18)
w(7,16,0,18)
r(18,103,0,18)
r(17,587,0,18)
r(5,897,0,18)
w(19,7,0,18)
w(0,7,0,18)
r(15,105,0,18)
w(14,10,0,18)
w(12,8,0,18)
r(9,816,0,18)
r(6,815,0,18)
w(8,10,0,18)
r(16,98,0,18)
w(4,10,0,18)
r(1,118,0,18)
r(2,100,0,18)
w(10,9,0,18)
r(13,113,0,18)
w(8,11,0,19)
w(6,7,0,19)
r(5,222,0,19)
w(13,12,0,19)
r(0,209,0,19)
w(3,8,0,19)
r(14,210,0,19)
w(17,10,0,19)
w(10,10,0,19)
r(12,207,0,19)
r(2,209,0,19)
r(4,193,0,19)
w(15,8,0,19)
r(7,208,0,19)
r(16,98,0,19)
r(11,115,0,19)
r(9,216,0,19)
w(1,15,0,19)
r(18,201,0,19)
w(19,8,0,19)
w(16,92,1,20)
r(3,0,1,20)
r(15,0,1,20)
w(1,111,1,20)
w(8,106,1,20)
r(18,0,1,20)
r(17,0,1,20)
w(5,107,1,20)
w(14,97,1,20)
w(12,96,1,20)
w(11,107,1,20)
r(6,0,1,20)
w(10,106,1,20)
w(19,87,1,20)
r(9,0,1,20)
w(0,97,1,20)
r(2,0,1,20)
w(4,88,1,20)
w(13,104,1,20)
w(7,102,1,20)
w(8,107,1,21)
w(5,108,1,21)
r(0,97,1,21)
r(6,0,1,21)
w(9,111,1,21)
w(17,101,1,21)
w(19,88,1,21)
w(1,112,1,21)
w(13,105,1,21)
r(15,0,1,21)
r(4,88,1,21)
r(12,96,1,21)
r(10,106,1,21)
w(3,102,1,21)
r(7,102,1,21)
r(18,0,1,21)
r(14,97,1,21)
r(2,0,1,21)
w(16,93,1,21)
w(11,108,1,21)
r(13,105,1,22)
w(12,97,1,22)
r(15,0,1,22)
r(2,0,1,22)
r(3,102,1,22)
w(8,108,1,22)
w(19,89,1,22)
w(0,98,1,22)
w(4,89,1,22)
r(5,108,1,22)
r(11,108,1,22)
r(6,0,1,22)
w(7,103,1,22)
w(16,94,1,22)
r(1,112,1,22)
r(17,101,1,22)
w(9,112,1,22)
w(14,98,1,22)
r(18,0,1,22)
r(10,106,1,22)
r(16,94,1,23)
r(8,108,1,23)
r(13,105,1,23)
w(12,98,1,23)
w(9,113,1,23)
r(2,0,1,23)
r(10,106,1,23)
w(17,102,1,23)
w(19,90,1,23)
w(18,93,1,23)
w(4,90,1,23)
w(14,99,1,23)
w(6,99,1,23)
w(15,101,1,23)
r(1,112,1,23)
r(11,108,1,23)
r(5,108,1,23)
r(3,102,1,23)
r(0,98,1,23)
r(7,103,1,23)
w(18,94,1,24)
w(3,103,1,24)
r(5,108,1,24)
w(17,103,1,24)
r(15,101,1,24)
r(10,106,1,24)
w(12,99,1,24)
w(7,104,1,24)
r(14,99,1,24)
w(19,91,1,24)
r(8,108,1,24)
r(4,90,1,24)
r(0,98,1,24)
w(11,109,1,24)
w(2,94,1,24)
w(1,113,1,24)
w(9,114,1,24)
w(13,106,1,24)
r(16,94,1,24)
w(6,100,1,24)
r(8,108,1,25)
r(4,90,1,25)
w(19,92,1,25)
r(5,108,1,25)
w(10,107,1,25)
r(14,99,1,25)
r(13,106,1,25)
r(11,109,1,25)
r(16,94,1,25)
r(6,100,1,25)
w(18,95,1,25)
w(3,104,1,25)
w(17,104,1,25)
r(15,101,1,25)
r(0,98,1,25)
r(7,104,1,25)
w(1,114,1,25)
r(2,94,1,25)
r(9,114,1,25)
r(12,99,1,25)
w(18,96,1,26)
r(5,888,1,26)
w(17,105,1,26)
r(15,939,1,26)
r(16,294,1,26)
w(19,93,1,26)
r(12,99,1,26)
w(13,107,1,26)
w(3,105,1,26)
w(2,95,1,26)
r(11,870,1,26)
w(14,100,1,26)
w(4,91,1,26)
w(7,105,1,26)
r(9,910,1,26)
r(0,883,1,26)
w(6,101,1,26)
w(10,108,1,26)
w(8,109,1,26)
w(1,115,1,26)
r(3,939,1,27)
r(0,883,1,27)
w(1,116,1,27)
w(11,110,1,27)
w(10,109,1,27)
r(7,902,1,27)
w(9,115,1,27)
w(15,102,1,27)
r(16,294,1,27)
r(19,91,1,27)
w(14,101,1,27)
r(5,888,1,27)
w(12,100,1,27)
r(2,302,1,27)
r(6,916,1,27)
w(13,108,1,27)
w(17,106,1,27)
r(8,897,1,27)
r(18,896,1,27)
w(4,92,1,27)
w(10,110,1,28)
r(4,92,1,28)
w(2,96,1,28)
r(5,888,1,28)
r(18,896,1,28)
r(14,101,1,28)
w(8,110,1,28)
r(0,883,1,28)
w(15,103,1,28)
w(13,109,1,28)
r(6,916,1,28)
w(9,116,1,28)
w(12,101,1,28)
r(11,110,1,28)
r(3,939,1,28)
r(1,116,1,28)
r(7,902,1,28)
r(16,294,1,28)
r(17,106,1,28)
r(19,302,1,28)
r(16,294,1,29)
w(7,106,1,29)
r(1,116,1,29)
w(11,111,1,29)
w(2,97,1,29)
w(0,99,1,29)
w(4,93,1,29)
w(13,110,1,29)
w(12,102,1,29)
r(10,109,1,29)
w(8,111,1,29)
r(17,106,1,29)
w(18,97,1,29)
r(15,313,1,29)
w(6,102,1,29)
w(3,106,1,29)
r(5,888,1,29)
w(19,94,1,29)
w(9,117,1,29)
r(14,101,1,29)
r(2,302,1,30)
w(6,103,1,30)
r(0,883,1,30)
r(7,902,1,30)
w(16,95,1,30)
r(8,308,1,30)
r(19,302,1,30)
w(18,98,1,30)
w(12,103,1,30)
r(13,108,1,30)
w(4,94,1,30)
r(1,116,1,30)
w(11,112,1,30)
r(17,106,1,30)
r(9,115,1,30)
w(14,102,1,30)
w(3,107,1,30)
w(5,109,1,30)
r(10,109,1,30)
w(15,104,1,30)
r(15,313,1,31)
r(1,116,1,31)
w(9,118,1,31)
w(7,107,1,31)
r(2,302,1,31)
r(13,108,1,31)
w(10,111,1,31)
r(3,939,1,31)
w(19,95,1,31)
r(16,294,1,31)
w(17,107,1,31)
w(12,104,1,31)
w(18,99,1,31)
r(8,308,1,31)
r(11,110,1,31)
w(5,110,1,31)
r(6,916,1,31)
w(0,100,1,31)
r(14,101,1,31)
w(4,95,1,31)
r(10,579,1,32)
w(0,101,1,32)
w(12,105,1,32)
r(3,632,1,32)
r(9,608,1,32)
w(17,108,1,32)
w(18,100,1,32)
w(7,108,1,32)
w(6,104,1,32)
r(15,313,1,32)
w(13,111,1,32)
r(19,574,1,32)
r(5,318,1,32)
r(1,582,1,32)
w(14,103,1,32)
w(2,98,1,32)
w(16,96,1,32)
w(8,112,1,32)
r(11,583,1,32)
w(4,96,1,32)
w(6,105,1,33)
r(9,608,1,33)
r(14,101,1,33)
w(0,102,1,33)
r(13,602,1,33)
w(1,117,1,33)
w(18,101,1,33)
r(7,611,1,33)
r(2,594,1,33)
w(8,113,1,33)
w(16,97,1,33)
w(5,111,1,33)
w(17,109,1,33)
w(4,97,1,33)
w(12,106,1,33)
w(11,113,1,33)
r(10,579,1,33)
r(15,313,1,33)
w(19,96,1,33)
w(3,108,1,33)
r(4,7,1,34)
r(6,815,1,34)
r(9,816,1,34)
w(2,99,1,34)
r(17,587,1,34)
w(14,104,1,34)
r(10,782,1,34)
w(11,114,1,34)
r(3,639,1,34)
r(5,897,1,34)
r(0,310,1,34)
r(16,791,1,34)
w(19,97,1,34)
w(12,107,1,34)
r(15,836,1,34)
r(7,802,1,34)
w(18,102,1,34)
r(1,813,1,34)
w(13,112,1,34)
w(8,114,1,34)
w(16,98,1,35)
r(5,897,1,35)
w(1,118,1,35)
r(7,802,1,35)
w(11,115,1,35)
r(4,7,1,35)
w(2,100,1,35)
w(8,115,1,35)
w(13,113,1,35)
r(17,587,1,35)
r(6,815,1,35)
w(19,98,1,35)
w(15,105,1,35)
w(12,108,1,35)
w(14,105,1,35)
r(10,782,1,35)
w(3,109,1,35)
w(18,103,1,35)
r(9,816,1,35)
r(0,310,1,35)
r(4,7,1,36)
w(12,109,1,36)
r(5,897,1,36)
w(6,106,1,36)
r(10,782,1,36)
r(18,103,1,36)
w(11,116,1,36)
r(2,100,1,36)
w(3,110,1,36)
r(16,98,1,36)
r(0,310,1,36)
w(13,114,1,36)
r(19,98,1,36)
r(7,802,1,36)
w(9,119,1,36)
r(8,115,1,36)
w(14,106,1,36)
w(15,106,1,36)
r(17,587,1,36)
r(1,118,1,36)
w(0,103,1,37)
r(13,113,1,37)
r(3,109,1,37)
w(4,98,1,37)
w(10,112,1,37)
r(18,200,1,37)
r(15,105,1,37)
w(17,110,1,37)
r(6,207,1,37)
r(19,199,1,37)
r(11,115,1,37)
r(5,221,1,37)
r(9,216,1,37)
w(2,101,1,37)
r(8,213,1,37)
r(1,118,1,37)
w(12,110,1,37)
r(7,512,1,37)
r(16,98,1,37)
w(14,107,1,37)
w(18,104,1,38)
w(6,107,1,38)
r(13,113,1,38)
r(8,214,1,38)
w(1,119,1,38)
r(17,209,1,38)
w(15,107,1,38)
w(10,113,1,38)
r(7,208,1,38)
w(14,108,1,38)
r(16,98,1,38)
r(12,207,1,38)
r(0,209,1,38)
w(19,99,1,38)
w(4,99,1,38)
w(5,112,1,38)
r(11,115,1,38)
r(9,216,1,38)
w(2,102,1,38)
w(3,111,1,38)
w(19,100,1,39)
w(2,103,1,39)
r(4,193,1,39)
r(1,484,1,39)
r(14,210,1,39)
w(11,117,1,39)
r(15,204,1,39)
w(12,111,1,39)
r(3,109,1,39)
w(10,114,1,39)
w(5,113,1,39)
w(9,120,1,39)
w(18,105,1,39)
r(6,498,1,39)
w(7,109,1,39)
r(16,901,1,39)
r(13,915,1,39)
r(8,499,1,39)
w(17,111,1,39)
r(0,487,1,39)
w(0,202,2,40)
r(15,101,2,40)
r(12,99,2,40)
w(4,184,2,40)
r(5,108,2,40)
w(6,199,2,40)
w(11,193,2,40)
r(18,94,2,40)
w(8,202,2,40)
w(10,201,2,40)
w(7,201,2,40)
r(2,302,2,40)
r(19,91,2,40)
w(1,206,2,40)
r(3,318,2,40)
r(16,294,2,40)
w(17,199,2,40)
w(13,191,2,40)
w(14,200,2,40)
r(9,317,2,40)
w(0,203,2,41)
w(9,210,2,41)
r(10,875,2,41)
w(4,185,2,41)
r(16,294,2,41)
w(5,210,2,41)
w(1,207,2,41)
r(15,939,2,41)
w(18,194,2,41)
r(19,91,2,41)
w(17,200,2,41)
r(13,106,2,41)
w(8,203,2,41)
w(11,194,2,41)
w(14,201,2,41)
r(6,295,2,41)
w(3,202,2,41)
r(7,902,2,41)
r(12,99,2,41)
r(2,302,2,41)
w(5,211,2,42)
w(14,202,2,42)
w(13,192,2,42)
r(16,294,2,42)
r(18,895,2,42)
r(15,939,2,42)
r(6,295,2,42)
w(2,202,2,42)
w(9,211,2,42)
r(0,883,2,42)
w(1,208,2,42)
w(3,203,2,42)
r(12,99,2,42)
r(19,91,2,42)
w(4,186,2,42)
w(17,201,2,42)
r(7,902,2,42)
r(11,870,2,42)
r(10,875,2,42)
w(8,204,2,42)
r(12,99,2,43)
r(9,910,2,43)
w(3,204,2,43)
r(18,895,2,43)
w(5,212,2,43)
r(8,305,2,43)
r(4,286,2,43)
r(15,939,2,43)
r(2,302,2,43)
w(7,202,2,43)
w(10,202,2,43)
r(6,295,2,43)
r(0,883,2,43)
w(16,196,2,43)
r(19,91,2,43)
w(17,202,2,43)
r(11,870,2,43)
w(1,209,2,43)
r(13,106,2,43)
w(14,203,2,43)
w(1,210,2,44)
w(13,193,2,44)
w(9,212,2,44)
r(19,91,2,44)
w(8,205,2,44)
w(14,204,2,44)
w(10,203,2,44)
r(15,941,2,44)
r(16,294,2,44)
r(18,896,2,44)
r(5,888,2,44)
w(3,205,2,44)
r(6,916,2,44)
w(12,200,2,44)
w(11,195,2,44)
r(0,883,2,44)
w(4,187,2,44)
r(17,885,2,44)
r(7,902,2,44)
r(2,302,2,44)
r(15,313,2,45)
w(1,211,2,45)
w(14,205,2,45)
r(9,608,2,45)
w(16,197,2,45)
w(11,196,2,45)
r(10,579,2,45)
w(6,200,2,45)
r(5,318,2,45)
r(4,590,2,45)
w(12,201,2,45)
w(2,203,2,45)
w(8,206,2,45)
r(7,611,2,45)
r(17,106,2,45)
w(19,194,2,45)
w(18,195,2,45)
w(3,206,2,45)
r(13,602,2,45)
r(0,883,2,45)
r(3,632,2,46)
w(0,204,2,46)
w(9,213,2,46)
w(5,213,2,46)
r(17,106,2,46)
r(14,101,2,46)
w(12,202,2,46)
r(10,579,2,46)
r(8,591,2,46)
r(11,583,2,46)
w(6,201,2,46)
r(18,583,2,46)
r(2,594,2,46)
w(16,198,2,46)
w(7,203,2,46)
w(15,197,2,46)
r(4,590,2,46)
w(13,194,2,46)
r(1,582,2,46)
r(19,574,2,46)
w(3,207,2,47)
r(14,101,2,47)
w(13,195,2,47)
w(5,214,2,47)
r(7,611,2,47)
r(15,313,2,47)
r(6,916,2,47)
r(0,883,2,47)
r(8,591,2,47)
w(19,195,2,47)
r(12,580,2,47)
w(2,204,2,47)
r(18,583,2,47)
w(11,197,2,47)
w(16,199,2,47)
w(17,203,2,47)
r(9,608,2,47)
w(1,212,2,47)
w(4,188,2,47)
w(10,204,2,47)
r(10,579,2,48)
w(17,204,2,48)
r(16,297,2,48)
w(18,196,2,48)
r(19,574,2,48)
r(1,582,2,48)
w(3,208,2,48)
r(0,883,2,48)
w(6,202,2,48)
r(2,594,2,48)
w(4,189,2,48)
w(12,203,2,48)
w(8,207,2,48)
w(9,214,2,48)
r(7,611,2,48)
w(13,196,2,48)
r(15,313,2,48)
w(5,215,2,48)
w(11,198,2,48)
w(14,206,2,48)
r(19,574,2,49)
w(17,205,2,49)
w(3,209,2,49)
w(11,199,2,49)
r(10,579,2,49)
w(12,204,2,49)
w(2,205,2,49)
w(0,205,2,49)
r(7,611,2,49)
w(6,203,2,49)
w(13,197,2,49)
w(16,200,2,49)
w(9,215,2,49)
w(8,208,2,49)
w(15,198,2,49)
r(1,582,2,49)
w(5,216,2,49)
r(4,590,2,49)
w(18,197,2,49)
r(14,101,2,49)
r(13,602,2,50)
r(10,579,2,50)
r(12,580,2,50)
r(15,313,2,50)
w(5,217,2,50)
r(9,608,2,50)
r(16,297,2,50)
r(2,594,2,50)
r(19,574,2,50)
w(11,200,2,50)
r(14,101,2,50)
r(0,883,2,50)
r(7,611,2,50)
w(17,206,2,50)
w(3,210,2,50)
w(1,213,2,50)
w(8,209,2,50)
w(18,198,2,50)
w(4,190,2,50)
r(6,916,2,50)
r(9,608,2,51)
w(1,214,2,51)
w(6,204,2,51)
w(7,204,2,51)
r(16,297,2,51)
w(5,218,2,51)
w(12,205,2,51)
w(13,198,2,51)
r(11,583,2,51)
r(3,632,2,51)
w(2,206,2,51)
r(17,106,2,51)
r(8,591,2,51)
w(4,191,2,51)
r(0,883,2,51)
r(18,583,2,51)
w(10,205,2,51)
r(19,574,2,51)
w(14,207,2,51)
w(15,199,2,51)
w(7,205,2,52)
w(11,201,2,52)
w(15,200,2,52)
r(13,295,2,52)
w(1,215,2,52)
r(12,288,2,52)
r(4,590,2,52)
r(17,301,2,52)
w(2,207,2,52)
r(0,310,2,52)
r(14,301,2,52)
r(18,292,2,52)
w(8,210,2,52)
r(6,304,2,52)
w(19,196,2,52)
w(10,206,2,52)
w(5,219,2,52)
r(9,326,2,52)
w(3,211,2,52)
w(16,201,2,52)
w(1,216,2,53)
w(7,206,2,53)
r(17,301,2,53)
w(14,208,2,53)
r(8,8,2,53)
r(16,297,2,53)
w(3,212,2,53)
w(15,201,2,53)
w(2,208,2,53)
w(0,206,2,53)
r(11,12,2,53)
r(12,288,2,53)
r(5,9,2,53)
w(6,205,2,53)
w(19,197,2,53)
r(9,14,2,53)
r(13,9,2,53)
w(10,207,2,53)
r(4,7,2,53)
w(18,199,2,53)
r(19,581,2,54)
w(14,209,2,54)
r(18,292,2,54)
r(7,616,2,54)
w(15,202,2,54)
w(16,202,2,54)
r(9,614,2,54)
w(8,211,2,54)
w(0,207,2,54)
w(17,207,2,54)
w(4,192,2,54)
w(11,202,2,54)
w(5,220,2,54)
r(6,304,2,54)
r(1,587,2,54)
r(12,586,2,54)
r(2,602,2,54)
w(13,199,2,54)
r(10,881,2,54)
w(3,213,2,54)
r(0,310,2,55)
w(7,207,2,55)
w(16,203,2,55)
w(3,214,2,55)
w(6,206,2,55)
w(15,203,2,55)
r(10,782,2,55)
r(9,816,2,55)
r(1,813,2,55)
r(12,586,2,55)
r(5,897,2,55)
w(11,203,2,55)
w(8,212,2,55)
w(17,208,2,55)
r(2,798,2,55)
w(13,200,2,55)
r(14,784,2,55)
r(4,7,2,55)
r(18,804,2,55)
w(19,198,2,55)
w(5,221,2,56)
w(6,207,2,56)
r(11,115,2,56)
r(7,512,2,56)
w(4,193,2,56)
r(15,105,2,56)
w(0,208,2,56)
r(16,98,2,56)
r(2,100,2,56)
w(19,199,2,56)
r(3,109,2,56)
w(8,213,2,56)
w(14,210,2,56)
r(13,113,2,56)
w(17,209,2,56)
w(12,206,2,56)
r(1,118,2,56)
w(10,208,2,56)
w(9,216,2,56)
w(18,200,2,56)
w(6,208,2,57)
w(15,204,2,57)
r(3,109,2,57)
r(4,193,2,57)
r(16,98,2,57)
r(14,210,2,57)
w(8,214,2,57)
w(7,208,2,57)
w(19,200,2,57)
r(9,216,2,57)
w(10,209,2,57)
w(18,201,2,57)
w(2,209,2,57)
r(1,118,2,57)
w(0,209,2,57)
r(13,113,2,57)
r(11,115,2,57)
r(17,209,2,57)
w(5,222,2,57)
w(12,207,2,57)
w(2,210,2,58)
w(14,211,2,58)
w(9,217,2,58)
r(11,879,2,58)
w(3,215,2,58)
r(12,900,2,58)
r(17,891,2,58)
w(15,205,2,58)
r(10,883,2,58)
w(4,194,2,58)
w(8,215,2,58)
r(1,484,2,58)
r(6,498,2,58)
w(7,209,2,58)
w(19,201,2,58)
w(5,223,2,58)
r(18,201,2,58)
w(0,210,2,58)
w(13,201,2,58)
r(16,901,2,58)
r(10,484,2,59)
r(3,744,2,59)
w(0,211,2,59)
r(2,405,2,59)
r(13,705,2,59)
r(4,689,2,59)
w(7,210,2,59)
w(16,204,2,59)
r(6,706,2,59)
r(11,681,2,59)
w(14,212,2,59)
r(8,700,2,59)
w(9,218,2,59)
r(19,681,2,59)
w(18,202,2,59)
w(1,217,2,59)
w(15,206,2,59)
w(5,224,2,59)
w(17,210,2,59)
w(12,208,2,59)
r(18,94,3,60)
w(16,294,3,60)
r(0,98,3,60)
r(17,103,3,60)
w(10,290,3,60)
r(11,109,3,60)
w(3,318,3,60)
w(9,317,3,60)
w(1,302,3,60)
r(19,91,3,60)
w(6,295,3,60)
w(8,305,3,60)
w(4,286,3,60)
w(2,302,3,60)
r(13,106,3,60)
w(7,300,3,60)
r(12,99,3,60)
r(15,101,3,60)
w(14,292,3,60)
r(5,108,3,60)
w(7,301,3,61)
w(11,295,3,61)
w(1,303,3,61)
r(12,99,3,61)
w(8,306,3,61)
w(15,311,3,61)
w(0,306,3,61)
r(13,106,3,61)
w(3,319,3,61)
r(10,290,3,61)
r(9,317,3,61)
w(18,284,3,61)
w(14,293,3,61)
r(17,103,3,61)
r(2,302,3,61)
r(16,294,3,61)
r(4,286,3,61)
r(5,108,3,61)
w(6,296,3,61)
w(19,300,3,61)
r(2,302,3,62)
w(13,290,3,62)
w(18,285,3,62)
r(8,305,3,62)
r(16,294,3,62)
r(15,939,3,62)
r(7,902,3,62)
r(9,910,3,62)
w(5,313,3,62)
w(17,296,3,62)
r(19,91,3,62)
r(4,286,3,62)
w(1,304,3,62)
r(3,939,3,62)
w(11,296,3,62)
r(0,883,3,62)
w(12,282,3,62)
w(14,294,3,62)
r(10,875,3,62)
w(6,297,3,62)
w(15,312,3,63)
w(6,298,3,63)
r(11,870,3,63)
r(9,910,3,63)
r(16,294,3,63)
r(17,885,3,63)
r(0,883,3,63)
r(2,302,3,63)
w(18,286,3,63)
r(13,106,3,63)
r(1,908,3,63)
r(12,99,3,63)
w(10,291,3,63)
w(7,302,3,63)
r(3,939,3,63)
r(5,888,3,63)
r(4,286,3,63)
r(14,292,3,63)
r(19,91,3,63)
w(8,307,3,63)
r(0,883,3,64)
r(15,941,3,64)
r(7,902,3,64)
w(9,318,3,64)
w(10,292,3,64)
w(11,297,3,64)
r(4,892,3,64)
r(13,907,3,64)
w(3,320,3,64)
r(18,896,3,64)
w(19,301,3,64)
w(16,295,3,64)
r(12,892,3,64)
r(8,897,3,64)
r(2,302,3,64)
r(17,885,3,64)
w(5,314,3,64)
w(1,305,3,64)
w(14,295,3,64)
w(6,299,3,64)
r(8,897,3,65)
r(3,939,3,65)
r(2,302,3,65)
r(19,91,3,65)
r(17,885,3,65)
r(6,916,3,65)
r(11,870,3,65)
r(9,912,3,65)
w(13,291,3,65)
w(18,287,3,65)
r(10,877,3,65)
r(15,941,3,65)
r(16,294,3,65)
r(14,292,3,65)
r(4,892,3,65)
r(7,902,3,65)
w(0,307,3,65)
r(1,908,3,65)
w(5,315,3,65)
r(12,892,3,65)
w(15,313,3,66)
r(7,902,3,66)
r(5,888,3,66)
w(8,308,3,66)
r(14,101,3,66)
r(17,106,3,66)
r(9,115,3,66)
r(10,109,3,66)
r(6,916,3,66)
r(18,896,3,66)
r(11,110,3,66)
r(13,108,3,66)
r(4,92,3,66)
r(16,294,3,66)
r(3,939,3,66)
r(1,116,3,66)
r(0,883,3,66)
r(2,302,3,66)
w(19,302,3,66)
r(12,100,3,66)
w(3,321,3,67)
r(14,101,3,67)
r(11,110,3,67)
r(0,883,3,67)
r(19,302,3,67)
w(5,316,3,67)
r(15,313,3,67)
r(17,106,3,67)
w(13,292,3,67)
w(9,319,3,67)
w(8,309,3,67)
r(1,116,3,67)
r(2,302,3,67)
r(16,294,3,67)
w(12,283,3,67)
w(18,288,3,67)
w(4,287,3,67)
w(6,300,3,67)
w(10,293,3,67)
w(7,303,3,67)
w(14,296,3,68)
r(13,108,3,68)
r(7,902,3,68)
w(6,301,3,68)
w(5,317,3,68)
w(16,296,3,68)
w(12,284,3,68)
r(18,896,3,68)
w(15,314,3,68)
w(9,320,3,68)
w(19,303,3,68)
w(2,303,3,68)
r(17,106,3,68)
w(8,310,3,68)
r(10,109,3,68)
r(11,110,3,68)
r(3,939,3,68)
w(0,308,3,68)
w(4,288,3,68)
r(1,116,3,68)
w(2,304,3,69)
r(10,109,3,69)
r(13,108,3,69)
r(3,939,3,69)
r(0,883,3,69)
w(19,304,3,69)
w(12,285,3,69)
w(16,297,3,69)
w(5,318,3,69)
r(15,313,3,69)
r(17,106,3,69)
r(7,902,3,69)
w(18,289,3,69)
w(9,321,3,69)
w(8,311,3,69)
w(11,298,3,69)
w(4,289,3,69)
r(6,916,3,69)
r(1,116,3,69)
r(14,101,3,69)
r(12,285,3,70)
w(10,294,3,70)
r(16,297,3,70)
w(14,297,3,70)
r(8,311,3,70)
w(3,322,3,70)
w(17,297,3,70)
r(0,883,3,70)
w(1,306,3,70)
w(7,304,3,70)
w(4,290,3,70)
r(13,108,3,70)
r(6,916,3,70)
w(9,322,3,70)
w(2,305,3,70)
r(19,304,3,70)
w(11,299,3,70)
w(18,290,3,70)
r(15,313,3,70)
r(5,318,3,70)
w(7,305,3,71)
w(15,315,3,71)
w(12,286,3,71)
r(9,608,3,71)
w(14,298,3,71)
w(10,295,3,71)
r(18,583,3,71)
r(8,591,3,71)
w(5,319,3,71)
r(11,583,3,71)
r(1,582,3,71)
r(2,594,3,71)
w(17,298,3,71)
w(4,291,3,71)
r(3,632,3,71)
r(16,297,3,71)
r(19,574,3,71)
r(6,916,3,71)
r(13,602,3,71)
r(0,883,3,71)
r(10,579,3,72)
r(0,883,3,72)
w(2,306,3,72)
w(1,307,3,72)
r(17,106,3,72)
w(18,291,3,72)
r(3,632,3,72)
w(4,292,3,72)
r(15,313,3,72)
r(11,583,3,72)
w(6,302,3,72)
r(16,297,3,72)
r(9,608,3,72)
w(12,287,3,72)
r(7,611,3,72)
r(5,318,3,72)
w(19,305,3,72)
w(8,312,3,72)
r(14,101,3,72)
r(13,602,3,72)
r(7,611,3,73)
r(11,583,3,73)
w(2,307,3,73)
w(16,298,3,73)
w(17,299,3,73)
w(13,293,3,73)
r(14,101,3,73)
r(5,318,3,73)
r(18,583,3,73)
r(12,580,3,73)
r(4,590,3,73)
r(6,916,3,73)
r(19,574,3,73)
w(3,323,3,73)
w(9,323,3,73)
r(8,591,3,73)
r(1,582,3,73)
w(0,309,3,73)
r(15,313,3,73)
w(10,296,3,73)
w(14,299,3,74)
w(3,324,3,74)
r(7,611,3,74)
r(2,594,3,74)
r(5,318,3,74)
r(16,297,3,74)
r(10,579,3,74)
r(15,313,3,74)
w(9,324,3,74)
w(18,292,3,74)
r(0,883,3,74)
w(12,288,3,74)
r(4,590,3,74)
w(1,308,3,74)
w(17,300,3,74)
w(8,313,3,74)
w(13,294,3,74)
w(19,306,3,74)
w(11,300,3,74)
r(6,916,3,74)
w(2,308,3,75)
w(6,303,3,75)
r(8,313,3,75)
r(3,324,3,75)
w(16,299,3,75)
r(1,308,3,75)
w(15,316,3,75)
r(19,306,3,75)
r(7,611,3,75)
w(9,325,3,75)
r(5,318,3,75)
w(14,300,3,75)
r(11,300,3,75)
r(0,883,3,75)
w(4,293,3,75)
r(10,579,3,75)
r(18,292,3,75)
r(13,294,3,75)
r(17,300,3,75)
r(12,288,3,75)
w(9,326,3,76)
r(11,300,3,76)
w(17,301,3,76)
r(18,292,3,76)
w(13,295,3,76)
w(14,301,3,76)
r(7,611,3,76)
w(5,320,3,76)
r(10,579,3,76)
w(8,314,3,76)
r(4,590,3,76)
w(15,317,3,76)
r(3,324,3,76)
w(19,307,3,76)
w(0,310,3,76)
r(1,308,3,76)
r(12,288,3,76)
w(2,309,3,76)
r(16,297,3,76)
w(6,304,3,76)
w(0,311,3,77)
w(11,301,3,77)
r(5,320,3,77)
r(10,579,3,77)
w(15,318,3,77)
w(6,305,3,77)
r(4,590,3,77)
r(12,288,3,77)
r(9,326,3,77)
w(13,296,3,77)
r(19,307,3,77)
r(17,301,3,77)
w(1,309,3,77)
r(7,611,3,77)
w(8,315,3,77)
r(14,301,3,77)
r(18,292,3,77)
r(3,324,3,77)
r(2,309,3,77)
r(16,297,3,77)
w(18,293,3,78)
r(6,304,3,78)
w(3,325,3,78)
r(15,7,3,78)
w(16,300,3,78)
r(8,8,3,78)
w(10,297,3,78)
r(9,14,3,78)
w(0,312,3,78)
r(11,12,3,78)
r(7,611,3,78)
r(12,288,3,78)
r(2,8,3,78)
r(17,301,3,78)
r(14,8,3,78)
w(4,294,3,78)
w(1,310,3,78)
r(5,9,3,78)
w(19,308,3,78)
w(13,297,3,78)
w(0,313,3,79)
r(6,304,3,79)
w(3,326,3,79)
r(13,9,3,79)
w(2,310,3,79)
r(18,292,3,79)
r(7,611,3,79)
r(11,12,3,79)
r(12,288,3,79)
r(19,307,3,79)
w(5,321,3,79)
r(15,7,3,79)
r(14,8,3,79)
r(4,7,3,79)
w(10,298,3,79)
w(8,316,3,79)
w(1,311,3,79)
w(9,327,3,79)
w(16,301,3,79)
r(17,301,3,79)
r(6,295,4,80)
r(12,99,4,80)
r(5,888,4,80)
r(16,294,4,80)
r(19,91,4,80)
r(11,870,4,80)
w(0,390,4,80)
r(4,286,4,80)
r(2,302,4,80)
r(9,910,4,80)
w(1,388,4,80)
w(17,386,4,80)
w(7,397,4,80)
w(10,388,4,80)
r(8,305,4,80)
w(14,393,4,80)
w(15,408,4,80)
w(13,392,4,80)
w(3,413,4,80)
r(18,895,4,80)
w(13,393,4,81)
w(14,394,4,81)
r(8,305,4,81)
r(10,875,4,81)
r(0,883,4,81)
r(16,294,4,81)
w(19,391,4,81)
w(3,414,4,81)
r(4,286,4,81)
w(18,385,4,81)
r(9,910,4,81)
r(15,939,4,81)
r(17,885,4,81)
w(1,389,4,81)
w(12,379,4,81)
r(11,870,4,81)
w(7,398,4,81)
w(5,413,4,81)
r(2,302,4,81)
r(6,295,4,81)
w(3,415,4,82)
w(0,391,4,82)
w(18,386,4,82)
r(7,902,4,82)
w(8,397,4,82)
w(17,387,4,82)
r(9,910,4,82)
w(5,414,4,82)
w(6,396,4,82)
r(13,106,4,82)
r(15,939,4,82)
w(19,392,4,82)
r(11,870,4,82)
w(14,395,4,82)
r(10,875,4,82)
r(2,302,4,82)
r(12,99,4,82)
r(16,294,4,82)
w(1,390,4,82)
r(4,286,4,82)
r(12,892,4,83)
w(0,392,4,83)
r(17,885,4,83)
w(5,415,4,83)
w(14,396,4,83)
w(13,394,4,83)
r(11,870,4,83)
r(10,877,4,83)
r(4,892,4,83)
r(6,916,4,83)
r(9,912,4,83)
r(16,294,4,83)
w(7,399,4,83)
r(1,908,4,83)
r(15,941,4,83)
r(18,896,4,83)
r(3,939,4,83)
w(2,397,4,83)
w(8,398,4,83)
r(19,91,4,83)
r(16,294,4,84)
r(12,892,4,84)
r(9,912,4,84)
r(0,883,4,84)
r(15,941,4,84)
w(14,397,4,84)
r(1,908,4,84)
r(10,877,4,84)
w(13,395,4,84)
w(7,400,4,84)
r(19,91,4,84)
w(8,399,4,84)
w(4,386,4,84)
r(3,939,4,84)
r(17,885,4,84)
w(11,391,4,84)
r(5,888,4,84)
r(6,916,4,84)
r(2,302,4,84)
r(18,896,4,84)
r(9,115,4,85)
w(19,393,4,85)
r(8,897,4,85)
w(17,388,4,85)
r(0,883,4,85)
w(2,398,4,85)
r(13,108,4,85)
w(12,380,4,85)
w(1,391,4,85)
w(4,387,4,85)
r(11,110,4,85)
w(18,387,4,85)
w(15,409,4,85)
w(5,416,4,85)
r(14,101,4,85)
r(10,109,4,85)
r(7,902,4,85)
r(3,939,4,85)
r(16,294,4,85)
r(6,916,4,85)
r(1,116,4,86)
w(14,398,4,86)
r(18,896,4,86)
r(12,100,4,86)
w(2,399,4,86)
r(15,313,4,86)
r(13,108,4,86)
r(7,902,4,86)
w(8,400,4,86)
r(17,106,4,86)
r(16,294,4,86)
w(4,388,4,86)
r(5,888,4,86)
w(6,397,4,86)
r(9,115,4,86)
r(19,302,4,86)
r(10,109,4,86)
r(0,883,4,86)
r(3,939,4,86)
w(11,392,4,86)
w(1,392,4,87)
w(12,381,4,87)
r(5,318,4,87)
r(13,602,4,87)
w(6,398,4,87)
w(14,399,4,87)
r(19,574,4,87)
r(17,106,4,87)
w(9,395,4,87)
r(4,590,4,87)
w(18,388,4,87)
w(11,393,4,87)
r(7,611,4,87)
w(16,390,4,87)
w(15,410,4,87)
r(2,594,4,87)
w(8,401,4,87)
r(3,632,4,87)
r(10,579,4,87)
w(0,393,4,87)
r(2,594,4,88)
w(12,382,4,88)
r(17,106,4,88)
r(9,608,4,88)
r(16,297,4,88)
r(8,591,4,88)
r(4,590,4,88)
r(19,574,4,88)
w(14,400,4,88)
r(13,602,4,88)
r(7,611,4,88)
r(18,583,4,88)
w(1,393,4,88)
w(6,399,4,88)
r(3,632,4,88)
w(11,394,4,88)
r(5,318,4,88)
r(15,313,4,88)
r(10,579,4,88)
r(0,883,4,88)
r(8,591,4,89)
r(19,574,4,89)
w(13,396,4,89)
r(18,583,4,89)
w(6,400,4,89)
r(17,106,4,89)
w(10,389,4,89)
w(7,401,4,89)
r(15,313,4,89)
r(9,608,4,89)
w(14,401,4,89)
w(2,400,4,89)
w(3,416,4,89)
w(12,383,4,89)
r(0,883,4,89)
r(16,297,4,89)
w(11,395,4,89)
r(1,582,4,89)
r(4,590,4,89)
r(5,318,4,89)
w(2,401,4,90)
r(15,313,4,90)
w(16,391,4,90)
w(4,389,4,90)
r(11,583,4,90)
r(18,583,4,90)
w(12,384,4,90)
r(0,883,4,90)
w(10,390,4,90)
w(19,394,4,90)
r(6,916,4,90)
r(8,591,4,90)
w(5,417,4,90)
w(9,396,4,90)
r(3,632,4,90)
w(13,397,4,90)
w(17,389,4,90)
r(14,101,4,90)
r(1,582,4,90)
r(7,611,4,90)
r(16,297,4,91)
r(4,590,4,91)
r(9,608,4,91)
r(6,916,4,91)
w(18,389,4,91)
r(10,579,4,91)
r(2,594,4,91)
w(0,394,4,91)
r(5,318,4,91)
w(15,411,4,91)
w(8,402,4,91)
w(11,396,4,91)
r(17,106,4,91)
w(7,402,4,91)
w(13,398,4,91)
r(1,582,4,91)
w(14,402,4,91)
w(3,417,4,91)
w(19,395,4,91)
w(12,385,4,91)
r(9,324,4,92)
r(15,313,4,92)
w(3,418,4,92)
w(14,403,4,92)
r(13,294,4,92)
w(6,401,4,92)
w(18,390,4,92)
w(19,396,4,92)
r(11,300,4,92)
w(16,392,4,92)
r(17,300,4,92)
w(2,402,4,92)
r(12,288,4,92)
r(0,883,4,92)
w(7,403,4,92)
r(10,579,4,92)
r(5,318,4,92)
r(4,590,4,92)
r(1,308,4,92)
r(8,313,4,92)
r(9,326,4,93)
w(11,397,4,93)
w(16,393,4,93)
r(8,314,4,93)
r(6,304,4,93)
r(18,292,4,93)
r(14,301,4,93)
w(5,418,4,93)
r(15,317,4,93)
r(0,310,4,93)
r(10,579,4,93)
w(19,397,4,93)
r(1,308,4,93)
w(3,419,4,93)
r(17,301,4,93)
w(4,390,4,93)
r(13,295,4,93)
w(7,404,4,93)
w(12,386,4,93)
r(2,309,4,93)
r(18,201,4,94)
r(10,482,4,94)
r(17,209,4,94)
w(9,397,4,94)
r(11,115,4,94)
w(12,387,4,94)
w(1,394,4,94)
r(14,210,4,94)
w(19,398,4,94)
r(3,109,4,94)
r(0,487,4,94)
r(16,98,4,94)
w(6,402,4,94)
w(5,419,4,94)
r(4,193,4,94)
r(13,504,4,94)
r(8,499,4,94)
r(15,204,4,94)
r(2,209,4,94)
w(7,405,4,94)
r(3,109,4,95)
w(17,390,4,95)
w(2,403,4,95)
w(8,403,4,95)
r(19,200,4,95)
r(0,487,4,95)
r(6,498,4,95)
r(13,504,4,95)
r(11,115,4,95)
r(10,482,4,95)
r(4,193,4,95)
r(7,208,4,95)
w(5,420,4,95)
r(18,201,4,95)
r(15,204,4,95)
r(16,98,4,95)
w(12,388,4,95)
r(14,210,4,95)
w(9,398,4,95)
r(1,484,4,95)
w(2,404,4,96)
r(0,487,4,96)
r(16,901,4,96)
r(5,898,4,96)
r(13,915,4,96)
r(18,201,4,96)
w(17,391,4,96)
r(12,900,4,96)
w(4,391,4,96)
w(9,399,4,96)
w(6,403,4,96)
r(11,879,4,96)
w(1,395,4,96)
w(7,406,4,96)
r(8,499,4,96)
r(19,881,4,96)
w(14,404,4,96)
r(15,204,4,96)
w(3,420,4,96)
r(10,883,4,96)
w(1,396,4,97)
w(16,394,4,97)
r(6,602,4,97)
w(3,421,4,97)
w(5,421,4,97)
r(7,911,4,97)
r(0,585,4,97)
r(11,587,4,97)
r(18,587,4,97)
w(17,392,4,97)
r(14,506,4,97)
r(19,583,4,97)
r(8,501,4,97)
w(4,392,4,97)
w(12,389,4,97)
w(13,399,4,97)
w(2,405,4,97)
w(9,400,4,97)
w(10,391,4,97)
w(15,412,4,97)
w(12,390,4,98)
w(9,401,4,98)
r(1,693,4,98)
w(11,398,4,98)
w(13,400,4,98)
r(4,689,4,98)
w(3,422,4,98)
r(19,681,4,98)
r(7,711,4,98)
w(5,422,4,98)
r(2,405,4,98)
r(0,489,4,98)
w(6,404,4,98)
r(10,484,4,98)
w(8,404,4,98)
w(18,391,4,98)
w(14,405,4,98)
w(15,413,4,98)
w(17,393,4,98)
r(16,678,4,98)
r(6,707,4,99)
r(12,389,4,99)
r(3,744,4,99)
r(5,690,4,99)
r(18,696,4,99)
w(1,397,4,99)
r(19,682,4,99)
w(17,394,4,99)
r(0,489,4,99)
w(2,406,4,99)
w(16,395,4,99)
r(11,682,4,99)
w(7,407,4,99)
r(13,705,4,99)
w(9,402,4,99)
r(14,696,4,99)
w(8,405,4,99)
r(4,690,4,99)
w(15,414,4,99)
r(10,484,4,99)
r(13,106,5,100)
w(17,481,5,100)
w(9,491,5,100)
r(14,292,5,100)
r(15,939,5,100)
r(5,888,5,100)
r(0,883,5,100)
r(12,99,5,100)
r(19,91,5,100)
w(3,516,5,100)
w(8,491,5,100)
r(6,295,5,100)
r(16,294,5,100)
r(7,902,5,100)
w(10,477,5,100)
w(11,492,5,100)
r(1,908,5,100)
w(2,500,5,100)
r(18,895,5,100)
w(4,489,5,100)
r(3,939,5,101)
r(6,916,5,101)
w(11,493,5,101)
r(0,883,5,101)
w(14,498,5,101)
r(7,902,5,101)
r(18,896,5,101)
w(5,503,5,101)
r(16,294,5,101)
r(4,892,5,101)
r(8,897,5,101)
r(13,907,5,101)
w(12,474,5,101)
r(17,885,5,101)
w(1,477,5,101)
r(2,302,5,101)
w(9,492,5,101)
r(19,91,5,101)
r(10,877,5,101)
r(15,941,5,101)
w(4,490,5,102)
w(3,517,5,102)
w(2,501,5,102)
r(18,896,5,102)
w(16,489,5,102)
w(8,492,5,102)
r(1,116,5,102)
r(11,110,5,102)
w(17,482,5,102)
r(0,883,5,102)
r(14,101,5,102)
w(6,492,5,102)
r(7,902,5,102)
r(12,100,5,102)
w(13,497,5,102)
w(10,478,5,102)
r(5,888,5,102)
r(9,115,5,102)
w(19,485,5,102)
r(15,313,5,102)
w(4,491,5,103)
r(11,110,5,103)
r(17,106,5,103)
r(3,939,5,103)
w(15,511,5,103)
w(16,490,5,103)
w(7,505,5,103)
w(2,502,5,103)
w(12,475,5,103)
w(13,498,5,103)
w(5,504,5,103)
r(19,302,5,103)
r(10,109,5,103)
r(14,101,5,103)
r(0,883,5,103)
r(6,916,5,103)
w(8,493,5,103)
w(9,493,5,103)
r(18,896,5,103)
r(1,116,5,103)
r(4,92,5,104)
w(1,478,5,104)
r(2,302,5,104)
w(3,518,5,104)
w(14,499,5,104)
w(16,491,5,104)
r(10,109,5,104)
r(13,108,5,104)
r(6,916,5,104)
w(7,506,5,104)
w(9,494,5,104)
w(5,505,5,104)
r(0,883,5,104)
r(12,100,5,104)
w(15,512,5,104)
w(18,475,5,104)
r(11,110,5,104)
r(17,106,5,104)
r(19,302,5,104)
w(8,494,5,104)
r(16,294,5,105)
w(9,495,5,105)
r(5,888,5,105)
w(12,476,5,105)
w(13,499,5,105)
w(7,507,5,105)
w(3,519,5,105)
r(19,302,5,105)
w(17,483,5,105)
w(2,503,5,105)
r(1,116,5,105)
r(10,109,5,105)
r(14,101,5,105)
r(11,110,5,105)
r(18,896,5,105)
r(8,308,5,105)
r(6,916,5,105)
w(0,483,5,105)
r(4,92,5,105)
w(15,513,5,105)
r(2,302,5,106)
r(5,888,5,106)
r(11,110,5,106)
r(0,883,5,106)
r(8,308,5,106)
r(9,115,5,106)
w(7,508,5,106)
w(18,476,5,106)
r(16,294,5,106)
r(6,916,5,106)
w(3,520,5,106)
w(4,492,5,106)
w(12,477,5,106)
w(1,479,5,106)
r(14,101,5,106)
r(13,108,5,106)
r(19,302,5,106)
r(10,109,5,106)
w(15,514,5,106)
r(17,106,5,106)
r(2,594,5,107)
w(9,496,5,107)
w(14,500,5,107)
r(0,883,5,107)
w(13,500,5,107)
w(4,493,5,107)
r(5,318,5,107)
w(8,495,5,107)
w(16,492,5,107)
w(1,480,5,107)
r(10,579,5,107)
w(11,494,5,107)
w(3,521,5,107)
w(7,509,5,107)
w(18,477,5,107)
w(17,484,5,107)
r(12,580,5,107)
w(19,486,5,107)
w(6,493,5,107)
w(15,515,5,107)
r(12,580,5,108)
w(16,493,5,108)
r(9,608,5,108)
w(2,504,5,108)
w(3,522,5,108)
r(7,611,5,108)
r(17,106,5,108)
r(4,590,5,108)
w(13,501,5,108)
r(1,582,5,108)
w(0,484,5,108)
r(8,591,5,108)
w(6,494,5,108)
r(11,583,5,108)
w(10,479,5,108)
w(19,487,5,108)
w(18,478,5,108)
w(15,516,5,108)
r(5,318,5,108)
w(14,501,5,108)
w(13,502,5,109)
r(8,314,5,109)
w(5,506,5,109)
r(14,301,5,109)
r(6,304,5,109)
r(18,292,5,109)
r(3,324,5,109)
w(17,485,5,109)
w(16,494,5,109)
r(15,317,5,109)
r(10,579,5,109)
w(9,497,5,109)
w(7,510,5,109)
w(12,478,5,109)
w(19,488,5,109)
w(11,495,5,109)
w(2,505,5,109)
w(1,481,5,109)
w(4,494,5,109)
w(0,485,5,109)
w(8,496,5,110)
r(14,8,5,110)
w(13,503,5,110)
w(5,507,5,110)
r(0,310,5,110)
r(19,307,5,110)
w(16,495,5,110)
w(1,482,5,110)
r(11,12,5,110)
r(2,8,5,110)
r(10,579,5,110)
w(6,495,5,110)
w(3,523,5,110)
w(4,495,5,110)
r(7,611,5,110)
w(18,479,5,110)
r(15,7,5,110)
w(12,479,5,110)
r(9,14,5,110)
w(17,486,5,110)
w(10,480,5,111)
w(9,498,5,111)
w(3,524,5,111)
r(13,9,5,111)
w(16,496,5,111)
w(4,496,5,111)
r(17,301,5,111)
w(7,511,5,111)
w(15,517,5,111)
r(0,310,5,111)
w(19,489,5,111)
w(2,506,5,111)
w(18,480,5,111)
w(14,502,5,111)
r(1,11,5,111)
w(8,497,5,111)
r(5,9,5,111)
w(6,496,5,111)
w(11,496,5,111)
r(12,288,5,111)
w(1,483,5,112)
w(0,486,5,112)
r(15,836,5,112)
w(14,503,5,112)
r(3,639,5,112)
r(10,782,5,112)
r(17,587,5,112)
w(16,497,5,112)
r(13,607,5,112)
r(5,897,5,112)
w(8,498,5,112)
r(7,802,5,112)
w(11,497,5,112)
w(19,490,5,112)
r(18,804,5,112)
w(12,480,5,112)
r(4,7,5,112)
w(6,497,5,112)
w(2,507,5,112)
r(9,816,5,112)
r(5,897,5,113)
r(12,108,5,113)
r(8,115,5,113)
r(16,98,5,113)
r(18,103,5,113)
r(11,115,5,113)
w(14,504,5,113)
r(3,109,5,113)
r(2,100,5,113)
r(19,98,5,113)
r(6,815,5,113)
r(1,118,5,113)
r(0,310,5,113)
w(10,481,5,113)
r(15,105,5,113)
w(7,512,5,113)
r(17,587,5,113)
r(9,816,5,113)
r(13,113,5,113)
w(4,497,5,113)
r(16,98,5,114)
r(5,222,5,114)
r(2,209,5,114)
r(14,210,5,114)
r(15,204,5,114)
r(4,193,5,114)
w(13,504,5,114)
w(10,482,5,114)
r(7,208,5,114)
r(3,109,5,114)
w(0,487,5,114)
r(19,200,5,114)
w(6,498,5,114)
w(8,499,5,114)
r(17,209,5,114)
w(9,499,5,114)
w(1,484,5,114)
r(18,201,5,114)
r(11,115,5,114)
w(12,481,5,114)
r(5,898,5,115)
w(4,498,5,115)
w(1,485,5,115)
w(6,499,5,115)
w(9,500,5,115)
w(14,505,5,115)
r(19,881,5,115)
w(2,508,5,115)
w(16,498,5,115)
r(3,109,5,115)
w(10,483,5,115)
r(18,201,5,115)
r(17,891,5,115)
r(12,900,5,115)
r(0,487,5,115)
r(7,911,5,115)
w(13,505,5,115)
w(15,518,5,115)
w(8,500,5,115)
w(11,498,5,115)
r(3,109,5,116)
r(2,508,5,116)
r(11,498,5,116)
w(8,501,5,116)
w(0,488,5,116)
r(12,900,5,116)
w(9,501,5,116)
w(18,481,5,116)
r(10,483,5,116)
r(13,505,5,116)
w(6,500,5,116)
w(14,506,5,116)
w(5,508,5,116)
r(7,911,5,116)
r(19,881,5,116)
w(4,499,5,116)
r(16,498,5,116)
r(1,485,5,116)
w(17,487,5,116)
w(15,519,5,116)
w(18,482,5,117)
w(4,500,5,117)
r(16,394,5,117)
r(14,506,5,117)
w(13,506,5,117)
w(0,489,5,117)
r(8,501,5,117)
r(7,911,5,117)
w(10,484,5,117)
r(12,389,5,117)
w(9,502,5,117)
r(5,421,5,117)
r(2,405,5,117)
w(3,525,5,117)
r(15,412,5,117)
r(11,587,5,117)
w(17,488,5,117)
r(6,602,5,117)
r(1,396,5,117)
w(19,491,5,117)
r(5,690,5,118)
r(17,699,5,118)
r(14,696,5,118)
r(3,744,5,118)
r(19,682,5,118)
r(2,705,5,118)
r(6,707,5,118)
w(11,499,5,118)
w(12,482,5,118)
r(16,679,5,118)
w(7,513,5,118)
w(10,485,5,118)
w(8,502,5,118)
w(4,501,5,118)
w(18,483,5,118)
w(13,507,5,118)
r(1,693,5,118)
r(0,489,5,118)
w(15,520,5,118)
w(9,503,5,118)
w(11,500,5,119)
r(8,700,5,119)
w(1,486,5,119)
w(18,484,5,119)
w(9,504,5,119)
w(4,502,5,119)
r(14,696,5,119)
r(16,679,5,119)
r(3,744,5,119)
w(7,514,5,119)
r(2,705,5,119)
w(5,509,5,119)
w(13,508,5,119)
w(0,490,5,119)
w(19,492,5,119)
w(17,489,5,119)
w(15,521,5,119)
w(12,483,5,119)
w(10,486,5,119)
r(6,707,5,119)
w(10,577,6,120)
w(8,589,6,120)
w(0,578,6,120)
r(13,106,6,120)
w(18,580,6,120)
w(11,580,6,120)
w(17,581,6,120)
w(12,579,6,120)
w(9,606,6,120)
r(19,91,6,120)
w(4,586,6,120)
w(16,585,6,120)
w(15,618,6,120)
r(2,302,6,120)
w(3,630,6,120)
r(6,295,6,120)
r(5,888,6,120)
r(1,908,6,120)
r(14,292,6,120)
r(7,902,6,120)
r(13,108,6,121)
r(18,896,6,121)
w(1,580,6,121)
r(14,101,6,121)
r(12,100,6,121)
w(19,572,6,121)
r(11,110,6,121)
r(10,109,6,121)
r(16,294,6,121)
r(2,302,6,121)
r(3,939,6,121)
r(9,115,6,121)
w(4,587,6,121)
r(8,308,6,121)
r(17,106,6,121)
r(5,888,6,121)
w(0,579,6,121)
w(15,619,6,121)
r(6,916,6,121)
r(7,902,6,121)
r(6,916,6,122)
w(10,578,6,122)
w(18,581,6,122)
r(7,902,6,122)
w(5,587,6,122)
w(19,573,6,122)
r(2,302,6,122)
w(11,581,6,122)
w(14,584,6,122)
w(1,581,6,122)
r(12,100,6,122)
w(16,586,6,122)
r(3,939,6,122)
w(17,582,6,122)
r(8,308,6,122)
r(15,313,6,122)
w(9,607,6,122)
r(13,108,6,122)
w(4,588,6,122)
r(0,883,6,122)
r(19,302,6,123)
w(14,585,6,123)
w(15,620,6,123)
w(16,587,6,123)
r(1,116,6,123)
w(18,582,6,123)
w(0,580,6,123)
r(13,108,6,123)
w(17,583,6,123)
r(12,100,6,123)
r(6,916,6,123)
r(7,902,6,123)
w(8,590,6,123)
r(10,109,6,123)
w(4,589,6,123)
w(11,582,6,123)
w(3,631,6,123)
r(9,115,6,123)
w(5,588,6,123)
w(2,593,6,123)
r(17,106,6,124)
w(19,574,6,124)
w(3,632,6,124)
r(0,883,6,124)
w(1,582,6,124)
r(5,318,6,124)
w(10,579,6,124)
w(7,611,6,124)
w(2,594,6,124)
w(13,602,6,124)
w(11,583,6,124)
r(6,916,6,124)
r(14,101,6,124)
w(12,580,6,124)
w(8,591,6,124)
r(15,313,6,124)
r(16,297,6,124)
w(9,608,6,124)
w(18,583,6,124)
w(4,590,6,124)
w(9,609,6,125)
r(18,583,6,125)
w(16,588,6,125)
r(6,916,6,125)
w(8,592,6,125)
w(13,603,6,125)
w(15,621,6,125)
r(11,583,6,125)
w(0,581,6,125)
w(1,583,6,125)
w(10,580,6,125)
r(7,611,6,125)
r(2,594,6,125)
w(5,589,6,125)
w(19,575,6,125)
w(3,633,6,125)
r(17,106,6,125)
r(14,101,6,125)
r(4,590,6,125)
w(12,581,6,125)
w(6,598,6,126)
w(19,576,6,126)
r(11,583,6,126)
w(17,584,6,126)
r(0,883,6,126)
w(13,604,6,126)
w(12,582,6,126)
r(1,582,6,126)
r(16,297,6,126)
w(2,595,6,126)
r(15,313,6,126)
w(8,593,6,126)
w(3,634,6,126)
w(14,586,6,126)
w(10,581,6,126)
r(4,590,6,126)
r(9,608,6,126)
w(5,590,6,126)
r(18,583,6,126)
r(7,611,6,126)
w(17,585,6,127)
r(14,101,6,127)
r(3,632,6,127)
r(19,574,6,127)
r(6,916,6,127)
r(16,297,6,127)
r(15,313,6,127)
w(18,584,6,127)
w(5,591,6,127)
r(13,602,6,127)
r(9,608,6,127)
r(0,883,6,127)
w(10,582,6,127)
w(7,612,6,127)
r(1,582,6,127)
r(11,583,6,127)
r(12,580,6,127)
w(2,596,6,127)
w(4,591,6,127)
w(8,594,6,127)
w(4,592,6,128)
w(7,613,6,128)
r(18,583,6,128)
r(2,594,6,128)
w(14,587,6,128)
r(0,883,6,128)
r(17,106,6,128)
w(1,584,6,128)
w(15,622,6,128)
r(13,602,6,128)
w(19,577,6,128)
w(9,610,6,128)
r(6,916,6,128)
w(8,595,6,128)
r(10,579,6,128)
w(3,635,6,128)
w(12,583,6,128)
r(16,297,6,128)
r(5,318,6,128)
r(11,583,6,128)
r(16,297,6,129)
r(12,580,6,129)
w(8,596,6,129)
w(2,597,6,129)
r(6,916,6,129)
r(0,883,6,129)
r(18,583,6,129)
w(1,585,6,129)
r(10,579,6,129)
w(3,636,6,129)
w(9,611,6,129)
w(19,578,6,129)
r(17,106,6,129)
r(11,583,6,129)
r(5,318,6,129)
w(15,623,6,129)
w(14,588,6,129)
w(4,593,6,129)
w(7,614,6,129)
r(13,602,6,129)
w(8,597,6,130)
w(5,592,6,130)
r(17,106,6,130)
w(10,583,6,130)
r(11,583,6,130)
r(6,916,6,130)
r(4,590,6,130)
w(16,589,6,130)
w(13,605,6,130)
w(15,624,6,130)
w(19,579,6,130)
r(18,583,6,130)
r(3,632,6,130)
w(0,582,6,130)
r(12,580,6,130)
w(2,598,6,130)
w(7,615,6,130)
r(14,101,6,130)
r(1,582,6,130)
r(9,608,6,130)
r(3,324,6,131)
r(1,308,6,131)
w(16,590,6,131)
r(13,295,6,131)
r(5,320,6,131)
w(19,580,6,131)
w(14,589,6,131)
r(15,317,6,131)
r(4,590,6,131)
r(7,611,6,131)
w(6,599,6,131)
w(2,599,6,131)
r(12,288,6,131)
r(8,314,6,131)
w(9,612,6,131)
w(11,584,6,131)
r(17,301,6,131)
r(10,579,6,131)
r(18,292,6,131)
r(0,310,6,131)
r(7,611,6,132)
w(12,584,6,132)
r(13,295,6,132)
w(15,625,6,132)
w(10,584,6,132)
w(6,600,6,132)
w(0,583,6,132)
r(18,292,6,132)
r(4,590,6,132)
r(5,320,6,132)
w(3,637,6,132)
r(9,326,6,132)
w(2,600,6,132)
w(17,586,6,132)
w(14,590,6,132)
r(19,307,6,132)
r(11,300,6,132)
r(16,297,6,132)
w(8,598,6,132)
w(1,586,6,132)
r(10,579,6,133)
w(2,601,6,133)
w(3,638,6,133)
r(16,297,6,133)
w(4,594,6,133)
r(1,11,6,133)
w(9,613,6,133)
r(6,304,6,133)
w(12,585,6,133)
r(5,9,6,133)
r(0,310,6,133)
r(17,301,6,133)
r(7,611,6,133)
r(19,307,6,133)
w(13,606,6,133)
r(18,292,6,133)
r(14,8,6,133)
w(8,599,6,133)
r(15,7,6,133)
w(11,585,6,133)
w(16,591,6,134)
r(11,12,6,134)
w(1,587,6,134)
w(19,581,6,134)
r(8,901,6,134)
r(10,881,6,134)
w(3,639,6,134)
w(15,626,6,134)
r(0,310,6,134)
w(2,602,6,134)
r(4,7,6,134)
w(7,616,6,134)
w(17,587,6,134)
w(14,591,6,134)
r(5,897,6,134)
r(18,292,6,134)
w(9,614,6,134)
w(13,607,6,134)
r(6,304,6,134)
w(12,586,6,134)
r(8,115,6,135)
w(18,585,6,135)
r(9,816,6,135)
w(0,584,6,135)
w(19,582,6,135)
r(14,105,6,135)
r(2,100,6,135)
w(15,627,6,135)
w(4,595,6,135)
w(3,640,6,135)
w(17,588,6,135)
w(7,617,6,135)
r(13,113,6,135)
r(5,897,6,135)
r(11,115,6,135)
r(12,108,6,135)
r(10,782,6,135)
w(16,592,6,135)
r(6,815,6,135)
r(1,118,6,135)
r(19,98,6,136)
w(6,601,6,136)
w(12,587,6,136)
r(16,98,6,136)
r(2,100,6,136)
w(1,588,6,136)
w(18,586,6,136)
w(15,628,6,136)
w(14,592,6,136)
w(10,585,6,136)
w(4,596,6,136)
w(17,589,6,136)
w(7,618,6,136)
r(3,109,6,136)
w(13,608,6,136)
w(5,593,6,136)
r(9,816,6,136)
w(11,586,6,136)
w(8,600,6,136)
r(0,310,6,136)
r(5,508,6,137)
r(8,501,6,137)
w(13,609,6,137)
w(12,588,6,137)
r(1,485,6,137)
r(9,501,6,137)
r(7,911,6,137)
w(0,585,6,137)
r(10,483,6,137)
r(14,506,6,137)
w(11,587,6,137)
w(6,602,6,137)
w(3,641,6,137)
w(19,583,6,137)
r(2,508,6,137)
r(4,499,6,137)
w(16,593,6,137)
w(17,590,6,137)
r(15,519,6,137)
w(18,587,6,137)
r(13,705,6,138)
r(2,705,6,138)
r(11,682,6,138)
r(1,693,6,138)
w(17,591,6,138)
w(6,603,6,138)
r(15,727,6,138)
w(4,597,6,138)
w(12,589,6,138)
w(14,593,6,138)
r(16,679,6,138)
r(5,690,6,138)
r(7,711,6,138)
r(19,682,6,138)
r(0,489,6,138)
r(10,484,6,138)
r(18,696,6,138)
w(9,615,6,138)
w(8,601,6,138)
w(3,642,6,138)
r(1,694,6,139)
r(10,486,6,139)
r(0,679,6,139)
r(13,508,6,139)
r(15,521,6,139)
w(18,588,6,139)
r(14,697,6,139)
r(19,684,6,139)
r(11,500,6,139)
w(12,590,6,139)
r(9,504,6,139)
r(8,700,6,139)
r(3,744,6,139)
r(7,514,6,139)
r(16,680,6,139)
w(6,604,6,139)
r(5,509,6,139)
w(2,603,6,139)
r(17,700,6,139)
r(4,692,6,139)
w(18,688,7,140)
r(16,294,7,140)
w(0,675,7,140)
w(8,695,7,140)
w(2,697,7,140)
r(12,99,7,140)
w(19,671,7,140)
w(5,683,7,140)
r(9,910,7,140)
w(10,681,7,140)
r(3,939,7,140)
r(13,106,7,140)
r(17,885,7,140)
r(1,908,7,140)
r(11,870,7,140)
r(15,939,7,140)
w(6,698,7,140)
w(14,688,7,140)
w(7,703,7,140)
w(4,682,7,140)
w(0,676,7,141)
r(3,939,7,141)
w(9,702,7,141)
w(19,672,7,141)
r(17,885,7,141)
w(13,700,7,141)
w(12,697,7,141)
r(5,888,7,141)
r(14,292,7,141)
w(16,675,7,141)
w(15,722,7,141)
w(10,682,7,141)
r(6,295,7,141)
r(8,305,7,141)
w(1,683,7,141)
w(4,683,7,141)
w(11,675,7,141)
r(18,895,7,141)
w(2,698,7,141)
r(7,902,7,141)
r(0,883,7,142)
r(5,888,7,142)
r(8,305,7,142)
r(16,294,7,142)
r(9,910,7,142)
w(10,683,7,142)
r(18,895,7,142)
w(14,689,7,142)
w(13,701,7,142)
w(7,704,7,142)
w(15,723,7,142)
w(17,695,7,142)
w(1,684,7,142)
w(3,740,7,142)
r(4,286,7,142)
w(6,699,7,142)
w(12,698,7,142)
r(2,302,7,142)
r(19,91,7,142)
r(11,870,7,142)
r(19,91,7,143)
r(14,292,7,143)
r(12,892,7,143)
w(5,684,7,143)
w(9,703,7,143)
w(4,684,7,143)
r(10,877,7,143)
r(1,908,7,143)
r(13,907,7,143)
r(16,294,7,143)
w(7,705,7,143)
r(3,939,7,143)
w(18,689,7,143)
r(6,916,7,143)
w(8,696,7,143)
r(11,870,7,143)
r(0,883,7,143)
r(2,302,7,143)
w(15,724,7,143)
r(17,885,7,143)
w(14,690,7,144)
w(6,700,7,144)
r(10,877,7,144)
r(4,892,7,144)
r(0,883,7,144)
r(11,870,7,144)
r(18,896,7,144)
r(1,908,7,144)
r(7,902,7,144)
w(9,704,7,144)
w(15,725,7,144)
r(5,888,7,144)
r(2,302,7,144)
r(16,294,7,144)
r(13,907,7,144)
r(12,892,7,144)
w(8,697,7,144)
w(17,696,7,144)
r(3,939,7,144)
r(19,91,7,144)
w(19,673,7,145)
r(13,108,7,145)
w(18,690,7,145)
w(9,705,7,145)
r(4,92,7,145)
r(11,110,7,145)
r(1,116,7,145)
w(14,691,7,145)
w(10,684,7,145)
w(5,685,7,145)
r(0,883,7,145)
r(16,294,7,145)
r(6,916,7,145)
r(15,102,7,145)
w(3,741,7,145)
r(2,302,7,145)
r(12,100,7,145)
w(7,706,7,145)
r(17,106,7,145)
w(8,698,7,145)
r(0,883,7,146)
r(3,939,7,146)
w(2,699,7,146)
r(13,108,7,146)
w(8,699,7,146)
w(12,699,7,146)
r(11,110,7,146)
w(1,685,7,146)
w(19,674,7,146)
r(15,313,7,146)
r(17,106,7,146)
r(16,294,7,146)
r(4,92,7,146)
r(9,115,7,146)
w(5,686,7,146)
r(14,101,7,146)
w(6,701,7,146)
w(18,691,7,146)
w(7,707,7,146)
r(10,109,7,146)
r(7,611,7,147)
r(10,579,7,147)
r(19,574,7,147)
w(2,700,7,147)
w(4,685,7,147)
r(8,591,7,147)
r(0,883,7,147)
r(3,632,7,147)
r(13,602,7,147)
r(16,297,7,147)
w(18,692,7,147)
w(1,686,7,147)
r(12,580,7,147)
r(11,583,7,147)
w(14,692,7,147)
r(15,313,7,147)
w(5,687,7,147)
r(9,608,7,147)
r(17,106,7,147)
r(6,916,7,147)
w(14,693,7,148)
w(0,677,7,148)
r(10,579,7,148)
w(11,676,7,148)
w(1,687,7,148)
w(19,675,7,148)
r(5,320,7,148)
r(8,314,7,148)
w(4,686,7,148)
w(12,700,7,148)
w(2,701,7,148)
w(7,708,7,148)
w(3,742,7,148)
w(18,693,7,148)
w(16,676,7,148)
r(9,326,7,148)
w(17,697,7,148)
r(15,317,7,148)
w(6,702,7,148)
r(13,295,7,148)
r(6,304,7,149)
r(3,324,7,149)
w(5,688,7,149)
w(4,687,7,149)
r(0,310,7,149)
w(15,726,7,149)
r(9,326,7,149)
w(2,702,7,149)
r(12,288,7,149)
w(1,688,7,149)
r(8,314,7,149)
r(14,301,7,149)
w(11,677,7,149)
w(19,676,7,149)
r(17,301,7,149)
r(10,579,7,149)
r(18,292,7,149)
w(13,702,7,149)
w(7,709,7,149)
r(16,297,7,149)
r(18,292,7,150)
r(14,8,7,150)
w(11,678,7,150)
r(10,579,7,150)
w(1,689,7,150)
r(8,8,7,150)
w(2,703,7,150)
r(0,310,7,150)
r(5,9,7,150)
w(19,677,7,150)
r(9,14,7,150)
r(15,7,7,150)
w(12,701,7,150)
r(17,301,7,150)
w(13,703,7,150)
w(3,743,7,150)
r(16,297,7,150)
w(6,703,7,150)
r(4,7,7,150)
r(7,611,7,150)
r(4,7,7,151)
w(18,694,7,151)
r(10,782,7,151)
r(8,901,7,151)
r(7,802,7,151)
w(5,689,7,151)
r(13,607,7,151)
r(17,587,7,151)
w(6,704,7,151)
w(12,702,7,151)
r(15,836,7,151)
w(1,690,7,151)
w(19,678,7,151)
r(0,310,7,151)
r(9,816,7,151)
w(16,677,7,151)
w(14,694,7,151)
w(2,704,7,151)
r(3,639,7,151)
w(11,679,7,151)
w(18,695,7,152)
w(9,706,7,152)
r(3,109,7,152)
r(7,911,7,152)
r(2,209,7,152)
w(1,691,7,152)
r(16,901,7,152)
r(0,487,7,152)
r(8,499,7,152)
r(4,193,7,152)
w(13,704,7,152)
r(5,898,7,152)
w(10,685,7,152)
w(17,698,7,152)
r(12,900,7,152)
r(14,210,7,152)
w(6,705,7,152)
r(15,204,7,152)
r(11,879,7,152)
w(19,679,7,152)
r(14,506,7,153)
r(6,602,7,153)
w(3,744,7,153)
r(13,506,7,153)
w(11,680,7,153)
w(19,680,7,153)
w(4,688,7,153)
w(1,692,7,153)
r(2,405,7,153)
w(8,700,7,153)
w(18,696,7,153)
w(17,699,7,153)
w(9,707,7,153)
w(15,727,7,153)
w(7,710,7,153)
w(5,690,7,153)
r(0,489,7,153)
r(10,484,7,153)
r(12,389,7,153)
r(16,394,7,153)
r(8,700,7,154)
r(5,690,7,154)
r(2,405,7,154)
w(16,678,7,154)
r(0,489,7,154)
r(17,699,7,154)
w(19,681,7,154)
r(15,727,7,154)
w(14,695,7,154)
w(13,705,7,154)
r(3,744,7,154)
w(4,689,7,154)
r(18,696,7,154)
w(6,706,7,154)
w(11,681,7,154)
r(12,389,7,154)
w(1,693,7,154)
w(9,708,7,154)
r(10,484,7,154)
w(7,711,7,154)
r(8,700,7,155)
w(11,682,7,155)
r(10,484,7,155)
r(0,489,7,155)
r(18,696,7,155)
r(13,705,7,155)
r(5,690,7,155)
w(6,707,7,155)
r(7,711,7,155)
w(4,690,7,155)
r(12,389,7,155)
r(3,744,7,155)
w(19,682,7,155)
r(17,699,7,155)
r(15,727,7,155)
w(16,679,7,155)
r(1,693,7,155)
w(14,696,7,155)
r(9,708,7,155)
w(2,705,7,155)
r(1,693,7,156)
w(19,683,7,156)
r(17,699,7,156)
w(9,709,7,156)
r(15,727,7,156)
w(6,708,7,156)
r(18,696,7,156)
r(8,700,7,156)
r(10,484,7,156)
r(16,679,7,156)
w(2,706,7,156)
r(14,696,7,156)
w(5,691,7,156)
w(3,745,7,156)
r(7,711,7,156)
r(12,389,7,156)
r(13,705,7,156)
r(0,489,7,156)
r(4,690,7,156)
w(11,683,7,156)
w(12,703,7,157)
r(1,693,7,157)
r(15,727,7,157)
r(6,707,7,157)
r(8,700,7,157)
r(3,744,7,157)
r(14,696,7,157)
r(18,696,7,157)
w(7,712,7,157)
r(16,679,7,157)
w(4,691,7,157)
r(2,705,7,157)
r(13,705,7,157)
r(19,682,7,157)
w(0,678,7,157)
r(10,484,7,157)
w(9,710,7,157)
w(11,684,7,157)
w(5,692,7,157)
r(17,699,7,157)
r(9,504,7,158)
r(3,744,7,158)
w(18,697,7,158)
w(1,694,7,158)
w(19,684,7,158)
r(15,521,7,158)
r(6,707,7,158)
w(14,697,7,158)
r(8,700,7,158)
r(2,705,7,158)
r(12,483,7,158)
w(17,700,7,158)
w(0,679,7,158)
w(4,692,7,158)
w(16,680,7,158)
r(5,509,7,158)
r(11,500,7,158)
r(10,486,7,158)
r(13,508,7,158)
r(7,514,7,158)
r(11,500,7,159)
r(13,508,7,159)
w(0,680,7,159)
r(9,504,7,159)
w(7,713,7,159)
r(4,692,7,159)
w(5,693,7,159)
w(19,685,7,159)
r(14,697,7,159)
r(12,590,7,159)
r(1,694,7,159)
w(16,681,7,159)
r(17,700,7,159)
w(15,728,7,159)
r(2,603,7,159)
w(8,701,7,159)
r(3,744,7,159)
w(18,698,7,159)
r(6,604,7,159)
w(10,686,7,159)
w(12,794,8,160)
w(13,808,8,160)
r(5,888,8,160)
w(16,785,8,160)
w(3,831,8,160)
r(7,902,8,160)
w(15,828,8,160)
r(11,870,8,160)
w(17,791,8,160)
r(2,302,8,160)
r(10,875,8,160)
r(8,305,8,160)
r(14,292,8,160)
w(0,773,8,160)
r(19,91,8,160)
w(1,805,8,160)
w(18,795,8,160)
r(6,295,8,160)
r(9,910,8,160)
r(4,286,8,160)
w(12,795,8,161)
w(1,806,8,161)
w(14,777,8,161)
r(13,106,8,161)
w(0,774,8,161)
w(3,832,8,161)
r(7,902,8,161)
w(18,796,8,161)
w(17,792,8,161)
r(16,294,8,161)
r(15,939,8,161)
r(8,305,8,161)
w(11,771,8,161)
r(4,286,8,161)
w(5,790,8,161)
w(9,808,8,161)
r(10,875,8,161)
w(6,804,8,161)
r(19,91,8,161)
w(2,790,8,161)
r(1,908,8,162)
w(16,786,8,162)
w(13,809,8,162)
r(7,902,8,162)
w(18,797,8,162)
w(12,796,8,162)
r(0,883,8,162)
r(8,305,8,162)
w(5,791,8,162)
w(9,809,8,162)
w(4,783,8,162)
r(17,885,8,162)
w(2,791,8,162)
r(6,295,8,162)
w(10,773,8,162)
r(11,870,8,162)
w(19,786,8,162)
r(3,939,8,162)
r(15,939,8,162)
r(14,292,8,162)
w(6,805,8,163)
w(3,833,8,163)
r(10,875,8,163)
r(14,292,8,163)
r(9,910,8,163)
w(17,793,8,163)
w(15,829,8,163)
w(7,797,8,163)
r(16,294,8,163)
w(18,798,8,163)
r(5,888,8,163)
r(12,99,8,163)
w(19,787,8,163)
r(0,883,8,163)
r(11,870,8,163)
r(2,302,8,163)
r(4,286,8,163)
r(8,305,8,163)
w(1,807,8,163)
r(13,106,8,163)
r(1,908,8,164)
w(6,806,8,164)
w(11,772,8,164)
r(19,91,8,164)
w(17,794,8,164)
r(14,292,8,164)
w(18,799,8,164)
w(8,787,8,164)
r(10,877,8,164)
w(9,810,8,164)
r(0,883,8,164)
r(2,302,8,164)
w(4,784,8,164)
r(16,294,8,164)
r(12,892,8,164)
w(15,830,8,164)
w(3,834,8,164)
w(13,810,8,164)
r(7,902,8,164)
r(5,888,8,164)
w(15,831,8,165)
r(1,908,8,165)
r(16,294,8,165)
w(19,788,8,165)
r(13,907,8,165)
r(8,897,8,165)
r(10,877,8,165)
w(0,775,8,165)
r(9,912,8,165)
w(3,835,8,165)
r(4,892,8,165)
w(5,792,8,165)
w(6,807,8,165)
r(7,902,8,165)
r(18,896,8,165)
w(12,797,8,165)
r(14,292,8,165)
r(11,870,8,165)
w(17,795,8,165)
w(2,792,8,165)
w(17,796,8,166)
r(18,896,8,166)
r(11,110,8,166)
w(6,808,8,166)
w(0,776,8,166)
w(8,788,8,166)
w(15,832,8,166)
r(9,115,8,166)
w(13,811,8,166)
w(5,793,8,166)
r(1,116,8,166)
w(2,793,8,166)
r(16,294,8,166)
r(12,100,8,166)
r(3,939,8,166)
w(4,785,8,166)
r(7,902,8,166)
w(19,789,8,166)
w(10,774,8,166)
r(14,101,8,166)
r(7,902,8,167)
w(5,794,8,167)
w(0,777,8,167)
w(1,808,8,167)
r(6,916,8,167)
w(18,800,8,167)
r(12,100,8,167)
r(11,110,8,167)
r(14,101,8,167)
w(3,836,8,167)
r(13,108,8,167)
r(8,308,8,167)
w(4,786,8,167)
w(10,775,8,167)
r(9,115,8,167)
r(15,313,8,167)
r(2,302,8,167)
w(19,790,8,167)
w(16,787,8,167)
r(17,106,8,167)
r(5,888,8,168)
w(11,773,8,168)
w(3,837,8,168)
r(8,308,8,168)
w(18,801,8,168)
r(14,101,8,168)
w(12,798,8,168)
r(17,106,8,168)
r(1,116,8,168)
r(16,294,8,168)
r(13,108,8,168)
r(15,313,8,168)
r(9,115,8,168)
w(0,778,8,168)
w(4,787,8,168)
w(10,776,8,168)
r(7,902,8,168)
r(19,302,8,168)
w(6,809,8,168)
r(2,302,8,168)
r(3,632,8,169)
r(16,297,8,169)
w(9,811,8,169)
r(2,594,8,169)
r(4,590,8,169)
r(15,313,8,169)
w(19,791,8,169)
w(5,795,8,169)
w(14,778,8,169)
r(12,580,8,169)
w(6,810,8,169)
r(17,106,8,169)
r(8,591,8,169)
r(1,582,8,169)
r(0,883,8,169)
r(11,583,8,169)
w(13,812,8,169)
w(10,777,8,169)
w(18,802,8,169)
w(7,798,8,169)
w(9,812,8,170)
r(12,580,8,170)
r(17,106,8,170)
r(7,611,8,170)
r(13,602,8,170)
w(14,779,8,170)
r(11,583,8,170)
r(8,591,8,170)
r(4,590,8,170)
w(18,803,8,170)
r(6,916,8,170)
w(2,794,8,170)
w(16,788,8,170)
r(15,313,8,170)
w(5,796,8,170)
w(19,792,8,170)
w(1,809,8,170)
r(3,632,8,170)
r(10,579,8,170)
w(0,779,8,170)
w(14,780,8,171)
r(3,632,8,171)
r(9,608,8,171)
w(7,799,8,171)
r(13,602,8,171)
r(2,594,8,171)
w(15,833,8,171)
w(1,810,8,171)
r(5,318,8,171)
r(16,297,8,171)
r(19,574,8,171)
r(8,591,8,171)
w(0,780,8,171)
r(12,580,8,171)
r(4,590,8,171)
r(10,579,8,171)
w(6,811,8,171)
r(18,583,8,171)
w(17,797,8,171)
w(11,774,8,171)
r(14,101,8,172)
r(11,583,8,172)
w(6,812,8,172)
r(5,318,8,172)
r(4,590,8,172)
r(7,611,8,172)
w(3,838,8,172)
r(12,580,8,172)
r(9,608,8,172)
r(0,883,8,172)
r(18,583,8,172)
r(17,106,8,172)
r(19,574,8,172)
w(8,789,8,172)
w(1,811,8,172)
r(13,602,8,172)
w(16,789,8,172)
w(10,778,8,172)
r(2,594,8,172)
r(15,313,8,172)
w(7,800,8,173)
r(5,320,8,173)
w(14,781,8,173)
w(0,781,8,173)
w(15,834,8,173)
r(12,288,8,173)
w(11,775,8,173)
w(6,813,8,173)
w(9,813,8,173)
w(19,793,8,173)
r(17,301,8,173)
r(13,295,8,173)
w(2,795,8,173)
w(3,839,8,173)
r(1,308,8,173)
r(16,297,8,173)
w(10,779,8,173)
w(4,788,8,173)
r(8,314,8,173)
r(18,292,8,173)
w(8,790,8,174)
w(17,798,8,174)
r(11,12,8,174)
w(6,814,8,174)
w(10,780,8,174)
r(3,5,8,174)
r(15,7,8,174)
w(2,796,8,174)
r(16,297,8,174)
r(19,307,8,174)
r(18,292,8,174)
w(0,782,8,174)
r(4,7,8,174)
w(13,813,8,174)
w(14,782,8,174)
r(9,14,8,174)
r(1,11,8,174)
r(12,288,8,174)
w(5,797,8,174)
r(7,611,8,174)
r(10,579,8,175)
w(12,799,8,175)
w(13,814,8,175)
r(7,611,8,175)
w(14,783,8,175)
r(6,304,8,175)
r(5,9,8,175)
r(4,7,8,175)
r(18,292,8,175)
w(11,776,8,175)
r(2,8,8,175)
w(17,799,8,175)
w(9,814,8,175)
r(0,310,8,175)
w(3,840,8,175)
r(8,8,8,175)
w(19,794,8,175)
w(16,790,8,175)
r(1,11,8,175)
w(15,835,8,175)
r(14,8,8,176)
r(5,897,8,176)
r(19,880,8,176)
r(15,950,8,176)
r(11,12,8,176)
w(2,797,8,176)
w(1,812,8,176)
w(8,791,8,176)
r(6,304,8,176)
w(12,800,8,176)
r(0,310,8,176)
w(9,815,8,176)
w(7,801,8,176)
w(3,841,8,176)
r(16,297,8,176)
r(13,914,8,176)
r(4,7,8,176)
r(17,301,8,176)
w(10,781,8,176)
r(18,292,8,176)
w(11,777,8,177)
r(0,310,8,177)
w(9,816,8,177)
r(5,897,8,177)
r(3,639,8,177)
w(18,804,8,177)
w(1,813,8,177)
r(13,607,8,177)
w(6,815,8,177)
r(4,7,8,177)
w(10,782,8,177)
w(16,791,8,177)
w(7,802,8,177)
r(8,901,8,177)
w(19,795,8,177)
w(14,784,8,177)
w(15,836,8,177)
r(12,586,8,177)
r(17,587,8,177)
w(2,798,8,177)
r(13,607,8,178)
w(11,778,8,178)
w(17,800,8,178)
r(15,836,8,178)
r(2,798,8,178)
w(10,783,8,178)
r(6,815,8,178)
w(7,803,8,178)
w(18,805,8,178)
w(1,814,8,178)
w(4,789,8,178)
r(19,795,8,178)
w(9,817,8,178)
r(5,897,8,178)
w(16,792,8,178)
w(8,792,8,178)
r(14,784,8,178)
r(3,639,8,178)
r(0,310,8,178)
r(12,586,8,178)
w(10,784,8,179)
r(18,804,8,179)
w(9,818,8,179)
w(11,779,8,179)
r(8,901,8,179)
w(3,842,8,179)
w(14,785,8,179)
r(12,586,8,179)
r(0,310,8,179)
w(17,801,8,179)
r(13,607,8,179)
w(7,804,8,179)
r(19,795,8,179)
w(6,816,8,179)
r(5,897,8,179)
r(1,813,8,179)
r(2,798,8,179)
r(16,791,8,179)
w(15,837,8,179)
r(4,7,8,179)
r(8,305,9,180)
r(19,91,9,180)
w(3,939,9,180)
r(13,106,9,180)
w(11,870,9,180)
w(0,883,9,180)
w(9,910,9,180)
r(4,286,9,180)
r(14,292,9,180)
w(18,895,9,180)
r(16,294,9,180)
w(15,939,9,180)
w(7,902,9,180)
r(2,302,9,180)
w(5,888,9,180)
w(17,885,9,180)
w(10,875,9,180)
w(1,908,9,180)
r(6,295,9,180)
r(12,99,9,180)
r(17,885,9,181)
w(4,890,9,181)
r(3,939,9,181)
w(19,873,9,181)
w(14,875,9,181)
r(18,895,9,181)
r(2,302,9,181)
w(16,894,9,181)
r(15,939,9,181)
w(1,909,9,181)
w(11,871,9,181)
w(7,903,9,181)
w(0,884,9,181)
r(9,910,9,181)
r(10,875,9,181)
w(8,895,9,181)
w(5,889,9,181)
r(12,99,9,181)
r(6,295,9,181)
w(13,905,9,181)
w(13,906,9,182)
w(4,891,9,182)
r(3,939,9,182)
r(0,883,9,182)
r(18,895,9,182)
r(2,302,9,182)
r(16,294,9,182)
w(1,910,9,182)
r(5,888,9,182)
r(7,902,9,182)
w(8,896,9,182)
w(6,915,9,182)
r(11,870,9,182)
w(10,876,9,182)
w(12,891,9,182)
w(17,886,9,182)
w(15,940,9,182)
r(14,292,9,182)
w(19,874,9,182)
w(9,911,9,182)
r(14,292,9,183)
r(17,885,9,183)
w(12,892,9,183)
r(11,870,9,183)
w(9,912,9,183)
r(19,91,9,183)
r(5,888,9,183)
w(8,897,9,183)
r(0,883,9,183)
w(6,916,9,183)
w(13,907,9,183)
r(2,302,9,183)
w(10,877,9,183)
r(16,294,9,183)
w(4,892,9,183)
r(7,902,9,183)
w(18,896,9,183)
r(1,908,9,183)
w(15,941,9,183)
r(3,939,9,183)
w(18,897,9,184)
w(2,882,9,184)
w(15,942,9,184)
w(7,904,9,184)
r(16,294,9,184)
w(5,890,9,184)
w(3,940,9,184)
r(0,883,9,184)
r(10,877,9,184)
r(9,912,9,184)
r(6,916,9,184)
r(17,885,9,184)
w(12,893,9,184)
w(14,876,9,184)
w(1,911,9,184)
r(4,892,9,184)
r(13,907,9,184)
r(11,870,9,184)
r(8,897,9,184)
r(19,91,9,184)
r(15,313,9,185)
r(10,109,9,185)
r(19,302,9,185)
w(14,877,9,185)
w(11,872,9,185)
w(18,898,9,185)
w(16,895,9,185)
r(17,106,9,185)
w(0,885,9,185)
r(12,100,9,185)
w(2,883,9,185)
w(5,891,9,185)
r(3,939,9,185)
w(8,898,9,185)
r(7,902,9,185)
r(6,916,9,185)
r(9,115,9,185)
r(13,108,9,185)
r(1,116,9,185)
r(4,92,9,185)
r(18,583,9,186)
r(1,582,9,186)
r(14,101,9,186)
r(16,297,9,186)
r(19,574,9,186)
r(8,591,9,186)
w(9,913,9,186)
r(6,916,9,186)
r(7,611,9,186)
w(5,892,9,186)
w(15,943,9,186)
r(10,579,9,186)
w(11,873,9,186)
w(0,886,9,186)
w(17,887,9,186)
r(2,594,9,186)
w(13,908,9,186)
w(4,893,9,186)
w(3,941,9,186)
w(12,894,9,186)
w(9,914,9,187)
r(6,916,9,187)
r(7,611,9,187)
r(12,580,9,187)
w(8,899,9,187)
w(3,942,9,187)
r(14,101,9,187)
r(0,883,9,187)
r(4,590,9,187)
w(2,884,9,187)
w(18,899,9,187)
w(15,944,9,187)
r(17,106,9,187)
r(11,583,9,187)
w(5,893,9,187)
r(16,297,9,187)
w(10,878,9,187)
r(19,574,9,187)
r(1,582,9,187)
r(13,602,9,187)
w(2,885,9,188)
r(15,313,9,188)
r(7,611,9,188)
r(8,591,9,188)
w(16,896,9,188)
w(13,909,9,188)
r(10,579,9,188)
r(3,632,9,188)
w(12,895,9,188)
r(9,608,9,188)
w(19,875,9,188)
r(5,318,9,188)
w(18,900,9,188)
r(4,590,9,188)
r(0,883,9,188)
w(14,878,9,188)
r(1,582,9,188)
r(11,583,9,188)
r(17,106,9,188)
w(6,917,9,188)
r(9,608,9,189)
r(6,916,9,189)
w(16,897,9,189)
r(12,580,9,189)
r(3,632,9,189)
w(7,905,9,189)
r(10,579,9,189)
w(2,886,9,189)
r(8,591,9,189)
r(17,106,9,189)
w(1,912,9,189)
w(15,945,9,189)
w(19,876,9,189)
r(14,101,9,189)
w(0,887,9,189)
r(18,583,9,189)
r(11,583,9,189)
w(4,894,9,189)
w(13,910,9,189)
r(5,318,9,189)
r(4,590,9,190)
r(13,602,9,190)
w(16,898,9,190)
r(5,318,9,190)
w(2,887,9,190)
r(11,583,9,190)
w(19,877,9,190)
r(8,591,9,190)
w(0,888,9,190)
w(6,918,9,190)
w(12,896,9,190)
w(17,888,9,190)
w(9,915,9,190)
w(18,901,9,190)
r(14,101,9,190)
w(3,943,9,190)
w(7,906,9,190)
r(10,579,9,190)
r(1,582,9,190)
r(15,313,9,190)
w(10,879,9,191)
w(11,874,9,191)
r(14,101,9,191)
w(18,902,9,191)
r(4,590,9,191)
r(1,582,9,191)
r(3,632,9,191)
r(12,580,9,191)
w(5,894,9,191)
r(16,297,9,191)
w(7,907,9,191)
r(0,883,9,191)
r(17,106,9,191)
w(6,919,9,191)
w(9,916,9,191)
r(8,591,9,191)
w(13,911,9,191)
r(19,574,9,191)
w(2,888,9,191)
w(15,946,9,191)
r(5,318,9,192)
w(13,912,9,192)
w(15,947,9,192)
w(6,920,9,192)
r(12,288,9,192)
r(2,594,9,192)
w(16,899,9,192)
r(17,300,9,192)
w(11,875,9,192)
w(18,903,9,192)
r(1,308,9,192)
r(3,324,9,192)
w(10,880,9,192)
w(4,895,9,192)
w(9,917,9,192)
r(0,883,9,192)
w(14,879,9,192)
w(7,908,9,192)
w(8,900,9,192)
r(19,306,9,192)
r(7,611,9,193)
w(14,880,9,193)
w(19,878,9,193)
w(4,896,9,193)
r(10,579,9,193)
r(13,295,9,193)
w(16,900,9,193)
r(12,288,9,193)
r(8,314,9,193)
w(9,918,9,193)
r(1,308,9,193)
r(17,301,9,193)
r(11,300,9,193)
r(3,324,9,193)
r(15,317,9,193)
r(0,310,9,193)
w(2,889,9,193)
r(18,292,9,193)
w(5,895,9,193)
r(6,304,9,193)
r(7,611,9,194)
r(8,8,9,194)
r(2,8,9,194)
r(14,8,9,194)
r(13,9,9,194)
r(17,301,9,194)
w(9,919,9,194)
w(11,876,9,194)
r(10,579,9,194)
w(1,913,9,194)
w(12,897,9,194)
r(18,292,9,194)
w(0,889,9,194)
w(19,879,9,194)
w(15,948,9,194)
r(6,304,9,194)
r(4,7,9,194)
w(5,896,9,194)
w(3,944,9,194)
r(16,297,9,194)
r(19,307,9,195)
r(2,8,9,195)
r(5,9,9,195)
w(7,909,9,195)
r(14,8,9,195)
r(9,14,9,195)
r(1,11,9,195)
r(12,288,9,195)
r(16,297,9,195)
w(18,904,9,195)
r(8,8,9,195)
r(10,579,9,195)
r(3,5,9,195)
w(6,921,9,195)
r(4,7,9,195)
w(17,889,9,195)
r(0,310,9,195)
w(11,877,9,195)
w(15,949,9,195)
w(13,913,9,195)
w(19,880,9,196)
w(8,901,9,196)
r(3,5,9,196)
w(5,897,9,196)
w(9,920,9,196)
w(10,881,9,196)
r(16,297,9,196)
r(14,8,9,196)
r(6,304,9,196)
w(15,950,9,196)
r(18,292,9,196)
r(11,12,9,196)
r(0,310,9,196)
r(4,7,9,196)
w(13,914,9,196)
r(17,301,9,196)
w(1,914,9,196)
w(12,898,9,196)
w(7,910,9,196)
r(2,8,9,196)
r(16,791,9,197)
w(4,897,9,197)
r(9,816,9,197)
r(19,795,9,197)
r(13,607,9,197)
w(6,922,9,197)
w(17,890,9,197)
r(18,804,9,197)
r(0,310,9,197)
r(5,897,9,197)
w(10,882,9,197)
w(12,899,9,197)
w(8,902,9,197)
w(3,945,9,197)
r(14,784,9,197)
r(7,802,9,197)
w(15,951,9,197)
r(2,798,9,197)
w(11,878,9,197)
r(1,813,9,197)
r(6,498,9,198)
r(18,201,9,198)
w(19,881,9,198)
w(5,898,9,198)
r(2,209,9,198)
r(15,204,9,198)
w(13,915,9,198)
w(17,891,9,198)
r(0,487,9,198)
r(3,109,9,198)
r(14,210,9,198)
w(10,883,9,198)
w(12,900,9,198)
r(4,193,9,198)
r(1,484,9,198)
w(16,901,9,198)
r(8,499,9,198)
w(11,879,9,198)
w(7,911,9,198)
w(9,921,9,198)
r(13,915,9,199)
w(16,902,9,199)
r(10,883,9,199)
w(15,952,9,199)
r(7,911,9,199)
r(0,487,9,199)
w(14,881,9,199)
w(4,898,9,199)
r(12,900,9,199)
w(1,915,9,199)
r(9,921,9,199)
w(3,946,9,199)
r(18,201,9,199)
r(5,898,9,199)
r(2,209,9,199)
r(8,499,9,199)
w(17,892,9,199)
r(19,881,9,199)
r(6,498,9,199)
w(11,880,9,199)
