r(6,109,0,0)
r(15,106,0,0)
w(12,1,0,0)
r(8,108,0,0)
w(9,1,0,0)
r(3,100,0,0)
w(14,1,0,0)
w(17,1,0,0)
w(18,1,0,0)
w(11,1,0,0)
r(16,106,0,0)
w(19,1,0,0)
r(13,99,0,0)
r(1,89,0,0)
w(5,1,0,0)
r(7,90,0,0)
w(2,1,0,0)
r(0,102,0,0)
r(4,96,0,0)
w(10,1,0,0)
r(5,1,0,1)
w(11,2,0,1)
r(19,1,0,1)
r(14,1,0,1)
w(15,1,0,1)
r(16,106,0,1)
w(6,1,0,1)
w(18,2,0,1)
w(0,1,0,1)
w(17,2,0,1)
r(8,108,0,1)
w(10,2,0,1)
r(12,1,0,1)
r(7,90,0,1)
r(2,1,0,1)
r(3,100,0,1)
w(1,1,0,1)
r(4,96,0,1)
w(9,2,0,1)
w(13,1,0,1)
w(16,1,0,2)
r(18,702,0,2)
w(11,3,0,2)
w(5,2,0,2)
r(8,108,0,2)
r(15,715,0,2)
w(1,2,0,2)
r(12,697,0,2)
r(6,109,0,2)
r(9,590,0,2)
r(0,705,0,2)
r(19,571,0,2)
w(7,1,0,2)
r(3,100,0,2)
r(2,703,0,2)
w(10,3,0,2)
r(14,1,0,2)
w(17,3,0,2)
r(4,697,0,2)
w(13,2,0,2)
r(7,714,0,3)
w(14,2,0,3)
w(2,2,0,3)
w(18,3,0,3)
w(6,2,0,3)
r(9,590,0,3)
r(19,682,0,3)
r(17,685,0,3)
w(5,3,0,3)
r(13,717,0,3)
r(1,658,0,3)
w(4,1,0,3)
r(3,100,0,3)
r(0,706,0,3)
w(12,2,0,3)
r(16,718,0,3)
w(11,4,0,3)
w(8,1,0,3)
r(15,715,0,3)
w(10,4,0,3)
w(18,4,0,4)
r(19,682,0,4)
w(7,2,0,4)
r(9,590,0,4)
w(11,5,0,4)
r(4,698,0,4)
r(16,718,0,4)
r(0,706,0,4)
w(13,3,0,4)
r(5,704,0,4)
w(8,2,0,4)
r(6,701,0,4)
r(10,718,0,4)
r(2,703,0,4)
w(1,3,0,4)
w(17,4,0,4)
r(12,697,0,4)
r(15,715,0,4)
r(3,100,0,4)
r(14,1,0,4)
w(15,2,0,5)
r(9,590,0,5)
w(8,3,0,5)
w(16,2,0,5)
w(6,3,0,5)
r(11,711,0,5)
w(17,5,0,5)
w(13,4,0,5)
r(14,286,0,5)
r(5,300,0,5)
w(12,3,0,5)
r(18,702,0,5)
r(2,311,0,5)
w(1,4,0,5)
w(19,2,0,5)
r(10,718,0,5)
r(3,283,0,5)
w(4,2,0,5)
r(7,297,0,5)
w(0,2,0,5)
r(16,718,0,6)
w(6,4,0,6)
r(18,702,0,6)
r(1,658,0,6)
r(2,311,0,6)
w(0,3,0,6)
r(3,283,0,6)
r(13,717,0,6)
r(12,697,0,6)
w(10,5,0,6)
w(8,4,0,6)
w(9,3,0,6)
w(17,6,0,6)
w(19,3,0,6)
r(11,711,0,6)
r(14,286,0,6)
w(4,3,0,6)
r(7,297,0,6)
r(15,327,0,6)
r(5,300,0,6)
w(0,4,0,7)
r(19,303,0,7)
w(6,5,0,7)
r(2,311,0,7)
r(16,718,0,7)
r(11,711,0,7)
r(9,590,0,7)
r(1,658,0,7)
r(4,298,0,7)
w(13,5,0,7)
r(5,300,0,7)
r(17,295,0,7)
r(14,286,0,7)
w(15,3,0,7)
r(18,702,0,7)
w(10,6,0,7)
r(7,297,0,7)
r(12,697,0,7)
w(8,5,0,7)
r(3,283,0,7)
w(14,3,0,8)
w(2,3,0,8)
w(4,4,0,8)
r(10,718,0,8)
r(12,697,0,8)
w(3,1,0,8)
r(6,701,0,8)
w(7,3,0,8)
w(13,6,0,8)
r(15,327,0,8)
r(19,303,0,8)
r(9,590,0,8)
w(18,5,0,8)
r(17,295,0,8)
w(8,6,0,8)
r(0,706,0,8)
r(16,718,0,8)
w(11,6,0,8)
w(1,5,0,8)
r(5,300,0,8)
r(10,721,0,9)
r(11,711,0,9)
w(13,7,0,9)
r(7,716,0,9)
r(18,702,0,9)
r(1,660,0,9)
r(15,717,0,9)
r(14,687,0,9)
r(8,696,0,9)
r(3,283,0,9)
w(4,5,0,9)
w(6,6,0,9)
r(2,705,0,9)
w(19,4,0,9)
r(5,705,0,9)
r(0,707,0,9)
r(16,720,0,9)
r(9,590,0,9)
w(12,4,0,9)
w(17,7,0,9)
w(2,4,0,10)
r(9,590,0,10)
w(4,6,0,10)
w(3,2,0,10)
w(19,5,0,10)
r(12,697,0,10)
w(14,4,0,10)
w(5,4,0,10)
w(8,7,0,10)
r(10,721,0,10)
w(15,4,0,10)
r(16,720,0,10)
w(18,6,0,10)
w(1,6,0,10)
w(7,4,0,10)
r(11,711,0,10)
w(6,7,0,10)
r(13,719,0,10)
w(17,8,0,10)
w(0,5,0,10)
w(19,6,0,11)
r(2,705,0,11)
r(1,660,0,11)
r(16,720,0,11)
w(8,8,0,11)
r(14,687,0,11)
w(17,9,0,11)
w(5,5,0,11)
w(10,7,0,11)
r(9,590,0,11)
r(18,702,0,11)
w(0,6,0,11)
w(15,5,0,11)
r(4,700,0,11)
r(13,719,0,11)
w(7,5,0,11)
r(12,697,0,11)
w(3,3,0,11)
r(11,711,0,11)
w(6,8,0,11)
r(2,607,0,12)
w(4,7,0,12)
w(8,9,0,12)
r(15,619,0,12)
w(11,7,0,12)
r(19,303,0,12)
w(1,7,0,12)
w(9,4,0,12)
r(13,522,0,12)
w(7,6,0,12)
r(3,682,0,12)
r(5,705,0,12)
w(14,5,0,12)
w(16,3,0,12)
r(18,602,0,12)
r(6,701,0,12)
w(12,5,0,12)
w(17,10,0,12)
w(10,8,0,12)
r(0,604,0,12)
r(18,602,0,13)
r(3,682,0,13)
w(19,7,0,13)
w(14,6,0,13)
r(13,522,0,13)
w(12,6,0,13)
r(7,6,0,13)
w(16,4,0,13)
r(10,8,0,13)
r(0,604,0,13)
w(17,11,0,13)
w(1,8,0,13)
r(6,701,0,13)
w(11,8,0,13)
w(8,10,0,13)
w(9,5,0,13)
r(5,705,0,13)
w(4,8,0,13)
w(15,6,0,13)
r(2,607,0,13)
w(5,6,0,14)
w(9,6,0,14)
w(17,12,0,14)
r(7,6,0,14)
r(2,607,0,14)
w(6,9,0,14)
r(18,602,0,14)
r(14,5,0,14)
w(1,9,0,14)
r(10,8,0,14)
w(15,7,0,14)
r(8,9,0,14)
r(12,5,0,14)
r(19,303,0,14)
w(16,5,0,14)
w(3,4,0,14)
w(4,9,0,14)
w(13,8,0,14)
w(0,7,0,14)
r(11,7,0,14)
w(9,7,0,15)
r(12,5,0,15)
r(5,705,0,15)
r(17,10,0,15)
w(1,10,0,15)
w(8,11,0,15)
w(18,7,0,15)
w(6,10,0,15)
w(19,8,0,15)
r(4,7,0,15)
w(16,6,0,15)
r(2,607,0,15)
r(13,522,0,15)
w(0,8,0,15)
w(3,5,0,15)
r(14,5,0,15)
r(10,8,0,15)
r(15,619,0,15)
w(7,7,0,15)
r(11,7,0,15)
r(8,790,0,16)
r(3,787,0,16)
r(11,807,0,16)
w(5,7,0,16)
w(9,8,0,16)
r(1,774,0,16)
w(6,11,0,16)
r(14,789,0,16)
r(0,604,0,16)
w(16,7,0,16)
r(4,7,0,16)
r(7,6,0,16)
w(13,9,0,16)
r(2,607,0,16)
w(17,13,0,16)
w(18,8,0,16)
w(15,8,0,16)
r(19,788,0,16)
r(12,5,0,16)
w(10,9,0,16)
w(3,6,0,17)
r(13,9,0,17)
r(5,7,0,17)
w(12,7,0,17)
r(4,7,0,17)
w(0,9,0,17)
r(9,8,0,17)
r(8,790,0,17)
r(15,8,0,17)
w(11,9,0,17)
r(6,11,0,17)
w(19,9,0,17)
r(7,6,0,17)
w(2,5,0,17)
r(14,789,0,17)
w(1,11,0,17)
r(10,9,0,17)
r(18,8,0,17)
r(16,7,0,17)
w(17,14,0,17)
w(11,10,0,18)
r(19,788,0,18)
w(14,7,0,18)
w(18,9,0,18)
r(8,306,0,18)
w(5,8,0,18)
w(17,15,0,18)
r(4,306,0,18)
w(13,10,0,18)
r(0,298,0,18)
r(2,607,0,18)
w(12,8,0,18)
w(6,12,0,18)
r(10,305,0,18)
r(16,7,0,18)
w(9,9,0,18)
w(15,9,0,18)
r(7,304,0,18)
w(1,12,0,18)
r(3,291,0,18)
r(15,8,0,19)
r(17,299,0,19)
w(1,13,0,19)
r(11,313,0,19)
r(12,305,0,19)
r(0,298,0,19)
r(18,8,0,19)
w(10,10,0,19)
w(2,6,0,19)
r(16,7,0,19)
w(3,7,0,19)
w(14,8,0,19)
r(7,304,0,19)
r(9,8,0,19)
r(8,306,0,19)
w(19,10,0,19)
r(5,7,0,19)
w(6,13,0,19)
w(13,11,0,19)
r(4,306,0,19)
w(14,99,1,20)
r(9,0,1,20)
w(13,97,1,20)
r(2,0,1,20)
w(12,94,1,20)
w(4,94,1,20)
r(10,0,1,20)
r(8,0,1,20)
w(0,101,1,20)
r(15,0,1,20)
w(5,99,1,20)
r(1,0,1,20)
w(18,92,1,20)
w(16,105,1,20)
r(11,0,1,20)
w(17,111,1,20)
r(7,0,1,20)
r(6,0,1,20)
w(19,104,1,20)
r(3,0,1,20)
r(11,0,1,21)
r(19,104,1,21)
r(16,105,1,21)
r(17,111,1,21)
w(12,95,1,21)
r(4,94,1,21)
w(3,98,1,21)
w(18,93,1,21)
w(15,106,1,21)
w(6,108,1,21)
w(0,102,1,21)
r(9,0,1,21)
w(14,100,1,21)
w(7,89,1,21)
r(8,0,1,21)
w(2,104,1,21)
w(5,100,1,21)
r(10,0,1,21)
w(13,98,1,21)
r(1,0,1,21)
w(5,101,1,22)
w(8,108,1,22)
w(6,109,1,22)
w(9,95,1,22)
r(15,106,1,22)
r(17,111,1,22)
w(2,105,1,22)
w(7,90,1,22)
w(11,116,1,22)
w(4,95,1,22)
w(19,105,1,22)
w(18,94,1,22)
w(1,88,1,22)
w(3,99,1,22)
r(14,100,1,22)
r(16,105,1,22)
w(13,99,1,22)
r(0,102,1,22)
r(12,95,1,22)
r(10,0,1,22)
r(18,94,1,23)
r(7,90,1,23)
w(2,106,1,23)
r(12,95,1,23)
w(1,89,1,23)
r(9,95,1,23)
w(3,100,1,23)
r(10,0,1,23)
r(15,106,1,23)
w(4,96,1,23)
w(11,117,1,23)
w(16,106,1,23)
r(6,109,1,23)
r(13,99,1,23)
r(0,102,1,23)
w(19,106,1,23)
w(17,112,1,23)
r(5,101,1,23)
w(14,101,1,23)
r(8,108,1,23)
w(6,110,1,24)
w(15,107,1,24)
w(2,107,1,24)
w(3,101,1,24)
r(10,1,1,24)
w(12,96,1,24)
w(13,100,1,24)
w(18,95,1,24)
w(8,109,1,24)
r(11,1,1,24)
w(17,113,1,24)
r(9,1,1,24)
w(7,91,1,24)
r(19,1,1,24)
r(0,102,1,24)
r(4,96,1,24)
r(1,89,1,24)
r(5,1,1,24)
w(16,107,1,24)
r(14,1,1,24)
r(6,109,1,25)
w(19,107,1,25)
w(1,90,1,25)
w(5,102,1,25)
r(8,108,1,25)
r(18,1,1,25)
w(13,101,1,25)
w(15,108,1,25)
r(9,1,1,25)
r(10,1,1,25)
w(4,97,1,25)
r(0,102,1,25)
w(7,92,1,25)
r(16,106,1,25)
w(17,114,1,25)
w(12,97,1,25)
w(11,118,1,25)
r(14,1,1,25)
w(3,102,1,25)
w(2,108,1,25)
w(19,108,1,26)
r(6,109,1,26)
r(5,603,1,26)
w(13,102,1,26)
w(8,110,1,26)
r(17,685,1,26)
r(3,100,1,26)
r(10,1,1,26)
w(18,96,1,26)
r(14,1,1,26)
r(12,697,1,26)
r(9,590,1,26)
w(2,109,1,26)
r(1,89,1,26)
r(7,713,1,26)
w(11,119,1,26)
w(15,109,1,26)
w(4,98,1,26)
r(0,705,1,26)
r(16,717,1,26)
r(13,717,1,27)
w(4,99,1,27)
r(12,697,1,27)
r(7,714,1,27)
r(18,702,1,27)
w(2,110,1,27)
r(6,701,1,27)
w(14,102,1,27)
r(5,704,1,27)
r(11,711,1,27)
r(10,718,1,27)
w(19,109,1,27)
r(9,590,1,27)
r(15,715,1,27)
w(0,103,1,27)
w(16,108,1,27)
w(8,111,1,27)
r(1,658,1,27)
w(3,103,1,27)
r(17,685,1,27)
r(0,706,1,28)
r(1,658,1,28)
r(18,702,1,28)
r(14,286,1,28)
r(3,283,1,28)
r(10,718,1,28)
r(16,718,1,28)
w(19,110,1,28)
r(2,311,1,28)
w(15,110,1,28)
r(6,701,1,28)
w(9,96,1,28)
w(11,120,1,28)
w(5,103,1,28)
r(13,717,1,28)
r(4,298,1,28)
w(7,93,1,28)
w(8,112,1,28)
w(12,98,1,28)
r(17,295,1,28)
r(2,311,1,29)
r(4,298,1,29)
w(14,103,1,29)
r(16,718,1,29)
r(1,658,1,29)
w(11,121,1,29)
r(9,590,1,29)
w(18,97,1,29)
r(0,706,1,29)
r(12,697,1,29)
w(19,111,1,29)
r(6,701,1,29)
w(13,103,1,29)
w(7,94,1,29)
r(17,295,1,29)
r(15,327,1,29)
w(8,113,1,29)
r(3,283,1,29)
w(10,101,1,29)
r(5,300,1,29)
w(11,122,1,30)
w(2,111,1,30)
r(12,697,1,30)
r(7,297,1,30)
w(13,104,1,30)
w(4,100,1,30)
r(17,295,1,30)
w(14,104,1,30)
r(9,590,1,30)
r(16,718,1,30)
w(8,114,1,30)
r(15,327,1,30)
r(1,658,1,30)
r(19,303,1,30)
w(5,104,1,30)
r(10,718,1,30)
w(0,104,1,30)
w(6,111,1,30)
r(18,702,1,30)
w(3,104,1,30)
w(8,115,1,31)
r(2,705,1,31)
w(10,102,1,31)
w(4,101,1,31)
r(0,707,1,31)
w(12,99,1,31)
w(1,91,1,31)
r(7,716,1,31)
w(15,111,1,31)
w(18,98,1,31)
r(13,719,1,31)
w(11,123,1,31)
w(5,105,1,31)
w(19,112,1,31)
w(16,109,1,31)
r(17,687,1,31)
r(14,687,1,31)
r(6,701,1,31)
r(3,283,1,31)
r(9,590,1,31)
w(16,110,1,32)
r(8,696,1,32)
r(17,687,1,32)
r(2,705,1,32)
r(7,716,1,32)
w(11,124,1,32)
r(13,719,1,32)
w(15,112,1,32)
w(1,92,1,32)
w(6,112,1,32)
w(14,105,1,32)
w(3,105,1,32)
w(9,97,1,32)
r(4,700,1,32)
r(18,702,1,32)
r(0,707,1,32)
w(12,100,1,32)
r(19,303,1,32)
w(10,103,1,32)
w(5,106,1,32)
w(5,107,1,33)
w(17,115,1,33)
r(0,707,1,33)
w(15,113,1,33)
w(11,125,1,33)
r(6,701,1,33)
r(13,719,1,33)
w(19,113,1,33)
r(14,687,1,33)
r(8,696,1,33)
w(4,102,1,33)
r(12,697,1,33)
r(9,590,1,33)
w(7,95,1,33)
w(1,93,1,33)
w(2,112,1,33)
w(16,111,1,33)
w(3,106,1,33)
r(18,702,1,33)
w(10,104,1,33)
r(0,604,1,34)
r(1,774,1,34)
r(3,787,1,34)
r(16,813,1,34)
w(15,114,1,34)
r(17,10,1,34)
r(10,828,1,34)
w(5,108,1,34)
w(14,106,1,34)
w(4,103,1,34)
r(6,810,1,34)
r(9,4,1,34)
r(18,602,1,34)
w(19,114,1,34)
r(13,812,1,34)
r(7,6,1,34)
w(11,126,1,34)
w(2,113,1,34)
r(8,790,1,34)
w(12,101,1,34)
r(0,298,1,35)
r(17,299,1,35)
r(7,304,1,35)
w(10,105,1,35)
r(14,294,1,35)
r(18,8,1,35)
w(4,104,1,35)
r(5,7,1,35)
r(13,319,1,35)
r(11,313,1,35)
r(16,7,1,35)
w(12,102,1,35)
w(15,115,1,35)
w(1,94,1,35)
r(8,306,1,35)
w(2,114,1,35)
r(3,291,1,35)
w(6,113,1,35)
r(19,788,1,35)
r(9,8,1,35)
w(12,103,1,36)
w(19,115,1,36)
r(2,804,1,36)
r(14,791,1,36)
r(17,782,1,36)
w(8,116,1,36)
r(6,514,1,36)
r(3,789,1,36)
w(13,105,1,36)
r(11,314,1,36)
w(18,99,1,36)
w(5,109,1,36)
r(1,775,1,36)
r(10,830,1,36)
r(16,815,1,36)
r(9,8,1,36)
r(4,810,1,36)
w(15,116,1,36)
w(0,105,1,36)
r(7,814,1,36)
w(13,106,1,37)
w(0,106,1,37)
r(10,830,1,37)
r(11,314,1,37)
w(4,105,1,37)
r(7,814,1,37)
w(15,117,1,37)
r(1,775,1,37)
r(6,514,1,37)
w(19,116,1,37)
w(12,104,1,37)
w(9,98,1,37)
r(3,789,1,37)
w(16,112,1,37)
w(8,117,1,37)
r(14,791,1,37)
w(2,115,1,37)
w(17,116,1,37)
r(18,801,1,37)
r(5,799,1,37)
r(0,200,1,38)
r(2,219,1,38)
w(11,127,1,38)
w(7,96,1,38)
w(6,114,1,38)
w(4,106,1,38)
r(12,788,1,38)
r(10,945,1,38)
w(15,118,1,38)
r(3,791,1,38)
r(14,792,1,38)
r(5,898,1,38)
r(13,224,1,38)
r(8,792,1,38)
w(17,117,1,38)
w(19,117,1,38)
r(18,901,1,38)
w(1,95,1,38)
r(16,200,1,38)
w(9,99,1,38)
r(17,403,1,39)
w(9,100,1,39)
w(5,110,1,39)
w(0,107,1,39)
r(3,689,1,39)
r(19,398,1,39)
w(8,118,1,39)
r(14,383,1,39)
w(18,100,1,39)
w(10,106,1,39)
r(13,418,1,39)
r(11,414,1,39)
r(2,219,1,39)
r(12,706,1,39)
r(4,386,1,39)
w(15,119,1,39)
r(16,725,1,39)
r(1,865,1,39)
r(6,410,1,39)
w(7,97,1,39)
r(16,718,2,40)
r(6,701,2,40)
r(14,286,2,40)
r(17,295,2,40)
r(7,297,2,40)
w(15,217,2,40)
w(0,194,2,40)
r(13,717,2,40)
w(9,195,2,40)
r(1,658,2,40)
w(19,205,2,40)
w(8,201,2,40)
r(12,697,2,40)
w(5,196,2,40)
r(11,711,2,40)
w(4,197,2,40)
w(2,211,2,40)
r(18,702,2,40)
w(3,192,2,40)
r(10,718,2,40)
w(3,193,2,41)
r(12,697,2,41)
w(14,195,2,41)
w(8,202,2,41)
w(19,206,2,41)
r(0,706,2,41)
r(4,298,2,41)
r(7,297,2,41)
w(1,175,2,41)
w(15,218,2,41)
r(17,295,2,41)
w(10,195,2,41)
r(6,701,2,41)
w(11,212,2,41)
r(18,702,2,41)
w(13,219,2,41)
w(5,197,2,41)
w(2,212,2,41)
w(9,196,2,41)
w(16,194,2,41)
w(16,195,2,42)
r(12,697,2,42)
w(8,203,2,42)
w(6,206,2,42)
w(17,193,2,42)
r(11,711,2,42)
w(0,195,2,42)
r(19,303,2,42)
w(5,198,2,42)
r(4,700,2,42)
r(15,717,2,42)
r(18,702,2,42)
r(10,721,2,42)
w(13,220,2,42)
w(7,189,2,42)
w(3,194,2,42)
w(1,176,2,42)
w(14,196,2,42)
w(2,213,2,42)
r(9,590,2,42)
r(8,696,2,43)
r(11,711,2,43)
r(9,493,2,43)
w(15,219,2,43)
w(1,177,2,43)
w(10,196,2,43)
r(5,705,2,43)
w(18,203,2,43)
r(4,700,2,43)
w(12,196,2,43)
r(13,522,2,43)
w(2,214,2,43)
w(19,207,2,43)
w(17,194,2,43)
r(6,701,2,43)
r(14,687,2,43)
w(7,190,2,43)
r(3,492,2,43)
r(0,707,2,43)
w(16,196,2,43)
w(10,197,2,44)
w(9,197,2,44)
r(3,580,2,44)
r(8,696,2,44)
w(2,215,2,44)
w(6,207,2,44)
r(5,705,2,44)
r(18,602,2,44)
r(12,594,2,44)
w(17,195,2,44)
w(0,196,2,44)
r(13,522,2,44)
r(16,617,2,44)
w(11,213,2,44)
r(19,303,2,44)
w(15,220,2,44)
w(1,178,2,44)
r(7,716,2,44)
r(4,700,2,44)
w(14,197,2,44)
w(13,221,2,45)
w(10,198,2,45)
r(3,682,2,45)
r(7,6,2,45)
w(18,204,2,45)
r(0,604,2,45)
r(9,4,2,45)
w(5,199,2,45)
w(17,196,2,45)
r(4,7,2,45)
r(1,7,2,45)
r(14,5,2,45)
w(6,208,2,45)
r(2,607,2,45)
r(19,303,2,45)
r(16,3,2,45)
w(15,221,2,45)
w(12,197,2,45)
r(11,7,2,45)
r(8,9,2,45)
r(1,774,2,46)
r(0,604,2,46)
w(9,198,2,46)
w(17,197,2,46)
w(14,198,2,46)
r(2,607,2,46)
w(4,198,2,46)
w(12,198,2,46)
r(8,790,2,46)
w(15,222,2,46)
w(7,191,2,46)
w(18,205,2,46)
w(19,208,2,46)
w(6,209,2,46)
w(13,222,2,46)
r(11,807,2,46)
r(5,705,2,46)
r(16,813,2,46)
w(10,199,2,46)
w(3,195,2,46)
r(5,705,2,47)
r(12,5,2,47)
r(17,10,2,47)
r(9,4,2,47)
w(6,210,2,47)
w(15,223,2,47)
w(3,196,2,47)
r(7,6,2,47)
r(13,812,2,47)
w(1,179,2,47)
r(16,813,2,47)
w(10,200,2,47)
w(18,206,2,47)
r(4,7,2,47)
w(19,209,2,47)
w(14,199,2,47)
w(8,204,2,47)
r(2,607,2,47)
r(11,807,2,47)
w(0,197,2,47)
r(13,320,2,48)
r(12,786,2,48)
r(14,791,2,48)
r(8,495,2,48)
w(7,192,2,48)
w(15,224,2,48)
r(2,804,2,48)
w(9,199,2,48)
r(1,775,2,48)
w(18,207,2,48)
r(5,799,2,48)
w(11,214,2,48)
r(3,789,2,48)
w(4,199,2,48)
r(10,830,2,48)
r(16,815,2,48)
w(6,211,2,48)
w(17,198,2,48)
w(0,198,2,48)
w(19,210,2,48)
r(6,912,2,49)
r(7,814,2,49)
r(0,909,2,49)
w(18,208,2,49)
r(14,791,2,49)
w(10,201,2,49)
w(9,200,2,49)
r(4,810,2,49)
r(3,789,2,49)
w(19,211,2,49)
r(11,314,2,49)
w(2,216,2,49)
w(16,197,2,49)
w(5,200,2,49)
r(17,782,2,49)
r(8,903,2,49)
r(13,320,2,49)
r(1,865,2,49)
r(15,916,2,49)
r(12,786,2,49)
w(9,201,2,50)
w(6,212,2,50)
w(11,215,2,50)
r(13,320,2,50)
w(16,198,2,50)
w(7,193,2,50)
r(18,901,2,50)
r(1,865,2,50)
r(0,909,2,50)
w(14,200,2,50)
w(15,225,2,50)
r(3,789,2,50)
r(19,886,2,50)
r(17,782,2,50)
r(12,786,2,50)
w(5,201,2,50)
r(4,810,2,50)
w(8,205,2,50)
w(10,202,2,50)
w(2,217,2,50)
w(8,206,2,51)
r(6,912,2,51)
r(2,890,2,51)
r(15,916,2,51)
w(4,200,2,51)
w(10,203,2,51)
w(12,199,2,51)
r(3,789,2,51)
r(9,8,2,51)
r(19,886,2,51)
w(5,202,2,51)
w(18,209,2,51)
r(1,865,2,51)
w(7,194,2,51)
r(14,791,2,51)
r(0,909,2,51)
r(17,782,2,51)
w(13,223,2,51)
r(16,925,2,51)
r(11,314,2,51)
w(6,213,2,52)
r(8,792,2,52)
r(5,898,2,52)
w(17,199,2,52)
r(4,810,2,52)
w(11,216,2,52)
w(18,210,2,52)
r(13,813,2,52)
w(7,195,2,52)
w(16,199,2,52)
r(9,8,2,52)
r(12,788,2,52)
r(10,945,2,52)
r(19,792,2,52)
r(1,865,2,52)
w(15,226,2,52)
r(14,792,2,52)
r(3,791,2,52)
w(0,199,2,52)
w(2,218,2,52)
r(11,314,2,53)
r(10,945,2,53)
w(2,219,2,53)
w(4,201,2,53)
w(7,196,2,53)
r(5,898,2,53)
w(13,224,2,53)
r(6,814,2,53)
w(16,200,2,53)
r(14,792,2,53)
r(1,865,2,53)
w(15,227,2,53)
r(18,901,2,53)
r(8,792,2,53)
r(12,788,2,53)
w(0,200,2,53)
w(19,212,2,53)
w(17,200,2,53)
r(3,791,2,53)
r(9,8,2,53)
w(16,201,2,54)
r(13,726,2,54)
r(7,196,2,54)
r(8,700,2,54)
w(5,203,2,54)
w(2,220,2,54)
r(15,723,2,54)
r(9,697,2,54)
r(6,711,2,54)
r(4,705,2,54)
w(17,201,2,54)
r(1,865,2,54)
r(14,792,2,54)
w(12,200,2,54)
r(19,691,2,54)
w(10,204,2,54)
w(0,201,2,54)
w(18,211,2,54)
r(11,717,2,54)
r(3,689,2,54)
w(19,213,2,55)
w(15,228,2,55)
r(13,815,2,55)
w(8,207,2,55)
r(10,833,2,55)
w(18,212,2,55)
r(1,289,2,55)
w(12,201,2,55)
r(2,426,2,55)
r(17,786,2,55)
r(3,295,2,55)
r(0,302,2,55)
r(5,307,2,55)
r(14,298,2,55)
r(9,791,2,55)
r(16,820,2,55)
w(7,197,2,55)
w(4,202,2,55)
r(11,810,2,55)
w(6,214,2,55)
w(12,202,2,56)
w(1,180,2,56)
w(14,201,2,56)
r(5,803,2,56)
w(19,214,2,56)
r(2,809,2,56)
w(8,208,2,56)
r(6,816,2,56)
w(16,202,2,56)
w(9,202,2,56)
r(11,811,2,56)
w(4,203,2,56)
w(10,205,2,56)
r(13,815,2,56)
r(18,806,2,56)
w(0,202,2,56)
r(17,786,2,56)
r(15,817,2,56)
r(7,819,2,56)
w(3,197,2,56)
r(3,197,2,57)
w(19,215,2,57)
r(13,815,2,57)
r(9,202,2,57)
w(0,203,2,57)
w(17,202,2,57)
w(14,202,2,57)
r(16,202,2,57)
w(4,204,2,57)
w(8,209,2,57)
w(6,215,2,57)
r(10,205,2,57)
r(7,819,2,57)
r(12,202,2,57)
r(2,809,2,57)
r(15,817,2,57)
w(11,217,2,57)
w(18,213,2,57)
r(1,180,2,57)
w(5,204,2,57)
r(15,817,2,58)
w(13,225,2,58)
r(17,405,2,58)
r(2,427,2,58)
r(14,385,2,58)
r(3,393,2,58)
r(10,410,2,58)
r(9,202,2,58)
w(19,216,2,58)
r(12,202,2,58)
r(18,416,2,58)
r(1,180,2,58)
r(4,203,2,58)
w(5,205,2,58)
w(11,218,2,58)
w(8,210,2,58)
w(0,204,2,58)
r(7,819,2,58)
w(6,216,2,58)
r(16,410,2,58)
w(4,205,2,59)
r(1,180,2,59)
w(19,217,2,59)
w(16,203,2,59)
w(11,219,2,59)
r(0,405,2,59)
r(9,202,2,59)
w(18,214,2,59)
w(13,226,2,59)
w(17,203,2,59)
r(6,411,2,59)
w(7,198,2,59)
r(8,208,2,59)
w(15,229,2,59)
w(14,203,2,59)
r(10,410,2,59)
r(2,427,2,59)
r(3,393,2,59)
r(12,202,2,59)
r(5,803,2,59)
w(7,297,3,60)
r(9,590,3,60)
w(14,286,3,60)
r(1,658,3,60)
w(2,311,3,60)
w(4,298,3,60)
r(13,717,3,60)
r(12,697,3,60)
w(15,327,3,60)
r(16,718,3,60)
r(10,718,3,60)
w(17,295,3,60)
r(6,701,3,60)
w(5,300,3,60)
w(3,283,3,60)
w(19,303,3,60)
r(0,706,3,60)
r(18,702,3,60)
r(11,711,3,60)
r(8,694,3,60)
w(6,305,3,61)
r(7,297,3,61)
w(14,287,3,61)
w(16,301,3,61)
r(11,711,3,61)
w(10,300,3,61)
r(13,717,3,61)
r(9,590,3,61)
r(5,300,3,61)
r(1,658,3,61)
w(0,293,3,61)
r(19,303,3,61)
w(2,312,3,61)
w(18,315,3,61)
r(8,694,3,61)
r(17,295,3,61)
w(3,284,3,61)
r(12,697,3,61)
r(15,327,3,61)
w(4,299,3,61)
r(17,295,3,62)
r(16,718,3,62)
w(2,313,3,62)
r(18,702,3,62)
w(8,299,3,62)
w(1,279,3,62)
w(3,285,3,62)
r(4,298,3,62)
r(9,590,3,62)
r(5,300,3,62)
r(14,286,3,62)
w(12,298,3,62)
r(11,711,3,62)
w(6,306,3,62)
w(7,298,3,62)
r(13,717,3,62)
w(0,294,3,62)
w(19,304,3,62)
r(15,327,3,62)
w(10,301,3,62)
r(7,297,3,63)
w(14,288,3,63)
r(19,303,3,63)
w(10,302,3,63)
w(9,289,3,63)
r(18,702,3,63)
r(12,697,3,63)
r(5,300,3,63)
w(17,296,3,63)
w(0,295,3,63)
r(13,717,3,63)
w(2,314,3,63)
r(16,718,3,63)
r(4,298,3,63)
w(8,300,3,63)
w(1,280,3,63)
w(3,286,3,63)
w(15,328,3,63)
r(11,711,3,63)
r(6,701,3,63)
r(11,711,3,64)
w(12,299,3,64)
w(14,289,3,64)
r(4,298,3,64)
w(5,301,3,64)
r(15,327,3,64)
w(13,313,3,64)
w(18,316,3,64)
w(8,301,3,64)
w(19,305,3,64)
w(10,303,3,64)
w(2,315,3,64)
w(6,307,3,64)
r(17,295,3,64)
w(7,299,3,64)
w(1,281,3,64)
w(0,296,3,64)
r(3,283,3,64)
w(9,290,3,64)
w(16,302,3,64)
w(5,302,3,65)
w(11,309,3,65)
w(14,290,3,65)
w(9,291,3,65)
w(8,302,3,65)
w(7,300,3,65)
r(18,702,3,65)
w(15,329,3,65)
r(10,721,3,65)
w(4,300,3,65)
r(12,697,3,65)
r(0,707,3,65)
w(6,308,3,65)
r(1,660,3,65)
r(3,283,3,65)
r(2,705,3,65)
w(16,303,3,65)
r(17,687,3,65)
r(19,303,3,65)
r(13,719,3,65)
r(6,701,3,66)
r(10,721,3,66)
r(14,687,3,66)
w(9,292,3,66)
r(1,575,3,66)
w(5,303,3,66)
w(4,301,3,66)
w(7,301,3,66)
w(2,316,3,66)
r(0,604,3,66)
r(15,619,3,66)
r(19,303,3,66)
w(12,300,3,66)
r(3,580,3,66)
w(18,317,3,66)
r(17,588,3,66)
r(8,696,3,66)
w(13,314,3,66)
r(16,617,3,66)
r(11,611,3,66)
w(3,287,3,67)
w(14,291,3,67)
r(0,604,3,67)
r(16,617,3,67)
w(2,317,3,67)
w(8,303,3,67)
w(11,310,3,67)
r(10,721,3,67)
r(18,602,3,67)
w(19,306,3,67)
r(12,701,3,67)
r(7,716,3,67)
r(1,575,3,67)
r(9,493,3,67)
r(17,588,3,67)
w(5,304,3,67)
w(13,315,3,67)
w(4,302,3,67)
w(6,309,3,67)
r(15,619,3,67)
r(2,607,3,68)
r(9,493,3,68)
w(15,330,3,68)
w(18,318,3,68)
w(12,301,3,68)
r(16,617,3,68)
r(7,716,3,68)
r(19,303,3,68)
r(14,688,3,68)
r(6,701,3,68)
r(17,588,3,68)
r(0,604,3,68)
w(8,304,3,68)
r(4,700,3,68)
w(3,288,3,68)
r(5,705,3,68)
w(1,282,3,68)
r(10,721,3,68)
w(13,316,3,68)
r(11,714,3,68)
r(0,604,3,69)
w(8,305,3,69)
r(9,4,3,69)
w(17,297,3,69)
w(7,302,3,69)
w(13,317,3,69)
w(12,302,3,69)
r(5,705,3,69)
r(14,5,3,69)
w(6,310,3,69)
w(2,318,3,69)
w(4,303,3,69)
w(11,311,3,69)
r(18,602,3,69)
w(19,307,3,69)
r(3,682,3,69)
r(15,619,3,69)
w(10,304,3,69)
r(16,3,3,69)
r(1,7,3,69)
r(8,9,3,70)
w(13,318,3,70)
r(17,10,3,70)
w(14,292,3,70)
w(7,303,3,70)
r(6,701,3,70)
w(0,297,3,70)
w(5,305,3,70)
w(4,304,3,70)
w(12,303,3,70)
w(15,331,3,70)
w(1,283,3,70)
w(18,319,3,70)
w(16,304,3,70)
w(3,289,3,70)
r(2,607,3,70)
r(10,8,3,70)
r(11,7,3,70)
r(9,4,3,70)
r(19,303,3,70)
w(4,305,3,71)
r(10,9,3,71)
w(12,304,3,71)
w(17,298,3,71)
r(18,8,3,71)
r(13,9,3,71)
r(0,604,3,71)
w(11,312,3,71)
r(7,6,3,71)
r(16,7,3,71)
w(14,293,3,71)
w(6,311,3,71)
w(3,290,3,71)
w(19,308,3,71)
w(9,293,3,71)
w(1,284,3,71)
r(8,790,3,71)
r(15,8,3,71)
r(5,7,3,71)
w(2,319,3,71)
r(1,774,3,72)
r(19,788,3,72)
w(8,306,3,72)
r(2,607,3,72)
w(14,294,3,72)
w(11,313,3,72)
w(4,306,3,72)
w(10,305,3,72)
w(7,304,3,72)
r(5,7,3,72)
w(17,299,3,72)
r(16,7,3,72)
w(6,312,3,72)
w(13,319,3,72)
w(3,291,3,72)
w(0,298,3,72)
r(15,8,3,72)
w(12,305,3,72)
r(18,8,3,72)
r(9,8,3,72)
w(8,307,3,73)
r(2,607,3,73)
r(17,299,3,73)
w(12,306,3,73)
w(7,305,3,73)
r(6,312,3,73)
w(1,285,3,73)
w(15,332,3,73)
r(9,8,3,73)
w(13,320,3,73)
w(14,295,3,73)
r(3,291,3,73)
r(5,7,3,73)
w(16,305,3,73)
r(19,788,3,73)
w(11,314,3,73)
r(10,305,3,73)
r(0,298,3,73)
r(4,306,3,73)
r(18,8,3,73)
w(3,292,3,74)
r(1,775,3,74)
w(5,306,3,74)
r(10,830,3,74)
w(9,294,3,74)
w(2,320,3,74)
r(8,495,3,74)
w(0,299,3,74)
r(17,782,3,74)
w(13,321,3,74)
r(7,814,3,74)
r(19,790,3,74)
w(16,306,3,74)
w(11,315,3,74)
w(12,307,3,74)
w(18,320,3,74)
r(4,810,3,74)
w(14,296,3,74)
w(15,333,3,74)
r(6,514,3,74)
r(9,8,3,75)
w(14,297,3,75)
r(6,514,3,75)
w(1,286,3,75)
r(16,815,3,75)
w(0,300,3,75)
w(19,309,3,75)
w(12,308,3,75)
r(7,814,3,75)
w(13,322,3,75)
r(5,799,3,75)
w(15,334,3,75)
r(18,801,3,75)
r(3,789,3,75)
w(2,321,3,75)
r(4,810,3,75)
r(17,782,3,75)
r(10,830,3,75)
r(11,314,3,75)
w(8,308,3,75)
r(11,314,3,76)
r(5,898,3,76)
w(8,309,3,76)
r(18,901,3,76)
r(17,782,3,76)
w(12,309,3,76)
r(9,8,3,76)
w(2,322,3,76)
w(15,335,3,76)
r(13,320,3,76)
w(10,306,3,76)
w(4,307,3,76)
w(1,287,3,76)
w(16,307,3,76)
w(0,301,3,76)
w(3,293,3,76)
w(19,310,3,76)
w(7,306,3,76)
r(6,912,3,76)
r(14,791,3,76)
r(10,945,3,77)
r(14,792,3,77)
w(16,308,3,77)
w(13,323,3,77)
w(11,316,3,77)
r(8,792,3,77)
w(17,300,3,77)
r(4,201,3,77)
r(19,212,3,77)
w(7,307,3,77)
r(5,898,3,77)
w(6,313,3,77)
w(9,295,3,77)
w(3,294,3,77)
w(1,288,3,77)
w(18,321,3,77)
w(2,323,3,77)
w(12,310,3,77)
r(0,200,3,77)
r(15,227,3,77)
w(19,311,3,78)
r(2,426,3,78)
r(13,418,3,78)
w(18,322,3,78)
w(12,311,3,78)
w(8,310,3,78)
w(15,336,3,78)
w(14,298,3,78)
w(6,314,3,78)
w(7,308,3,78)
r(11,414,3,78)
w(17,301,3,78)
r(9,389,3,78)
r(10,408,3,78)
w(4,308,3,78)
w(3,295,3,78)
w(16,309,3,78)
w(5,307,3,78)
w(0,302,3,78)
w(1,289,3,78)
w(9,296,3,79)
r(16,820,3,79)
w(2,324,3,79)
w(3,296,3,79)
r(12,792,3,79)
w(5,308,3,79)
w(10,307,3,79)
w(19,312,3,79)
w(13,324,3,79)
r(6,816,3,79)
r(1,289,3,79)
r(11,810,3,79)
r(14,298,3,79)
r(18,805,3,79)
w(8,311,3,79)
r(7,818,3,79)
w(0,303,3,79)
r(15,817,3,79)
w(4,309,3,79)
w(17,302,3,79)
w(8,400,4,80)
w(9,383,4,80)
w(12,403,4,80)
r(15,715,4,80)
w(0,397,4,80)
w(1,381,4,80)
r(11,711,4,80)
w(17,396,4,80)
r(19,571,4,80)
r(7,713,4,80)
w(14,377,4,80)
w(10,403,4,80)
w(16,405,4,80)
w(2,419,4,80)
w(3,386,4,80)
w(13,413,4,80)
r(18,702,4,80)
r(6,109,4,80)
r(4,697,4,80)
w(5,417,4,80)
r(19,303,4,81)
r(12,697,4,81)
r(3,283,4,81)
r(13,719,4,81)
r(16,720,4,81)
r(1,660,4,81)
w(17,397,4,81)
w(8,401,4,81)
r(18,702,4,81)
w(0,398,4,81)
w(10,404,4,81)
r(9,590,4,81)
w(5,418,4,81)
r(11,711,4,81)
r(14,687,4,81)
r(15,717,4,81)
w(2,420,4,81)
w(7,397,4,81)
w(6,405,4,81)
r(4,700,4,81)
r(19,303,4,82)
w(16,406,4,82)
r(3,682,4,82)
r(5,705,4,82)
r(8,696,4,82)
w(0,399,4,82)
r(15,619,4,82)
w(11,409,4,82)
w(7,398,4,82)
r(10,721,4,82)
r(4,700,4,82)
w(9,384,4,82)
r(12,701,4,82)
r(18,602,4,82)
r(14,688,4,82)
r(1,575,4,82)
r(17,588,4,82)
w(13,414,4,82)
r(6,701,4,82)
w(2,421,4,82)
w(6,406,4,83)
r(13,522,4,83)
w(4,382,4,83)
r(7,716,4,83)
w(9,385,4,83)
w(11,410,4,83)
w(16,407,4,83)
w(10,405,4,83)
r(5,705,4,83)
r(12,701,4,83)
w(2,422,4,83)
r(19,303,4,83)
w(8,402,4,83)
w(3,387,4,83)
w(0,400,4,83)
r(15,619,4,83)
r(14,688,4,83)
r(18,602,4,83)
w(1,382,4,83)
r(17,588,4,83)
w(8,403,4,84)
w(19,394,4,84)
r(4,7,4,84)
w(14,378,4,84)
r(12,5,4,84)
r(16,3,4,84)
r(18,602,4,84)
w(15,438,4,84)
w(9,386,4,84)
r(6,701,4,84)
w(13,415,4,84)
r(1,7,4,84)
r(7,6,4,84)
r(11,7,4,84)
w(0,401,4,84)
r(2,607,4,84)
w(5,419,4,84)
w(3,388,4,84)
w(17,398,4,84)
r(10,8,4,84)
w(9,387,4,85)
w(5,420,4,85)
w(12,404,4,85)
w(8,404,4,85)
r(11,807,4,85)
w(4,383,4,85)
w(1,383,4,85)
w(14,379,4,85)
r(7,6,4,85)
w(15,439,4,85)
w(16,408,4,85)
w(0,402,4,85)
w(13,416,4,85)
w(6,407,4,85)
w(2,423,4,85)
w(3,389,4,85)
w(18,411,4,85)
r(10,828,4,85)
r(19,788,4,85)
w(17,399,4,85)
w(18,412,4,86)
w(19,395,4,86)
w(0,403,4,86)
r(15,8,4,86)
r(1,774,4,86)
w(3,390,4,86)
r(16,7,4,86)
r(9,8,4,86)
w(17,400,4,86)
r(8,306,4,86)
w(7,399,4,86)
w(10,406,4,86)
w(2,424,4,86)
w(14,380,4,86)
w(5,421,4,86)
r(6,312,4,86)
r(13,319,4,86)
r(11,313,4,86)
w(4,384,4,86)
r(12,305,4,86)
r(14,791,4,87)
w(6,408,4,87)
r(12,786,4,87)
r(0,909,4,87)
r(2,890,4,87)
w(3,391,4,87)
w(9,388,4,87)
r(1,865,4,87)
w(18,413,4,87)
w(11,411,4,87)
w(16,409,4,87)
w(7,400,4,87)
w(5,422,4,87)
r(17,782,4,87)
w(4,385,4,87)
w(19,396,4,87)
r(10,945,4,87)
r(8,903,4,87)
r(13,320,4,87)
w(15,440,4,87)
w(14,381,4,88)
r(16,925,4,88)
r(5,898,4,88)
w(11,412,4,88)
r(6,912,4,88)
r(8,903,4,88)
r(0,909,4,88)
w(12,405,4,88)
r(9,8,4,88)
r(3,789,4,88)
w(18,414,4,88)
r(1,865,4,88)
r(19,886,4,88)
w(13,417,4,88)
w(10,407,4,88)
r(15,916,4,88)
w(2,425,4,88)
w(7,401,4,88)
r(4,810,4,88)
w(17,401,4,88)
w(18,415,4,89)
r(0,909,4,89)
r(2,890,4,89)
r(15,916,4,89)
w(8,405,4,89)
r(10,945,4,89)
w(11,413,4,89)
r(13,320,4,89)
w(6,409,4,89)
w(19,397,4,89)
r(3,789,4,89)
w(12,406,4,89)
w(17,402,4,89)
w(7,402,4,89)
w(1,384,4,89)
r(4,810,4,89)
w(14,382,4,89)
r(9,8,4,89)
w(5,423,4,89)
r(16,925,4,89)
r(18,707,4,90)
w(19,398,4,90)
w(6,410,4,90)
w(11,414,4,90)
r(1,865,4,90)
w(4,386,4,90)
w(10,408,4,90)
w(14,383,4,90)
r(16,725,4,90)
r(3,689,4,90)
w(13,418,4,90)
w(17,403,4,90)
r(15,723,4,90)
w(8,406,4,90)
r(7,196,4,90)
r(2,219,4,90)
r(0,715,4,90)
w(9,389,4,90)
r(5,712,4,90)
r(12,706,4,90)
r(17,403,4,91)
r(18,707,4,91)
w(2,426,4,91)
r(16,725,4,91)
r(4,386,4,91)
r(15,723,4,91)
r(8,406,4,91)
r(0,715,4,91)
w(1,385,4,91)
w(7,403,4,91)
r(9,389,4,91)
r(12,706,4,91)
r(10,408,4,91)
r(11,414,4,91)
r(13,418,4,91)
r(3,689,4,91)
r(5,712,4,91)
r(6,410,4,91)
r(14,383,4,91)
r(19,398,4,91)
r(18,806,4,92)
w(14,384,4,92)
w(7,404,4,92)
r(2,809,4,92)
r(4,203,4,92)
w(17,404,4,92)
r(5,803,4,92)
r(8,208,4,92)
w(0,404,4,92)
r(16,202,4,92)
w(9,390,4,92)
r(15,817,4,92)
w(11,415,4,92)
r(13,815,4,92)
w(3,392,4,92)
w(10,409,4,92)
w(1,386,4,92)
r(6,816,4,92)
w(12,407,4,92)
r(19,214,4,92)
w(0,405,4,93)
w(10,410,4,93)
r(12,202,4,93)
r(4,203,4,93)
w(17,405,4,93)
w(18,416,4,93)
w(16,410,4,93)
w(13,419,4,93)
r(19,214,4,93)
r(8,208,4,93)
w(6,411,4,93)
r(9,202,4,93)
r(5,803,4,93)
r(7,819,4,93)
w(2,427,4,93)
r(1,180,4,93)
w(3,393,4,93)
r(15,817,4,93)
r(11,811,4,93)
w(14,385,4,93)
r(8,208,4,94)
w(13,420,4,94)
r(0,405,4,94)
w(5,424,4,94)
w(15,441,4,94)
w(16,411,4,94)
r(2,427,4,94)
w(18,417,4,94)
r(6,411,4,94)
w(14,386,4,94)
w(3,394,4,94)
r(19,214,4,94)
w(7,405,4,94)
r(1,180,4,94)
r(4,203,4,94)
r(12,202,4,94)
w(10,411,4,94)
r(17,405,4,94)
w(9,391,4,94)
r(11,811,4,94)
r(8,797,4,95)
r(3,796,4,95)
r(11,813,4,95)
r(16,823,4,95)
r(5,806,4,95)
r(4,903,4,95)
r(14,895,4,95)
w(17,406,4,95)
r(18,808,4,95)
w(1,387,4,95)
r(10,948,4,95)
r(12,794,4,95)
w(19,399,4,95)
r(15,819,4,95)
w(13,421,4,95)
w(2,428,4,95)
r(7,821,4,95)
r(6,916,4,95)
r(0,810,4,95)
w(9,392,4,95)
r(10,948,4,96)
w(11,416,4,96)
r(15,819,4,96)
w(17,407,4,96)
r(6,916,4,96)
w(8,407,4,96)
w(9,393,4,96)
w(0,406,4,96)
r(12,794,4,96)
w(4,387,4,96)
r(5,806,4,96)
w(7,406,4,96)
r(13,421,4,96)
w(18,418,4,96)
r(16,823,4,96)
r(3,796,4,96)
r(14,895,4,96)
w(19,400,4,96)
r(2,428,4,96)
r(1,387,4,96)
w(18,419,4,97)
r(4,387,4,97)
r(19,400,4,97)
w(15,442,4,97)
r(14,895,4,97)
r(3,796,4,97)
w(6,412,4,97)
w(9,394,4,97)
w(17,408,4,97)
w(5,425,4,97)
w(11,417,4,97)
w(0,407,4,97)
w(16,412,4,97)
r(13,421,4,97)
w(8,408,4,97)
w(12,408,4,97)
r(1,387,4,97)
w(2,429,4,97)
r(10,948,4,97)
r(7,406,4,97)
w(3,395,4,98)
w(6,413,4,98)
w(7,407,4,98)
r(17,408,4,98)
w(0,408,4,98)
r(5,425,4,98)
r(1,387,4,98)
r(11,417,4,98)
w(18,420,4,98)
w(12,409,4,98)
w(10,412,4,98)
w(14,387,4,98)
w(8,409,4,98)
w(15,443,4,98)
r(19,400,4,98)
r(4,387,4,98)
r(16,412,4,98)
r(2,429,4,98)
w(13,422,4,98)
w(9,395,4,98)
r(12,409,4,99)
r(19,400,4,99)
r(3,395,4,99)
r(6,413,4,99)
w(13,423,4,99)
w(11,418,4,99)
w(5,426,4,99)
r(17,408,4,99)
w(10,413,4,99)
w(18,421,4,99)
r(8,409,4,99)
r(16,412,4,99)
r(4,387,4,99)
w(1,388,4,99)
w(9,396,4,99)
r(2,429,4,99)
r(0,408,4,99)
r(15,443,4,99)
r(14,387,4,99)
r(7,407,4,99)
r(8,694,5,100)
w(19,479,5,100)
r(1,658,5,100)
r(4,698,5,100)
r(9,590,5,100)
r(14,1,5,100)
w(0,494,5,100)
r(11,711,5,100)
r(2,703,5,100)
r(15,715,5,100)
w(12,497,5,100)
r(13,717,5,100)
r(5,704,5,100)
w(3,489,5,100)
r(7,714,5,100)
r(18,702,5,100)
r(16,718,5,100)
w(6,505,5,100)
r(17,685,5,100)
r(10,718,5,100)
r(7,297,5,101)
w(6,506,5,101)
r(10,718,5,101)
r(8,694,5,101)
r(4,298,5,101)
w(13,520,5,101)
r(17,295,5,101)
w(9,491,5,101)
r(5,300,5,101)
r(18,702,5,101)
r(12,697,5,101)
w(16,505,5,101)
r(3,283,5,101)
w(11,507,5,101)
r(14,286,5,101)
r(1,658,5,101)
r(2,311,5,101)
w(19,480,5,101)
w(15,523,5,101)
w(0,495,5,101)
w(2,512,5,102)
r(15,327,5,102)
r(16,718,5,102)
r(9,590,5,102)
r(4,298,5,102)
w(8,490,5,102)
w(14,483,5,102)
r(19,303,5,102)
w(10,506,5,102)
r(7,297,5,102)
r(5,300,5,102)
w(18,500,5,102)
r(13,717,5,102)
r(1,658,5,102)
r(3,283,5,102)
w(17,496,5,102)
r(11,711,5,102)
w(12,498,5,102)
r(6,701,5,102)
w(0,496,5,102)
w(10,507,5,103)
r(11,711,5,103)
w(12,499,5,103)
r(16,720,5,103)
r(7,716,5,103)
w(18,501,5,103)
w(3,490,5,103)
w(14,484,5,103)
w(4,487,5,103)
w(5,506,5,103)
r(13,719,5,103)
r(15,717,5,103)
w(8,491,5,103)
r(6,701,5,103)
r(0,707,5,103)
w(19,481,5,103)
w(2,513,5,103)
r(9,590,5,103)
r(1,660,5,103)
r(17,687,5,103)
w(11,508,5,104)
w(6,507,5,104)
w(19,482,5,104)
w(1,467,5,104)
w(17,497,5,104)
r(15,717,5,104)
w(14,485,5,104)
w(4,488,5,104)
r(5,705,5,104)
r(8,696,5,104)
w(13,521,5,104)
w(7,514,5,104)
r(12,697,5,104)
w(16,506,5,104)
w(10,508,5,104)
r(9,590,5,104)
w(18,502,5,104)
r(2,705,5,104)
r(3,283,5,104)
r(0,707,5,104)
r(11,711,5,105)
w(3,491,5,105)
r(5,705,5,105)
w(18,503,5,105)
w(14,486,5,105)
r(17,687,5,105)
r(19,303,5,105)
r(8,696,5,105)
r(13,719,5,105)
w(12,500,5,105)
r(7,716,5,105)
w(9,492,5,105)
r(0,707,5,105)
w(15,524,5,105)
w(2,514,5,105)
w(16,507,5,105)
w(4,489,5,105)
w(6,508,5,105)
r(1,660,5,105)
w(10,509,5,105)
r(10,721,5,106)
r(2,705,5,106)
r(11,711,5,106)
w(9,493,5,106)
r(16,720,5,106)
r(18,702,5,106)
r(12,697,5,106)
r(5,705,5,106)
r(0,707,5,106)
r(4,700,5,106)
r(14,687,5,106)
r(8,696,5,106)
r(1,660,5,106)
r(19,303,5,106)
w(15,525,5,106)
w(13,522,5,106)
w(3,492,5,106)
r(6,701,5,106)
r(7,716,5,106)
r(17,687,5,106)
r(16,720,5,107)
w(10,510,5,107)
w(8,492,5,107)
r(2,705,5,107)
w(9,494,5,107)
r(18,702,5,107)
w(19,483,5,107)
r(15,525,5,107)
w(17,498,5,107)
w(5,507,5,107)
w(1,468,5,107)
r(0,707,5,107)
w(13,523,5,107)
w(3,493,5,107)
r(11,711,5,107)
r(12,697,5,107)
r(6,701,5,107)
r(7,716,5,107)
r(4,700,5,107)
w(14,487,5,107)
w(9,495,5,108)
w(6,509,5,108)
r(4,7,5,108)
w(5,508,5,108)
w(3,494,5,108)
r(0,604,5,108)
r(17,10,5,108)
r(19,303,5,108)
r(10,8,5,108)
r(12,5,5,108)
r(1,7,5,108)
w(14,488,5,108)
w(2,515,5,108)
w(16,508,5,108)
w(15,526,5,108)
r(18,602,5,108)
r(13,522,5,108)
r(8,9,5,108)
w(11,509,5,108)
w(7,515,5,108)
w(4,490,5,109)
w(5,509,5,109)
r(9,4,5,109)
w(18,504,5,109)
r(17,10,5,109)
w(14,489,5,109)
r(6,810,5,109)
w(1,469,5,109)
r(3,787,5,109)
w(8,493,5,109)
r(19,788,5,109)
r(16,813,5,109)
w(13,524,5,109)
w(0,497,5,109)
r(15,619,5,109)
r(2,607,5,109)
r(10,828,5,109)
w(12,501,5,109)
r(11,807,5,109)
r(7,6,5,109)
w(16,509,5,110)
r(2,607,5,110)
w(11,510,5,110)
w(0,498,5,110)
w(6,510,5,110)
r(14,789,5,110)
w(12,502,5,110)
r(19,788,5,110)
w(13,525,5,110)
w(18,505,5,110)
r(10,9,5,110)
r(4,7,5,110)
r(3,787,5,110)
w(5,510,5,110)
r(9,8,5,110)
r(1,774,5,110)
w(7,516,5,110)
w(15,527,5,110)
r(8,790,5,110)
w(17,499,5,110)
r(17,13,5,111)
r(3,787,5,111)
r(13,9,5,111)
r(5,7,5,111)
w(6,511,5,111)
w(7,517,5,111)
w(15,528,5,111)
r(19,788,5,111)
r(9,8,5,111)
w(0,499,5,111)
w(2,516,5,111)
w(16,510,5,111)
r(8,790,5,111)
w(11,511,5,111)
r(4,7,5,111)
r(12,5,5,111)
w(1,470,5,111)
r(14,789,5,111)
r(18,8,5,111)
r(10,9,5,111)
w(12,503,5,112)
w(15,529,5,112)
w(10,511,5,112)
w(14,490,5,112)
w(0,500,5,112)
r(8,306,5,112)
r(19,788,5,112)
r(11,313,5,112)
r(17,299,5,112)
r(9,8,5,112)
w(5,511,5,112)
r(6,312,5,112)
r(2,607,5,112)
w(1,471,5,112)
w(7,518,5,112)
w(18,506,5,112)
w(3,495,5,112)
w(16,511,5,112)
r(4,306,5,112)
r(13,319,5,112)
w(8,494,5,113)
w(17,500,5,113)
w(14,491,5,113)
r(16,7,5,113)
r(4,306,5,113)
r(5,7,5,113)
w(11,512,5,113)
w(7,519,5,113)
w(10,512,5,113)
r(19,788,5,113)
w(13,526,5,113)
w(12,504,5,113)
w(18,507,5,113)
w(6,512,5,113)
r(2,607,5,113)
w(3,496,5,113)
r(9,8,5,113)
r(0,298,5,113)
r(15,8,5,113)
w(1,472,5,113)
w(9,496,5,114)
r(18,8,5,114)
r(3,291,5,114)
r(1,774,5,114)
r(15,8,5,114)
w(2,517,5,114)
r(8,306,5,114)
w(14,492,5,114)
r(12,305,5,114)
r(16,7,5,114)
r(17,299,5,114)
r(13,319,5,114)
r(10,305,5,114)
r(0,298,5,114)
r(5,7,5,114)
w(6,513,5,114)
r(19,788,5,114)
r(4,306,5,114)
w(11,513,5,114)
w(7,520,5,114)
r(2,607,5,115)
w(6,514,5,115)
r(4,306,5,115)
w(10,513,5,115)
r(9,8,5,115)
r(17,299,5,115)
w(3,497,5,115)
r(15,332,5,115)
w(14,493,5,115)
r(16,305,5,115)
r(13,320,5,115)
r(12,306,5,115)
r(11,314,5,115)
r(1,285,5,115)
w(18,508,5,115)
w(5,512,5,115)
w(0,501,5,115)
r(19,788,5,115)
w(8,495,5,115)
r(7,305,5,115)
w(7,521,5,116)
w(3,498,5,116)
r(16,305,5,116)
w(0,502,5,116)
w(15,530,5,116)
r(2,607,5,116)
r(18,508,5,116)
w(14,494,5,116)
r(1,285,5,116)
w(4,491,5,116)
w(8,496,5,116)
r(19,788,5,116)
w(10,514,5,116)
w(6,515,5,116)
w(5,513,5,116)
r(17,299,5,116)
r(9,8,5,116)
r(11,314,5,116)
w(13,527,5,116)
w(12,505,5,116)
w(18,509,5,117)
r(12,786,5,117)
w(6,516,5,117)
w(2,518,5,117)
w(11,514,5,117)
r(19,790,5,117)
w(9,497,5,117)
w(10,515,5,117)
w(4,492,5,117)
r(17,782,5,117)
r(5,799,5,117)
r(14,791,5,117)
w(0,503,5,117)
w(13,528,5,117)
r(7,814,5,117)
w(16,512,5,117)
w(3,499,5,117)
w(15,531,5,117)
w(1,473,5,117)
r(8,495,5,117)
r(1,865,5,118)
r(9,8,5,118)
w(19,484,5,118)
w(12,506,5,118)
r(13,320,5,118)
w(18,510,5,118)
r(3,789,5,118)
w(8,497,5,118)
w(10,516,5,118)
r(11,314,5,118)
w(5,514,5,118)
w(14,495,5,118)
r(6,912,5,118)
r(17,782,5,118)
r(2,890,5,118)
w(4,493,5,118)
r(0,909,5,118)
w(15,532,5,118)
w(16,513,5,118)
r(7,814,5,118)
r(6,912,5,119)
r(16,925,5,119)
r(9,8,5,119)
r(12,786,5,119)
w(13,529,5,119)
w(8,498,5,119)
r(7,814,5,119)
w(18,511,5,119)
w(4,494,5,119)
w(10,517,5,119)
w(2,519,5,119)
w(14,496,5,119)
r(3,789,5,119)
r(5,898,5,119)
w(19,485,5,119)
w(15,533,5,119)
w(0,504,5,119)
r(11,314,5,119)
r(1,865,5,119)
w(17,501,5,119)
w(8,585,6,120)
r(3,100,6,120)
w(18,599,6,120)
r(16,106,6,120)
w(12,587,6,120)
w(14,583,6,120)
r(15,106,6,120)
r(13,99,6,120)
r(11,1,6,120)
w(4,593,6,120)
r(6,109,6,120)
w(5,602,6,120)
w(0,600,6,120)
r(2,1,6,120)
r(10,1,6,120)
r(17,1,6,120)
w(19,570,6,120)
r(1,89,6,120)
r(7,90,6,120)
r(9,1,6,120)
r(18,1,6,121)
w(2,605,6,121)
r(8,108,6,121)
r(10,1,6,121)
r(11,1,6,121)
w(9,590,6,121)
w(16,612,6,121)
r(17,1,6,121)
w(15,615,6,121)
w(19,571,6,121)
r(0,102,6,121)
r(13,99,6,121)
w(12,588,6,121)
w(5,603,6,121)
r(7,90,6,121)
r(4,96,6,121)
r(1,89,6,121)
r(6,109,6,121)
r(3,100,6,121)
r(14,1,6,121)
r(4,697,6,122)
r(13,717,6,122)
r(0,705,6,122)
w(17,584,6,122)
r(15,715,6,122)
r(3,100,6,122)
w(9,591,6,122)
w(10,622,6,122)
r(16,717,6,122)
w(5,604,6,122)
w(7,619,6,122)
w(8,586,6,122)
r(1,89,6,122)
r(19,571,6,122)
r(11,711,6,122)
r(14,1,6,122)
r(2,703,6,122)
w(18,600,6,122)
w(6,587,6,122)
w(12,589,6,122)
r(8,694,6,123)
w(0,601,6,123)
r(10,718,6,123)
w(11,607,6,123)
w(12,590,6,123)
r(1,658,6,123)
r(2,703,6,123)
w(14,584,6,123)
r(15,715,6,123)
w(19,572,6,123)
r(3,100,6,123)
w(18,601,6,123)
w(9,592,6,123)
r(5,704,6,123)
r(17,685,6,123)
w(13,619,6,123)
w(6,588,6,123)
w(7,620,6,123)
w(4,594,6,123)
w(16,613,6,123)
w(5,605,6,124)
r(15,327,6,124)
r(2,311,6,124)
r(3,283,6,124)
r(6,701,6,124)
w(13,620,6,124)
r(11,711,6,124)
w(17,585,6,124)
w(9,593,6,124)
r(18,702,6,124)
r(7,297,6,124)
w(19,573,6,124)
w(4,595,6,124)
r(0,706,6,124)
w(1,572,6,124)
w(10,623,6,124)
r(16,718,6,124)
r(8,694,6,124)
w(12,591,6,124)
r(14,286,6,124)
w(7,621,6,125)
w(1,573,6,125)
w(13,621,6,125)
w(17,586,6,125)
w(14,585,6,125)
r(12,697,6,125)
r(8,694,6,125)
r(2,311,6,125)
r(4,298,6,125)
w(11,608,6,125)
w(0,602,6,125)
w(5,606,6,125)
w(15,616,6,125)
r(16,718,6,125)
w(3,578,6,125)
w(6,589,6,125)
w(9,594,6,125)
w(19,574,6,125)
r(18,702,6,125)
r(10,718,6,125)
w(5,607,6,126)
r(9,590,6,126)
r(4,298,6,126)
r(18,702,6,126)
r(7,297,6,126)
r(11,711,6,126)
r(0,706,6,126)
w(6,590,6,126)
w(16,614,6,126)
r(1,658,6,126)
r(2,311,6,126)
r(17,295,6,126)
w(8,587,6,126)
r(13,717,6,126)
r(14,286,6,126)
r(3,283,6,126)
w(10,624,6,126)
r(19,303,6,126)
r(15,327,6,126)
w(12,592,6,126)
w(19,575,6,127)
r(1,660,6,127)
w(10,625,6,127)
r(11,711,6,127)
r(15,717,6,127)
r(7,716,6,127)
r(6,701,6,127)
r(13,719,6,127)
r(8,696,6,127)
r(17,687,6,127)
w(5,608,6,127)
r(9,590,6,127)
r(2,705,6,127)
r(4,700,6,127)
r(16,720,6,127)
r(3,283,6,127)
r(12,697,6,127)
r(18,702,6,127)
w(14,586,6,127)
r(0,707,6,127)
r(2,705,6,128)
w(4,596,6,128)
w(3,579,6,128)
r(19,303,6,128)
w(16,615,6,128)
w(17,587,6,128)
r(13,719,6,128)
w(7,622,6,128)
w(0,603,6,128)
w(12,593,6,128)
w(11,609,6,128)
w(6,591,6,128)
r(5,705,6,128)
w(9,595,6,128)
w(15,617,6,128)
r(8,696,6,128)
r(18,702,6,128)
r(14,687,6,128)
w(10,626,6,128)
w(1,574,6,128)
w(10,627,6,129)
r(17,687,6,129)
w(5,609,6,129)
r(3,492,6,129)
r(18,702,6,129)
r(0,707,6,129)
r(7,716,6,129)
r(12,697,6,129)
w(2,606,6,129)
w(15,618,6,129)
r(8,696,6,129)
w(11,610,6,129)
r(1,660,6,129)
r(9,493,6,129)
w(4,597,6,129)
r(6,701,6,129)
r(14,687,6,129)
w(16,616,6,129)
w(19,576,6,129)
w(13,622,6,129)
w(12,594,6,130)
w(2,607,6,130)
r(4,700,6,130)
r(10,721,6,130)
w(18,602,6,130)
w(0,604,6,130)
r(13,522,6,130)
w(3,580,6,130)
r(14,687,6,130)
w(15,619,6,130)
r(8,696,6,130)
w(17,588,6,130)
r(6,701,6,130)
r(9,493,6,130)
w(11,611,6,130)
w(1,575,6,130)
r(7,716,6,130)
r(5,705,6,130)
r(19,303,6,130)
w(16,617,6,130)
r(10,721,6,131)
w(6,592,6,131)
r(15,619,6,131)
r(19,303,6,131)
w(12,595,6,131)
w(9,596,6,131)
w(1,576,6,131)
w(4,598,6,131)
r(11,611,6,131)
r(5,705,6,131)
w(13,623,6,131)
r(16,617,6,131)
r(18,602,6,131)
r(8,696,6,131)
w(14,587,6,131)
w(0,605,6,131)
w(17,589,6,131)
r(3,580,6,131)
w(7,623,6,131)
w(2,608,6,131)
w(10,628,6,132)
r(2,607,6,132)
r(6,701,6,132)
r(0,604,6,132)
r(17,10,6,132)
r(9,4,6,132)
r(16,3,6,132)
r(1,7,6,132)
r(12,5,6,132)
w(15,620,6,132)
w(11,612,6,132)
r(13,522,6,132)
r(18,602,6,132)
w(7,624,6,132)
r(19,303,6,132)
w(4,599,6,132)
w(3,581,6,132)
w(5,610,6,132)
w(8,588,6,132)
w(14,588,6,132)
r(2,607,6,133)
w(19,577,6,133)
w(0,606,6,133)
r(12,5,6,133)
r(3,682,6,133)
r(15,619,6,133)
w(10,629,6,133)
r(4,7,6,133)
r(13,522,6,133)
r(5,705,6,133)
w(11,613,6,133)
r(17,10,6,133)
r(7,6,6,133)
w(14,589,6,133)
w(18,603,6,133)
w(8,589,6,133)
w(6,593,6,133)
w(9,597,6,133)
r(1,7,6,133)
r(16,3,6,133)
r(18,602,6,134)
r(16,3,6,134)
w(0,607,6,134)
w(6,594,6,134)
r(17,10,6,134)
w(15,621,6,134)
r(10,8,6,134)
w(2,609,6,134)
w(19,578,6,134)
r(5,705,6,134)
r(12,5,6,134)
r(14,5,6,134)
r(7,6,6,134)
r(13,522,6,134)
r(9,4,6,134)
w(1,577,6,134)
r(3,682,6,134)
w(8,590,6,134)
r(4,7,6,134)
r(11,7,6,134)
r(19,788,6,135)
w(14,590,6,135)
r(5,705,6,135)
w(15,622,6,135)
w(1,578,6,135)
r(13,812,6,135)
w(2,610,6,135)
r(17,10,6,135)
r(12,5,6,135)
w(8,591,6,135)
w(16,618,6,135)
r(18,602,6,135)
w(7,625,6,135)
w(4,600,6,135)
w(3,582,6,135)
r(9,4,6,135)
w(11,614,6,135)
r(10,828,6,135)
r(6,810,6,135)
r(0,604,6,135)
r(16,7,6,136)
r(4,306,6,136)
r(13,319,6,136)
w(17,590,6,136)
r(18,8,6,136)
w(3,583,6,136)
r(2,607,6,136)
r(6,312,6,136)
w(8,592,6,136)
w(19,579,6,136)
w(10,630,6,136)
r(14,294,6,136)
r(7,304,6,136)
w(5,611,6,136)
w(15,623,6,136)
r(1,774,6,136)
r(11,313,6,136)
w(9,598,6,136)
w(12,596,6,136)
w(0,608,6,136)
r(7,304,6,137)
w(18,604,6,137)
w(0,609,6,137)
r(13,319,6,137)
w(8,593,6,137)
r(5,7,6,137)
w(11,615,6,137)
w(14,591,6,137)
r(3,291,6,137)
w(16,619,6,137)
w(2,611,6,137)
r(10,305,6,137)
r(4,306,6,137)
w(15,624,6,137)
r(12,305,6,137)
r(19,788,6,137)
r(17,299,6,137)
r(9,8,6,137)
r(1,774,6,137)
w(6,595,6,137)
r(4,306,6,138)
r(6,514,6,138)
r(7,305,6,138)
r(13,320,6,138)
r(1,285,6,138)
w(16,620,6,138)
r(8,495,6,138)
r(18,508,6,138)
w(17,591,6,138)
w(12,597,6,138)
r(9,8,6,138)
w(0,610,6,138)
r(5,512,6,138)
w(11,616,6,138)
w(19,580,6,138)
w(3,584,6,138)
w(2,612,6,138)
w(15,625,6,138)
r(14,493,6,138)
w(10,631,6,138)
w(16,621,6,139)
r(5,799,6,139)
w(10,632,6,139)
w(1,579,6,139)
r(2,804,6,139)
r(4,810,6,139)
w(19,581,6,139)
w(15,626,6,139)
w(8,594,6,139)
r(3,789,6,139)
w(17,592,6,139)
r(11,314,6,139)
r(14,791,6,139)
r(13,320,6,139)
r(9,8,6,139)
w(6,596,6,139)
w(0,611,6,139)
w(7,626,6,139)
w(12,598,6,139)
r(18,801,6,139)
w(16,717,7,140)
w(15,715,7,140)
w(18,702,7,140)
w(17,685,7,140)
r(1,89,7,140)
r(5,603,7,140)
w(11,711,7,140)
r(10,1,7,140)
r(19,571,7,140)
w(7,713,7,140)
w(4,697,7,140)
w(2,703,7,140)
w(0,705,7,140)
w(13,717,7,140)
w(12,697,7,140)
r(8,108,7,140)
r(9,590,7,140)
r(14,1,7,140)
r(6,109,7,140)
r(3,100,7,140)
w(19,682,7,141)
w(1,658,7,141)
r(17,685,7,141)
w(5,704,7,141)
r(11,711,7,141)
w(7,714,7,141)
w(16,718,7,141)
w(4,698,7,141)
r(18,702,7,141)
w(0,706,7,141)
r(13,717,7,141)
r(9,590,7,141)
r(15,715,7,141)
w(10,718,7,141)
r(2,703,7,141)
r(3,100,7,141)
w(6,701,7,141)
r(12,697,7,141)
r(14,1,7,141)
w(8,694,7,141)
w(8,695,7,142)
w(17,686,7,142)
w(3,681,7,142)
r(14,1,7,142)
w(9,690,7,142)
r(16,718,7,142)
r(5,704,7,142)
w(7,715,7,142)
w(10,719,7,142)
w(4,699,7,142)
w(18,703,7,142)
w(12,698,7,142)
r(2,703,7,142)
r(0,706,7,142)
r(19,682,7,142)
w(11,712,7,142)
r(15,715,7,142)
r(13,717,7,142)
r(1,658,7,142)
w(6,702,7,142)
r(17,295,7,143)
w(15,716,7,143)
r(19,303,7,143)
r(5,300,7,143)
r(18,702,7,143)
r(4,298,7,143)
w(1,659,7,143)
w(14,686,7,143)
w(11,713,7,143)
w(10,720,7,143)
w(12,699,7,143)
r(3,283,7,143)
w(13,718,7,143)
r(8,694,7,143)
w(16,719,7,143)
w(2,704,7,143)
r(6,701,7,143)
r(7,297,7,143)
r(0,706,7,143)
r(9,590,7,143)
w(7,716,7,144)
r(19,303,7,144)
r(12,697,7,144)
w(15,717,7,144)
w(16,720,7,144)
w(5,705,7,144)
r(6,701,7,144)
r(3,283,7,144)
r(18,702,7,144)
w(14,687,7,144)
w(13,719,7,144)
w(0,707,7,144)
w(4,700,7,144)
r(11,711,7,144)
w(2,705,7,144)
w(8,696,7,144)
r(9,590,7,144)
w(1,660,7,144)
w(10,721,7,144)
w(17,687,7,144)
r(11,711,7,145)
w(18,704,7,145)
w(13,720,7,145)
w(12,700,7,145)
r(17,687,7,145)
r(15,525,7,145)
w(6,703,7,145)
r(14,687,7,145)
r(4,700,7,145)
r(10,721,7,145)
r(16,720,7,145)
w(1,661,7,145)
w(2,706,7,145)
w(19,683,7,145)
r(3,492,7,145)
w(5,706,7,145)
r(0,707,7,145)
w(7,717,7,145)
w(8,697,7,145)
w(9,691,7,145)
r(15,619,7,146)
r(13,522,7,146)
w(3,682,7,146)
r(5,705,7,146)
r(19,303,7,146)
r(18,602,7,146)
r(0,604,7,146)
r(10,721,7,146)
r(16,617,7,146)
r(2,607,7,146)
r(9,493,7,146)
r(17,588,7,146)
r(1,575,7,146)
r(6,701,7,146)
w(12,701,7,146)
w(11,714,7,146)
r(7,716,7,146)
r(4,700,7,146)
r(8,696,7,146)
w(14,688,7,146)
w(0,708,7,147)
w(19,684,7,147)
w(15,718,7,147)
r(3,682,7,147)
r(6,701,7,147)
w(17,688,7,147)
r(12,701,7,147)
r(7,716,7,147)
r(5,705,7,147)
r(11,714,7,147)
r(10,721,7,147)
r(2,607,7,147)
r(16,617,7,147)
w(1,662,7,147)
w(13,721,7,147)
r(18,602,7,147)
r(14,688,7,147)
w(9,692,7,147)
r(8,696,7,147)
r(4,700,7,147)
w(5,707,7,148)
r(1,575,7,148)
r(7,716,7,148)
w(19,685,7,148)
w(3,683,7,148)
w(2,707,7,148)
r(14,688,7,148)
r(4,700,7,148)
r(16,617,7,148)
r(12,701,7,148)
r(11,714,7,148)
w(17,689,7,148)
w(0,709,7,148)
w(13,722,7,148)
r(6,701,7,148)
w(15,719,7,148)
w(10,722,7,148)
w(8,698,7,148)
r(9,493,7,148)
r(18,602,7,148)
w(1,663,7,149)
w(2,708,7,149)
w(0,710,7,149)
r(17,10,7,149)
w(19,686,7,149)
r(18,602,7,149)
w(7,718,7,149)
w(12,702,7,149)
r(14,5,7,149)
w(6,704,7,149)
r(11,7,7,149)
r(3,682,7,149)
r(4,7,7,149)
w(5,708,7,149)
r(8,9,7,149)
w(16,721,7,149)
r(15,619,7,149)
w(9,693,7,149)
w(10,723,7,149)
r(13,522,7,149)
w(9,694,7,150)
w(10,724,7,150)
r(19,303,7,150)
w(13,723,7,150)
w(0,711,7,150)
w(14,689,7,150)
w(5,709,7,150)
w(2,709,7,150)
r(8,9,7,150)
w(16,722,7,150)
w(18,705,7,150)
r(7,6,7,150)
w(4,701,7,150)
w(1,664,7,150)
w(15,720,7,150)
w(11,715,7,150)
r(6,701,7,150)
r(12,5,7,150)
w(3,684,7,150)
r(17,10,7,150)
r(11,7,7,151)
w(17,690,7,151)
w(4,702,7,151)
w(6,705,7,151)
r(18,602,7,151)
r(1,7,7,151)
r(3,682,7,151)
r(16,3,7,151)
r(13,522,7,151)
r(7,6,7,151)
r(2,607,7,151)
w(0,712,7,151)
w(9,695,7,151)
r(8,9,7,151)
r(14,5,7,151)
w(5,710,7,151)
r(15,619,7,151)
w(10,725,7,151)
w(12,703,7,151)
w(19,687,7,151)
r(2,219,7,152)
r(18,901,7,152)
r(19,212,7,152)
r(5,898,7,152)
w(4,703,7,152)
w(7,719,7,152)
r(11,314,7,152)
r(8,792,7,152)
w(1,665,7,152)
w(3,685,7,152)
w(12,704,7,152)
w(0,713,7,152)
r(16,200,7,152)
r(9,8,7,152)
w(6,706,7,152)
r(15,227,7,152)
r(10,945,7,152)
r(17,200,7,152)
r(13,224,7,152)
w(14,690,7,152)
w(6,707,7,153)
r(17,200,7,153)
w(14,691,7,153)
w(0,714,7,153)
w(15,721,7,153)
r(19,212,7,153)
w(11,716,7,153)
r(2,219,7,153)
w(12,705,7,153)
w(1,666,7,153)
w(9,696,7,153)
w(8,699,7,153)
w(7,720,7,153)
r(13,224,7,153)
w(16,723,7,153)
w(5,711,7,153)
r(10,945,7,153)
r(4,201,7,153)
w(3,686,7,153)
r(18,901,7,153)
w(6,708,7,154)
r(0,200,7,154)
w(3,687,7,154)
r(7,196,7,154)
r(11,314,7,154)
r(9,8,7,154)
w(13,724,7,154)
r(16,200,7,154)
r(12,788,7,154)
r(17,200,7,154)
r(4,201,7,154)
w(19,688,7,154)
w(15,722,7,154)
r(2,219,7,154)
r(5,898,7,154)
r(14,792,7,154)
r(18,901,7,154)
r(8,792,7,154)
r(1,865,7,154)
w(10,726,7,154)
w(17,691,7,155)
r(2,219,7,155)
r(14,792,7,155)
w(10,727,7,155)
w(0,715,7,155)
w(15,723,7,155)
r(5,898,7,155)
r(7,196,7,155)
w(6,709,7,155)
w(12,706,7,155)
w(19,689,7,155)
w(9,697,7,155)
w(8,700,7,155)
r(3,791,7,155)
w(13,725,7,155)
w(16,724,7,155)
w(11,717,7,155)
w(4,704,7,155)
r(18,901,7,155)
r(1,865,7,155)
w(0,716,7,156)
r(14,792,7,156)
w(11,718,7,156)
w(6,710,7,156)
r(2,219,7,156)
r(10,727,7,156)
w(1,667,7,156)
r(17,691,7,156)
r(16,724,7,156)
r(7,196,7,156)
w(18,706,7,156)
w(3,688,7,156)
r(8,700,7,156)
r(5,898,7,156)
w(9,698,7,156)
w(15,724,7,156)
r(13,725,7,156)
r(4,704,7,156)
w(12,707,7,156)
w(19,690,7,156)
r(1,865,7,157)
r(8,700,7,157)
w(4,705,7,157)
w(6,711,7,157)
w(17,692,7,157)
w(16,725,7,157)
r(7,196,7,157)
w(5,712,7,157)
r(15,723,7,157)
r(12,706,7,157)
r(10,727,7,157)
w(3,689,7,157)
r(0,715,7,157)
w(19,691,7,157)
w(18,707,7,157)
r(11,717,7,157)
r(14,792,7,157)
w(13,726,7,157)
r(9,697,7,157)
r(2,219,7,157)
r(12,792,7,158)
w(1,668,7,158)
w(4,706,7,158)
r(19,794,7,158)
w(9,699,7,158)
w(8,701,7,158)
w(15,725,7,158)
w(3,690,7,158)
r(6,816,7,158)
w(16,726,7,158)
w(11,719,7,158)
w(2,710,7,158)
r(5,307,7,158)
r(14,298,7,158)
r(7,818,7,158)
r(13,815,7,158)
r(10,833,7,158)
w(18,708,7,158)
r(17,786,7,158)
w(0,717,7,158)
r(3,794,7,159)
w(8,702,7,159)
r(18,806,7,159)
r(5,803,7,159)
r(17,786,7,159)
w(9,700,7,159)
r(0,807,7,159)
r(2,809,7,159)
r(13,815,7,159)
r(7,819,7,159)
r(14,794,7,159)
r(11,811,7,159)
r(12,792,7,159)
w(1,669,7,159)
r(15,817,7,159)
r(10,834,7,159)
w(16,727,7,159)
r(19,795,7,159)
r(4,814,7,159)
w(6,712,7,159)
r(13,717,8,160)
r(18,702,8,160)
w(17,777,8,160)
w(6,806,8,160)
r(14,286,8,160)
w(2,802,8,160)
r(12,697,8,160)
r(15,327,8,160)
r(10,718,8,160)
w(7,811,8,160)
w(3,784,8,160)
r(8,694,8,160)
r(1,658,8,160)
w(9,785,8,160)
w(11,803,8,160)
w(4,804,8,160)
w(0,803,8,160)
r(19,303,8,160)
w(16,809,8,160)
r(5,300,8,160)
w(17,778,8,161)
r(9,590,8,161)
w(1,771,8,161)
r(13,717,8,161)
w(15,809,8,161)
r(7,297,8,161)
r(6,701,8,161)
w(8,789,8,161)
w(2,803,8,161)
r(10,718,8,161)
r(3,283,8,161)
r(5,300,8,161)
r(18,702,8,161)
r(19,303,8,161)
r(4,298,8,161)
w(11,804,8,161)
w(16,810,8,161)
w(12,782,8,161)
w(0,804,8,161)
w(14,787,8,161)
w(3,785,8,162)
w(18,798,8,162)
r(17,295,8,162)
r(16,718,8,162)
r(14,286,8,162)
r(6,701,8,162)
w(1,772,8,162)
r(5,300,8,162)
r(19,303,8,162)
r(8,694,8,162)
w(11,805,8,162)
w(9,786,8,162)
w(15,810,8,162)
r(12,697,8,162)
w(4,805,8,162)
r(0,706,8,162)
r(7,297,8,162)
w(10,824,8,162)
r(2,311,8,162)
r(13,717,8,162)
w(4,806,8,163)
w(6,807,8,163)
w(15,811,8,163)
r(0,706,8,163)
w(17,779,8,163)
r(7,297,8,163)
r(2,311,8,163)
r(3,283,8,163)
w(9,787,8,163)
w(16,811,8,163)
w(19,786,8,163)
w(14,788,8,163)
r(1,658,8,163)
w(10,825,8,163)
r(11,711,8,163)
r(13,717,8,163)
w(12,783,8,163)
r(5,300,8,163)
r(18,702,8,163)
r(8,694,8,163)
w(15,812,8,164)
r(19,303,8,164)
w(17,780,8,164)
r(13,719,8,164)
r(0,707,8,164)
r(14,687,8,164)
w(3,786,8,164)
w(7,812,8,164)
r(12,697,8,164)
r(16,720,8,164)
w(10,826,8,164)
r(11,711,8,164)
r(8,696,8,164)
w(4,807,8,164)
w(9,788,8,164)
w(6,808,8,164)
w(5,797,8,164)
w(18,799,8,164)
r(2,705,8,164)
w(1,773,8,164)
r(9,4,8,165)
w(12,784,8,165)
r(7,6,8,165)
w(11,806,8,165)
r(0,604,8,165)
w(13,811,8,165)
r(5,705,8,165)
r(3,682,8,165)
r(2,607,8,165)
r(8,9,8,165)
r(15,619,8,165)
r(1,7,8,165)
w(17,781,8,165)
w(6,809,8,165)
w(4,808,8,165)
w(16,812,8,165)
w(19,787,8,165)
r(14,5,8,165)
w(18,800,8,165)
w(10,827,8,165)
w(11,807,8,166)
r(0,604,8,166)
w(1,774,8,166)
w(13,812,8,166)
w(6,810,8,166)
w(10,828,8,166)
w(8,790,8,166)
w(3,787,8,166)
r(5,705,8,166)
w(14,789,8,166)
r(18,602,8,166)
w(16,813,8,166)
r(17,10,8,166)
r(12,5,8,166)
r(15,619,8,166)
r(7,6,8,166)
w(19,788,8,166)
r(2,607,8,166)
r(9,4,8,166)
r(4,7,8,166)
r(1,285,8,167)
r(17,299,8,167)
w(16,814,8,167)
r(9,8,8,167)
w(14,790,8,167)
r(0,501,8,167)
w(11,808,8,167)
w(7,813,8,167)
w(10,829,8,167)
w(15,813,8,167)
w(6,811,8,167)
r(13,320,8,167)
w(8,791,8,167)
w(3,788,8,167)
r(2,607,8,167)
w(4,809,8,167)
w(12,785,8,167)
r(18,508,8,167)
w(5,798,8,167)
w(19,789,8,167)
w(14,791,8,168)
w(16,815,8,168)
w(12,786,8,168)
w(1,775,8,168)
w(3,789,8,168)
w(18,801,8,168)
w(17,782,8,168)
r(8,495,8,168)
w(4,810,8,168)
r(11,314,8,168)
w(19,790,8,168)
r(0,501,8,168)
r(13,320,8,168)
w(2,804,8,168)
r(9,8,8,168)
r(6,514,8,168)
w(5,799,8,168)
w(10,830,8,168)
w(7,814,8,168)
w(15,814,8,168)
r(8,903,8,169)
w(6,812,8,169)
r(9,8,8,169)
w(3,790,8,169)
r(17,782,8,169)
r(11,314,8,169)
r(1,865,8,169)
r(14,791,8,169)
r(5,898,8,169)
w(10,831,8,169)
w(12,787,8,169)
r(13,320,8,169)
r(7,814,8,169)
w(2,805,8,169)
w(19,791,8,169)
r(16,925,8,169)
r(4,810,8,169)
r(18,901,8,169)
r(0,909,8,169)
w(15,815,8,169)
w(16,816,8,170)
r(4,810,8,170)
w(5,800,8,170)
w(9,789,8,170)
w(15,816,8,170)
r(19,886,8,170)
r(3,789,8,170)
w(18,802,8,170)
w(6,813,8,170)
r(17,782,8,170)
w(2,806,8,170)
r(14,791,8,170)
r(8,903,8,170)
r(10,945,8,170)
r(11,314,8,170)
r(12,786,8,170)
w(1,776,8,170)
w(0,805,8,170)
r(13,320,8,170)
w(7,815,8,170)
r(2,890,8,171)
r(0,909,8,171)
w(13,813,8,171)
r(15,916,8,171)
r(9,8,8,171)
w(8,792,8,171)
r(10,945,8,171)
r(5,898,8,171)
w(17,783,8,171)
r(1,865,8,171)
w(3,791,8,171)
w(16,817,8,171)
w(19,792,8,171)
w(14,792,8,171)
w(6,814,8,171)
w(12,788,8,171)
r(18,901,8,171)
r(4,810,8,171)
r(11,314,8,171)
r(7,814,8,171)
r(11,314,8,172)
w(2,807,8,172)
r(9,8,8,172)
r(8,792,8,172)
w(5,801,8,172)
w(13,814,8,172)
w(10,832,8,172)
w(1,777,8,172)
w(12,789,8,172)
w(14,793,8,172)
w(6,815,8,172)
w(7,816,8,172)
r(17,200,8,172)
w(0,806,8,172)
w(3,792,8,172)
w(19,793,8,172)
w(16,818,8,172)
r(4,201,8,172)
r(15,227,8,172)
r(18,901,8,172)
w(2,808,8,173)
w(18,803,8,173)
w(12,790,8,173)
r(9,697,8,173)
r(8,700,8,173)
w(17,784,8,173)
r(6,709,8,173)
r(14,792,8,173)
w(16,819,8,173)
r(0,715,8,173)
r(5,898,8,173)
r(15,723,8,173)
w(4,811,8,173)
w(7,817,8,173)
r(13,725,8,173)
w(11,809,8,173)
w(1,778,8,173)
r(3,791,8,173)
r(19,689,8,173)
r(10,727,8,173)
r(2,219,8,174)
w(3,793,8,174)
r(7,196,8,174)
r(15,723,8,174)
w(4,812,8,174)
w(5,802,8,174)
r(0,715,8,174)
w(9,790,8,174)
w(18,804,8,174)
r(19,691,8,174)
w(12,791,8,174)
r(16,725,8,174)
w(8,793,8,174)
r(6,711,8,174)
r(11,717,8,174)
r(13,726,8,174)
r(1,865,8,174)
r(10,727,8,174)
r(14,792,8,174)
w(17,785,8,174)
w(4,813,8,175)
r(1,289,8,175)
w(12,792,8,175)
w(13,815,8,175)
w(11,810,8,175)
w(6,816,8,175)
w(16,820,8,175)
w(17,786,8,175)
r(0,302,8,175)
r(5,307,8,175)
w(9,791,8,175)
w(10,833,8,175)
r(3,295,8,175)
w(15,817,8,175)
w(18,805,8,175)
w(19,794,8,175)
w(8,794,8,175)
r(2,426,8,175)
r(14,298,8,175)
w(7,818,8,175)
w(16,821,8,176)
r(9,791,8,176)
r(13,815,8,176)
w(2,809,8,176)
w(18,806,8,176)
w(7,819,8,176)
r(15,817,8,176)
w(0,807,8,176)
r(12,792,8,176)
w(3,794,8,176)
w(1,779,8,176)
w(11,811,8,176)
w(19,795,8,176)
w(10,834,8,176)
w(5,803,8,176)
r(17,786,8,176)
w(14,794,8,176)
r(6,816,8,176)
w(4,814,8,176)
w(8,795,8,176)
w(4,815,8,177)
r(18,907,8,177)
r(8,907,8,177)
r(12,888,8,177)
r(10,948,8,177)
w(1,780,8,177)
w(16,822,8,177)
w(6,817,8,177)
w(7,820,8,177)
w(15,818,8,177)
w(13,816,8,177)
r(3,393,8,177)
w(0,808,8,177)
w(2,810,8,177)
w(19,796,8,177)
r(14,894,8,177)
w(11,812,8,177)
w(5,804,8,177)
r(17,203,8,177)
r(9,883,8,177)
r(4,903,8,178)
w(17,787,8,178)
w(3,795,8,178)
r(7,919,8,178)
w(12,793,8,178)
w(19,797,8,178)
w(8,796,8,178)
r(10,948,8,178)
w(5,805,8,178)
r(9,883,8,178)
w(0,809,8,178)
r(14,895,8,178)
r(16,929,8,178)
r(13,226,8,178)
r(2,894,8,178)
w(15,819,8,178)
r(6,916,8,178)
w(18,807,8,178)
w(11,813,8,178)
w(1,781,8,178)
r(11,813,8,179)
r(13,226,8,179)
w(17,788,8,179)
r(15,819,8,179)
w(12,794,8,179)
r(19,797,8,179)
r(1,781,8,179)
w(0,810,8,179)
w(9,792,8,179)
r(6,916,8,179)
r(4,903,8,179)
w(5,806,8,179)
w(18,808,8,179)
w(8,797,8,179)
w(16,823,8,179)
r(10,948,8,179)
w(3,796,8,179)
w(7,821,8,179)
r(14,895,8,179)
r(2,894,8,179)
r(19,682,9,180)
r(13,717,9,180)
r(7,714,9,180)
w(2,882,9,180)
w(11,903,9,180)
w(17,880,9,180)
r(6,701,9,180)
r(15,715,9,180)
r(14,1,9,180)
r(4,698,9,180)
r(16,718,9,180)
w(3,893,9,180)
w(8,895,9,180)
w(18,898,9,180)
w(0,901,9,180)
r(12,697,9,180)
r(5,704,9,180)
w(9,872,9,180)
r(1,658,9,180)
w(10,940,9,180)
r(18,702,9,181)
r(7,297,9,181)
r(9,590,9,181)
r(5,300,9,181)
w(4,896,9,181)
r(19,303,9,181)
r(14,286,9,181)
r(1,658,9,181)
r(11,711,9,181)
w(6,908,9,181)
r(0,706,9,181)
r(17,295,9,181)
r(12,697,9,181)
w(16,919,9,181)
r(3,283,9,181)
r(13,717,9,181)
w(8,896,9,181)
w(2,883,9,181)
r(15,327,9,181)
r(10,718,9,181)
r(18,702,9,182)
w(7,911,9,182)
r(5,300,9,182)
r(19,303,9,182)
r(11,711,9,182)
w(8,897,9,182)
w(3,894,9,182)
r(9,590,9,182)
r(13,717,9,182)
r(10,718,9,182)
r(15,327,9,182)
w(14,885,9,182)
w(4,897,9,182)
w(1,858,9,182)
w(0,902,9,182)
r(16,718,9,182)
w(12,880,9,182)
r(17,295,9,182)
r(6,701,9,182)
w(2,884,9,182)
r(12,697,9,183)
r(1,658,9,183)
r(0,706,9,183)
r(5,300,9,183)
w(14,886,9,183)
r(10,718,9,183)
w(15,911,9,183)
w(6,909,9,183)
w(11,904,9,183)
r(4,298,9,183)
r(3,283,9,183)
w(17,881,9,183)
w(7,912,9,183)
r(16,718,9,183)
r(19,303,9,183)
r(13,717,9,183)
r(18,702,9,183)
w(9,873,9,183)
w(8,898,9,183)
r(2,311,9,183)
w(2,885,9,184)
w(0,903,9,184)
r(17,295,9,184)
r(10,718,9,184)
w(6,910,9,184)
r(19,303,9,184)
r(5,300,9,184)
r(13,717,9,184)
w(15,912,9,184)
r(7,297,9,184)
w(18,899,9,184)
w(16,920,9,184)
r(4,298,9,184)
r(8,694,9,184)
w(1,859,9,184)
w(12,881,9,184)
r(3,283,9,184)
r(11,711,9,184)
r(14,286,9,184)
w(9,874,9,184)
w(5,893,9,185)
w(13,910,9,185)
r(6,701,9,185)
w(12,882,9,185)
r(10,718,9,185)
r(15,327,9,185)
w(19,883,9,185)
r(8,694,9,185)
w(3,895,9,185)
r(16,718,9,185)
r(18,702,9,185)
r(17,295,9,185)
r(7,297,9,185)
r(4,298,9,185)
r(0,706,9,185)
w(11,905,9,185)
r(2,311,9,185)
w(9,875,9,185)
w(14,887,9,185)
r(1,658,9,185)
w(14,888,9,186)
w(15,913,9,186)
r(1,660,9,186)
w(7,913,9,186)
r(17,687,9,186)
r(18,702,9,186)
w(0,904,9,186)
r(6,701,9,186)
w(2,886,9,186)
r(19,303,9,186)
w(10,941,9,186)
w(16,921,9,186)
r(8,696,9,186)
w(3,896,9,186)
r(11,711,9,186)
w(5,894,9,186)
r(4,700,9,186)
w(9,876,9,186)
r(13,719,9,186)
r(12,697,9,186)
r(5,705,9,187)
w(19,884,9,187)
w(8,899,9,187)
w(13,911,9,187)
w(14,889,9,187)
w(9,877,9,187)
w(3,897,9,187)
w(18,900,9,187)
r(15,619,9,187)
r(0,604,9,187)
w(11,906,9,187)
r(7,716,9,187)
w(4,898,9,187)
r(16,617,9,187)
w(12,883,9,187)
w(2,887,9,187)
w(10,942,9,187)
w(1,860,9,187)
w(17,882,9,187)
w(6,911,9,187)
w(12,884,9,188)
w(5,895,9,188)
w(16,922,9,188)
w(17,883,9,188)
w(8,900,9,188)
w(3,898,9,188)
w(13,912,9,188)
r(4,700,9,188)
r(18,602,9,188)
w(1,861,9,188)
r(7,716,9,188)
w(10,943,9,188)
w(11,907,9,188)
r(6,701,9,188)
r(15,619,9,188)
r(9,493,9,188)
w(0,905,9,188)
r(14,687,9,188)
r(2,607,9,188)
w(19,885,9,188)
w(1,862,9,189)
w(2,888,9,189)
w(14,890,9,189)
r(19,303,9,189)
w(3,899,9,189)
w(17,884,9,189)
w(16,923,9,189)
r(5,705,9,189)
w(0,906,9,189)
r(4,700,9,189)
w(7,914,9,189)
r(18,602,9,189)
r(12,701,9,189)
r(15,619,9,189)
w(10,944,9,189)
r(8,696,9,189)
w(11,908,9,189)
w(13,913,9,189)
r(6,701,9,189)
w(9,878,9,189)
w(4,899,9,190)
r(9,8,9,190)
r(12,305,9,190)
r(6,312,9,190)
w(5,896,9,190)
w(2,889,9,190)
w(17,885,9,190)
r(19,788,9,190)
w(15,914,9,190)
r(10,305,9,190)
w(16,924,9,190)
r(14,294,9,190)
w(0,907,9,190)
w(13,914,9,190)
w(7,915,9,190)
w(11,909,9,190)
w(1,863,9,190)
r(18,8,9,190)
w(3,900,9,190)
w(8,901,9,190)
w(4,900,9,191)
r(17,782,9,191)
r(16,815,9,191)
r(18,801,9,191)
r(2,804,9,191)
r(10,830,9,191)
w(14,891,9,191)
r(6,514,9,191)
w(13,915,9,191)
w(7,916,9,191)
w(11,910,9,191)
w(0,908,9,191)
w(1,864,9,191)
r(3,789,9,191)
w(12,885,9,191)
w(5,897,9,191)
w(15,915,9,191)
w(9,879,9,191)
w(8,902,9,191)
r(19,790,9,191)
w(8,903,9,192)
r(17,782,9,192)
r(11,314,9,192)
w(18,901,9,192)
r(3,789,9,192)
r(7,814,9,192)
w(0,909,9,192)
w(6,912,9,192)
w(15,916,9,192)
r(9,8,9,192)
w(16,925,9,192)
r(12,786,9,192)
r(4,810,9,192)
r(13,320,9,192)
w(19,886,9,192)
r(14,791,9,192)
w(5,898,9,192)
w(10,945,9,192)
w(1,865,9,192)
w(2,890,9,192)
r(15,916,9,193)
w(9,880,9,193)
w(3,901,9,193)
w(18,902,9,193)
r(13,320,9,193)
r(2,890,9,193)
w(8,904,9,193)
w(0,910,9,193)
r(12,786,9,193)
w(17,886,9,193)
r(14,791,9,193)
r(7,814,9,193)
w(16,926,9,193)
w(1,866,9,193)
w(5,899,9,193)
w(11,911,9,193)
r(4,810,9,193)
w(19,887,9,193)
r(6,912,9,193)
r(10,945,9,193)
w(4,901,9,194)
w(12,886,9,194)
w(15,917,9,194)
w(7,917,9,194)
r(9,8,9,194)
r(11,314,9,194)
w(6,913,9,194)
w(18,903,9,194)
r(5,898,9,194)
r(19,886,9,194)
r(8,903,9,194)
w(16,927,9,194)
w(3,902,9,194)
r(10,945,9,194)
w(2,891,9,194)
w(14,892,9,194)
r(1,865,9,194)
w(13,916,9,194)
w(17,887,9,194)
r(0,909,9,194)
r(19,886,9,195)
r(6,912,9,195)
w(13,917,9,195)
w(8,905,9,195)
w(4,902,9,195)
r(10,945,9,195)
r(15,916,9,195)
r(1,865,9,195)
w(14,893,9,195)
r(7,814,9,195)
w(11,912,9,195)
w(0,911,9,195)
w(9,881,9,195)
w(17,888,9,195)
w(18,904,9,195)
r(12,786,9,195)
r(16,925,9,195)
w(5,900,9,195)
w(2,892,9,195)
r(3,789,9,195)
r(2,427,9,196)
w(16,928,9,196)
w(19,888,9,196)
w(13,918,9,196)
w(10,946,9,196)
w(8,906,9,196)
r(15,817,9,196)
r(0,405,9,196)
r(6,411,9,196)
w(11,913,9,196)
w(17,889,9,196)
w(5,901,9,196)
w(1,867,9,196)
w(7,918,9,196)
r(14,385,9,196)
r(4,203,9,196)
r(9,202,9,196)
r(3,393,9,196)
w(18,905,9,196)
w(12,887,9,196)
w(0,912,9,197)
r(7,819,9,197)
r(16,410,9,197)
r(5,803,9,197)
r(19,214,9,197)
r(17,405,9,197)
w(9,882,9,197)
w(10,947,9,197)
r(1,180,9,197)
r(12,202,9,197)
w(15,918,9,197)
w(18,906,9,197)
r(8,208,9,197)
r(14,385,9,197)
w(6,914,9,197)
r(13,419,9,197)
r(11,811,9,197)
r(2,427,9,197)
w(3,903,9,197)
r(4,203,9,197)
w(18,907,9,198)
w(11,914,9,198)
w(10,948,9,198)
w(16,929,9,198)
r(5,803,9,198)
w(2,893,9,198)
r(19,217,9,198)
r(7,198,9,198)
w(1,868,9,198)
r(0,405,9,198)
r(13,226,9,198)
w(15,919,9,198)
w(12,888,9,198)
w(8,907,9,198)
r(17,203,9,198)
w(6,915,9,198)
w(4,903,9,198)
r(3,393,9,198)
w(9,883,9,198)
w(14,894,9,198)
r(1,868,9,199)
w(14,895,9,199)
r(16,929,9,199)
r(12,888,9,199)
r(10,948,9,199)
r(4,903,9,199)
r(11,914,9,199)
w(18,908,9,199)
w(6,916,9,199)
w(19,889,9,199)
r(13,226,9,199)
w(17,890,9,199)
w(5,902,9,199)
r(9,883,9,199)
w(3,904,9,199)
r(0,405,9,199)
w(2,894,9,199)
w(7,919,9,199)
w(8,908,9,199)
w(15,920,9,199)
