w(17,1,0,0)
w(8,1,0,0)
r(14,311,0,0)
w(3,1,0,0)
r(11,98,0,0)
r(1,100,0,0)
w(12,1,0,0)
r(13,105,0,0)
r(15,99,0,0)
r(5,299,0,0)
w(0,1,0,0)
w(4,1,0,0)
w(7,1,0,0)
w(2,1,0,0)
r(10,94,0,0)
w(19,1,0,0)
r(9,305,0,0)
r(6,106,0,0)
w(18,1,0,0)
r(16,99,0,0)
w(8,2,0,1)
w(3,2,0,1)
r(5,299,0,1)
w(13,1,0,1)
w(19,2,0,1)
r(6,106,0,1)
w(0,2,0,1)
w(1,1,0,1)
w(15,1,0,1)
w(17,2,0,1)
r(9,305,0,1)
w(12,2,0,1)
w(14,1,0,1)
r(16,99,0,1)
w(7,2,0,1)
r(2,1,0,1)
r(10,94,0,1)
r(18,1,0,1)
w(11,1,0,1)
r(4,1,0,1)
r(17,199,0,2)
w(15,2,0,2)
w(7,3,0,2)
r(2,1,0,2)
w(14,2,0,2)
r(11,194,0,2)
w(1,2,0,2)
w(18,2,0,2)
r(6,221,0,2)
r(0,1,0,2)
r(8,208,0,2)
w(9,1,0,2)
r(19,1,0,2)
w(5,1,0,2)
w(12,3,0,2)
w(16,1,0,2)
w(3,3,0,2)
w(4,2,0,2)
r(13,105,0,2)
w(10,1,0,2)
r(5,202,0,3)
r(13,105,0,3)
r(16,207,0,3)
w(2,2,0,3)
r(19,1,0,3)
w(17,3,0,3)
r(10,94,0,3)
w(1,3,0,3)
r(14,196,0,3)
r(4,210,0,3)
w(0,3,0,3)
w(15,3,0,3)
r(12,210,0,3)
w(11,2,0,3)
w(8,3,0,3)
w(6,1,0,3)
w(7,4,0,3)
r(3,1,0,3)
w(18,3,0,3)
r(9,205,0,3)
r(8,925,0,4)
r(0,1,0,4)
r(10,902,0,4)
r(9,205,0,4)
w(7,5,0,4)
r(2,1,0,4)
w(15,4,0,4)
w(17,4,0,4)
w(3,4,0,4)
r(16,911,0,4)
r(1,100,0,4)
r(18,1,0,4)
r(4,881,0,4)
r(13,891,0,4)
r(5,202,0,4)
r(14,196,0,4)
r(12,210,0,4)
w(19,3,0,4)
r(11,888,0,4)
r(6,221,0,4)
r(3,102,0,5)
r(1,829,0,5)
r(18,214,0,5)
r(10,200,0,5)
r(0,212,0,5)
w(13,2,0,5)
r(15,806,0,5)
w(2,3,0,5)
r(17,788,0,5)
r(16,805,0,5)
w(5,2,0,5)
r(9,798,0,5)
r(14,199,0,5)
r(7,835,0,5)
w(4,3,0,5)
r(6,827,0,5)
r(12,811,0,5)
w(11,3,0,5)
r(19,815,0,5)
w(8,4,0,5)
r(19,916,0,6)
w(1,4,0,6)
w(16,2,0,6)
w(6,2,0,6)
w(12,4,0,6)
w(5,3,0,6)
r(2,883,0,6)
r(8,929,0,6)
r(15,916,0,6)
w(14,3,0,6)
w(11,4,0,6)
r(3,103,0,6)
r(18,116,0,6)
r(10,906,0,6)
r(17,901,0,6)
w(0,4,0,6)
w(13,3,0,6)
r(4,102,0,6)
r(9,908,0,6)
w(7,6,0,6)
r(2,113,0,7)
w(16,3,0,7)
w(9,2,0,7)
w(12,5,0,7)
r(15,319,0,7)
w(1,5,0,7)
r(5,104,0,7)
r(4,105,0,7)
r(6,112,0,7)
r(19,90,0,7)
r(7,111,0,7)
r(17,103,0,7)
w(13,4,0,7)
w(8,5,0,7)
r(0,309,0,7)
r(3,105,0,7)
w(18,4,0,7)
r(14,314,0,7)
w(11,5,0,7)
w(10,2,0,7)
w(14,4,0,8)
r(3,105,0,8)
w(16,4,0,8)
w(2,4,0,8)
w(10,3,0,8)
w(17,5,0,8)
r(15,319,0,8)
r(5,104,0,8)
r(8,108,0,8)
r(18,117,0,8)
w(4,4,0,8)
r(19,90,0,8)
r(1,304,0,8)
r(9,110,0,8)
r(13,110,0,8)
r(11,103,0,8)
w(0,5,0,8)
r(7,111,0,8)
w(6,3,0,8)
r(12,112,0,8)
w(9,3,0,9)
w(8,6,0,9)
r(17,103,0,9)
w(13,5,0,9)
r(15,319,0,9)
r(14,314,0,9)
r(16,101,0,9)
w(4,5,0,9)
r(1,304,0,9)
r(11,103,0,9)
w(18,5,0,9)
r(5,104,0,9)
r(7,111,0,9)
r(2,113,0,9)
r(3,105,0,9)
w(12,6,0,9)
r(10,97,0,9)
w(6,4,0,9)
r(0,309,0,9)
r(19,90,0,9)
w(12,7,0,10)
w(1,6,0,10)
r(9,110,0,10)
w(3,5,0,10)
r(10,97,0,10)
w(2,5,0,10)
w(11,6,0,10)
w(17,6,0,10)
r(7,111,0,10)
w(6,5,0,10)
r(14,314,0,10)
r(8,108,0,10)
w(19,4,0,10)
w(4,6,0,10)
w(16,5,0,10)
w(5,4,0,10)
r(0,309,0,10)
w(13,6,0,10)
w(18,6,0,10)
w(15,5,0,10)
r(14,314,0,11)
w(12,8,0,11)
r(7,111,0,11)
r(17,6,0,11)
w(13,7,0,11)
w(19,5,0,11)
w(10,4,0,11)
w(6,6,0,11)
r(4,6,0,11)
w(1,7,0,11)
w(2,6,0,11)
r(15,5,0,11)
r(16,5,0,11)
w(0,6,0,11)
r(18,6,0,11)
r(9,110,0,11)
r(11,6,0,11)
w(5,5,0,11)
r(8,108,0,11)
w(3,6,0,11)
w(4,7,0,12)
r(1,7,0,12)
r(5,780,0,12)
w(6,7,0,12)
r(7,111,0,12)
w(18,7,0,12)
r(12,812,0,12)
r(16,5,0,12)
w(13,8,0,12)
r(17,6,0,12)
w(8,7,0,12)
w(2,7,0,12)
r(15,810,0,12)
w(9,4,0,12)
r(10,4,0,12)
w(19,6,0,12)
r(3,775,0,12)
r(11,799,0,12)
r(14,813,0,12)
r(0,817,0,12)
r(4,775,0,13)
r(13,802,0,13)
w(11,7,0,13)
w(1,8,0,13)
r(10,4,0,13)
r(2,797,0,13)
w(7,7,0,13)
w(12,9,0,13)
r(16,5,0,13)
w(6,8,0,13)
r(3,775,0,13)
r(19,5,0,13)
w(17,7,0,13)
w(0,7,0,13)
r(15,810,0,13)
r(8,832,0,13)
w(9,5,0,13)
w(5,6,0,13)
w(14,5,0,13)
w(18,8,0,13)
w(13,9,0,14)
w(7,8,0,14)
r(6,8,0,14)
r(1,8,0,14)
w(12,10,0,14)
r(8,832,0,14)
w(2,8,0,14)
r(5,6,0,14)
r(0,7,0,14)
w(16,6,0,14)
w(17,8,0,14)
w(18,9,0,14)
w(4,8,0,14)
r(9,5,0,14)
r(3,775,0,14)
w(15,6,0,14)
r(10,4,0,14)
r(19,5,0,14)
r(11,7,0,14)
r(14,5,0,14)
w(7,9,0,15)
w(17,9,0,15)
r(9,214,0,15)
w(3,7,0,15)
w(10,5,0,15)
r(16,5,0,15)
r(15,205,0,15)
w(6,9,0,15)
r(12,219,0,15)
r(4,778,0,15)
w(0,8,0,15)
w(2,9,0,15)
w(14,6,0,15)
w(18,10,0,15)
r(5,784,0,15)
r(11,804,0,15)
w(8,8,0,15)
w(19,7,0,15)
r(13,808,0,15)
w(1,9,0,15)
w(16,7,0,16)
r(10,106,0,16)
w(17,10,0,16)
w(14,7,0,16)
w(2,10,0,16)
w(9,6,0,16)
w(12,11,0,16)
w(1,10,0,16)
w(4,9,0,16)
r(8,216,0,16)
r(18,121,0,16)
r(15,205,0,16)
r(5,109,0,16)
r(7,118,0,16)
w(19,8,0,16)
r(13,808,0,16)
r(6,834,0,16)
r(11,804,0,16)
r(0,820,0,16)
r(3,777,0,16)
r(19,396,0,17)
r(8,216,0,17)
w(4,10,0,17)
r(13,808,0,17)
r(17,389,0,17)
r(7,424,0,17)
w(2,11,0,17)
w(15,7,0,17)
w(3,8,0,17)
w(5,7,0,17)
w(6,10,0,17)
r(12,11,0,17)
w(1,11,0,17)
w(18,11,0,17)
w(0,9,0,17)
w(14,8,0,17)
r(16,7,0,17)
r(11,378,0,17)
w(9,7,0,17)
r(10,106,0,17)
r(16,7,0,18)
w(14,9,0,18)
w(10,6,0,18)
w(11,8,0,18)
w(19,9,0,18)
r(5,396,0,18)
r(18,414,0,18)
r(3,395,0,18)
w(13,10,0,18)
w(9,8,0,18)
r(4,401,0,18)
r(1,418,0,18)
w(6,11,0,18)
r(8,216,0,18)
r(7,424,0,18)
w(2,12,0,18)
r(12,11,0,18)
r(15,427,0,18)
w(17,11,0,18)
w(0,10,0,18)
r(14,614,0,19)
r(3,674,0,19)
r(9,712,0,19)
w(11,9,0,19)
r(7,736,0,19)
w(10,7,0,19)
w(1,12,0,19)
w(8,9,0,19)
w(19,10,0,19)
w(17,12,0,19)
r(13,698,0,19)
r(6,434,0,19)
w(18,12,0,19)
w(15,8,0,19)
r(4,580,0,19)
w(0,11,0,19)
w(2,13,0,19)
w(5,8,0,19)
r(16,610,0,19)
r(12,619,0,19)
w(15,99,1,20)
r(14,311,1,20)
w(11,98,1,20)
w(10,94,1,20)
r(0,306,1,20)
r(5,299,1,20)
r(18,311,1,20)
r(9,305,1,20)
r(17,287,1,20)
w(13,105,1,20)
w(12,107,1,20)
r(7,321,1,20)
r(4,0,1,20)
w(1,100,1,20)
w(3,100,1,20)
w(6,106,1,20)
w(16,99,1,20)
r(2,305,1,20)
r(19,290,1,20)
r(8,314,1,20)
w(8,103,1,21)
r(0,1,1,21)
w(5,101,1,21)
w(7,106,1,21)
w(9,105,1,21)
w(18,114,1,21)
w(13,106,1,21)
r(11,194,1,21)
w(3,101,1,21)
r(16,207,1,21)
w(14,96,1,21)
r(2,1,1,21)
w(6,107,1,21)
w(1,101,1,21)
r(15,195,1,21)
r(19,1,1,21)
r(17,199,1,21)
r(10,94,1,21)
w(12,108,1,21)
w(4,100,1,21)
r(13,891,1,22)
w(2,111,1,22)
r(6,221,1,22)
w(8,104,1,22)
w(4,101,1,22)
r(3,1,1,22)
r(17,899,1,22)
w(10,95,1,22)
w(18,115,1,22)
r(12,210,1,22)
w(9,106,1,22)
w(15,100,1,22)
r(0,1,1,22)
w(5,102,1,22)
w(19,87,1,22)
w(1,102,1,22)
w(14,97,1,22)
w(7,107,1,22)
r(16,911,1,22)
w(11,99,1,22)
r(11,888,1,23)
r(10,902,1,23)
r(15,913,1,23)
w(7,108,1,23)
w(0,103,1,23)
r(5,202,1,23)
w(13,107,1,23)
w(14,98,1,23)
r(2,1,1,23)
r(4,881,1,23)
w(12,109,1,23)
r(18,1,1,23)
w(8,105,1,23)
w(3,102,1,23)
w(6,108,1,23)
w(19,88,1,23)
w(17,101,1,23)
w(9,107,1,23)
r(16,911,1,23)
w(1,103,1,23)
r(16,805,1,24)
w(7,109,1,24)
r(5,202,1,24)
w(13,108,1,24)
r(2,793,1,24)
w(12,110,1,24)
w(15,101,1,24)
w(14,99,1,24)
w(0,104,1,24)
w(3,103,1,24)
w(10,96,1,24)
w(17,102,1,24)
r(8,628,1,24)
r(19,815,1,24)
w(6,109,1,24)
w(1,104,1,24)
w(18,116,1,24)
w(11,100,1,24)
w(9,108,1,24)
w(4,102,1,24)
w(1,105,1,25)
w(2,112,1,25)
r(18,116,1,25)
w(12,111,1,25)
w(11,101,1,25)
w(6,110,1,25)
r(13,895,1,25)
w(16,100,1,25)
r(14,915,1,25)
w(3,104,1,25)
r(9,908,1,25)
w(8,106,1,25)
r(10,906,1,25)
r(15,916,1,25)
r(17,901,1,25)
w(19,89,1,25)
w(0,105,1,25)
w(5,103,1,25)
w(7,110,1,25)
w(4,103,1,25)
r(15,916,1,26)
r(2,883,1,26)
r(7,109,1,26)
r(3,103,1,26)
r(0,104,1,26)
r(19,916,1,26)
r(10,906,1,26)
r(17,901,1,26)
w(4,104,1,26)
w(11,102,1,26)
r(18,116,1,26)
r(1,923,1,26)
r(5,878,1,26)
r(12,905,1,26)
w(8,107,1,26)
r(16,805,1,26)
w(14,100,1,26)
w(13,109,1,26)
w(9,109,1,26)
w(6,111,1,26)
w(6,112,1,27)
w(10,97,1,27)
w(19,90,1,27)
w(9,110,1,27)
r(15,319,1,27)
w(17,103,1,27)
r(1,304,1,27)
w(13,110,1,27)
w(18,117,1,27)
w(8,108,1,27)
w(4,105,1,27)
w(11,103,1,27)
w(5,104,1,27)
r(14,314,1,27)
w(2,113,1,27)
w(7,111,1,27)
w(16,101,1,27)
w(12,112,1,27)
w(3,105,1,27)
r(0,309,1,27)
w(6,113,1,28)
w(0,106,1,28)
w(9,111,1,28)
r(3,105,1,28)
w(16,102,1,28)
w(17,104,1,28)
w(7,112,1,28)
r(12,112,1,28)
r(19,90,1,28)
w(15,102,1,28)
r(13,110,1,28)
r(4,105,1,28)
w(14,101,1,28)
w(10,98,1,28)
r(11,103,1,28)
w(8,109,1,28)
r(18,117,1,28)
w(2,114,1,28)
r(5,104,1,28)
r(1,304,1,28)
r(18,117,1,29)
w(12,113,1,29)
w(13,111,1,29)
w(10,99,1,29)
r(14,314,1,29)
w(17,105,1,29)
r(6,112,1,29)
w(0,107,1,29)
r(5,104,1,29)
r(15,319,1,29)
r(7,111,1,29)
w(2,115,1,29)
w(16,103,1,29)
w(11,104,1,29)
w(9,112,1,29)
w(19,91,1,29)
w(3,106,1,29)
w(8,110,1,29)
w(4,106,1,29)
r(1,304,1,29)
r(16,101,1,30)
w(12,114,1,30)
w(6,114,1,30)
r(9,110,1,30)
r(18,117,1,30)
r(17,103,1,30)
r(19,90,1,30)
w(7,113,1,30)
r(10,97,1,30)
r(14,314,1,30)
w(0,108,1,30)
w(11,105,1,30)
w(8,111,1,30)
r(4,105,1,30)
w(2,116,1,30)
w(15,103,1,30)
r(3,105,1,30)
w(1,106,1,30)
w(5,105,1,30)
w(13,112,1,30)
r(1,304,1,31)
w(14,102,1,31)
w(16,104,1,31)
w(19,92,1,31)
r(5,104,1,31)
w(17,106,1,31)
w(10,100,1,31)
w(15,104,1,31)
w(3,107,1,31)
w(4,107,1,31)
w(6,115,1,31)
r(11,103,1,31)
r(9,110,1,31)
w(0,109,1,31)
w(12,115,1,31)
w(8,112,1,31)
r(7,111,1,31)
w(18,118,1,31)
w(2,117,1,31)
w(13,113,1,31)
r(3,105,1,32)
r(15,319,1,32)
w(4,108,1,32)
r(8,108,1,32)
r(2,113,1,32)
w(18,119,1,32)
r(1,304,1,32)
w(11,106,1,32)
r(5,104,1,32)
r(14,314,1,32)
w(16,105,1,32)
w(6,116,1,32)
w(10,101,1,32)
w(7,114,1,32)
r(17,103,1,32)
w(0,110,1,32)
w(19,93,1,32)
r(13,110,1,32)
r(12,112,1,32)
r(9,110,1,32)
r(14,314,1,33)
r(0,6,1,33)
w(5,106,1,33)
r(3,6,1,33)
r(7,111,1,33)
w(13,114,1,33)
r(12,8,1,33)
r(2,6,1,33)
w(15,105,1,33)
r(6,6,1,33)
w(4,109,1,33)
r(8,108,1,33)
w(19,94,1,33)
r(1,7,1,33)
r(17,6,1,33)
r(18,6,1,33)
w(11,107,1,33)
w(16,106,1,33)
w(10,102,1,33)
w(9,113,1,33)
r(0,6,1,34)
w(7,115,1,34)
w(15,106,1,34)
w(2,118,1,34)
r(5,5,1,34)
r(9,110,1,34)
w(18,120,1,34)
r(14,314,1,34)
r(3,6,1,34)
r(12,8,1,34)
w(17,107,1,34)
w(16,107,1,34)
r(19,5,1,34)
r(13,7,1,34)
r(10,4,1,34)
r(8,108,1,34)
w(11,108,1,34)
r(4,6,1,34)
w(1,107,1,34)
r(6,6,1,34)
r(14,314,1,35)
w(0,111,1,35)
r(7,111,1,35)
w(19,95,1,35)
w(17,108,1,35)
w(16,108,1,35)
r(11,6,1,35)
r(9,110,1,35)
w(12,116,1,35)
r(15,5,1,35)
r(18,6,1,35)
w(4,110,1,35)
r(13,7,1,35)
r(8,108,1,35)
r(3,6,1,35)
r(2,6,1,35)
w(5,107,1,35)
r(1,7,1,35)
w(10,103,1,35)
r(6,6,1,35)
r(15,810,1,36)
w(17,109,1,36)
r(6,830,1,36)
r(19,5,1,36)
w(10,104,1,36)
r(13,802,1,36)
w(12,117,1,36)
w(2,119,1,36)
w(7,116,1,36)
r(8,832,1,36)
r(3,775,1,36)
w(16,109,1,36)
r(18,6,1,36)
r(5,780,1,36)
r(0,817,1,36)
r(14,813,1,36)
r(11,799,1,36)
r(9,801,1,36)
r(4,775,1,36)
r(1,7,1,36)
w(16,110,1,37)
r(8,832,1,37)
r(2,499,1,37)
w(14,103,1,37)
r(5,6,1,37)
w(19,96,1,37)
r(9,5,1,37)
w(11,109,1,37)
w(4,111,1,37)
r(12,533,1,37)
r(13,802,1,37)
r(1,523,1,37)
w(7,117,1,37)
r(15,526,1,37)
w(17,110,1,37)
w(10,105,1,37)
w(6,117,1,37)
r(0,510,1,37)
r(18,8,1,37)
w(3,108,1,37)
r(13,805,1,38)
w(17,111,1,38)
r(0,219,1,38)
w(16,111,1,38)
w(14,104,1,38)
w(5,108,1,38)
w(2,120,1,38)
w(11,110,1,38)
r(1,206,1,38)
w(15,107,1,38)
r(4,778,1,38)
w(12,118,1,38)
r(9,214,1,38)
w(19,97,1,38)
r(18,8,1,38)
r(6,832,1,38)
w(3,109,1,38)
r(10,810,1,38)
r(7,528,1,38)
w(8,113,1,38)
w(7,118,1,39)
r(9,214,1,39)
r(6,834,1,39)
w(1,108,1,39)
w(10,106,1,39)
w(4,112,1,39)
w(12,119,1,39)
r(0,820,1,39)
w(5,109,1,39)
r(8,216,1,39)
w(18,121,1,39)
r(17,206,1,39)
r(13,808,1,39)
r(11,804,1,39)
r(14,208,1,39)
w(19,98,1,39)
r(15,205,1,39)
r(16,5,1,39)
r(3,777,1,39)
r(2,212,1,39)
r(3,1,2,40)
r(5,299,2,40)
r(6,106,2,40)
w(11,193,2,40)
r(2,1,2,40)
w(16,206,2,40)
r(14,311,2,40)
w(0,210,2,40)
w(7,214,2,40)
r(13,105,2,40)
r(10,94,2,40)
w(8,207,2,40)
r(4,1,2,40)
r(19,1,2,40)
r(17,1,2,40)
w(15,194,2,40)
r(1,100,2,40)
r(12,1,2,40)
r(9,305,2,40)
r(18,1,2,40)
w(11,194,2,41)
w(16,207,2,41)
w(15,195,2,41)
w(9,205,2,41)
r(0,1,2,41)
r(2,1,2,41)
w(12,210,2,41)
w(6,221,2,41)
w(17,199,2,41)
r(13,105,2,41)
r(19,1,2,41)
r(1,100,2,41)
w(14,196,2,41)
w(8,208,2,41)
r(3,1,2,41)
r(18,1,2,41)
r(10,94,2,41)
w(4,210,2,41)
w(5,202,2,41)
w(7,215,2,41)
w(15,196,2,42)
r(17,899,2,42)
w(6,222,2,42)
r(9,205,2,42)
w(2,205,2,42)
w(4,211,2,42)
w(16,208,2,42)
w(19,189,2,42)
w(5,203,2,42)
r(1,100,2,42)
w(0,211,2,42)
r(18,1,2,42)
w(7,216,2,42)
w(12,211,2,42)
r(10,902,2,42)
w(3,201,2,42)
r(13,891,2,42)
r(11,888,2,42)
w(14,197,2,42)
r(8,925,2,42)
r(10,902,2,43)
r(2,1,2,43)
r(0,1,2,43)
r(12,210,2,43)
w(13,207,2,43)
w(16,209,2,43)
r(5,202,2,43)
w(4,212,2,43)
w(14,198,2,43)
w(6,223,2,43)
w(18,212,2,43)
r(7,942,2,43)
w(19,190,2,43)
w(15,197,2,43)
w(11,195,2,43)
r(8,925,2,43)
w(1,199,2,43)
w(9,206,2,43)
w(17,200,2,43)
r(3,1,2,43)
r(9,205,2,44)
w(1,200,2,44)
w(19,191,2,44)
r(12,210,2,44)
w(7,217,2,44)
w(17,201,2,44)
r(5,202,2,44)
r(0,1,2,44)
w(18,213,2,44)
w(11,196,2,44)
r(8,925,2,44)
r(14,196,2,44)
r(15,913,2,44)
r(13,891,2,44)
w(2,206,2,44)
w(4,213,2,44)
w(3,202,2,44)
r(6,221,2,44)
r(16,911,2,44)
r(10,902,2,44)
w(12,212,2,45)
r(11,888,2,45)
r(15,913,2,45)
w(4,214,2,45)
w(6,224,2,45)
w(9,207,2,45)
w(16,210,2,45)
r(17,101,2,45)
r(2,1,2,45)
w(14,199,2,45)
r(8,105,2,45)
r(1,103,2,45)
w(0,212,2,45)
r(5,202,2,45)
r(7,108,2,45)
w(18,214,2,45)
r(19,88,2,45)
w(10,200,2,45)
r(3,102,2,45)
w(13,208,2,45)
r(4,214,2,46)
w(5,204,2,46)
w(1,201,2,46)
r(2,793,2,46)
r(9,798,2,46)
w(10,201,2,46)
r(7,835,2,46)
w(6,225,2,46)
r(17,788,2,46)
w(11,197,2,46)
r(0,212,2,46)
r(12,811,2,46)
w(18,215,2,46)
r(14,199,2,46)
r(3,102,2,46)
r(16,805,2,46)
w(15,198,2,46)
r(13,798,2,46)
r(19,815,2,46)
r(8,105,2,46)
w(9,208,2,47)
r(13,798,2,47)
w(11,198,2,47)
w(19,192,2,47)
w(4,215,2,47)
r(5,202,2,47)
w(12,213,2,47)
r(17,788,2,47)
w(16,211,2,47)
r(8,628,2,47)
r(15,806,2,47)
r(6,614,2,47)
w(10,202,2,47)
w(1,202,2,47)
r(7,623,2,47)
w(14,200,2,47)
w(2,207,2,47)
w(18,216,2,47)
r(3,102,2,47)
r(0,212,2,47)
r(7,111,2,48)
r(13,110,2,48)
w(10,203,2,48)
r(16,101,2,48)
w(4,216,2,48)
r(5,104,2,48)
w(6,226,2,48)
r(1,304,2,48)
w(0,213,2,48)
w(19,193,2,48)
r(9,110,2,48)
r(18,117,2,48)
w(3,203,2,48)
w(14,201,2,48)
w(12,214,2,48)
r(17,103,2,48)
r(15,319,2,48)
r(8,108,2,48)
w(11,199,2,48)
r(2,113,2,48)
w(1,203,2,49)
w(14,202,2,49)
r(6,112,2,49)
r(8,108,2,49)
w(15,199,2,49)
w(2,208,2,49)
r(18,117,2,49)
w(17,202,2,49)
r(0,309,2,49)
w(9,209,2,49)
r(7,111,2,49)
w(10,204,2,49)
w(11,200,2,49)
w(19,194,2,49)
w(13,209,2,49)
r(3,105,2,49)
r(12,112,2,49)
r(5,104,2,49)
w(4,217,2,49)
r(16,101,2,49)
w(0,214,2,50)
w(15,200,2,50)
r(5,104,2,50)
w(17,203,2,50)
r(10,97,2,50)
r(2,113,2,50)
w(9,210,2,50)
w(13,210,2,50)
r(18,117,2,50)
w(12,215,2,50)
r(11,103,2,50)
w(8,209,2,50)
w(19,195,2,50)
w(14,203,2,50)
r(4,105,2,50)
w(6,227,2,50)
r(1,304,2,50)
r(7,111,2,50)
r(3,105,2,50)
r(16,101,2,50)
w(8,210,2,51)
r(16,101,2,51)
r(1,304,2,51)
r(12,112,2,51)
w(4,218,2,51)
r(0,309,2,51)
w(11,201,2,51)
r(17,103,2,51)
r(7,111,2,51)
w(6,228,2,51)
w(18,217,2,51)
w(19,196,2,51)
w(10,205,2,51)
w(15,201,2,51)
w(5,205,2,51)
r(2,113,2,51)
r(14,314,2,51)
w(9,211,2,51)
r(3,105,2,51)
r(13,110,2,51)
r(12,112,2,52)
w(16,212,2,52)
w(0,215,2,52)
r(1,304,2,52)
r(18,117,2,52)
r(7,111,2,52)
w(2,209,2,52)
w(14,204,2,52)
w(13,211,2,52)
w(4,219,2,52)
r(11,103,2,52)
w(10,206,2,52)
r(5,104,2,52)
r(17,103,2,52)
r(9,110,2,52)
r(15,319,2,52)
w(3,204,2,52)
r(8,108,2,52)
w(19,197,2,52)
r(6,112,2,52)
w(19,198,2,53)
r(5,4,2,53)
r(6,5,2,53)
r(1,6,2,53)
w(12,216,2,53)
r(16,5,2,53)
r(13,6,2,53)
r(18,6,2,53)
w(14,205,2,53)
w(2,210,2,53)
r(9,110,2,53)
r(10,97,2,53)
w(17,204,2,53)
w(0,216,2,53)
r(11,6,2,53)
w(7,218,2,53)
w(3,205,2,53)
r(4,6,2,53)
w(15,202,2,53)
w(8,211,2,53)
w(6,229,2,54)
w(13,212,2,54)
r(16,5,2,54)
w(4,220,2,54)
r(17,6,2,54)
r(11,6,2,54)
w(14,206,2,54)
w(7,219,2,54)
r(18,6,2,54)
w(19,199,2,54)
w(8,212,2,54)
w(12,217,2,54)
r(2,6,2,54)
r(10,4,2,54)
w(0,217,2,54)
r(5,5,2,54)
r(9,110,2,54)
r(1,7,2,54)
w(3,206,2,54)
w(15,203,2,54)
w(7,220,2,55)
r(0,7,2,55)
r(15,810,2,55)
r(6,8,2,55)
w(5,206,2,55)
w(10,207,2,55)
r(9,5,2,55)
w(14,207,2,55)
r(2,797,2,55)
w(8,213,2,55)
r(13,802,2,55)
w(18,218,2,55)
w(19,200,2,55)
w(4,221,2,55)
r(3,775,2,55)
w(17,205,2,55)
r(16,5,2,55)
r(12,9,2,55)
w(11,202,2,55)
w(1,204,2,55)
r(5,6,2,56)
r(14,5,2,56)
r(11,7,2,56)
w(12,218,2,56)
r(15,810,2,56)
r(6,8,2,56)
w(1,205,2,56)
w(3,207,2,56)
w(2,211,2,56)
r(4,775,2,56)
r(7,7,2,56)
w(13,213,2,56)
w(0,218,2,56)
w(9,212,2,56)
w(8,214,2,56)
w(16,213,2,56)
r(18,8,2,56)
w(19,201,2,56)
r(17,7,2,56)
r(10,4,2,56)
r(5,6,2,57)
w(9,213,2,57)
w(6,230,2,57)
r(7,528,2,57)
r(1,523,2,57)
r(14,523,2,57)
w(11,203,2,57)
w(8,215,2,57)
w(18,219,2,57)
r(3,490,2,57)
r(13,802,2,57)
w(4,222,2,57)
w(19,202,2,57)
w(10,208,2,57)
w(15,204,2,57)
w(16,214,2,57)
r(12,533,2,57)
r(17,7,2,57)
r(0,510,2,57)
r(2,499,2,57)
r(10,810,2,58)
r(6,832,2,58)
w(8,216,2,58)
r(18,8,2,58)
w(9,214,2,58)
r(4,778,2,58)
w(1,206,2,58)
w(2,212,2,58)
r(7,528,2,58)
r(16,5,2,58)
w(12,219,2,58)
w(19,203,2,58)
r(13,805,2,58)
w(15,205,2,58)
w(14,208,2,58)
w(17,206,2,58)
r(5,6,2,58)
w(0,219,2,58)
r(11,802,2,58)
r(3,490,2,58)
r(7,528,2,59)
r(5,6,2,59)
r(19,203,2,59)
r(12,219,2,59)
w(1,207,2,59)
w(17,207,2,59)
r(4,778,2,59)
w(0,220,2,59)
r(8,216,2,59)
w(15,206,2,59)
r(10,810,2,59)
w(18,220,2,59)
r(2,212,2,59)
w(14,209,2,59)
r(16,5,2,59)
r(13,805,2,59)
w(6,231,2,59)
w(11,204,2,59)
w(9,215,2,59)
w(3,208,2,59)
w(10,303,3,60)
w(14,310,3,60)
r(11,0,3,60)
w(15,314,3,60)
r(17,0,3,60)
w(0,305,3,60)
r(12,0,3,60)
r(2,0,3,60)
r(3,0,3,60)
w(18,310,3,60)
r(4,0,3,60)
r(1,0,3,60)
r(13,0,3,60)
w(19,289,3,60)
w(16,300,3,60)
r(7,0,3,60)
r(9,0,3,60)
w(5,299,3,60)
r(8,0,3,60)
r(6,0,3,60)
r(1,0,3,61)
r(18,310,3,61)
w(16,301,3,61)
w(7,320,3,61)
w(6,336,3,61)
r(9,0,3,61)
r(5,299,3,61)
w(8,313,3,61)
w(3,289,3,61)
w(19,290,3,61)
w(2,304,3,61)
r(10,303,3,61)
w(12,323,3,61)
r(14,310,3,61)
r(13,0,3,61)
w(15,315,3,61)
r(0,305,3,61)
r(4,0,3,61)
r(17,0,3,61)
w(11,289,3,61)
w(15,316,3,62)
r(5,299,3,62)
r(7,320,3,62)
r(17,0,3,62)
r(13,0,3,62)
w(14,311,3,62)
w(10,304,3,62)
w(11,290,3,62)
r(19,290,3,62)
r(1,0,3,62)
w(2,305,3,62)
w(8,314,3,62)
r(18,310,3,62)
w(3,290,3,62)
w(6,337,3,62)
w(12,324,3,62)
r(4,0,3,62)
w(16,302,3,62)
w(0,306,3,62)
w(9,305,3,62)
w(18,311,3,63)
w(10,305,3,63)
r(13,0,3,63)
r(14,311,3,63)
w(1,303,3,63)
w(6,338,3,63)
r(5,299,3,63)
w(17,287,3,63)
r(9,305,3,63)
r(3,290,3,63)
r(2,305,3,63)
w(12,325,3,63)
r(16,302,3,63)
r(11,290,3,63)
r(8,314,3,63)
r(4,0,3,63)
r(0,306,3,63)
w(7,321,3,63)
r(19,290,3,63)
r(15,316,3,63)
r(11,98,3,64)
r(5,299,3,64)
r(9,305,3,64)
r(3,1,3,64)
w(12,326,3,64)
r(19,1,3,64)
w(16,303,3,64)
r(6,106,3,64)
w(18,312,3,64)
w(4,304,3,64)
w(7,322,3,64)
r(2,1,3,64)
w(15,317,3,64)
r(1,100,3,64)
r(8,1,3,64)
w(10,306,3,64)
w(14,312,3,64)
r(0,1,3,64)
w(13,299,3,64)
w(17,288,3,64)
r(1,100,3,65)
w(4,305,3,65)
w(12,327,3,65)
r(5,299,3,65)
w(7,323,3,65)
r(16,99,3,65)
r(3,1,3,65)
w(11,291,3,65)
r(18,1,3,65)
w(2,306,3,65)
w(10,307,3,65)
w(8,315,3,65)
r(19,1,3,65)
r(17,1,3,65)
w(15,318,3,65)
r(14,311,3,65)
w(0,307,3,65)
w(13,300,3,65)
w(9,306,3,65)
w(6,339,3,65)
r(15,916,3,66)
r(1,923,3,66)
w(12,328,3,66)
r(19,916,3,66)
r(11,100,3,66)
w(18,313,3,66)
w(6,340,3,66)
r(2,883,3,66)
w(14,313,3,66)
w(7,324,3,66)
r(10,906,3,66)
w(16,304,3,66)
r(3,103,3,66)
w(0,308,3,66)
r(8,929,3,66)
r(13,895,3,66)
r(5,878,3,66)
r(17,901,3,66)
w(9,307,3,66)
r(4,102,3,66)
w(11,292,3,67)
w(6,341,3,67)
w(1,304,3,67)
w(10,308,3,67)
w(4,306,3,67)
w(9,308,3,67)
r(5,880,3,67)
w(13,301,3,67)
w(16,305,3,67)
w(7,325,3,67)
r(8,629,3,67)
w(14,314,3,67)
w(3,291,3,67)
w(15,319,3,67)
w(18,314,3,67)
r(2,586,3,67)
r(19,597,3,67)
w(0,309,3,67)
r(17,901,3,67)
r(12,617,3,67)
r(15,319,3,68)
r(19,90,3,68)
r(7,111,3,68)
r(18,117,3,68)
w(14,315,3,68)
r(2,113,3,68)
w(13,302,3,68)
r(9,110,3,68)
r(12,112,3,68)
w(3,292,3,68)
r(4,105,3,68)
r(17,103,3,68)
w(16,306,3,68)
r(5,104,3,68)
r(10,97,3,68)
w(6,342,3,68)
r(1,304,3,68)
w(0,310,3,68)
r(8,108,3,68)
r(11,103,3,68)
w(17,289,3,69)
r(0,309,3,69)
r(2,113,3,69)
w(14,316,3,69)
r(12,112,3,69)
w(1,305,3,69)
w(5,300,3,69)
r(6,112,3,69)
w(9,309,3,69)
r(13,110,3,69)
w(15,320,3,69)
r(19,90,3,69)
w(10,309,3,69)
w(3,293,3,69)
w(18,315,3,69)
w(8,316,3,69)
r(7,111,3,69)
w(11,293,3,69)
r(4,105,3,69)
r(16,101,3,69)
w(14,317,3,70)
w(0,311,3,70)
r(15,319,3,70)
r(6,112,3,70)
r(11,103,3,70)
w(17,290,3,70)
r(12,112,3,70)
r(9,110,3,70)
r(8,108,3,70)
w(10,310,3,70)
r(19,90,3,70)
r(5,104,3,70)
r(2,113,3,70)
w(1,306,3,70)
r(13,110,3,70)
r(16,101,3,70)
w(3,294,3,70)
r(7,111,3,70)
r(18,117,3,70)
r(4,105,3,70)
r(4,6,3,71)
w(11,294,3,71)
r(2,6,3,71)
w(1,307,3,71)
r(5,5,3,71)
w(13,303,3,71)
w(8,317,3,71)
r(16,5,3,71)
r(6,6,3,71)
w(7,326,3,71)
r(12,8,3,71)
r(18,6,3,71)
r(17,6,3,71)
w(19,291,3,71)
w(3,295,3,71)
r(0,6,3,71)
w(9,310,3,71)
r(14,314,3,71)
r(15,5,3,71)
w(10,311,3,71)
r(8,108,3,72)
w(19,292,3,72)
w(1,308,3,72)
w(7,327,3,72)
w(0,312,3,72)
w(12,329,3,72)
r(6,6,3,72)
r(15,5,3,72)
r(2,6,3,72)
r(4,6,3,72)
w(14,318,3,72)
w(5,301,3,72)
w(10,312,3,72)
r(16,5,3,72)
r(3,6,3,72)
r(13,7,3,72)
w(11,295,3,72)
r(18,6,3,72)
w(9,311,3,72)
w(17,291,3,72)
w(14,319,3,73)
r(12,8,3,73)
r(10,4,3,73)
r(7,111,3,73)
r(11,6,3,73)
w(16,307,3,73)
w(0,313,3,73)
r(2,6,3,73)
w(1,309,3,73)
r(4,6,3,73)
w(18,316,3,73)
r(8,108,3,73)
r(3,6,3,73)
r(19,5,3,73)
r(17,6,3,73)
r(6,6,3,73)
r(9,110,3,73)
r(13,7,3,73)
r(5,5,3,73)
w(15,321,3,73)
w(13,304,3,74)
r(17,6,3,74)
r(12,8,3,74)
w(9,312,3,74)
r(6,6,3,74)
w(16,308,3,74)
w(3,296,3,74)
w(8,318,3,74)
w(7,328,3,74)
w(10,313,3,74)
r(5,5,3,74)
w(1,310,3,74)
w(11,296,3,74)
r(14,314,3,74)
r(4,6,3,74)
w(19,293,3,74)
r(0,6,3,74)
r(2,6,3,74)
r(18,6,3,74)
w(15,322,3,74)
w(3,297,3,75)
r(10,4,3,75)
r(19,5,3,75)
r(1,7,3,75)
w(8,319,3,75)
r(6,830,3,75)
w(15,323,3,75)
w(14,320,3,75)
r(18,6,3,75)
r(11,799,3,75)
r(16,5,3,75)
w(12,330,3,75)
w(9,313,3,75)
w(7,329,3,75)
r(4,775,3,75)
r(0,817,3,75)
w(17,292,3,75)
r(13,802,3,75)
r(2,797,3,75)
w(5,302,3,75)
r(13,698,3,76)
r(7,736,3,76)
r(1,737,3,76)
w(17,293,3,76)
r(3,674,3,76)
r(9,712,3,76)
r(10,106,3,76)
w(8,320,3,76)
w(4,307,3,76)
r(18,699,3,76)
w(11,297,3,76)
w(0,314,3,76)
w(12,331,3,76)
r(6,434,3,76)
r(15,715,3,76)
w(2,307,3,76)
r(19,396,3,76)
w(16,309,3,76)
w(5,303,3,76)
w(14,321,3,76)
w(19,294,3,77)
r(1,737,3,77)
w(13,305,3,77)
r(14,321,3,77)
r(4,307,3,77)
w(10,314,3,77)
r(12,331,3,77)
r(15,715,3,77)
w(7,330,3,77)
w(2,308,3,77)
w(0,315,3,77)
w(3,298,3,77)
r(11,297,3,77)
w(17,294,3,77)
r(16,309,3,77)
w(6,343,3,77)
w(18,317,3,77)
r(8,320,3,77)
r(5,303,3,77)
w(9,314,3,77)
r(14,614,3,78)
r(5,693,3,78)
w(16,310,3,78)
r(1,738,3,78)
r(8,731,3,78)
r(3,674,3,78)
r(0,719,3,78)
r(11,688,3,78)
r(10,712,3,78)
w(15,324,3,78)
w(12,332,3,78)
w(2,309,3,78)
w(18,318,3,78)
w(4,308,3,78)
r(17,694,3,78)
w(9,315,3,78)
r(13,698,3,78)
w(7,331,3,78)
w(6,344,3,78)
w(19,295,3,78)
w(14,322,3,79)
r(7,736,3,79)
w(3,299,3,79)
r(11,688,3,79)
r(18,700,3,79)
w(17,295,3,79)
w(12,333,3,79)
w(0,316,3,79)
w(5,304,3,79)
r(19,10,3,79)
r(10,712,3,79)
w(15,325,3,79)
w(8,321,3,79)
w(16,311,3,79)
w(13,306,3,79)
w(9,316,3,79)
w(6,345,3,79)
r(4,580,3,79)
r(2,13,3,79)
w(1,311,3,79)
r(4,881,4,80)
w(5,390,4,80)
w(10,400,4,80)
r(16,911,4,80)
r(11,888,4,80)
w(8,407,4,80)
w(15,419,4,80)
r(2,1,4,80)
r(17,899,4,80)
w(13,391,4,80)
r(0,1,4,80)
w(18,405,4,80)
r(9,205,4,80)
w(7,417,4,80)
r(1,100,4,80)
r(19,912,4,80)
w(3,391,4,80)
w(14,415,4,80)
w(6,426,4,80)
r(12,210,4,80)
r(7,942,4,81)
w(12,428,4,81)
w(13,392,4,81)
w(1,410,4,81)
r(3,1,4,81)
r(17,899,4,81)
r(0,1,4,81)
w(16,406,4,81)
r(2,1,4,81)
w(11,373,4,81)
w(8,408,4,81)
w(14,416,4,81)
w(15,420,4,81)
w(6,427,4,81)
r(4,881,4,81)
r(5,202,4,81)
w(19,391,4,81)
r(9,205,4,81)
w(18,406,4,81)
r(10,902,4,81)
r(16,805,4,82)
w(14,417,4,82)
r(5,878,4,82)
r(9,908,4,82)
w(6,428,4,82)
w(0,405,4,82)
w(18,407,4,82)
w(17,386,4,82)
w(2,398,4,82)
r(10,906,4,82)
r(4,102,4,82)
r(3,103,4,82)
w(8,409,4,82)
w(7,418,4,82)
r(15,916,4,82)
w(13,393,4,82)
r(19,916,4,82)
w(12,429,4,82)
r(1,923,4,82)
r(11,100,4,82)
r(18,116,4,83)
w(4,395,4,83)
r(0,104,4,83)
r(7,109,4,83)
r(9,908,4,83)
w(3,392,4,83)
w(1,411,4,83)
r(11,100,4,83)
w(10,401,4,83)
r(15,916,4,83)
w(6,429,4,83)
w(16,407,4,83)
w(19,392,4,83)
w(2,399,4,83)
w(13,394,4,83)
w(8,410,4,83)
r(17,901,4,83)
r(12,905,4,83)
r(5,878,4,83)
r(14,915,4,83)
r(1,304,4,84)
w(15,421,4,84)
r(8,108,4,84)
w(14,418,4,84)
w(12,430,4,84)
r(19,90,4,84)
w(11,374,4,84)
r(17,103,4,84)
r(4,105,4,84)
w(3,393,4,84)
w(2,400,4,84)
w(5,391,4,84)
r(13,110,4,84)
w(18,408,4,84)
w(6,430,4,84)
w(7,419,4,84)
r(10,97,4,84)
r(0,309,4,84)
w(16,408,4,84)
w(9,402,4,84)
r(12,112,4,85)
w(5,392,4,85)
w(6,431,4,85)
r(0,309,4,85)
w(9,403,4,85)
r(8,108,4,85)
r(15,319,4,85)
w(19,393,4,85)
w(14,419,4,85)
r(16,101,4,85)
w(17,387,4,85)
r(3,105,4,85)
w(4,396,4,85)
w(10,402,4,85)
w(13,395,4,85)
r(11,103,4,85)
w(7,420,4,85)
r(18,117,4,85)
r(2,113,4,85)
w(1,412,4,85)
w(1,413,4,86)
r(17,103,4,86)
w(16,409,4,86)
w(0,406,4,86)
w(7,421,4,86)
w(18,409,4,86)
r(12,112,4,86)
r(19,90,4,86)
w(2,401,4,86)
r(5,104,4,86)
w(8,411,4,86)
r(3,105,4,86)
w(14,420,4,86)
r(13,110,4,86)
w(11,375,4,86)
r(9,110,4,86)
r(6,112,4,86)
w(15,422,4,86)
w(10,403,4,86)
r(4,105,4,86)
w(12,431,4,87)
r(18,117,4,87)
r(1,304,4,87)
r(8,108,4,87)
r(19,90,4,87)
r(4,105,4,87)
r(10,97,4,87)
w(14,421,4,87)
r(9,110,4,87)
w(17,388,4,87)
r(5,104,4,87)
r(6,112,4,87)
r(11,103,4,87)
r(7,111,4,87)
r(3,105,4,87)
r(15,319,4,87)
r(16,101,4,87)
r(2,113,4,87)
w(0,407,4,87)
r(13,110,4,87)
w(16,410,4,88)
r(17,6,4,88)
r(18,6,4,88)
w(3,394,4,88)
r(11,6,4,88)
r(2,6,4,88)
w(5,393,4,88)
r(7,111,4,88)
w(1,414,4,88)
r(19,5,4,88)
w(13,396,4,88)
r(14,314,4,88)
w(10,404,4,88)
w(0,408,4,88)
w(6,432,4,88)
w(12,432,4,88)
r(8,108,4,88)
w(15,423,4,88)
w(9,404,4,88)
w(4,397,4,88)
r(6,830,4,89)
r(12,812,4,89)
w(14,422,4,89)
w(1,415,4,89)
w(4,398,4,89)
r(7,111,4,89)
w(16,411,4,89)
w(2,402,4,89)
r(8,832,4,89)
w(0,409,4,89)
r(17,6,4,89)
r(19,5,4,89)
r(11,799,4,89)
w(10,405,4,89)
w(13,397,4,89)
r(3,775,4,89)
r(9,801,4,89)
w(18,410,4,89)
w(15,424,4,89)
r(5,780,4,89)
w(18,411,4,90)
w(11,376,4,90)
r(6,830,4,90)
r(13,802,4,90)
w(7,422,4,90)
r(0,817,4,90)
w(16,412,4,90)
r(3,775,4,90)
r(17,6,4,90)
r(10,4,4,90)
w(14,423,4,90)
w(12,433,4,90)
w(9,405,4,90)
w(5,394,4,90)
r(19,5,4,90)
w(15,425,4,90)
w(2,403,4,90)
r(4,775,4,90)
w(1,416,4,90)
w(8,412,4,90)
w(15,426,4,91)
w(0,410,4,91)
w(19,394,4,91)
r(17,206,4,91)
w(1,417,4,91)
w(16,413,4,91)
r(5,6,4,91)
r(7,528,4,91)
r(10,810,4,91)
r(6,832,4,91)
w(18,412,4,91)
w(4,399,4,91)
w(11,377,4,91)
r(8,216,4,91)
w(13,398,4,91)
w(12,434,4,91)
w(2,404,4,91)
r(3,490,4,91)
w(14,424,4,91)
w(9,406,4,91)
r(15,205,4,92)
w(5,395,4,92)
w(16,414,4,92)
w(6,433,4,92)
w(19,395,4,92)
w(9,407,4,92)
r(14,208,4,92)
w(4,400,4,92)
w(8,413,4,92)
r(0,219,4,92)
r(2,212,4,92)
r(3,490,4,92)
r(17,206,4,92)
w(7,423,4,92)
w(10,406,4,92)
r(12,219,4,92)
w(13,399,4,92)
w(18,413,4,92)
r(11,802,4,92)
r(1,206,4,92)
r(0,820,4,93)
w(17,389,4,93)
w(18,414,4,93)
r(10,106,4,93)
w(6,434,4,93)
w(19,396,4,93)
w(15,427,4,93)
r(13,808,4,93)
r(14,7,4,93)
w(4,401,4,93)
r(12,11,4,93)
r(16,7,4,93)
w(5,396,4,93)
w(3,395,4,93)
w(11,378,4,93)
r(2,10,4,93)
r(8,216,4,93)
w(7,424,4,93)
r(9,6,4,93)
w(1,418,4,93)
w(18,415,4,94)
r(14,7,4,94)
r(3,395,4,94)
w(10,407,4,94)
w(1,419,4,94)
r(12,11,4,94)
w(16,415,4,94)
r(19,396,4,94)
r(5,396,4,94)
w(15,428,4,94)
r(4,401,4,94)
w(6,435,4,94)
w(2,405,4,94)
w(11,379,4,94)
w(7,425,4,94)
w(17,390,4,94)
r(9,6,4,94)
w(13,400,4,94)
w(0,411,4,94)
r(8,216,4,94)
w(11,380,4,95)
w(7,426,4,95)
r(12,11,4,95)
w(10,408,4,95)
w(6,436,4,95)
r(0,820,4,95)
r(4,401,4,95)
r(19,396,4,95)
r(1,418,4,95)
r(15,427,4,95)
r(14,7,4,95)
r(9,6,4,95)
r(17,389,4,95)
r(3,395,4,95)
w(13,401,4,95)
w(2,406,4,95)
w(5,397,4,95)
r(8,216,4,95)
r(18,414,4,95)
r(16,7,4,95)
w(7,427,4,96)
w(15,429,4,96)
w(3,396,4,96)
w(1,420,4,96)
r(9,712,4,96)
r(2,307,4,96)
w(14,425,4,96)
r(4,307,4,96)
w(16,416,4,96)
r(18,699,4,96)
r(10,106,4,96)
r(13,698,4,96)
r(12,331,4,96)
r(0,314,4,96)
w(8,414,4,96)
w(6,437,4,96)
w(11,381,4,96)
r(5,303,4,96)
w(17,391,4,96)
w(19,397,4,96)
r(7,736,4,97)
w(13,402,4,97)
w(9,408,4,97)
r(14,321,4,97)
w(6,438,4,97)
w(17,392,4,97)
w(5,398,4,97)
w(19,398,4,97)
r(11,297,4,97)
r(8,320,4,97)
w(12,435,4,97)
w(0,412,4,97)
w(16,417,4,97)
w(18,416,4,97)
r(15,715,4,97)
w(4,402,4,97)
r(2,307,4,97)
r(10,106,4,97)
w(3,397,4,97)
r(1,737,4,97)
w(3,398,4,98)
w(14,426,4,98)
r(12,331,4,98)
w(18,417,4,98)
r(1,737,4,98)
w(2,407,4,98)
w(13,403,4,98)
w(8,415,4,98)
r(4,307,4,98)
w(11,382,4,98)
w(5,399,4,98)
r(10,106,4,98)
w(19,399,4,98)
w(6,439,4,98)
r(16,309,4,98)
w(9,409,4,98)
w(0,413,4,98)
w(15,430,4,98)
r(7,736,4,98)
r(17,293,4,98)
w(12,436,4,99)
r(1,12,4,99)
w(18,418,4,99)
w(19,400,4,99)
w(15,431,4,99)
w(5,400,4,99)
r(3,674,4,99)
r(9,712,4,99)
w(6,440,4,99)
r(14,614,4,99)
r(2,13,4,99)
r(13,698,4,99)
w(11,383,4,99)
w(8,416,4,99)
w(10,409,4,99)
w(16,418,4,99)
w(7,428,4,99)
r(4,580,4,99)
r(17,12,4,99)
r(0,11,4,99)
r(11,98,5,100)
r(15,99,5,100)
r(8,1,5,100)
w(14,514,5,100)
w(17,480,5,100)
w(10,497,5,100)
w(3,480,5,100)
w(7,521,5,100)
w(9,508,5,100)
w(0,503,5,100)
w(2,493,5,100)
w(5,499,5,100)
r(19,1,5,100)
r(4,1,5,100)
r(16,99,5,100)
r(18,1,5,100)
r(6,106,5,100)
r(12,1,5,100)
r(1,100,5,100)
r(13,105,5,100)
r(14,196,5,101)
w(17,481,5,101)
r(6,221,5,101)
r(10,94,5,101)
w(7,522,5,101)
w(5,500,5,101)
r(12,210,5,101)
w(18,490,5,101)
r(9,205,5,101)
r(13,105,5,101)
w(16,506,5,101)
r(15,195,5,101)
r(1,100,5,101)
r(0,1,5,101)
w(2,494,5,101)
r(11,194,5,101)
w(3,481,5,101)
r(19,1,5,101)
r(8,208,5,101)
w(4,484,5,101)
r(10,902,5,102)
w(12,529,5,102)
w(7,523,5,102)
r(8,925,5,102)
w(17,482,5,102)
w(5,501,5,102)
r(13,891,5,102)
w(16,507,5,102)
w(3,482,5,102)
r(11,888,5,102)
r(19,912,5,102)
r(15,913,5,102)
w(14,515,5,102)
r(1,100,5,102)
r(18,1,5,102)
r(4,881,5,102)
w(6,526,5,102)
r(9,205,5,102)
r(2,1,5,102)
w(0,504,5,102)
r(8,628,5,103)
r(12,616,5,103)
r(16,805,5,103)
r(2,793,5,103)
w(0,505,5,103)
r(7,623,5,103)
w(3,483,5,103)
r(4,577,5,103)
r(1,623,5,103)
r(9,798,5,103)
r(17,788,5,103)
r(18,214,5,103)
w(13,490,5,103)
w(15,521,5,103)
r(5,202,5,103)
w(14,516,5,103)
r(11,565,5,103)
w(6,527,5,103)
w(19,490,5,103)
w(10,498,5,103)
w(14,517,5,104)
r(7,109,5,104)
w(9,509,5,104)
r(12,905,5,104)
r(3,103,5,104)
r(2,883,5,104)
r(17,901,5,104)
w(8,516,5,104)
r(1,923,5,104)
r(19,916,5,104)
w(0,506,5,104)
w(16,508,5,104)
w(10,499,5,104)
r(5,878,5,104)
r(13,895,5,104)
w(18,491,5,104)
r(6,917,5,104)
w(4,485,5,104)
r(15,916,5,104)
r(11,100,5,104)
w(3,484,5,105)
r(7,109,5,105)
w(6,528,5,105)
w(18,492,5,105)
r(11,100,5,105)
r(2,883,5,105)
r(1,923,5,105)
w(4,486,5,105)
w(16,509,5,105)
w(0,507,5,105)
r(17,901,5,105)
w(19,491,5,105)
w(15,522,5,105)
r(13,895,5,105)
w(12,530,5,105)
r(10,906,5,105)
r(8,929,5,105)
w(9,510,5,105)
w(5,502,5,105)
w(14,518,5,105)
w(11,471,5,106)
w(16,510,5,106)
r(9,110,5,106)
r(2,113,5,106)
w(14,519,5,106)
w(5,503,5,106)
w(10,500,5,106)
w(15,523,5,106)
r(4,105,5,106)
w(0,508,5,106)
w(6,529,5,106)
r(18,117,5,106)
r(1,304,5,106)
w(19,492,5,106)
r(13,110,5,106)
w(3,485,5,106)
r(7,111,5,106)
w(17,483,5,106)
r(12,112,5,106)
r(8,108,5,106)
w(10,501,5,107)
r(8,108,5,107)
r(5,104,5,107)
r(2,113,5,107)
r(17,103,5,107)
w(4,487,5,107)
w(19,493,5,107)
r(9,110,5,107)
w(16,511,5,107)
r(6,112,5,107)
r(1,304,5,107)
w(11,472,5,107)
w(18,493,5,107)
r(15,319,5,107)
r(13,110,5,107)
r(0,309,5,107)
r(14,314,5,107)
r(12,112,5,107)
w(7,524,5,107)
w(3,486,5,107)
r(13,110,5,108)
r(4,105,5,108)
w(14,520,5,108)
w(5,504,5,108)
w(3,487,5,108)
r(9,110,5,108)
w(8,517,5,108)
r(16,101,5,108)
r(2,113,5,108)
r(11,103,5,108)
r(15,319,5,108)
r(17,103,5,108)
r(18,117,5,108)
w(0,509,5,108)
w(10,502,5,108)
w(6,530,5,108)
r(7,111,5,108)
w(19,494,5,108)
w(1,521,5,108)
r(12,112,5,108)
r(7,111,5,109)
w(15,524,5,109)
r(1,6,5,109)
w(19,495,5,109)
r(12,7,5,109)
r(8,108,5,109)
r(13,6,5,109)
w(9,511,5,109)
w(16,512,5,109)
w(11,473,5,109)
r(17,6,5,109)
r(6,5,5,109)
r(18,6,5,109)
w(14,521,5,109)
w(2,495,5,109)
r(10,97,5,109)
w(3,488,5,109)
w(5,505,5,109)
w(4,488,5,109)
r(0,309,5,109)
w(18,494,5,110)
r(12,8,5,110)
w(2,496,5,110)
w(14,522,5,110)
r(0,6,5,110)
w(17,484,5,110)
r(16,5,5,110)
w(9,512,5,110)
r(4,6,5,110)
r(1,7,5,110)
w(6,531,5,110)
w(3,489,5,110)
r(15,5,5,110)
r(8,108,5,110)
r(19,5,5,110)
w(11,474,5,110)
w(5,506,5,110)
w(7,525,5,110)
w(10,503,5,110)
r(13,7,5,110)
r(14,5,5,111)
w(19,496,5,111)
r(4,775,5,111)
w(18,495,5,111)
w(8,518,5,111)
r(11,7,5,111)
w(1,522,5,111)
w(2,497,5,111)
r(0,7,5,111)
r(3,775,5,111)
w(9,513,5,111)
w(7,526,5,111)
w(6,532,5,111)
w(13,491,5,111)
r(15,810,5,111)
w(16,513,5,111)
w(12,531,5,111)
r(5,6,5,111)
r(10,4,5,111)
w(17,485,5,111)
r(13,802,5,112)
r(16,5,5,112)
w(11,475,5,112)
r(17,7,5,112)
w(12,532,5,112)
r(1,8,5,112)
w(9,514,5,112)
r(14,5,5,112)
w(15,525,5,112)
r(10,4,5,112)
w(19,497,5,112)
r(8,832,5,112)
r(0,7,5,112)
r(3,775,5,112)
w(4,489,5,112)
r(6,8,5,112)
r(18,8,5,112)
w(7,527,5,112)
w(5,507,5,112)
w(2,498,5,112)
w(14,523,5,113)
r(19,5,5,113)
w(2,499,5,113)
w(7,528,5,113)
r(8,832,5,113)
r(18,8,5,113)
w(1,523,5,113)
r(13,802,5,113)
r(4,775,5,113)
r(5,6,5,113)
r(17,7,5,113)
r(9,5,5,113)
w(15,526,5,113)
w(0,510,5,113)
w(6,533,5,113)
w(11,476,5,113)
w(12,533,5,113)
w(3,490,5,113)
r(10,4,5,113)
r(16,5,5,113)
w(7,529,5,114)
r(12,533,5,114)
r(9,5,5,114)
w(5,508,5,114)
r(13,802,5,114)
r(3,490,5,114)
w(8,519,5,114)
w(18,496,5,114)
r(2,499,5,114)
r(14,523,5,114)
w(16,514,5,114)
r(19,5,5,114)
w(15,527,5,114)
w(6,534,5,114)
r(10,4,5,114)
w(0,511,5,114)
w(1,524,5,114)
r(11,476,5,114)
w(4,490,5,114)
r(17,7,5,114)
r(14,321,5,115)
r(16,309,5,115)
w(17,486,5,115)
w(0,512,5,115)
r(19,396,5,115)
w(9,515,5,115)
w(7,530,5,115)
r(5,303,5,115)
w(4,491,5,115)
r(11,297,5,115)
w(3,491,5,115)
r(12,331,5,115)
w(8,520,5,115)
r(1,737,5,115)
w(18,497,5,115)
w(2,500,5,115)
r(6,434,5,115)
r(15,715,5,115)
r(13,698,5,115)
w(10,504,5,115)
r(14,321,5,116)
w(17,487,5,116)
w(1,525,5,116)
r(10,106,5,116)
r(7,736,5,116)
w(3,492,5,116)
r(11,297,5,116)
r(13,698,5,116)
r(8,320,5,116)
r(5,303,5,116)
r(9,712,5,116)
r(15,715,5,116)
r(4,307,5,116)
r(0,314,5,116)
w(12,534,5,116)
w(16,515,5,116)
w(19,498,5,116)
w(2,501,5,116)
w(6,535,5,116)
w(18,498,5,116)
w(17,488,5,117)
w(12,535,5,117)
w(8,521,5,117)
r(2,13,5,117)
r(18,700,5,117)
r(5,304,5,117)
r(7,736,5,117)
r(3,299,5,117)
w(14,524,5,117)
r(19,10,5,117)
w(6,536,5,117)
w(0,513,5,117)
r(16,311,5,117)
r(13,306,5,117)
w(15,528,5,117)
w(9,516,5,117)
r(10,712,5,117)
w(11,477,5,117)
r(1,311,5,117)
w(4,492,5,117)
r(7,736,5,118)
w(12,536,5,118)
w(18,499,5,118)
r(13,306,5,118)
r(4,492,5,118)
w(14,525,5,118)
w(11,478,5,118)
w(17,489,5,118)
w(15,529,5,118)
r(1,628,5,118)
w(5,509,5,118)
r(8,635,5,118)
w(16,516,5,118)
w(19,499,5,118)
w(2,502,5,118)
r(6,622,5,118)
w(3,493,5,118)
w(9,517,5,118)
w(10,505,5,118)
w(0,514,5,118)
r(5,596,5,119)
r(19,601,5,119)
w(8,522,5,119)
w(14,526,5,119)
w(12,537,5,119)
r(7,631,5,119)
w(17,490,5,119)
w(1,526,5,119)
r(10,605,5,119)
r(16,611,5,119)
r(15,623,5,119)
w(0,515,5,119)
w(9,518,5,119)
w(3,494,5,119)
w(13,492,5,119)
w(2,503,5,119)
w(6,537,5,119)
w(4,493,5,119)
w(18,500,5,119)
r(11,577,5,119)
r(9,205,6,120)
r(2,1,6,120)
w(8,627,6,120)
w(16,605,6,120)
r(7,942,6,120)
r(19,912,6,120)
w(11,564,6,120)
w(0,610,6,120)
r(5,202,6,120)
r(1,100,6,120)
r(12,210,6,120)
w(17,591,6,120)
w(14,608,6,120)
w(10,596,6,120)
r(4,881,6,120)
w(13,589,6,120)
w(18,598,6,120)
r(3,1,6,120)
w(15,615,6,120)
r(6,221,6,120)
w(12,616,6,121)
r(3,102,6,121)
w(7,623,6,121)
r(16,805,6,121)
w(4,577,6,121)
r(15,806,6,121)
r(2,793,6,121)
r(14,199,6,121)
w(6,614,6,121)
r(5,202,6,121)
w(8,628,6,121)
w(11,565,6,121)
r(17,788,6,121)
r(0,212,6,121)
r(19,815,6,121)
w(10,597,6,121)
r(13,798,6,121)
r(9,798,6,121)
w(1,623,6,121)
r(18,214,6,121)
w(7,624,6,122)
w(13,590,6,122)
w(4,578,6,122)
w(12,617,6,122)
r(17,901,6,122)
r(6,917,6,122)
w(14,609,6,122)
w(8,629,6,122)
w(10,598,6,122)
w(11,566,6,122)
r(5,880,6,122)
w(15,616,6,122)
w(16,606,6,122)
r(18,116,6,122)
w(9,602,6,122)
w(19,597,6,122)
r(0,104,6,122)
r(3,874,6,122)
r(1,923,6,122)
w(2,586,6,122)
r(9,110,6,123)
w(10,599,6,123)
w(13,591,6,123)
w(15,617,6,123)
r(1,304,6,123)
r(2,113,6,123)
r(14,314,6,123)
r(16,101,6,123)
r(18,117,6,123)
r(5,104,6,123)
r(12,112,6,123)
r(17,103,6,123)
r(19,90,6,123)
w(6,615,6,123)
r(8,108,6,123)
w(0,611,6,123)
r(4,105,6,123)
r(3,105,6,123)
w(7,625,6,123)
w(11,567,6,123)
w(8,630,6,124)
w(15,618,6,124)
r(12,112,6,124)
r(19,90,6,124)
r(0,309,6,124)
r(10,97,6,124)
w(14,610,6,124)
w(16,607,6,124)
w(7,626,6,124)
w(3,587,6,124)
r(13,110,6,124)
w(17,592,6,124)
w(1,624,6,124)
r(18,117,6,124)
w(11,568,6,124)
r(5,104,6,124)
r(6,112,6,124)
w(2,587,6,124)
w(9,603,6,124)
r(4,105,6,124)
w(6,616,6,125)
w(17,593,6,125)
w(11,569,6,125)
r(3,105,6,125)
r(2,113,6,125)
r(13,110,6,125)
r(15,319,6,125)
w(14,611,6,125)
r(10,97,6,125)
w(18,599,6,125)
w(5,589,6,125)
w(19,598,6,125)
r(16,101,6,125)
r(0,309,6,125)
w(9,604,6,125)
w(8,631,6,125)
r(12,112,6,125)
r(4,105,6,125)
w(1,625,6,125)
r(7,111,6,125)
w(16,608,6,126)
w(9,605,6,126)
r(0,6,6,126)
w(14,612,6,126)
w(8,632,6,126)
r(4,6,6,126)
r(19,5,6,126)
r(12,8,6,126)
r(13,7,6,126)
w(2,588,6,126)
w(6,617,6,126)
r(10,4,6,126)
w(17,594,6,126)
r(5,5,6,126)
r(1,7,6,126)
r(11,6,6,126)
r(7,111,6,126)
w(18,600,6,126)
w(15,619,6,126)
w(3,588,6,126)
w(5,590,6,127)
r(4,6,6,127)
w(12,618,6,127)
r(0,6,6,127)
w(7,627,6,127)
r(14,314,6,127)
r(17,6,6,127)
r(1,7,6,127)
r(15,5,6,127)
w(11,570,6,127)
w(8,633,6,127)
r(13,7,6,127)
r(18,6,6,127)
w(6,618,6,127)
w(10,600,6,127)
w(2,589,6,127)
r(3,6,6,127)
w(9,606,6,127)
r(19,5,6,127)
r(16,5,6,127)
w(5,591,6,128)
r(16,5,6,128)
w(11,571,6,128)
w(14,613,6,128)
r(1,523,6,128)
r(12,533,6,128)
w(15,620,6,128)
w(7,628,6,128)
r(19,5,6,128)
w(3,589,6,128)
w(6,619,6,128)
r(17,7,6,128)
r(4,775,6,128)
r(8,832,6,128)
w(10,601,6,128)
w(9,607,6,128)
w(13,592,6,128)
w(18,601,6,128)
w(0,612,6,128)
w(2,590,6,128)
r(17,389,6,129)
r(15,427,6,129)
r(14,7,6,129)
r(2,10,6,129)
r(7,424,6,129)
r(18,414,6,129)
r(10,106,6,129)
w(11,572,6,129)
r(3,395,6,129)
w(1,626,6,129)
w(19,599,6,129)
r(12,11,6,129)
r(13,808,6,129)
w(4,579,6,129)
r(0,820,6,129)
r(8,216,6,129)
w(16,609,6,129)
w(9,608,6,129)
r(5,396,6,129)
w(6,620,6,129)
w(2,591,6,130)
r(3,674,6,130)
w(0,613,6,130)
w(1,627,6,130)
w(8,634,6,130)
w(17,595,6,130)
w(16,610,6,130)
r(13,698,6,130)
r(9,712,6,130)
r(5,303,6,130)
r(19,396,6,130)
w(12,619,6,130)
r(6,434,6,130)
r(7,736,6,130)
w(14,614,6,130)
w(11,573,6,130)
w(4,580,6,130)
r(10,106,6,130)
r(18,699,6,130)
r(15,715,6,130)
w(12,620,6,131)
w(9,609,6,131)
r(17,295,6,131)
w(4,581,6,131)
w(0,614,6,131)
r(19,10,6,131)
r(18,700,6,131)
r(5,304,6,131)
w(11,574,6,131)
r(8,321,6,131)
w(15,621,6,131)
r(16,311,6,131)
r(13,306,6,131)
w(10,602,6,131)
w(3,590,6,131)
r(1,311,6,131)
w(6,621,6,131)
r(2,13,6,131)
r(14,322,6,131)
r(7,736,6,131)
w(11,575,6,132)
w(6,622,6,132)
r(2,13,6,132)
r(19,10,6,132)
w(15,622,6,132)
w(17,596,6,132)
w(14,615,6,132)
r(10,712,6,132)
w(9,610,6,132)
w(0,615,6,132)
r(7,736,6,132)
r(16,311,6,132)
r(13,306,6,132)
w(8,635,6,132)
r(3,299,6,132)
r(4,492,6,132)
r(12,535,6,132)
w(5,592,6,132)
w(1,628,6,132)
w(18,602,6,132)
r(8,732,6,133)
r(16,516,6,133)
r(19,706,6,133)
r(2,691,6,133)
w(11,576,6,133)
r(0,721,6,133)
w(4,582,6,133)
w(13,593,6,133)
r(6,737,6,133)
r(7,738,6,133)
r(1,739,6,133)
r(12,536,6,133)
r(9,714,6,133)
w(10,603,6,133)
w(5,593,6,133)
r(14,720,6,133)
r(15,717,6,133)
w(17,597,6,133)
w(3,591,6,133)
w(18,603,6,133)
r(0,722,6,134)
w(12,621,6,134)
w(17,598,6,134)
w(19,600,6,134)
r(18,701,6,134)
w(15,623,6,134)
w(4,583,6,134)
r(2,692,6,134)
w(3,592,6,134)
w(1,629,6,134)
w(6,623,6,134)
w(16,611,6,134)
r(5,694,6,134)
r(13,700,6,134)
w(14,616,6,134)
w(7,629,6,134)
w(9,611,6,134)
w(11,577,6,134)
w(8,636,6,134)
r(10,714,6,134)
r(15,623,6,135)
r(6,623,6,135)
w(10,604,6,135)
w(1,630,6,135)
r(16,611,6,135)
r(11,577,6,135)
r(13,700,6,135)
w(14,617,6,135)
w(2,592,6,135)
w(12,622,6,135)
r(19,600,6,135)
w(4,584,6,135)
r(9,611,6,135)
w(0,616,6,135)
w(3,593,6,135)
r(7,629,6,135)
w(17,599,6,135)
r(8,636,6,135)
w(5,594,6,135)
r(18,701,6,135)
w(13,594,6,136)
w(5,595,6,136)
w(14,618,6,136)
r(17,598,6,136)
r(10,714,6,136)
w(6,624,6,136)
r(11,577,6,136)
r(16,611,6,136)
w(7,630,6,136)
r(18,701,6,136)
r(2,692,6,136)
r(15,623,6,136)
r(1,629,6,136)
r(3,592,6,136)
w(4,585,6,136)
w(9,612,6,136)
w(19,601,6,136)
w(12,623,6,136)
w(8,637,6,136)
w(0,617,6,136)
r(16,611,6,137)
w(3,594,6,137)
r(1,629,6,137)
r(14,618,6,137)
w(10,605,6,137)
w(5,596,6,137)
w(7,631,6,137)
w(13,595,6,137)
r(11,577,6,137)
r(17,598,6,137)
r(0,617,6,137)
r(12,623,6,137)
r(6,624,6,137)
r(18,701,6,137)
r(4,585,6,137)
w(2,593,6,137)
w(9,613,6,137)
r(15,623,6,137)
r(19,601,6,137)
w(8,638,6,137)
w(1,631,6,138)
w(0,618,6,138)
r(14,618,6,138)
r(4,585,6,138)
r(17,598,6,138)
r(3,594,6,138)
r(15,623,6,138)
w(16,612,6,138)
r(2,593,6,138)
r(10,605,6,138)
w(6,625,6,138)
r(7,631,6,138)
w(18,604,6,138)
w(11,578,6,138)
r(12,623,6,138)
r(9,613,6,138)
r(8,638,6,138)
r(13,595,6,138)
r(19,601,6,138)
w(5,597,6,138)
w(10,606,6,139)
r(15,623,6,139)
r(8,522,6,139)
w(18,605,6,139)
r(5,596,6,139)
r(12,537,6,139)
w(3,595,6,139)
w(1,632,6,139)
r(14,526,6,139)
r(6,537,6,139)
w(0,619,6,139)
w(16,613,6,139)
w(2,594,6,139)
w(4,586,6,139)
w(17,600,6,139)
w(13,596,6,139)
r(9,518,6,139)
w(19,602,6,139)
r(11,577,6,139)
r(7,631,6,139)
w(3,667,7,140)
w(17,688,7,140)
w(12,712,7,140)
w(5,685,7,140)
r(8,1,7,140)
r(2,1,7,140)
w(1,730,7,140)
w(11,680,7,140)
r(4,1,7,140)
w(16,705,7,140)
w(15,709,7,140)
r(18,1,7,140)
w(7,731,7,140)
r(10,94,7,140)
r(14,311,7,140)
w(6,726,7,140)
r(9,305,7,140)
r(0,1,7,140)
w(13,689,7,140)
w(19,699,7,140)
r(15,99,7,141)
w(11,681,7,141)
w(4,675,7,141)
r(6,106,7,141)
r(0,1,7,141)
r(5,299,7,141)
r(18,1,7,141)
r(12,1,7,141)
r(1,100,7,141)
r(19,1,7,141)
r(7,1,7,141)
w(2,684,7,141)
r(13,105,7,141)
r(14,311,7,141)
r(9,305,7,141)
w(8,725,7,141)
r(3,1,7,141)
r(17,1,7,141)
w(16,706,7,141)
w(10,705,7,141)
w(16,707,7,142)
w(7,732,7,142)
w(2,685,7,142)
w(19,700,7,142)
w(0,717,7,142)
w(9,707,7,142)
w(3,668,7,142)
w(10,706,7,142)
w(8,726,7,142)
w(13,690,7,142)
w(17,689,7,142)
w(5,686,7,142)
w(12,713,7,142)
w(6,727,7,142)
r(18,1,7,142)
w(14,714,7,142)
r(1,100,7,142)
r(4,210,7,142)
r(15,195,7,142)
w(11,682,7,142)
r(12,110,7,143)
w(6,728,7,143)
r(4,102,7,143)
r(11,100,7,143)
w(18,694,7,143)
r(0,104,7,143)
w(13,691,7,143)
w(10,707,7,143)
w(7,733,7,143)
r(5,202,7,143)
r(17,102,7,143)
r(8,628,7,143)
r(19,815,7,143)
r(15,101,7,143)
r(3,103,7,143)
r(9,108,7,143)
r(14,99,7,143)
r(2,793,7,143)
w(16,708,7,143)
r(1,104,7,143)
r(18,116,7,144)
r(19,916,7,144)
w(15,710,7,144)
r(11,100,7,144)
r(7,109,7,144)
w(8,727,7,144)
r(16,805,7,144)
w(5,687,7,144)
w(6,729,7,144)
w(9,708,7,144)
w(0,718,7,144)
r(4,102,7,144)
w(13,692,7,144)
w(2,686,7,144)
r(12,905,7,144)
r(10,906,7,144)
r(14,915,7,144)
r(17,901,7,144)
r(3,103,7,144)
w(1,731,7,144)
r(7,109,7,145)
w(8,728,7,145)
w(5,688,7,145)
w(15,711,7,145)
w(16,709,7,145)
w(18,695,7,145)
w(6,730,7,145)
r(12,905,7,145)
w(4,676,7,145)
r(14,917,7,145)
w(9,709,7,145)
w(3,669,7,145)
w(2,687,7,145)
r(17,901,7,145)
r(11,890,7,145)
w(13,693,7,145)
w(19,701,7,145)
w(10,708,7,145)
w(1,732,7,145)
r(0,104,7,145)
r(17,901,7,146)
w(3,670,7,146)
r(8,629,7,146)
r(19,597,7,146)
r(4,578,7,146)
r(10,598,7,146)
w(9,710,7,146)
w(11,683,7,146)
r(13,590,7,146)
r(2,586,7,146)
w(12,714,7,146)
w(6,731,7,146)
w(15,712,7,146)
w(1,733,7,146)
r(5,880,7,146)
w(7,734,7,146)
r(0,104,7,146)
w(14,715,7,146)
r(16,606,7,146)
r(18,116,7,146)
r(9,110,7,147)
w(10,709,7,147)
r(0,309,7,147)
w(11,684,7,147)
w(2,688,7,147)
r(7,111,7,147)
w(18,696,7,147)
r(8,108,7,147)
r(16,101,7,147)
w(19,702,7,147)
w(14,716,7,147)
r(13,110,7,147)
r(4,105,7,147)
r(12,112,7,147)
r(17,103,7,147)
r(5,104,7,147)
w(6,732,7,147)
w(3,671,7,147)
r(15,319,7,147)
r(1,304,7,147)
r(17,6,7,148)
r(18,6,7,148)
w(5,689,7,148)
r(9,801,7,148)
r(14,813,7,148)
w(19,703,7,148)
r(6,830,7,148)
r(12,812,7,148)
w(8,729,7,148)
w(11,685,7,148)
w(16,710,7,148)
r(2,797,7,148)
r(0,817,7,148)
r(7,111,7,148)
w(10,710,7,148)
w(13,694,7,148)
w(15,713,7,148)
r(1,7,7,148)
r(3,775,7,148)
r(4,775,7,148)
w(17,690,7,149)
w(4,677,7,149)
r(3,775,7,149)
w(6,733,7,149)
r(10,4,7,149)
r(7,111,7,149)
r(11,799,7,149)
r(0,817,7,149)
r(2,797,7,149)
r(8,832,7,149)
r(5,780,7,149)
r(1,7,7,149)
r(19,5,7,149)
r(9,801,7,149)
r(15,810,7,149)
r(18,6,7,149)
w(13,695,7,149)
r(14,813,7,149)
w(16,711,7,149)
r(12,812,7,149)
w(5,690,7,150)
r(2,797,7,150)
w(1,734,7,150)
r(3,775,7,150)
r(0,7,7,150)
r(11,7,7,150)
r(7,7,7,150)
w(6,734,7,150)
w(16,712,7,150)
w(12,715,7,150)
r(18,8,7,150)
r(4,775,7,150)
w(13,696,7,150)
w(17,691,7,150)
w(14,717,7,150)
r(19,5,7,150)
r(8,832,7,150)
r(10,4,7,150)
r(9,5,7,150)
r(15,810,7,150)
w(15,714,7,151)
w(19,704,7,151)
r(10,4,7,151)
w(1,735,7,151)
r(11,7,7,151)
w(3,672,7,151)
r(2,797,7,151)
r(16,5,7,151)
w(6,735,7,151)
r(14,5,7,151)
r(13,802,7,151)
w(18,697,7,151)
r(8,832,7,151)
r(4,775,7,151)
w(7,735,7,151)
r(12,9,7,151)
w(5,691,7,151)
r(17,7,7,151)
r(9,5,7,151)
r(0,7,7,151)
r(16,5,7,152)
w(10,711,7,152)
r(4,778,7,152)
w(9,711,7,152)
r(19,5,7,152)
r(0,510,7,152)
r(15,813,7,152)
w(11,686,7,152)
w(13,697,7,152)
w(1,736,7,152)
w(17,692,7,152)
w(2,689,7,152)
r(12,815,7,152)
w(8,730,7,152)
w(5,692,7,152)
w(14,718,7,152)
r(7,528,7,152)
w(18,698,7,152)
w(6,736,7,152)
w(3,673,7,152)
r(8,216,7,153)
w(18,699,7,153)
w(9,712,7,153)
w(14,719,7,153)
w(15,715,7,153)
w(3,674,7,153)
r(5,396,7,153)
r(0,820,7,153)
w(7,736,7,153)
r(4,401,7,153)
r(12,11,7,153)
w(16,713,7,153)
w(13,698,7,153)
w(1,737,7,153)
r(6,434,7,153)
w(11,687,7,153)
r(19,396,7,153)
r(10,106,7,153)
w(17,693,7,153)
w(2,690,7,153)
w(16,714,7,154)
r(9,712,7,154)
w(18,700,7,154)
r(12,619,7,154)
r(7,736,7,154)
w(5,693,7,154)
w(1,738,7,154)
r(4,580,7,154)
w(17,694,7,154)
r(15,8,7,154)
r(14,614,7,154)
w(10,712,7,154)
r(19,10,7,154)
w(8,731,7,154)
r(13,698,7,154)
r(6,434,7,154)
r(2,13,7,154)
w(11,688,7,154)
r(3,674,7,154)
w(0,719,7,154)
w(11,689,7,155)
w(4,678,7,155)
w(0,720,7,155)
w(5,694,7,155)
r(16,516,7,155)
w(13,699,7,155)
r(8,635,7,155)
w(19,705,7,155)
w(7,737,7,155)
r(17,489,7,155)
w(3,675,7,155)
r(6,622,7,155)
w(9,713,7,155)
r(2,502,7,155)
r(10,505,7,155)
r(18,499,7,155)
r(12,536,7,155)
w(1,739,7,155)
w(15,716,7,155)
w(14,720,7,155)
w(0,721,7,156)
r(5,694,7,156)
w(7,738,7,156)
w(13,700,7,156)
r(14,720,7,156)
r(17,489,7,156)
w(9,714,7,156)
w(6,737,7,156)
r(18,499,7,156)
w(8,732,7,156)
w(10,713,7,156)
w(15,717,7,156)
w(4,679,7,156)
r(16,516,7,156)
w(2,691,7,156)
r(12,536,7,156)
w(3,676,7,156)
w(11,690,7,156)
r(1,739,7,156)
w(19,706,7,156)
w(1,740,7,157)
w(14,721,7,157)
r(12,536,7,157)
w(9,715,7,157)
r(5,694,7,157)
w(3,677,7,157)
r(17,489,7,157)
w(7,739,7,157)
w(8,733,7,157)
w(0,722,7,157)
r(16,516,7,157)
r(13,700,7,157)
w(15,718,7,157)
w(2,692,7,157)
r(4,679,7,157)
r(6,737,7,157)
w(10,714,7,157)
w(19,707,7,157)
w(18,701,7,157)
r(11,690,7,157)
w(13,701,7,158)
w(4,680,7,158)
w(11,691,7,158)
r(15,718,7,158)
r(0,722,7,158)
r(1,740,7,158)
r(16,516,7,158)
r(8,733,7,158)
r(14,721,7,158)
w(7,740,7,158)
r(10,714,7,158)
w(12,716,7,158)
w(3,678,7,158)
w(6,738,7,158)
w(19,708,7,158)
w(2,693,7,158)
r(18,701,7,158)
r(9,715,7,158)
w(5,695,7,158)
r(17,489,7,158)
w(9,716,7,159)
r(18,701,7,159)
w(15,719,7,159)
w(4,681,7,159)
r(12,621,7,159)
r(11,577,7,159)
w(13,702,7,159)
r(14,616,7,159)
w(1,741,7,159)
r(16,611,7,159)
r(5,694,7,159)
r(7,629,7,159)
w(17,695,7,159)
w(10,715,7,159)
w(19,709,7,159)
w(6,739,7,159)
r(2,692,7,159)
r(8,636,7,159)
w(0,723,7,159)
w(3,679,7,159)
w(12,809,8,160)
r(14,311,8,160)
w(5,776,8,160)
w(3,771,8,160)
r(7,1,8,160)
w(1,828,8,160)
w(11,796,8,160)
r(8,1,8,160)
r(16,99,8,160)
r(15,99,8,160)
r(6,106,8,160)
w(2,791,8,160)
w(18,788,8,160)
w(9,796,8,160)
r(4,1,8,160)
r(13,105,8,160)
r(10,94,8,160)
w(19,813,8,160)
w(17,785,8,160)
r(0,1,8,160)
w(14,810,8,161)
w(10,804,8,161)
r(2,1,8,161)
r(1,100,8,161)
r(0,1,8,161)
w(6,824,8,161)
r(18,1,8,161)
w(4,771,8,161)
r(11,98,8,161)
w(7,833,8,161)
w(3,772,8,161)
r(19,1,8,161)
r(5,299,8,161)
w(9,797,8,161)
w(15,805,8,161)
w(13,795,8,161)
w(17,786,8,161)
r(16,99,8,161)
w(12,810,8,161)
w(8,827,8,161)
w(0,812,8,162)
r(1,100,8,162)
r(18,1,8,162)
w(17,787,8,162)
w(6,825,8,162)
r(15,195,8,162)
r(11,194,8,162)
w(8,828,8,162)
w(10,805,8,162)
w(19,814,8,162)
w(16,803,8,162)
w(3,773,8,162)
w(13,796,8,162)
r(14,196,8,162)
r(4,210,8,162)
r(5,202,8,162)
r(7,215,8,162)
r(12,210,8,162)
r(9,205,8,162)
w(2,792,8,162)
r(11,888,8,163)
r(19,912,8,163)
w(8,829,8,163)
r(15,913,8,163)
r(2,1,8,163)
r(3,1,8,163)
r(12,210,8,163)
r(10,902,8,163)
r(1,100,8,163)
w(18,789,8,163)
r(14,196,8,163)
r(0,1,8,163)
w(16,804,8,163)
w(13,797,8,163)
w(6,826,8,163)
w(7,834,8,163)
r(9,205,8,163)
r(5,202,8,163)
r(17,899,8,163)
w(4,772,8,163)
r(4,214,8,164)
w(6,827,8,164)
w(12,811,8,164)
r(3,102,8,164)
w(11,797,8,164)
r(18,214,8,164)
w(16,805,8,164)
w(19,815,8,164)
r(0,212,8,164)
w(9,798,8,164)
r(5,202,8,164)
r(14,199,8,164)
w(1,829,8,164)
r(8,105,8,164)
w(7,835,8,164)
w(17,788,8,164)
r(10,200,8,164)
w(15,806,8,164)
w(13,798,8,164)
w(2,793,8,164)
w(4,773,8,165)
w(1,830,8,165)
w(14,811,8,165)
w(5,777,8,165)
w(13,799,8,165)
w(15,807,8,165)
w(3,774,8,165)
w(16,806,8,165)
w(8,830,8,165)
w(0,813,8,165)
r(19,815,8,165)
w(2,794,8,165)
r(17,788,8,165)
r(11,565,8,165)
r(9,798,8,165)
r(10,597,8,165)
r(18,214,8,165)
w(6,828,8,165)
r(12,616,8,165)
w(7,836,8,165)
r(14,314,8,166)
r(12,112,8,166)
w(9,799,8,166)
r(7,111,8,166)
w(13,800,8,166)
r(19,90,8,166)
r(3,105,8,166)
w(5,778,8,166)
w(0,814,8,166)
r(15,319,8,166)
r(18,117,8,166)
w(8,831,8,166)
r(11,103,8,166)
w(6,829,8,166)
w(1,831,8,166)
w(2,795,8,166)
w(4,774,8,166)
w(16,807,8,166)
r(17,103,8,166)
w(10,806,8,166)
w(11,798,8,167)
r(6,6,8,167)
r(17,6,8,167)
w(16,808,8,167)
w(13,801,8,167)
r(5,5,8,167)
r(12,8,8,167)
r(2,6,8,167)
w(10,807,8,167)
r(19,5,8,167)
r(8,108,8,167)
r(3,6,8,167)
w(0,815,8,167)
w(9,800,8,167)
r(4,6,8,167)
r(7,111,8,167)
r(14,314,8,167)
r(1,7,8,167)
w(15,808,8,167)
r(18,6,8,167)
w(1,832,8,168)
r(10,4,8,168)
w(0,816,8,168)
r(8,108,8,168)
w(15,809,8,168)
r(3,6,8,168)
r(11,6,8,168)
r(12,8,8,168)
r(18,6,8,168)
r(9,110,8,168)
r(6,6,8,168)
r(4,6,8,168)
r(7,111,8,168)
r(13,7,8,168)
w(5,779,8,168)
w(17,789,8,168)
w(2,796,8,168)
w(19,816,8,168)
r(16,5,8,168)
w(14,812,8,168)
w(14,813,8,169)
w(2,797,8,169)
r(18,6,8,169)
r(7,111,8,169)
w(15,810,8,169)
r(10,4,8,169)
w(0,817,8,169)
w(6,830,8,169)
w(12,812,8,169)
r(19,5,8,169)
w(11,799,8,169)
w(9,801,8,169)
r(16,5,8,169)
w(8,832,8,169)
w(4,775,8,169)
w(13,802,8,169)
w(3,775,8,169)
r(17,6,8,169)
w(5,780,8,169)
r(1,7,8,169)
w(5,781,8,170)
r(12,9,8,170)
r(3,775,8,170)
w(10,808,8,170)
w(18,790,8,170)
r(13,802,8,170)
r(14,5,8,170)
r(11,7,8,170)
w(4,776,8,170)
r(2,797,8,170)
r(19,5,8,170)
w(9,802,8,170)
r(6,8,8,170)
w(15,811,8,170)
w(16,809,8,170)
w(7,837,8,170)
r(0,7,8,170)
w(17,790,8,170)
w(8,833,8,170)
r(1,8,8,170)
r(18,8,8,171)
r(0,510,8,171)
w(14,814,8,171)
w(13,803,8,171)
w(7,838,8,171)
w(8,834,8,171)
w(16,810,8,171)
w(12,813,8,171)
w(11,800,8,171)
r(17,7,8,171)
r(3,490,8,171)
r(2,499,8,171)
w(15,812,8,171)
r(10,4,8,171)
w(9,803,8,171)
w(6,831,8,171)
r(4,775,8,171)
r(1,523,8,171)
r(5,6,8,171)
w(19,817,8,171)
w(11,801,8,172)
w(13,804,8,172)
w(3,776,8,172)
r(6,533,8,172)
r(19,5,8,172)
r(15,526,8,172)
w(5,782,8,172)
r(14,523,8,172)
w(18,791,8,172)
w(4,777,8,172)
w(12,814,8,172)
w(9,804,8,172)
w(8,835,8,172)
w(1,833,8,172)
w(2,798,8,172)
w(0,818,8,172)
w(10,809,8,172)
w(16,811,8,172)
r(17,7,8,172)
r(7,528,8,172)
w(8,836,8,173)
r(14,523,8,173)
w(15,813,8,173)
w(12,815,8,173)
w(11,802,8,173)
w(9,805,8,173)
r(7,528,8,173)
w(4,778,8,173)
w(13,805,8,173)
r(16,5,8,173)
r(19,5,8,173)
r(0,510,8,173)
w(17,791,8,173)
w(10,810,8,173)
r(5,6,8,173)
w(6,832,8,173)
r(3,490,8,173)
r(1,523,8,173)
w(2,799,8,173)
r(18,8,8,173)
r(18,8,8,174)
w(17,792,8,174)
r(11,802,8,174)
r(5,6,8,174)
r(0,219,8,174)
w(6,833,8,174)
r(3,490,8,174)
w(4,779,8,174)
r(10,810,8,174)
r(7,528,8,174)
w(8,837,8,174)
w(1,834,8,174)
w(19,818,8,174)
w(16,812,8,174)
r(15,205,8,174)
r(12,219,8,174)
w(2,800,8,174)
w(14,815,8,174)
r(9,214,8,174)
w(13,806,8,174)
w(9,806,8,175)
w(12,816,8,175)
w(17,793,8,175)
r(7,528,8,175)
w(2,801,8,175)
w(18,792,8,175)
w(11,803,8,175)
r(10,810,8,175)
w(5,783,8,175)
r(8,216,8,175)
r(3,490,8,175)
w(19,819,8,175)
w(13,807,8,175)
w(4,780,8,175)
w(15,814,8,175)
w(0,819,8,175)
w(1,835,8,175)
w(16,813,8,175)
r(6,832,8,175)
r(14,208,8,175)
r(9,214,8,176)
w(6,834,8,176)
w(5,784,8,176)
r(19,203,8,176)
w(7,839,8,176)
r(14,208,8,176)
r(4,778,8,176)
w(3,777,8,176)
w(13,808,8,176)
r(1,206,8,176)
r(15,205,8,176)
w(10,811,8,176)
r(16,5,8,176)
r(17,206,8,176)
w(0,820,8,176)
r(18,8,8,176)
w(11,804,8,176)
r(2,212,8,176)
r(12,219,8,176)
r(8,216,8,176)
w(19,820,8,177)
r(17,206,8,177)
w(18,793,8,177)
w(5,785,8,177)
w(13,809,8,177)
r(10,811,8,177)
r(1,206,8,177)
r(16,5,8,177)
w(7,840,8,177)
w(15,815,8,177)
r(0,820,8,177)
w(12,817,8,177)
r(8,216,8,177)
r(11,804,8,177)
r(2,212,8,177)
w(6,835,8,177)
r(14,208,8,177)
w(3,778,8,177)
w(4,781,8,177)
w(9,807,8,177)
w(16,814,8,178)
w(1,836,8,178)
w(17,794,8,178)
r(12,11,8,178)
r(9,712,8,178)
r(3,674,8,178)
w(4,782,8,178)
r(15,715,8,178)
r(8,216,8,178)
w(7,841,8,178)
r(19,396,8,178)
r(18,699,8,178)
w(6,836,8,178)
r(2,690,8,178)
r(13,698,8,178)
w(10,812,8,178)
r(5,396,8,178)
w(11,805,8,178)
w(14,816,8,178)
w(0,821,8,178)
r(17,293,8,179)
r(13,698,8,179)
w(3,779,8,179)
w(7,842,8,179)
w(8,838,8,179)
w(5,786,8,179)
r(12,331,8,179)
w(4,783,8,179)
w(0,822,8,179)
w(15,816,8,179)
r(19,396,8,179)
w(10,813,8,179)
r(1,737,8,179)
r(9,712,8,179)
r(2,307,8,179)
w(16,815,8,179)
r(18,699,8,179)
r(6,434,8,179)
w(11,806,8,179)
r(14,321,8,179)
w(16,910,9,180)
r(6,221,9,180)
r(0,1,9,180)
r(15,195,9,180)
r(9,205,9,180)
r(10,94,9,180)
w(11,887,9,180)
r(13,105,9,180)
w(14,911,9,180)
r(2,1,9,180)
w(7,941,9,180)
r(12,210,9,180)
w(18,869,9,180)
r(1,100,9,180)
r(19,1,9,180)
w(5,875,9,180)
w(4,880,9,180)
r(3,1,9,180)
w(17,898,9,180)
r(8,208,9,180)
r(1,100,9,181)
r(0,1,9,181)
r(3,1,9,181)
r(6,221,9,181)
r(14,196,9,181)
r(2,1,9,181)
w(11,888,9,181)
r(18,1,9,181)
w(16,911,9,181)
r(12,210,9,181)
w(19,912,9,181)
r(5,202,9,181)
w(8,925,9,181)
w(13,891,9,181)
r(9,205,9,181)
w(15,913,9,181)
w(4,881,9,181)
w(17,899,9,181)
w(10,902,9,181)
w(7,942,9,181)
w(3,869,9,182)
w(4,882,9,182)
w(18,870,9,182)
r(8,105,9,182)
r(16,911,9,182)
w(2,880,9,182)
r(17,101,9,182)
w(5,876,9,182)
w(13,892,9,182)
r(7,108,9,182)
w(14,912,9,182)
w(0,910,9,182)
w(9,906,9,182)
r(11,888,9,182)
w(19,913,9,182)
w(10,903,9,182)
w(6,916,9,182)
r(1,103,9,182)
w(15,914,9,182)
r(12,109,9,182)
w(15,915,9,183)
w(8,926,9,183)
r(12,109,9,183)
w(9,907,9,183)
r(18,1,9,183)
r(3,102,9,183)
w(10,904,9,183)
r(4,881,9,183)
r(11,888,9,183)
w(2,881,9,183)
w(5,877,9,183)
w(14,913,9,183)
r(16,911,9,183)
r(1,103,9,183)
w(13,893,9,183)
w(0,911,9,183)
r(17,101,9,183)
r(19,88,9,183)
r(6,108,9,183)
w(7,943,9,183)
r(1,829,9,184)
r(13,798,9,184)
w(19,914,9,184)
w(16,912,9,184)
r(15,806,9,184)
r(2,793,9,184)
w(0,912,9,184)
r(14,199,9,184)
r(3,102,9,184)
r(7,835,9,184)
r(18,214,9,184)
r(5,202,9,184)
w(8,927,9,184)
w(12,904,9,184)
r(11,797,9,184)
r(9,798,9,184)
r(6,827,9,184)
w(17,900,9,184)
w(10,905,9,184)
w(4,883,9,184)
r(5,202,9,185)
r(15,806,9,185)
r(0,212,9,185)
w(8,928,9,185)
r(11,565,9,185)
r(4,577,9,185)
r(17,788,9,185)
r(16,805,9,185)
w(2,882,9,185)
r(10,597,9,185)
w(18,871,9,185)
w(19,915,9,185)
r(7,623,9,185)
w(3,870,9,185)
r(6,614,9,185)
w(1,922,9,185)
r(9,798,9,185)
r(12,616,9,185)
w(14,914,9,185)
w(13,894,9,185)
w(5,878,9,186)
w(9,908,9,186)
r(7,109,9,186)
r(3,103,9,186)
r(16,805,9,186)
w(1,923,9,186)
w(12,905,9,186)
w(19,916,9,186)
w(8,929,9,186)
r(0,104,9,186)
w(14,915,9,186)
r(11,100,9,186)
w(15,916,9,186)
w(13,895,9,186)
w(17,901,9,186)
r(4,102,9,186)
w(2,883,9,186)
w(6,917,9,186)
w(10,906,9,186)
r(18,116,9,186)
r(4,102,9,187)
w(3,871,9,187)
r(10,906,9,187)
w(8,930,9,187)
w(19,917,9,187)
r(11,100,9,187)
w(18,872,9,187)
r(9,908,9,187)
r(16,805,9,187)
r(13,895,9,187)
r(1,923,9,187)
w(0,913,9,187)
r(12,905,9,187)
w(7,944,9,187)
r(2,883,9,187)
r(17,901,9,187)
w(6,918,9,187)
w(15,917,9,187)
w(5,879,9,187)
r(14,915,9,187)
w(14,916,9,188)
r(15,916,9,188)
w(1,924,9,188)
w(12,906,9,188)
w(9,909,9,188)
r(19,916,9,188)
r(0,104,9,188)
w(16,913,9,188)
r(7,109,9,188)
r(11,100,9,188)
w(18,873,9,188)
w(13,896,9,188)
r(8,929,9,188)
w(3,872,9,188)
w(6,919,9,188)
w(4,884,9,188)
r(2,883,9,188)
w(17,902,9,188)
r(5,878,9,188)
r(10,906,9,188)
w(8,931,9,189)
w(0,914,9,189)
w(1,925,9,189)
r(15,916,9,189)
r(16,805,9,189)
r(5,878,9,189)
w(3,873,9,189)
w(7,945,9,189)
w(19,918,9,189)
w(6,920,9,189)
w(18,874,9,189)
r(14,915,9,189)
w(12,907,9,189)
r(9,908,9,189)
w(2,884,9,189)
r(10,906,9,189)
w(4,885,9,189)
r(17,901,9,189)
r(13,895,9,189)
w(11,889,9,189)
r(1,923,9,190)
w(8,932,9,190)
r(6,917,9,190)
w(13,897,9,190)
r(12,905,9,190)
w(5,880,9,190)
w(2,885,9,190)
r(7,109,9,190)
r(18,116,9,190)
w(11,890,9,190)
r(19,916,9,190)
w(14,917,9,190)
w(15,918,9,190)
w(3,874,9,190)
r(17,901,9,190)
w(16,914,9,190)
r(0,104,9,190)
w(9,910,9,190)
w(4,886,9,190)
r(10,906,9,190)
w(3,875,9,191)
w(0,915,9,191)
w(2,886,9,191)
r(6,112,9,191)
w(11,891,9,191)
r(5,104,9,191)
r(13,110,9,191)
w(16,915,9,191)
r(10,97,9,191)
w(17,903,9,191)
r(7,111,9,191)
w(12,908,9,191)
w(15,919,9,191)
r(1,304,9,191)
r(9,110,9,191)
r(19,90,9,191)
r(14,314,9,191)
r(18,117,9,191)
r(8,108,9,191)
w(4,887,9,191)
r(5,104,9,192)
w(18,875,9,192)
r(15,319,9,192)
w(14,918,9,192)
w(16,916,9,192)
r(11,103,9,192)
w(19,919,9,192)
r(6,112,9,192)
w(4,888,9,192)
r(0,309,9,192)
w(10,907,9,192)
w(7,946,9,192)
r(2,113,9,192)
r(8,108,9,192)
w(12,909,9,192)
r(1,304,9,192)
w(3,876,9,192)
r(9,110,9,192)
r(13,110,9,192)
w(17,904,9,192)
r(8,108,9,193)
r(2,113,9,193)
r(4,105,9,193)
r(14,314,9,193)
r(0,309,9,193)
r(12,112,9,193)
w(15,920,9,193)
r(19,90,9,193)
w(17,905,9,193)
w(11,892,9,193)
r(5,104,9,193)
r(9,110,9,193)
w(1,926,9,193)
w(7,947,9,193)
w(3,877,9,193)
w(18,876,9,193)
r(16,101,9,193)
r(13,110,9,193)
w(6,921,9,193)
r(10,97,9,193)
r(11,6,9,194)
r(19,5,9,194)
r(1,7,9,194)
r(18,6,9,194)
w(0,916,9,194)
w(13,898,9,194)
r(9,110,9,194)
w(5,881,9,194)
r(14,314,9,194)
w(15,921,9,194)
w(10,908,9,194)
w(3,878,9,194)
w(8,933,9,194)
w(2,887,9,194)
w(7,948,9,194)
w(17,906,9,194)
w(16,917,9,194)
w(6,922,9,194)
w(12,910,9,194)
w(4,889,9,194)
r(13,805,9,195)
r(14,208,9,195)
r(18,8,9,195)
r(3,490,9,195)
w(12,911,9,195)
w(17,907,9,195)
w(15,922,9,195)
w(11,893,9,195)
w(5,882,9,195)
w(4,890,9,195)
w(0,917,9,195)
w(2,888,9,195)
r(9,214,9,195)
r(10,810,9,195)
r(7,528,9,195)
r(6,832,9,195)
r(8,216,9,195)
w(1,927,9,195)
r(19,203,9,195)
w(16,918,9,195)
w(11,894,9,196)
r(4,112,9,196)
r(16,5,9,196)
w(14,919,9,196)
w(17,908,9,196)
w(5,883,9,196)
r(3,777,9,196)
r(2,212,9,196)
w(6,923,9,196)
w(1,928,9,196)
w(19,920,9,196)
r(10,106,9,196)
w(8,934,9,196)
w(7,949,9,196)
r(15,205,9,196)
r(0,820,9,196)
w(18,877,9,196)
r(12,119,9,196)
r(13,808,9,196)
r(9,214,9,196)
r(13,808,9,197)
r(5,396,9,197)
w(18,878,9,197)
r(8,216,9,197)
r(1,418,9,197)
w(14,920,9,197)
r(3,395,9,197)
w(11,895,9,197)
r(10,106,9,197)
r(6,434,9,197)
w(19,921,9,197)
w(9,911,9,197)
r(15,427,9,197)
w(16,919,9,197)
r(17,389,9,197)
r(12,11,9,197)
r(0,820,9,197)
r(7,424,9,197)
r(2,10,9,197)
r(4,401,9,197)
r(4,307,9,198)
w(2,889,9,198)
w(16,920,9,198)
r(10,106,9,198)
r(15,715,9,198)
r(6,434,9,198)
w(18,879,9,198)
r(17,293,9,198)
r(0,314,9,198)
r(12,331,9,198)
w(9,912,9,198)
r(5,303,9,198)
r(19,396,9,198)
r(11,297,9,198)
r(1,737,9,198)
w(7,950,9,198)
r(13,698,9,198)
w(3,879,9,198)
r(14,321,9,198)
w(8,935,9,198)
w(19,922,9,199)
w(13,899,9,199)
r(0,314,9,199)
w(9,913,9,199)
r(8,320,9,199)
w(4,891,9,199)
r(6,434,9,199)
r(3,674,9,199)
w(2,890,9,199)
w(11,896,9,199)
r(7,736,9,199)
r(1,737,9,199)
r(10,106,9,199)
r(12,331,9,199)
w(14,921,9,199)
r(15,715,9,199)
r(17,293,9,199)
r(5,303,9,199)
r(18,699,9,199)
r(16,309,9,199)
