r(13,0,0,0)
w(8,1,0,0)
r(3,0,0,0)
r(6,0,0,0)
r(0,0,0,0)
r(10,0,0,0)
r(11,0,0,0)
w(14,1,0,0)
r(9,0,0,0)
r(18,0,0,0)
w(2,1,0,0)
w(1,1,0,0)
w(16,1,0,0)
w(5,1,0,0)
r(7,0,0,0)
r(17,0,0,0)
w(19,1,0,0)
w(12,1,0,0)
w(15,1,0,0)
w(4,1,0,0)
w(0,1,0,1)
w(8,2,0,1)
w(1,2,0,1)
w(5,2,0,1)
w(10,1,0,1)
r(3,0,0,1)
r(11,0,0,1)
w(9,1,0,1)
w(6,1,0,1)
w(18,1,0,1)
r(7,0,0,1)
w(17,1,0,1)
w(2,2,0,1)
r(13,0,0,1)
r(15,1,0,1)
w(16,2,0,1)
w(4,2,0,1)
r(19,1,0,1)
r(12,1,0,1)
w(14,2,0,1)
r(3,0,0,2)
r(18,1,0,2)
r(4,2,0,2)
r(9,1,0,2)
w(11,1,0,2)
r(7,0,0,2)
r(14,2,0,2)
w(6,2,0,2)
r(0,1,0,2)
r(19,1,0,2)
r(1,2,0,2)
r(5,2,0,2)
r(2,2,0,2)
r(8,2,0,2)
w(12,2,0,2)
w(10,2,0,2)
r(17,1,0,2)
r(15,1,0,2)
w(16,3,0,2)
r(13,0,0,2)
r(12,2,0,3)
r(1,2,0,3)
w(14,3,0,3)
w(2,3,0,3)
r(5,2,0,3)
w(6,3,0,3)
w(8,3,0,3)
r(19,1,0,3)
r(13,0,0,3)
w(4,3,0,3)
r(18,1,0,3)
w(16,4,0,3)
r(17,1,0,3)
r(7,0,0,3)
r(9,1,0,3)
r(3,0,0,3)
r(10,2,0,3)
r(0,1,0,3)
r(15,1,0,3)
r(11,1,0,3)
w(6,4,0,4)
w(14,4,0,4)
r(9,1,0,4)
w(4,4,0,4)
w(2,4,0,4)
w(17,2,0,4)
w(12,3,0,4)
w(5,3,0,4)
r(0,1,0,4)
w(7,1,0,4)
r(10,2,0,4)
r(18,1,0,4)
r(11,1,0,4)
r(8,3,0,4)
r(16,4,0,4)
r(15,1,0,4)
w(1,3,0,4)
r(13,0,0,4)
r(19,1,0,4)
r(3,0,0,4)
w(2,5,0,5)
w(19,2,0,5)
w(10,3,0,5)
w(15,2,0,5)
w(12,4,0,5)
w(6,5,0,5)
w(9,2,0,5)
r(4,4,0,5)
r(13,0,0,5)
w(7,2,0,5)
w(3,1,0,5)
r(14,4,0,5)
r(8,3,0,5)
r(1,3,0,5)
w(5,4,0,5)
r(0,1,0,5)
r(17,2,0,5)
r(16,4,0,5)
w(18,2,0,5)
w(11,2,0,5)
r(19,105,0,6)
r(10,120,0,6)
w(3,2,0,6)
w(18,3,0,6)
w(15,3,0,6)
w(14,5,0,6)
w(7,3,0,6)
r(5,778,0,6)
r(8,616,0,6)
r(1,839,0,6)
w(4,5,0,6)
r(16,599,0,6)
r(12,783,0,6)
w(17,3,0,6)
w(13,1,0,6)
r(2,692,0,6)
r(11,772,0,6)
r(0,816,0,6)
w(9,3,0,6)
w(6,6,0,6)
w(19,3,0,7)
w(16,5,0,7)
r(0,816,0,7)
w(4,6,0,7)
w(2,6,0,7)
w(1,4,0,7)
r(10,120,0,7)
w(12,5,0,7)
r(11,772,0,7)
r(6,799,0,7)
w(14,6,0,7)
r(3,577,0,7)
r(8,616,0,7)
r(17,101,0,7)
r(18,812,0,7)
r(5,778,0,7)
r(13,601,0,7)
w(7,4,0,7)
w(9,4,0,7)
r(15,805,0,7)
r(0,506,0,8)
r(16,506,0,8)
r(18,616,0,8)
w(12,6,0,8)
w(10,4,0,8)
r(6,508,0,8)
w(7,5,0,8)
w(9,5,0,8)
r(19,510,0,8)
r(17,467,0,8)
w(15,4,0,8)
r(14,530,0,8)
w(8,4,0,8)
r(2,518,0,8)
w(3,3,0,8)
w(11,3,0,8)
r(1,430,0,8)
w(13,2,0,8)
w(4,7,0,8)
r(5,403,0,8)
r(0,506,0,9)
r(7,598,0,9)
w(5,5,0,9)
r(13,603,0,9)
w(17,4,0,9)
r(1,430,0,9)
w(8,5,0,9)
r(3,580,0,9)
r(19,618,0,9)
w(4,8,0,9)
r(11,493,0,9)
w(15,5,0,9)
w(6,7,0,9)
r(9,498,0,9)
w(12,7,0,9)
r(18,616,0,9)
r(2,612,0,9)
r(14,530,0,9)
r(10,593,0,9)
w(16,6,0,9)
w(2,7,0,10)
r(8,618,0,10)
r(12,403,0,10)
r(0,395,0,10)
r(7,598,0,10)
w(4,9,0,10)
r(3,392,0,10)
r(9,390,0,10)
w(18,4,0,10)
r(10,407,0,10)
r(14,424,0,10)
w(5,6,0,10)
w(1,5,0,10)
r(15,495,0,10)
w(11,4,0,10)
w(6,8,0,10)
w(13,3,0,10)
r(17,467,0,10)
w(19,4,0,10)
w(16,7,0,10)
w(16,8,0,11)
w(0,2,0,11)
w(19,5,0,11)
r(7,399,0,11)
w(9,6,0,11)
r(2,413,0,11)
r(3,392,0,11)
w(15,6,0,11)
r(14,425,0,11)
w(17,5,0,11)
r(8,416,0,11)
r(6,508,0,11)
r(13,412,0,11)
r(11,403,0,11)
w(4,10,0,11)
r(12,403,0,11)
r(1,434,0,11)
w(18,5,0,11)
r(10,408,0,11)
w(5,7,0,11)
w(12,8,0,12)
w(7,6,0,12)
w(18,6,0,12)
r(4,728,0,12)
r(16,702,0,12)
r(15,704,0,12)
r(9,698,0,12)
w(14,7,0,12)
r(19,724,0,12)
r(2,207,0,12)
r(6,201,0,12)
r(3,682,0,12)
w(17,6,0,12)
w(0,3,0,12)
w(11,5,0,12)
r(10,701,0,12)
r(8,725,0,12)
r(1,740,0,12)
w(5,8,0,12)
w(13,4,0,12)
w(7,7,0,13)
r(4,728,0,13)
w(11,6,0,13)
w(8,6,0,13)
r(2,207,0,13)
w(3,4,0,13)
w(6,9,0,13)
r(13,412,0,13)
r(1,740,0,13)
r(5,227,0,13)
r(12,678,0,13)
w(19,6,0,13)
w(15,7,0,13)
r(17,5,0,13)
r(14,425,0,13)
r(10,701,0,13)
w(16,9,0,13)
r(0,194,0,13)
r(9,698,0,13)
w(18,7,0,13)
w(6,10,0,14)
w(5,9,0,14)
r(13,606,0,14)
w(0,4,0,14)
r(11,6,0,14)
w(17,7,0,14)
w(4,11,0,14)
w(14,8,0,14)
r(18,7,0,14)
w(15,8,0,14)
r(1,631,0,14)
w(19,7,0,14)
w(9,7,0,14)
r(2,207,0,14)
w(8,7,0,14)
w(3,5,0,14)
w(16,10,0,14)
r(10,701,0,14)
r(12,592,0,14)
w(7,8,0,14)
r(7,7,0,15)
r(11,6,0,15)
w(18,8,0,15)
w(3,6,0,15)
r(1,631,0,15)
r(12,592,0,15)
w(13,5,0,15)
r(6,9,0,15)
w(15,9,0,15)
r(4,633,0,15)
r(17,572,0,15)
w(14,9,0,15)
r(10,701,0,15)
r(2,207,0,15)
r(19,621,0,15)
r(0,194,0,15)
w(16,11,0,15)
w(9,8,0,15)
r(8,622,0,15)
w(5,10,0,15)
w(7,9,0,16)
w(13,6,0,16)
w(6,11,0,16)
r(18,7,0,16)
w(5,11,0,16)
r(19,621,0,16)
w(16,12,0,16)
r(9,600,0,16)
r(17,572,0,16)
r(3,4,0,16)
w(11,7,0,16)
r(1,631,0,16)
r(0,194,0,16)
w(15,10,0,16)
w(8,8,0,16)
r(2,207,0,16)
r(4,633,0,16)
w(14,10,0,16)
w(12,9,0,16)
w(10,5,0,16)
r(19,621,0,17)
w(15,11,0,17)
r(6,9,0,17)
w(10,6,0,17)
w(3,7,0,17)
w(14,11,0,17)
r(1,631,0,17)
r(13,606,0,17)
w(8,9,0,17)
r(18,7,0,17)
w(5,12,0,17)
w(2,8,0,17)
r(7,7,0,17)
w(9,9,0,17)
r(11,6,0,17)
r(0,194,0,17)
r(12,592,0,17)
r(4,633,0,17)
w(16,13,0,17)
r(17,572,0,17)
w(5,13,0,18)
r(2,312,0,18)
r(12,592,0,18)
r(13,606,0,18)
w(7,10,0,18)
r(4,325,0,18)
w(6,12,0,18)
r(15,302,0,18)
w(19,8,0,18)
w(16,14,0,18)
r(9,291,0,18)
r(18,312,0,18)
w(3,8,0,18)
r(8,313,0,18)
r(0,289,0,18)
r(10,701,0,18)
w(17,8,0,18)
w(11,8,0,18)
r(14,425,0,18)
r(1,631,0,18)
w(12,10,0,19)
w(6,13,0,19)
w(8,10,0,19)
w(1,6,0,19)
r(3,295,0,19)
r(4,325,0,19)
r(15,302,0,19)
w(11,9,0,19)
w(5,14,0,19)
r(2,312,0,19)
r(7,311,0,19)
w(16,15,0,19)
w(10,7,0,19)
w(14,12,0,19)
r(0,289,0,19)
r(18,312,0,19)
r(17,572,0,19)
r(9,291,0,19)
r(19,318,0,19)
r(13,606,0,19)
r(5,4,1,20)
r(15,2,1,20)
r(0,191,1,20)
w(6,97,1,20)
r(11,2,1,20)
w(10,118,1,20)
r(12,4,1,20)
r(7,197,1,20)
r(4,212,1,20)
r(19,208,1,20)
r(1,214,1,20)
w(18,96,1,20)
r(13,0,1,20)
r(17,190,1,20)
w(2,103,1,20)
w(14,108,1,20)
r(9,2,1,20)
w(3,97,1,20)
r(8,198,1,20)
w(16,107,1,20)
w(8,96,1,21)
r(19,208,1,21)
r(15,2,1,21)
r(9,2,1,21)
r(12,4,1,21)
w(11,110,1,21)
r(16,212,1,21)
r(2,205,1,21)
r(6,198,1,21)
r(14,207,1,21)
w(0,96,1,21)
r(17,190,1,21)
r(3,1,1,21)
w(10,119,1,21)
r(5,4,1,21)
r(18,193,1,21)
r(13,0,1,21)
w(4,102,1,21)
w(7,105,1,21)
r(1,214,1,21)
r(12,675,1,22)
r(4,212,1,22)
w(6,98,1,22)
w(10,120,1,22)
r(2,692,1,22)
r(9,2,1,22)
w(15,92,1,22)
w(7,106,1,22)
r(3,679,1,22)
w(18,97,1,22)
w(16,108,1,22)
w(13,96,1,22)
w(1,108,1,22)
r(8,720,1,22)
w(19,105,1,22)
r(0,714,1,22)
w(17,101,1,22)
w(5,119,1,22)
w(14,109,1,22)
w(11,111,1,22)
r(16,599,1,23)
w(5,120,1,23)
w(11,112,1,23)
r(1,430,1,23)
w(12,105,1,23)
r(0,615,1,23)
w(17,102,1,23)
r(10,120,1,23)
w(18,98,1,23)
r(15,607,1,23)
w(13,97,1,23)
w(19,106,1,23)
w(3,98,1,23)
r(6,401,1,23)
r(14,109,1,23)
w(9,101,1,23)
r(4,427,1,23)
w(8,97,1,23)
w(7,107,1,23)
w(2,104,1,23)
r(15,495,1,24)
r(14,530,1,24)
r(18,616,1,24)
w(13,98,1,24)
r(17,467,1,24)
w(10,121,1,24)
r(7,598,1,24)
w(5,121,1,24)
r(4,630,1,24)
r(1,430,1,24)
w(6,99,1,24)
w(3,99,1,24)
w(8,98,1,24)
w(9,102,1,24)
w(2,105,1,24)
w(11,113,1,24)
r(0,506,1,24)
r(12,589,1,24)
w(16,109,1,24)
w(19,107,1,24)
w(11,114,1,25)
r(14,425,1,25)
r(3,392,1,25)
w(4,103,1,25)
w(2,106,1,25)
r(13,412,1,25)
r(6,508,1,25)
w(17,103,1,25)
w(12,106,1,25)
r(15,6,1,25)
r(18,5,1,25)
r(16,8,1,25)
w(1,109,1,25)
w(9,103,1,25)
r(7,399,1,25)
w(5,122,1,25)
w(0,97,1,25)
r(10,408,1,25)
r(8,416,1,25)
w(19,108,1,25)
r(3,682,1,26)
w(10,122,1,26)
w(8,99,1,26)
r(7,204,1,26)
r(4,728,1,26)
r(6,201,1,26)
w(9,104,1,26)
w(1,110,1,26)
r(5,227,1,26)
w(13,99,1,26)
w(18,99,1,26)
w(0,98,1,26)
w(2,107,1,26)
r(11,679,1,26)
w(12,107,1,26)
w(17,104,1,26)
r(16,702,1,26)
w(15,93,1,26)
r(19,724,1,26)
w(14,110,1,26)
w(4,104,1,27)
w(2,108,1,27)
w(5,123,1,27)
w(3,100,1,27)
w(0,99,1,27)
r(9,600,1,27)
w(11,115,1,27)
w(10,123,1,27)
r(1,631,1,27)
r(15,7,1,27)
w(18,100,1,27)
r(14,425,1,27)
w(16,110,1,27)
w(8,100,1,27)
r(6,9,1,27)
r(13,606,1,27)
w(12,108,1,27)
r(7,7,1,27)
r(17,572,1,27)
w(19,109,1,27)
w(10,124,1,28)
w(9,105,1,28)
r(7,7,1,28)
r(6,9,1,28)
w(1,111,1,28)
r(12,592,1,28)
r(16,9,1,28)
r(19,621,1,28)
w(11,116,1,28)
w(8,101,1,28)
w(5,124,1,28)
w(18,101,1,28)
r(4,633,1,28)
w(2,109,1,28)
r(3,4,1,28)
r(13,606,1,28)
r(14,425,1,28)
w(15,94,1,28)
w(17,105,1,28)
w(0,100,1,28)
w(16,111,1,29)
r(0,289,1,29)
w(8,102,1,29)
r(9,291,1,29)
r(10,701,1,29)
r(13,606,1,29)
r(18,312,1,29)
w(14,111,1,29)
w(1,112,1,29)
w(17,106,1,29)
r(7,311,1,29)
w(2,110,1,29)
w(4,105,1,29)
w(15,95,1,29)
r(12,592,1,29)
r(3,295,1,29)
r(19,318,1,29)
r(11,309,1,29)
r(5,603,1,29)
w(6,100,1,29)
w(18,102,1,30)
r(17,572,1,30)
w(5,125,1,30)
w(2,111,1,30)
w(15,96,1,30)
w(8,103,1,30)
r(4,325,1,30)
r(11,309,1,30)
r(6,9,1,30)
w(0,101,1,30)
w(9,106,1,30)
w(7,108,1,30)
r(10,701,1,30)
w(14,112,1,30)
r(12,592,1,30)
w(3,101,1,30)
w(16,112,1,30)
w(19,110,1,30)
w(1,113,1,30)
r(13,606,1,30)
r(9,291,1,31)
r(15,302,1,31)
r(7,311,1,31)
w(13,100,1,31)
w(11,117,1,31)
w(1,114,1,31)
w(19,111,1,31)
r(3,295,1,31)
w(12,109,1,31)
w(10,125,1,31)
r(6,9,1,31)
w(0,102,1,31)
r(4,325,1,31)
r(17,572,1,31)
r(5,603,1,31)
w(18,103,1,31)
r(8,313,1,31)
r(16,9,1,31)
w(14,113,1,31)
w(2,112,1,31)
w(12,110,1,32)
r(7,311,1,32)
r(13,606,1,32)
w(0,103,1,32)
w(11,118,1,32)
r(17,572,1,32)
r(5,603,1,32)
w(6,101,1,32)
w(15,97,1,32)
r(2,312,1,32)
w(1,115,1,32)
w(8,104,1,32)
r(16,9,1,32)
w(10,126,1,32)
w(18,104,1,32)
w(9,107,1,32)
r(4,325,1,32)
r(14,425,1,32)
w(19,112,1,32)
w(3,102,1,32)
w(16,113,1,33)
r(8,527,1,33)
r(4,636,1,33)
r(12,596,1,33)
w(19,113,1,33)
r(0,289,1,33)
r(11,581,1,33)
r(13,610,1,33)
w(10,127,1,33)
r(15,613,1,33)
r(18,312,1,33)
w(7,109,1,33)
r(3,586,1,33)
w(14,114,1,33)
w(6,102,1,33)
r(1,631,1,33)
r(17,576,1,33)
w(2,113,1,33)
w(9,108,1,33)
r(5,606,1,33)
w(0,104,1,34)
r(7,311,1,34)
w(9,109,1,34)
w(16,114,1,34)
w(11,119,1,34)
w(8,105,1,34)
w(14,115,1,34)
w(13,101,1,34)
w(2,114,1,34)
w(19,114,1,34)
r(6,9,1,34)
w(12,111,1,34)
w(17,107,1,34)
w(18,105,1,34)
w(1,116,1,34)
w(10,128,1,34)
w(3,103,1,34)
r(4,328,1,34)
r(15,613,1,34)
r(5,606,1,34)
r(16,606,1,35)
w(14,116,1,35)
w(2,115,1,35)
r(9,293,1,35)
w(4,106,1,35)
r(11,581,1,35)
w(8,106,1,35)
r(7,311,1,35)
r(19,624,1,35)
r(15,613,1,35)
r(3,299,1,35)
r(17,292,1,35)
r(12,596,1,35)
w(6,103,1,35)
w(0,105,1,35)
r(10,513,1,35)
r(13,315,1,35)
w(18,106,1,35)
w(5,126,1,35)
w(1,117,1,35)
w(13,102,1,36)
w(17,108,1,36)
r(15,613,1,36)
w(10,129,1,36)
r(3,299,1,36)
r(14,425,1,36)
r(18,312,1,36)
w(16,115,1,36)
w(11,120,1,36)
w(7,110,1,36)
w(1,118,1,36)
w(2,116,1,36)
r(9,293,1,36)
w(19,115,1,36)
w(8,107,1,36)
r(0,289,1,36)
r(5,606,1,36)
w(6,104,1,36)
w(4,107,1,36)
r(12,596,1,36)
w(10,130,1,37)
w(2,117,1,37)
r(17,381,1,37)
w(12,112,1,37)
r(4,437,1,37)
r(7,405,1,37)
r(6,404,1,37)
w(11,121,1,37)
r(0,400,1,37)
w(15,98,1,37)
w(19,116,1,37)
w(3,104,1,37)
w(5,127,1,37)
w(1,119,1,37)
r(8,316,1,37)
r(13,416,1,37)
w(9,110,1,37)
w(14,117,1,37)
w(18,107,1,37)
r(16,606,1,37)
w(3,105,1,38)
w(7,111,1,38)
r(0,400,1,38)
r(9,110,1,38)
r(19,116,1,38)
w(12,113,1,38)
w(4,108,1,38)
r(14,117,1,38)
r(11,121,1,38)
w(17,109,1,38)
r(16,606,1,38)
r(5,127,1,38)
w(10,131,1,38)
r(1,119,1,38)
r(18,107,1,38)
w(6,105,1,38)
r(13,416,1,38)
r(8,316,1,38)
r(2,117,1,38)
r(15,98,1,38)
r(3,588,1,39)
w(8,108,1,39)
w(6,106,1,39)
w(11,122,1,39)
w(16,116,1,39)
r(17,199,1,39)
w(2,118,1,39)
w(7,112,1,39)
w(10,132,1,39)
w(0,106,1,39)
w(5,128,1,39)
r(15,200,1,39)
r(19,217,1,39)
w(14,118,1,39)
w(4,109,1,39)
r(18,205,1,39)
w(12,114,1,39)
r(9,196,1,39)
w(13,103,1,39)
w(1,120,1,39)
r(12,4,2,40)
w(6,198,2,40)
r(5,4,2,40)
w(2,205,2,40)
w(19,208,2,40)
w(17,190,2,40)
r(11,2,2,40)
r(13,0,2,40)
w(7,197,2,40)
w(4,212,2,40)
w(18,193,2,40)
r(15,2,2,40)
w(8,198,2,40)
w(14,207,2,40)
r(3,1,2,40)
w(16,212,2,40)
w(1,214,2,40)
r(10,3,2,40)
w(0,191,2,40)
r(9,2,2,40)
w(2,206,2,41)
r(5,4,2,41)
w(17,191,2,41)
w(12,212,2,41)
r(9,2,2,41)
w(18,194,2,41)
w(10,210,2,41)
r(11,2,2,41)
r(0,191,2,41)
r(4,212,2,41)
w(7,198,2,41)
r(19,208,2,41)
w(13,205,2,41)
r(1,214,2,41)
w(15,192,2,41)
r(6,198,2,41)
w(14,208,2,41)
r(8,198,2,41)
r(3,1,2,41)
r(16,212,2,41)
w(18,195,2,42)
r(5,4,2,42)
w(4,213,2,42)
r(2,205,2,42)
w(17,192,2,42)
r(3,1,2,42)
w(6,199,2,42)
w(9,191,2,42)
w(16,213,2,42)
r(0,191,2,42)
r(19,208,2,42)
r(10,3,2,42)
r(12,4,2,42)
r(13,0,2,42)
r(15,2,2,42)
w(8,199,2,42)
r(11,2,2,42)
w(7,199,2,42)
w(14,209,2,42)
r(1,214,2,42)
w(7,200,2,43)
r(17,683,2,43)
r(11,2,2,43)
w(5,223,2,43)
r(1,214,2,43)
r(18,714,2,43)
r(15,702,2,43)
r(13,700,2,43)
w(10,211,2,43)
r(0,714,2,43)
w(6,200,2,43)
w(8,200,2,43)
w(14,210,2,43)
w(4,214,2,43)
r(19,721,2,43)
r(16,700,2,43)
r(9,2,2,43)
w(3,199,2,43)
r(2,692,2,43)
r(12,675,2,43)
r(10,120,2,44)
w(18,196,2,44)
r(15,607,2,44)
w(7,201,2,44)
r(12,400,2,44)
w(13,206,2,44)
r(9,596,2,44)
r(2,411,2,44)
w(19,209,2,44)
r(6,401,2,44)
w(1,215,2,44)
r(0,615,2,44)
w(3,200,2,44)
w(5,224,2,44)
r(14,109,2,44)
w(16,214,2,44)
w(4,215,2,44)
w(8,201,2,44)
r(11,397,2,44)
r(17,570,2,44)
w(4,216,2,45)
w(12,213,2,45)
w(14,211,2,45)
r(11,397,2,45)
w(13,207,2,45)
r(10,120,2,45)
r(15,607,2,45)
r(2,411,2,45)
r(9,596,2,45)
r(16,599,2,45)
w(5,225,2,45)
r(6,401,2,45)
r(19,408,2,45)
r(1,430,2,45)
w(7,202,2,45)
r(17,570,2,45)
w(18,197,2,45)
w(0,192,2,45)
r(8,618,2,45)
r(3,390,2,45)
w(11,206,2,46)
w(5,226,2,46)
r(9,498,2,46)
r(8,618,2,46)
r(6,508,2,46)
w(18,198,2,46)
w(1,216,2,46)
w(12,214,2,46)
w(0,193,2,46)
r(15,495,2,46)
r(19,510,2,46)
r(2,518,2,46)
r(14,530,2,46)
w(16,215,2,46)
w(10,212,2,46)
r(17,467,2,46)
r(4,427,2,46)
w(7,203,2,46)
r(3,487,2,46)
r(13,602,2,46)
w(9,192,2,47)
w(6,201,2,47)
w(10,213,2,47)
r(14,425,2,47)
r(12,403,2,47)
w(3,201,2,47)
w(11,207,2,47)
w(2,207,2,47)
w(0,194,2,47)
w(16,216,2,47)
w(18,199,2,47)
w(5,227,2,47)
r(13,412,2,47)
w(7,204,2,47)
r(1,434,2,47)
w(19,210,2,47)
r(8,416,2,47)
w(15,193,2,47)
r(17,5,2,47)
r(4,10,2,47)
r(16,216,2,48)
r(19,210,2,48)
w(15,194,2,48)
r(5,227,2,48)
w(4,217,2,48)
w(10,214,2,48)
w(18,200,2,48)
w(3,202,2,48)
w(1,217,2,48)
w(6,202,2,48)
r(7,204,2,48)
r(12,403,2,48)
w(11,208,2,48)
r(13,412,2,48)
r(17,5,2,48)
r(14,425,2,48)
w(8,202,2,48)
w(2,208,2,48)
r(9,192,2,48)
w(0,195,2,48)
w(8,203,2,49)
r(6,201,2,49)
w(4,218,2,49)
w(2,209,2,49)
r(7,204,2,49)
r(14,425,2,49)
w(13,208,2,49)
r(5,227,2,49)
w(12,215,2,49)
r(0,194,2,49)
r(18,719,2,49)
r(9,698,2,49)
r(10,701,2,49)
r(19,724,2,49)
w(15,195,2,49)
r(3,682,2,49)
r(1,740,2,49)
w(16,217,2,49)
r(11,679,2,49)
r(17,5,2,49)
r(17,572,2,50)
r(3,4,2,50)
w(9,193,2,50)
r(8,622,2,50)
r(6,9,2,50)
w(0,196,2,50)
w(19,211,2,50)
w(1,218,2,50)
r(4,633,2,50)
r(7,7,2,50)
r(15,7,2,50)
w(12,216,2,50)
w(18,201,2,50)
r(16,9,2,50)
w(2,210,2,50)
r(14,425,2,50)
r(5,603,2,50)
r(10,701,2,50)
r(13,606,2,50)
w(11,209,2,50)
w(17,193,2,51)
r(10,701,2,51)
w(15,196,2,51)
w(5,228,2,51)
r(12,592,2,51)
w(1,219,2,51)
r(16,9,2,51)
r(11,6,2,51)
w(18,202,2,51)
r(13,606,2,51)
w(4,219,2,51)
w(19,212,2,51)
r(6,9,2,51)
w(3,203,2,51)
r(8,622,2,51)
r(9,600,2,51)
w(14,212,2,51)
r(0,194,2,51)
r(2,207,2,51)
w(7,205,2,51)
r(2,207,2,52)
w(14,213,2,52)
w(6,203,2,52)
r(18,7,2,52)
r(16,9,2,52)
w(4,220,2,52)
w(11,210,2,52)
w(12,217,2,52)
w(7,206,2,52)
r(3,4,2,52)
w(19,213,2,52)
w(13,209,2,52)
r(9,600,2,52)
w(10,215,2,52)
w(17,194,2,52)
w(15,197,2,52)
w(0,197,2,52)
r(8,622,2,52)
r(1,631,2,52)
w(5,229,2,52)
w(17,195,2,53)
r(15,302,2,53)
r(13,606,2,53)
w(7,207,2,53)
r(6,9,2,53)
r(5,603,2,53)
w(16,218,2,53)
r(8,313,2,53)
w(11,211,2,53)
r(12,592,2,53)
r(4,325,2,53)
r(18,312,2,53)
r(9,291,2,53)
w(3,204,2,53)
w(10,216,2,53)
w(2,211,2,53)
r(14,425,2,53)
w(0,198,2,53)
w(19,214,2,53)
w(1,220,2,53)
r(9,291,2,54)
w(7,208,2,54)
r(14,425,2,54)
r(4,325,2,54)
r(13,606,2,54)
r(6,9,2,54)
r(16,9,2,54)
r(8,313,2,54)
w(17,196,2,54)
r(11,309,2,54)
w(5,230,2,54)
w(2,212,2,54)
r(12,592,2,54)
r(18,312,2,54)
w(1,221,2,54)
r(19,318,2,54)
r(3,295,2,54)
r(10,701,2,54)
w(0,199,2,54)
w(15,198,2,54)
w(2,213,2,55)
r(18,312,2,55)
w(19,215,2,55)
r(13,610,2,55)
r(5,606,2,55)
r(15,613,2,55)
w(9,194,2,55)
r(14,425,2,55)
r(0,289,2,55)
r(6,9,2,55)
r(12,596,2,55)
w(17,197,2,55)
r(7,311,2,55)
w(3,205,2,55)
w(4,221,2,55)
r(16,606,2,55)
r(8,527,2,55)
r(11,581,2,55)
r(1,631,2,55)
r(10,513,2,55)
w(15,199,2,56)
r(1,330,2,56)
w(7,209,2,56)
w(5,231,2,56)
r(10,513,2,56)
r(2,314,2,56)
r(11,581,2,56)
w(17,198,2,56)
r(6,9,2,56)
w(16,219,2,56)
w(13,210,2,56)
r(19,624,2,56)
r(3,299,2,56)
w(18,203,2,56)
r(12,596,2,56)
w(14,214,2,56)
w(8,204,2,56)
w(4,222,2,56)
r(0,289,2,56)
r(9,293,2,56)
w(4,223,2,57)
r(15,401,2,57)
w(0,200,2,57)
w(18,204,2,57)
r(10,513,2,57)
w(3,206,2,57)
r(8,316,2,57)
r(7,405,2,57)
w(12,218,2,57)
r(2,314,2,57)
r(5,606,2,57)
r(16,606,2,57)
w(19,216,2,57)
w(1,222,2,57)
w(9,195,2,57)
w(13,211,2,57)
r(17,381,2,57)
w(6,204,2,57)
r(11,581,2,57)
w(14,215,2,57)
w(6,205,2,58)
w(1,223,2,58)
w(4,224,2,58)
r(14,925,2,58)
r(13,416,2,58)
r(3,588,2,58)
w(2,214,2,58)
w(11,212,2,58)
w(8,205,2,58)
w(18,205,2,58)
w(10,217,2,58)
r(16,606,2,58)
r(0,622,2,58)
w(7,210,2,58)
w(9,196,2,58)
w(5,232,2,58)
w(19,217,2,58)
w(12,219,2,58)
w(17,199,2,58)
w(15,200,2,58)
w(2,215,2,59)
r(7,210,2,59)
r(5,232,2,59)
w(12,220,2,59)
w(14,216,2,59)
w(11,213,2,59)
r(4,224,2,59)
w(19,218,2,59)
w(8,206,2,59)
w(13,212,2,59)
w(16,220,2,59)
r(6,205,2,59)
r(3,588,2,59)
r(18,205,2,59)
r(17,199,2,59)
r(9,196,2,59)
w(10,218,2,59)
r(0,622,2,59)
w(1,224,2,59)
r(15,200,2,59)
w(17,282,3,60)
w(18,304,3,60)
w(19,311,3,60)
w(4,317,3,60)
w(11,303,3,60)
r(5,4,3,60)
r(8,198,3,60)
r(9,2,3,60)
r(0,191,3,60)
w(2,305,3,60)
r(15,2,3,60)
r(3,1,3,60)
r(16,212,3,60)
r(10,3,3,60)
w(7,304,3,60)
r(6,198,3,60)
r(14,207,3,60)
r(12,4,3,60)
w(1,322,3,60)
r(13,0,3,60)
w(17,283,3,61)
r(18,193,3,61)
w(16,313,3,61)
w(19,312,3,61)
r(12,4,3,61)
w(15,297,3,61)
r(10,3,3,61)
r(1,214,3,61)
r(2,205,3,61)
r(5,4,3,61)
r(3,1,3,61)
w(11,304,3,61)
r(8,198,3,61)
w(0,281,3,61)
r(14,207,3,61)
r(4,212,3,61)
r(7,197,3,61)
w(13,308,3,61)
w(9,283,3,61)
r(6,198,3,61)
r(16,108,3,62)
r(2,692,3,62)
r(15,92,3,62)
w(6,302,3,62)
r(10,120,3,62)
r(3,679,3,62)
w(11,305,3,62)
w(0,282,3,62)
w(17,284,3,62)
w(1,323,3,62)
w(12,316,3,62)
w(14,315,3,62)
w(18,305,3,62)
w(7,305,3,62)
r(13,96,3,62)
r(8,720,3,62)
w(9,284,3,62)
w(4,318,3,62)
r(5,119,3,62)
r(19,105,3,62)
r(13,96,3,63)
w(8,309,3,63)
w(6,303,3,63)
r(12,675,3,63)
w(17,285,3,63)
w(4,319,3,63)
r(15,92,3,63)
r(9,2,3,63)
r(3,679,3,63)
w(1,324,3,63)
w(18,306,3,63)
r(5,119,3,63)
r(11,111,3,63)
w(7,306,3,63)
w(2,306,3,63)
r(16,108,3,63)
r(0,714,3,63)
w(10,313,3,63)
w(14,316,3,63)
w(19,313,3,63)
r(2,411,3,64)
r(11,397,3,64)
r(4,427,3,64)
w(15,298,3,64)
w(18,307,3,64)
w(9,285,3,64)
w(0,283,3,64)
w(13,309,3,64)
w(19,314,3,64)
w(1,325,3,64)
r(10,120,3,64)
r(12,400,3,64)
r(14,109,3,64)
r(3,390,3,64)
r(16,599,3,64)
r(17,570,3,64)
r(6,401,3,64)
w(7,307,3,64)
r(5,403,3,64)
w(8,310,3,64)
w(10,314,3,65)
w(5,317,3,65)
r(8,618,3,65)
w(4,320,3,65)
w(2,307,3,65)
r(17,570,3,65)
w(0,284,3,65)
w(18,308,3,65)
r(16,599,3,65)
r(9,596,3,65)
r(13,602,3,65)
r(1,430,3,65)
w(12,317,3,65)
w(19,315,3,65)
r(3,390,3,65)
r(11,397,3,65)
r(7,596,3,65)
w(14,317,3,65)
r(6,401,3,65)
r(15,607,3,65)
w(3,292,3,66)
r(7,504,3,66)
w(17,286,3,66)
w(0,285,3,66)
r(18,616,3,66)
r(6,508,3,66)
w(2,308,3,66)
w(11,306,3,66)
r(16,506,3,66)
r(1,430,3,66)
r(5,403,3,66)
r(8,618,3,66)
r(13,602,3,66)
w(9,286,3,66)
r(14,530,3,66)
w(12,318,3,66)
r(15,495,3,66)
w(4,321,3,66)
w(10,315,3,66)
r(19,510,3,66)
r(16,702,3,67)
r(15,704,3,67)
w(12,319,3,67)
r(17,5,3,67)
r(0,194,3,67)
w(7,308,3,67)
r(6,201,3,67)
r(11,679,3,67)
r(4,728,3,67)
r(18,719,3,67)
r(3,682,3,67)
r(14,425,3,67)
r(10,701,3,67)
w(1,326,3,67)
r(19,724,3,67)
w(13,310,3,67)
w(8,311,3,67)
r(9,698,3,67)
w(5,318,3,67)
w(2,309,3,67)
r(12,592,3,68)
w(2,310,3,68)
r(5,603,3,68)
r(14,425,3,68)
r(8,622,3,68)
w(19,316,3,68)
w(7,309,3,68)
r(9,600,3,68)
r(16,9,3,68)
r(6,9,3,68)
r(11,6,3,68)
w(1,327,3,68)
r(3,4,3,68)
w(0,286,3,68)
r(13,606,3,68)
r(17,572,3,68)
r(10,701,3,68)
w(15,299,3,68)
w(4,322,3,68)
w(18,309,3,68)
w(0,287,3,69)
r(10,701,3,69)
w(14,318,3,69)
w(5,319,3,69)
w(19,317,3,69)
w(17,287,3,69)
r(4,633,3,69)
r(12,592,3,69)
r(13,606,3,69)
w(11,307,3,69)
w(9,287,3,69)
r(8,622,3,69)
w(7,310,3,69)
w(6,304,3,69)
w(18,310,3,69)
r(2,207,3,69)
r(15,7,3,69)
w(3,293,3,69)
w(16,314,3,69)
r(1,631,3,69)
w(9,288,3,70)
r(11,6,3,70)
w(13,311,3,70)
w(16,315,3,70)
r(3,4,3,70)
r(1,631,3,70)
w(4,323,3,70)
r(19,621,3,70)
r(14,425,3,70)
w(2,311,3,70)
r(6,9,3,70)
r(8,622,3,70)
w(17,288,3,70)
w(5,320,3,70)
w(18,311,3,70)
r(0,194,3,70)
w(15,300,3,70)
r(7,7,3,70)
w(12,320,3,70)
r(10,701,3,70)
w(16,316,3,71)
w(14,319,3,71)
r(3,4,3,71)
w(13,312,3,71)
w(0,288,3,71)
r(1,631,3,71)
r(15,7,3,71)
r(19,621,3,71)
r(7,7,3,71)
w(8,312,3,71)
w(9,289,3,71)
r(4,633,3,71)
r(10,701,3,71)
r(5,603,3,71)
r(11,6,3,71)
w(12,321,3,71)
w(17,289,3,71)
r(18,7,3,71)
w(6,305,3,71)
r(2,207,3,71)
r(6,9,3,72)
r(7,7,3,72)
w(13,313,3,72)
w(9,290,3,72)
w(3,294,3,72)
r(16,9,3,72)
r(1,631,3,72)
r(17,572,3,72)
r(19,621,3,72)
r(2,207,3,72)
w(4,324,3,72)
w(14,320,3,72)
r(8,622,3,72)
r(18,7,3,72)
w(10,316,3,72)
w(5,321,3,72)
r(12,592,3,72)
r(0,194,3,72)
w(15,301,3,72)
w(11,308,3,72)
w(9,291,3,73)
w(2,312,3,73)
w(11,309,3,73)
r(14,425,3,73)
r(6,9,3,73)
r(5,603,3,73)
w(15,302,3,73)
r(17,572,3,73)
w(19,318,3,73)
w(18,312,3,73)
w(7,311,3,73)
w(0,289,3,73)
r(10,701,3,73)
w(8,313,3,73)
w(4,325,3,73)
r(13,606,3,73)
w(3,295,3,73)
r(12,592,3,73)
r(16,9,3,73)
r(1,631,3,73)
r(5,603,3,74)
r(18,312,3,74)
r(19,318,3,74)
r(13,606,3,74)
r(12,592,3,74)
r(2,312,3,74)
w(6,306,3,74)
r(16,9,3,74)
w(4,326,3,74)
r(3,295,3,74)
w(15,303,3,74)
r(0,289,3,74)
r(11,309,3,74)
w(14,321,3,74)
r(8,313,3,74)
r(17,572,3,74)
r(9,291,3,74)
r(7,311,3,74)
r(1,631,3,74)
r(10,701,3,74)
w(5,322,3,75)
w(4,327,3,75)
r(17,572,3,75)
w(12,322,3,75)
w(18,313,3,75)
r(19,318,3,75)
w(16,317,3,75)
r(0,289,3,75)
r(2,312,3,75)
w(10,317,3,75)
w(3,296,3,75)
r(11,309,3,75)
w(1,328,3,75)
w(6,307,3,75)
w(8,314,3,75)
r(7,311,3,75)
w(15,304,3,75)
w(9,292,3,75)
r(13,606,3,75)
r(14,425,3,75)
r(16,9,3,76)
w(14,322,3,76)
r(19,318,3,76)
r(9,291,3,76)
r(15,302,3,76)
r(5,603,3,76)
w(17,290,3,76)
r(0,289,3,76)
w(3,297,3,76)
r(1,631,3,76)
w(2,313,3,76)
w(11,310,3,76)
w(18,314,3,76)
w(10,318,3,76)
w(13,314,3,76)
w(8,315,3,76)
r(7,311,3,76)
w(6,308,3,76)
r(4,325,3,76)
r(12,592,3,76)
w(19,319,3,77)
w(1,329,3,77)
w(5,323,3,77)
r(0,289,3,77)
w(17,291,3,77)
r(2,312,3,77)
r(12,592,3,77)
r(13,606,3,77)
w(18,315,3,77)
w(7,312,3,77)
r(4,325,3,77)
w(11,311,3,77)
w(3,298,3,77)
r(9,291,3,77)
r(15,302,3,77)
r(16,9,3,77)
r(8,313,3,77)
r(14,425,3,77)
r(6,9,3,77)
w(10,319,3,77)
w(2,314,3,78)
w(13,315,3,78)
r(15,613,3,78)
r(5,606,3,78)
r(12,596,3,78)
r(16,606,3,78)
r(10,513,3,78)
w(1,330,3,78)
r(7,311,3,78)
w(4,328,3,78)
r(19,624,3,78)
w(17,292,3,78)
r(11,581,3,78)
w(8,316,3,78)
w(3,299,3,78)
w(9,293,3,78)
r(14,425,3,78)
r(18,312,3,78)
r(6,9,3,78)
r(0,289,3,78)
w(14,323,3,79)
r(4,328,3,79)
r(13,315,3,79)
r(12,596,3,79)
w(5,324,3,79)
w(3,300,3,79)
w(11,312,3,79)
r(17,292,3,79)
w(9,294,3,79)
w(2,315,3,79)
w(6,309,3,79)
w(1,331,3,79)
r(19,624,3,79)
w(0,290,3,79)
w(15,305,3,79)
r(18,312,3,79)
r(10,513,3,79)
w(8,317,3,79)
r(16,606,3,79)
r(7,311,3,79)
r(12,675,4,80)
r(18,97,4,80)
r(7,106,4,80)
w(10,403,4,80)
w(19,407,4,80)
r(17,101,4,80)
r(0,714,4,80)
w(2,410,4,80)
r(8,720,4,80)
r(9,2,4,80)
w(14,420,4,80)
w(4,426,4,80)
w(3,389,4,80)
w(13,408,4,80)
w(11,396,4,80)
r(15,92,4,80)
w(1,429,4,80)
w(6,400,4,80)
r(16,108,4,80)
w(5,402,4,80)
w(11,397,4,81)
w(13,409,4,81)
w(15,395,4,81)
r(14,109,4,81)
w(12,400,4,81)
w(18,406,4,81)
w(17,370,4,81)
w(4,427,4,81)
w(3,390,4,81)
w(1,430,4,81)
w(2,411,4,81)
r(16,599,4,81)
w(8,412,4,81)
r(10,120,4,81)
w(6,401,4,81)
w(19,408,4,81)
w(5,403,4,81)
w(0,390,4,81)
w(9,384,4,81)
w(7,394,4,81)
w(12,401,4,82)
r(11,397,4,82)
w(3,391,4,82)
w(8,413,4,82)
r(13,602,4,82)
r(10,120,4,82)
r(18,616,4,82)
w(9,385,4,82)
w(17,371,4,82)
w(5,404,4,82)
w(14,421,4,82)
r(19,408,4,82)
r(4,427,4,82)
r(0,615,4,82)
w(16,402,4,82)
w(7,395,4,82)
w(1,431,4,82)
r(2,411,4,82)
w(15,396,4,82)
r(6,401,4,82)
r(18,616,4,83)
r(10,120,4,83)
r(15,607,4,83)
w(8,414,4,83)
r(3,390,4,83)
w(14,422,4,83)
w(0,391,4,83)
w(13,410,4,83)
r(1,430,4,83)
r(6,401,4,83)
r(12,400,4,83)
w(4,428,4,83)
w(9,386,4,83)
r(16,599,4,83)
r(7,596,4,83)
w(17,372,4,83)
r(2,411,4,83)
w(5,405,4,83)
r(19,408,4,83)
w(11,398,4,83)
r(13,602,4,84)
w(0,392,4,84)
w(16,403,4,84)
w(7,396,4,84)
r(2,518,4,84)
r(14,530,4,84)
r(11,493,4,84)
r(3,487,4,84)
w(15,397,4,84)
w(12,402,4,84)
r(17,467,4,84)
r(5,403,4,84)
w(9,387,4,84)
r(18,616,4,84)
w(10,404,4,84)
r(1,430,4,84)
r(8,618,4,84)
r(6,508,4,84)
w(19,409,4,84)
r(4,427,4,84)
r(19,618,4,85)
r(13,603,4,85)
r(12,589,4,85)
w(11,399,4,85)
r(6,508,4,85)
w(16,404,4,85)
r(14,530,4,85)
w(4,429,4,85)
w(1,432,4,85)
r(3,580,4,85)
w(17,373,4,85)
r(2,612,4,85)
w(10,405,4,85)
w(8,415,4,85)
w(15,398,4,85)
r(18,616,4,85)
r(5,403,4,85)
w(9,388,4,85)
w(0,393,4,85)
w(7,397,4,85)
w(2,412,4,86)
r(8,618,4,86)
r(3,580,4,86)
r(15,495,4,86)
w(16,405,4,86)
r(12,589,4,86)
w(14,423,4,86)
w(0,394,4,86)
w(11,400,4,86)
w(10,406,4,86)
w(1,433,4,86)
w(19,410,4,86)
w(17,374,4,86)
w(6,402,4,86)
w(9,389,4,86)
w(7,398,4,86)
w(4,430,4,86)
r(18,616,4,86)
w(5,406,4,86)
w(13,411,4,86)
r(4,630,4,87)
r(6,508,4,87)
r(17,467,4,87)
r(8,618,4,87)
r(16,602,4,87)
w(12,403,4,87)
w(0,395,4,87)
w(9,390,4,87)
w(2,413,4,87)
w(10,407,4,87)
w(3,392,4,87)
w(13,412,4,87)
r(5,403,4,87)
w(19,411,4,87)
r(18,616,4,87)
r(15,495,4,87)
w(11,401,4,87)
w(14,424,4,87)
r(7,598,4,87)
w(1,434,4,87)
r(0,395,4,88)
w(17,375,4,88)
r(19,411,4,88)
r(9,390,4,88)
w(16,406,4,88)
r(18,616,4,88)
w(11,402,4,88)
w(3,393,4,88)
r(13,412,4,88)
r(6,508,4,88)
w(5,407,4,88)
r(15,495,4,88)
w(4,431,4,88)
r(1,434,4,88)
r(14,424,4,88)
r(8,618,4,88)
w(2,414,4,88)
r(7,598,4,88)
w(12,404,4,88)
r(10,407,4,88)
r(3,392,4,89)
r(17,467,4,89)
w(10,408,4,89)
w(19,412,4,89)
w(4,432,4,89)
r(18,616,4,89)
w(0,396,4,89)
w(7,399,4,89)
r(13,412,4,89)
r(5,403,4,89)
w(9,391,4,89)
r(12,403,4,89)
w(11,403,4,89)
w(14,425,4,89)
r(15,495,4,89)
r(1,434,4,89)
r(2,413,4,89)
r(16,602,4,89)
r(6,508,4,89)
w(8,416,4,89)
r(6,508,4,90)
r(12,403,4,90)
r(19,5,4,90)
w(4,433,4,90)
r(10,408,4,90)
r(3,392,4,90)
w(2,415,4,90)
w(1,435,4,90)
r(11,403,4,90)
r(9,6,4,90)
w(8,417,4,90)
r(5,7,4,90)
w(18,407,4,90)
r(14,425,4,90)
r(15,6,4,90)
w(16,407,4,90)
r(7,399,4,90)
r(0,2,4,90)
r(13,412,4,90)
r(17,5,4,90)
w(17,376,4,91)
r(13,412,4,91)
w(4,434,4,91)
r(18,7,4,91)
r(1,740,4,91)
r(9,698,4,91)
w(5,408,4,91)
r(6,9,4,91)
w(7,400,4,91)
r(11,6,4,91)
r(0,194,4,91)
r(2,207,4,91)
w(12,405,4,91)
r(15,7,4,91)
w(16,408,4,91)
w(14,426,4,91)
r(8,6,4,91)
r(10,701,4,91)
w(19,413,4,91)
r(3,4,4,91)
w(7,401,4,92)
w(5,409,4,92)
w(9,392,4,92)
r(12,592,4,92)
w(17,377,4,92)
w(14,427,4,92)
w(1,436,4,92)
r(16,9,4,92)
w(19,414,4,92)
w(4,435,4,92)
r(15,7,4,92)
w(8,418,4,92)
w(18,408,4,92)
w(0,397,4,92)
r(2,207,4,92)
w(3,394,4,92)
w(11,404,4,92)
r(6,9,4,92)
r(10,701,4,92)
r(13,606,4,92)
r(6,9,4,93)
r(18,7,4,93)
w(19,415,4,93)
w(9,393,4,93)
w(15,399,4,93)
r(12,592,4,93)
r(2,207,4,93)
r(7,7,4,93)
w(17,378,4,93)
r(0,194,4,93)
r(14,425,4,93)
r(16,9,4,93)
w(13,413,4,93)
w(3,395,4,93)
r(5,603,4,93)
w(1,437,4,93)
w(10,409,4,93)
w(11,405,4,93)
r(8,622,4,93)
r(4,633,4,93)
w(2,416,4,94)
r(9,291,4,94)
w(15,400,4,94)
w(16,409,4,94)
r(18,312,4,94)
w(13,414,4,94)
r(4,325,4,94)
r(12,592,4,94)
r(11,309,4,94)
w(8,419,4,94)
w(5,410,4,94)
w(14,428,4,94)
r(19,318,4,94)
r(10,701,4,94)
r(0,289,4,94)
r(17,572,4,94)
r(1,631,4,94)
w(7,402,4,94)
r(6,9,4,94)
w(3,396,4,94)
r(13,315,4,95)
w(10,410,4,95)
r(15,613,4,95)
r(3,299,4,95)
w(5,411,4,95)
w(1,438,4,95)
w(12,406,4,95)
w(17,379,4,95)
w(14,429,4,95)
w(9,394,4,95)
w(16,410,4,95)
w(0,398,4,95)
r(19,624,4,95)
r(8,316,4,95)
w(6,403,4,95)
r(11,581,4,95)
w(7,403,4,95)
r(4,328,4,95)
w(2,417,4,95)
r(18,312,4,95)
w(19,416,4,96)
w(13,415,4,96)
w(9,395,4,96)
w(8,420,4,96)
r(11,581,4,96)
r(10,513,4,96)
r(14,425,4,96)
r(0,289,4,96)
r(18,312,4,96)
r(12,596,4,96)
r(3,299,4,96)
w(17,380,4,96)
r(6,9,4,96)
r(7,311,4,96)
w(4,436,4,96)
r(16,606,4,96)
w(5,412,4,96)
w(2,418,4,96)
r(15,613,4,96)
r(1,330,4,96)
w(0,399,4,97)
r(6,9,4,97)
w(2,419,4,97)
w(7,404,4,97)
r(5,606,4,97)
w(12,407,4,97)
r(16,606,4,97)
r(10,513,4,97)
r(14,425,4,97)
r(4,328,4,97)
w(11,406,4,97)
w(1,439,4,97)
r(13,315,4,97)
r(15,613,4,97)
r(18,312,4,97)
r(3,299,4,97)
r(8,316,4,97)
w(9,396,4,97)
r(17,292,4,97)
r(19,624,4,97)
w(18,409,4,98)
r(11,581,4,98)
r(5,606,4,98)
r(3,299,4,98)
r(14,425,4,98)
r(8,316,4,98)
w(4,437,4,98)
w(17,381,4,98)
w(1,440,4,98)
r(10,513,4,98)
w(0,400,4,98)
w(6,404,4,98)
w(15,401,4,98)
w(7,405,4,98)
r(16,606,4,98)
w(13,416,4,98)
w(9,397,4,98)
w(19,417,4,98)
r(2,314,4,98)
w(12,408,4,98)
w(6,405,4,99)
r(13,103,4,99)
r(15,616,4,99)
r(16,608,4,99)
r(19,627,4,99)
w(1,441,4,99)
w(2,420,4,99)
r(0,623,4,99)
w(18,410,4,99)
w(5,413,4,99)
r(4,641,4,99)
r(7,605,4,99)
w(10,411,4,99)
w(12,409,4,99)
w(14,430,4,99)
w(9,398,4,99)
r(11,583,4,99)
w(3,397,4,99)
r(17,580,4,99)
w(8,421,4,99)
r(13,0,5,100)
w(7,501,5,100)
w(16,504,5,100)
w(2,516,5,100)
r(17,190,5,100)
r(1,214,5,100)
w(9,494,5,100)
r(18,193,5,100)
w(15,491,5,100)
w(12,483,5,100)
w(4,534,5,100)
r(11,2,5,100)
r(6,198,5,100)
r(0,191,5,100)
r(14,207,5,100)
r(10,3,5,100)
r(5,4,5,100)
r(19,208,5,100)
r(3,1,5,100)
w(8,520,5,100)
w(5,501,5,101)
r(14,725,5,101)
w(6,505,5,101)
w(2,517,5,101)
r(15,702,5,101)
r(19,721,5,101)
r(17,683,5,101)
r(4,212,5,101)
r(10,697,5,101)
r(12,675,5,101)
r(9,2,5,101)
w(13,512,5,101)
r(8,720,5,101)
r(7,691,5,101)
w(11,490,5,101)
w(0,502,5,101)
w(1,529,5,101)
r(18,714,5,101)
w(3,485,5,101)
w(16,505,5,101)
w(7,502,5,102)
r(11,111,5,102)
w(5,502,5,102)
r(6,98,5,102)
w(12,484,5,102)
w(1,530,5,102)
w(19,507,5,102)
r(14,109,5,102)
r(4,212,5,102)
r(16,108,5,102)
w(10,507,5,102)
w(13,513,5,102)
w(17,466,5,102)
r(2,692,5,102)
r(18,97,5,102)
r(9,2,5,102)
r(15,92,5,102)
w(0,503,5,102)
w(8,521,5,102)
r(3,679,5,102)
r(1,430,5,103)
w(0,504,5,103)
r(13,602,5,103)
w(4,535,5,103)
r(18,616,5,103)
w(19,508,5,103)
w(9,495,5,103)
r(8,618,5,103)
w(3,486,5,103)
w(15,492,5,103)
w(10,508,5,103)
r(14,109,5,103)
w(5,503,5,103)
r(7,596,5,103)
r(12,400,5,103)
w(11,491,5,103)
w(6,506,5,103)
r(2,411,5,103)
r(17,570,5,103)
r(16,599,5,103)
r(2,411,5,104)
r(11,397,5,104)
w(9,496,5,104)
w(14,529,5,104)
w(19,509,5,104)
r(17,570,5,104)
r(3,390,5,104)
r(4,427,5,104)
w(6,507,5,104)
w(10,509,5,104)
r(18,616,5,104)
w(1,531,5,104)
r(0,615,5,104)
r(13,602,5,104)
w(15,493,5,104)
w(12,485,5,104)
r(8,618,5,104)
r(7,596,5,104)
r(5,403,5,104)
r(16,599,5,104)
r(14,109,5,105)
w(13,514,5,105)
w(7,503,5,105)
r(3,390,5,105)
w(11,492,5,105)
w(9,497,5,105)
r(4,427,5,105)
r(5,403,5,105)
w(18,504,5,105)
r(6,401,5,105)
w(8,522,5,105)
r(10,120,5,105)
w(1,532,5,105)
r(16,599,5,105)
r(17,570,5,105)
r(2,411,5,105)
r(12,400,5,105)
w(15,494,5,105)
r(19,408,5,105)
w(0,505,5,105)
w(7,504,5,106)
w(16,506,5,106)
w(3,487,5,106)
w(11,493,5,106)
w(17,467,5,106)
r(8,618,5,106)
w(9,498,5,106)
w(19,510,5,106)
w(12,486,5,106)
w(15,495,5,106)
w(10,510,5,106)
r(5,403,5,106)
r(4,427,5,106)
w(0,506,5,106)
w(2,518,5,106)
r(13,602,5,106)
r(1,430,5,106)
w(6,508,5,106)
r(18,616,5,106)
w(14,530,5,106)
r(1,430,5,107)
w(2,519,5,107)
r(9,498,5,107)
w(16,507,5,107)
r(12,486,5,107)
w(0,507,5,107)
w(19,511,5,107)
w(15,496,5,107)
r(17,467,5,107)
w(11,494,5,107)
w(3,488,5,107)
r(10,510,5,107)
w(5,504,5,107)
w(8,523,5,107)
w(13,515,5,107)
w(4,536,5,107)
r(14,530,5,107)
w(18,505,5,107)
r(7,504,5,107)
w(6,509,5,107)
w(14,531,5,108)
r(4,427,5,108)
r(6,508,5,108)
r(11,493,5,108)
r(3,487,5,108)
w(1,533,5,108)
r(12,486,5,108)
r(8,618,5,108)
w(17,468,5,108)
w(15,497,5,108)
r(2,518,5,108)
r(10,510,5,108)
r(0,506,5,108)
r(19,510,5,108)
r(7,504,5,108)
w(13,516,5,108)
w(18,506,5,108)
w(5,505,5,108)
r(16,506,5,108)
w(9,499,5,108)
w(0,508,5,109)
w(18,507,5,109)
r(1,430,5,109)
r(11,493,5,109)
w(7,505,5,109)
r(15,495,5,109)
w(5,506,5,109)
w(13,517,5,109)
w(8,524,5,109)
r(17,467,5,109)
r(3,487,5,109)
r(2,518,5,109)
r(6,508,5,109)
r(9,498,5,109)
w(16,508,5,109)
w(12,487,5,109)
w(19,512,5,109)
r(10,510,5,109)
w(4,537,5,109)
r(14,530,5,109)
r(9,498,5,110)
r(7,598,5,110)
w(11,495,5,110)
w(1,534,5,110)
w(4,538,5,110)
r(10,593,5,110)
r(2,612,5,110)
w(17,469,5,110)
r(8,618,5,110)
r(19,618,5,110)
w(5,507,5,110)
w(15,498,5,110)
r(14,530,5,110)
r(16,602,5,110)
r(18,616,5,110)
r(13,603,5,110)
w(6,510,5,110)
r(0,506,5,110)
w(3,489,5,110)
r(12,589,5,110)
w(0,509,5,111)
r(14,425,5,111)
r(4,633,5,111)
r(17,572,5,111)
r(16,9,5,111)
w(12,488,5,111)
w(13,518,5,111)
r(10,701,5,111)
w(3,490,5,111)
w(9,500,5,111)
w(18,508,5,111)
w(19,513,5,111)
r(6,9,5,111)
r(7,7,5,111)
r(5,603,5,111)
r(15,7,5,111)
w(8,525,5,111)
w(1,535,5,111)
r(11,6,5,111)
r(2,207,5,111)
r(10,701,5,112)
r(6,9,5,112)
r(5,603,5,112)
r(13,606,5,112)
r(17,572,5,112)
r(11,6,5,112)
r(8,622,5,112)
r(7,7,5,112)
r(18,7,5,112)
r(4,633,5,112)
r(3,4,5,112)
w(16,509,5,112)
w(19,514,5,112)
w(1,536,5,112)
r(15,7,5,112)
w(2,520,5,112)
w(9,501,5,112)
r(14,425,5,112)
r(12,592,5,112)
r(0,194,5,112)
w(9,502,5,113)
r(14,425,5,113)
r(12,592,5,113)
w(18,509,5,113)
w(6,511,5,113)
r(1,631,5,113)
r(16,9,5,113)
w(0,510,5,113)
r(8,622,5,113)
r(5,603,5,113)
w(4,539,5,113)
w(2,521,5,113)
r(7,7,5,113)
r(17,572,5,113)
w(3,491,5,113)
w(11,496,5,113)
w(15,499,5,113)
w(10,511,5,113)
r(13,606,5,113)
w(19,515,5,113)
r(3,4,5,114)
r(1,631,5,114)
w(19,516,5,114)
w(16,510,5,114)
r(18,7,5,114)
w(14,532,5,114)
w(5,508,5,114)
w(10,512,5,114)
r(12,592,5,114)
r(17,572,5,114)
r(8,622,5,114)
w(6,512,5,114)
r(11,6,5,114)
w(15,500,5,114)
r(4,633,5,114)
r(13,606,5,114)
r(0,194,5,114)
r(7,7,5,114)
w(9,503,5,114)
w(2,522,5,114)
w(2,523,5,115)
r(15,7,5,115)
r(11,6,5,115)
w(18,510,5,115)
w(12,489,5,115)
r(10,701,5,115)
r(4,633,5,115)
r(5,603,5,115)
w(6,513,5,115)
r(14,425,5,115)
r(7,7,5,115)
r(0,194,5,115)
w(16,511,5,115)
r(3,4,5,115)
w(13,519,5,115)
w(17,470,5,115)
w(8,526,5,115)
w(9,504,5,115)
w(1,537,5,115)
r(19,621,5,115)
r(15,302,5,116)
r(1,631,5,116)
r(12,592,5,116)
w(3,492,5,116)
w(19,517,5,116)
w(2,524,5,116)
r(18,312,5,116)
w(10,513,5,116)
r(6,9,5,116)
w(8,527,5,116)
w(11,497,5,116)
r(13,606,5,116)
w(9,505,5,116)
r(14,425,5,116)
r(7,311,5,116)
r(0,289,5,116)
w(4,540,5,116)
w(16,512,5,116)
w(5,509,5,116)
w(17,471,5,116)
w(13,520,5,117)
r(15,613,5,117)
r(14,425,5,117)
w(12,490,5,117)
w(10,514,5,117)
w(1,538,5,117)
r(4,636,5,117)
w(5,510,5,117)
w(8,528,5,117)
r(3,586,5,117)
w(17,472,5,117)
r(18,312,5,117)
r(9,603,5,117)
w(16,513,5,117)
w(19,518,5,117)
r(11,581,5,117)
r(0,289,5,117)
w(2,525,5,117)
r(6,9,5,117)
w(7,506,5,117)
r(3,586,5,118)
w(5,511,5,118)
r(10,513,5,118)
w(13,521,5,118)
w(14,533,5,118)
r(19,624,5,118)
w(6,514,5,118)
w(8,529,5,118)
w(7,507,5,118)
w(4,541,5,118)
w(17,473,5,118)
w(12,491,5,118)
r(15,613,5,118)
r(16,606,5,118)
r(0,289,5,118)
r(2,524,5,118)
r(18,312,5,118)
w(11,498,5,118)
w(9,506,5,118)
r(1,631,5,118)
r(9,603,5,119)
w(11,499,5,119)
r(4,636,5,119)
w(15,501,5,119)
w(8,530,5,119)
w(3,493,5,119)
r(6,9,5,119)
w(17,474,5,119)
r(18,312,5,119)
w(2,526,5,119)
r(1,631,5,119)
r(16,606,5,119)
r(19,624,5,119)
r(0,289,5,119)
r(13,610,5,119)
r(14,425,5,119)
r(12,596,5,119)
r(7,311,5,119)
r(10,513,5,119)
w(5,512,5,119)
r(3,679,6,120)
w(11,578,6,120)
r(6,98,6,120)
w(1,627,6,120)
w(9,593,6,120)
w(10,592,6,120)
w(19,616,6,120)
r(4,212,6,120)
r(13,96,6,120)
r(0,714,6,120)
w(18,615,6,120)
r(14,109,6,120)
r(15,92,6,120)
r(16,108,6,120)
w(5,600,6,120)
r(7,106,6,120)
r(8,720,6,120)
w(2,610,6,120)
w(17,568,6,120)
w(12,586,6,120)
w(11,579,6,121)
w(9,594,6,121)
w(3,577,6,121)
r(17,101,6,121)
r(4,212,6,121)
r(19,105,6,121)
r(14,109,6,121)
w(1,628,6,121)
w(5,601,6,121)
w(6,608,6,121)
w(15,605,6,121)
w(16,599,6,121)
w(13,601,6,121)
w(8,616,6,121)
r(10,120,6,121)
w(12,587,6,121)
w(0,613,6,121)
r(18,97,6,121)
r(2,692,6,121)
w(7,594,6,121)
w(16,600,6,122)
r(10,120,6,122)
w(0,614,6,122)
r(19,105,6,122)
r(2,692,6,122)
w(7,595,6,122)
w(5,602,6,122)
w(6,609,6,122)
r(13,601,6,122)
w(17,569,6,122)
w(15,606,6,122)
r(18,812,6,122)
r(14,109,6,122)
w(3,578,6,122)
w(8,617,6,122)
r(11,772,6,122)
w(12,588,6,122)
w(9,595,6,122)
r(1,839,6,122)
r(4,212,6,122)
w(0,615,6,123)
r(5,403,6,123)
w(8,618,6,123)
w(9,596,6,123)
r(11,397,6,123)
w(13,602,6,123)
r(1,430,6,123)
w(17,570,6,123)
w(18,616,6,123)
r(12,400,6,123)
r(14,109,6,123)
w(7,596,6,123)
r(6,401,6,123)
r(10,120,6,123)
r(16,599,6,123)
w(15,607,6,123)
r(3,390,6,123)
r(19,408,6,123)
r(2,411,6,123)
r(4,427,6,123)
r(13,602,6,124)
w(9,597,6,124)
w(1,629,6,124)
r(17,467,6,124)
r(14,530,6,124)
w(7,597,6,124)
r(4,427,6,124)
w(3,579,6,124)
w(8,619,6,124)
w(0,616,6,124)
w(18,617,6,124)
w(16,601,6,124)
r(12,486,6,124)
w(2,611,6,124)
r(11,493,6,124)
r(5,403,6,124)
w(19,617,6,124)
w(6,610,6,124)
r(15,495,6,124)
r(10,510,6,124)
r(0,506,6,125)
w(4,630,6,125)
w(3,580,6,125)
w(19,618,6,125)
r(14,530,6,125)
w(13,603,6,125)
r(6,508,6,125)
w(7,598,6,125)
w(2,612,6,125)
r(9,498,6,125)
r(17,467,6,125)
w(10,593,6,125)
w(12,589,6,125)
r(18,616,6,125)
r(15,495,6,125)
r(5,403,6,125)
w(16,602,6,125)
r(11,493,6,125)
r(8,618,6,125)
r(1,430,6,125)
r(16,8,6,126)
r(0,2,6,126)
r(5,7,6,126)
w(15,608,6,126)
r(11,403,6,126)
w(12,590,6,126)
r(6,508,6,126)
w(4,631,6,126)
w(14,631,6,126)
w(19,619,6,126)
w(7,599,6,126)
w(18,618,6,126)
r(10,408,6,126)
r(2,413,6,126)
w(13,604,6,126)
w(3,581,6,126)
w(1,630,6,126)
w(9,598,6,126)
r(17,5,6,126)
w(8,620,6,126)
w(14,632,6,127)
w(0,617,6,127)
w(17,571,6,127)
r(5,227,6,127)
r(6,201,6,127)
w(19,620,6,127)
r(10,701,6,127)
w(9,599,6,127)
w(4,632,6,127)
w(15,609,6,127)
w(13,605,6,127)
w(18,619,6,127)
w(3,582,6,127)
w(8,621,6,127)
w(16,603,6,127)
w(7,600,6,127)
w(11,580,6,127)
w(12,591,6,127)
w(2,613,6,127)
r(1,740,6,127)
w(19,621,6,128)
w(12,592,6,128)
w(17,572,6,128)
w(5,603,6,128)
w(1,631,6,128)
w(4,633,6,128)
r(3,4,6,128)
w(8,622,6,128)
w(13,606,6,128)
r(15,7,6,128)
r(14,425,6,128)
r(18,7,6,128)
r(11,6,6,128)
r(7,7,6,128)
r(6,9,6,128)
r(2,207,6,128)
r(0,194,6,128)
r(16,9,6,128)
r(10,701,6,128)
w(9,600,6,128)
w(16,604,6,129)
w(15,610,6,129)
w(19,622,6,129)
r(11,6,6,129)
w(0,618,6,129)
r(6,9,6,129)
w(4,634,6,129)
w(18,620,6,129)
w(2,614,6,129)
r(14,425,6,129)
w(7,601,6,129)
w(12,593,6,129)
r(10,701,6,129)
w(9,601,6,129)
r(8,622,6,129)
w(5,604,6,129)
w(1,632,6,129)
r(3,4,6,129)
r(17,572,6,129)
w(13,607,6,129)
w(13,608,6,130)
w(17,573,6,130)
w(10,594,6,130)
r(4,633,6,130)
w(1,633,6,130)
r(6,9,6,130)
r(2,207,6,130)
w(3,583,6,130)
r(19,621,6,130)
r(7,7,6,130)
r(14,425,6,130)
w(15,611,6,130)
w(18,621,6,130)
r(16,9,6,130)
r(0,194,6,130)
w(5,605,6,130)
w(8,623,6,130)
w(12,594,6,130)
r(11,6,6,130)
r(9,600,6,130)
r(11,6,6,131)
r(19,621,6,131)
w(16,605,6,131)
w(3,584,6,131)
r(1,631,6,131)
r(6,9,6,131)
r(13,606,6,131)
w(0,619,6,131)
r(4,633,6,131)
w(15,612,6,131)
w(9,602,6,131)
r(10,701,6,131)
r(18,7,6,131)
r(7,7,6,131)
w(17,574,6,131)
r(5,603,6,131)
r(14,425,6,131)
r(12,592,6,131)
w(8,624,6,131)
r(2,207,6,131)
w(12,595,6,132)
w(13,609,6,132)
r(5,603,6,132)
w(7,602,6,132)
r(10,701,6,132)
r(11,309,6,132)
w(14,633,6,132)
w(2,615,6,132)
r(0,289,6,132)
r(8,313,6,132)
w(3,585,6,132)
r(16,9,6,132)
r(1,631,6,132)
r(9,291,6,132)
r(15,302,6,132)
w(19,623,6,132)
w(17,575,6,132)
w(18,622,6,132)
r(6,9,6,132)
w(4,635,6,132)
w(13,610,6,133)
w(17,576,6,133)
w(11,581,6,133)
r(10,513,6,133)
w(5,606,6,133)
r(6,9,6,133)
w(19,624,6,133)
w(15,613,6,133)
w(4,636,6,133)
r(14,425,6,133)
r(1,631,6,133)
w(3,586,6,133)
w(9,603,6,133)
r(2,524,6,133)
w(12,596,6,133)
r(7,311,6,133)
w(16,606,6,133)
r(0,289,6,133)
r(18,312,6,133)
r(8,527,6,133)
w(4,637,6,134)
r(5,606,6,134)
r(6,9,6,134)
w(0,620,6,134)
w(9,604,6,134)
r(2,314,6,134)
r(11,581,6,134)
r(12,596,6,134)
w(1,634,6,134)
r(14,425,6,134)
w(7,603,6,134)
r(16,606,6,134)
w(17,577,6,134)
w(8,625,6,134)
r(3,299,6,134)
w(10,595,6,134)
w(15,614,6,134)
r(13,315,6,134)
w(19,625,6,134)
r(18,312,6,134)
w(10,596,6,135)
w(19,626,6,135)
r(6,9,6,135)
w(7,604,6,135)
w(0,621,6,135)
w(16,607,6,135)
w(17,578,6,135)
r(2,314,6,135)
w(8,626,6,135)
w(14,634,6,135)
w(12,597,6,135)
r(3,299,6,135)
w(5,607,6,135)
w(4,638,6,135)
r(9,293,6,135)
w(15,615,6,135)
r(18,312,6,135)
r(13,315,6,135)
r(1,330,6,135)
w(11,582,6,135)
r(7,405,6,136)
w(5,608,6,136)
r(15,401,6,136)
r(19,417,6,136)
w(13,611,6,136)
r(0,400,6,136)
w(3,587,6,136)
r(18,409,6,136)
r(2,314,6,136)
r(1,440,6,136)
r(11,581,6,136)
r(6,404,6,136)
r(9,397,6,136)
r(17,381,6,136)
r(12,408,6,136)
w(4,639,6,136)
r(8,316,6,136)
w(10,597,6,136)
w(14,635,6,136)
r(16,606,6,136)
w(1,635,6,137)
r(16,606,6,137)
r(18,903,6,137)
w(8,627,6,137)
r(12,112,6,137)
w(3,588,6,137)
r(15,913,6,137)
w(6,611,6,137)
w(5,609,6,137)
r(13,416,6,137)
w(9,605,6,137)
r(11,121,6,137)
r(14,925,6,137)
r(4,940,6,137)
w(2,616,6,137)
w(17,579,6,137)
r(19,918,6,137)
w(0,622,6,137)
r(7,898,6,137)
w(10,598,6,137)
r(19,217,6,138)
w(2,617,6,138)
w(9,606,6,138)
w(4,640,6,138)
r(1,120,6,138)
r(3,588,6,138)
w(11,583,6,138)
r(13,103,6,138)
w(7,605,6,138)
r(14,118,6,138)
r(15,200,6,138)
r(5,128,6,138)
w(6,612,6,138)
w(18,623,6,138)
w(8,628,6,138)
r(17,199,6,138)
w(10,599,6,138)
r(12,114,6,138)
r(16,116,6,138)
r(0,106,6,138)
r(1,120,6,139)
w(16,608,6,139)
w(4,641,6,139)
r(13,103,6,139)
w(9,607,6,139)
r(8,628,6,139)
w(17,580,6,139)
r(7,605,6,139)
r(10,599,6,139)
w(5,610,6,139)
w(15,616,6,139)
r(3,588,6,139)
r(12,114,6,139)
r(6,612,6,139)
w(19,627,6,139)
w(0,623,6,139)
r(2,617,6,139)
w(18,624,6,139)
r(11,583,6,139)
r(14,118,6,139)
w(9,695,7,140)
r(8,198,7,140)
w(3,678,7,140)
r(19,208,7,140)
r(5,4,7,140)
w(17,682,7,140)
r(12,4,7,140)
w(10,695,7,140)
r(16,212,7,140)
w(1,736,7,140)
r(18,193,7,140)
r(13,0,7,140)
w(0,713,7,140)
w(6,696,7,140)
r(4,212,7,140)
r(2,205,7,140)
r(7,197,7,140)
w(14,722,7,140)
w(15,701,7,140)
r(11,2,7,140)
r(2,205,7,141)
r(10,3,7,141)
w(14,723,7,141)
w(6,697,7,141)
w(9,696,7,141)
r(7,197,7,141)
w(12,673,7,141)
w(18,712,7,141)
w(4,725,7,141)
r(11,2,7,141)
r(15,2,7,141)
w(19,719,7,141)
r(3,1,7,141)
r(17,190,7,141)
w(13,698,7,141)
r(5,4,7,141)
w(8,719,7,141)
r(1,214,7,141)
r(0,191,7,141)
w(16,699,7,141)
r(7,197,7,142)
r(4,212,7,142)
w(18,713,7,142)
w(14,724,7,142)
r(0,191,7,142)
r(17,190,7,142)
w(19,720,7,142)
r(15,2,7,142)
r(2,205,7,142)
w(6,698,7,142)
r(9,2,7,142)
r(3,1,7,142)
r(16,212,7,142)
w(10,696,7,142)
w(12,674,7,142)
r(1,214,7,142)
r(5,4,7,142)
w(13,699,7,142)
r(8,198,7,142)
w(11,676,7,142)
w(18,714,7,143)
w(3,679,7,143)
w(8,720,7,143)
r(9,2,7,143)
w(0,714,7,143)
w(2,692,7,143)
w(14,725,7,143)
w(15,702,7,143)
w(7,691,7,143)
w(10,697,7,143)
w(13,700,7,143)
w(17,683,7,143)
r(4,212,7,143)
w(6,699,7,143)
r(1,214,7,143)
r(11,2,7,143)
w(12,675,7,143)
w(19,721,7,143)
w(5,700,7,143)
w(16,700,7,143)
r(7,106,7,144)
w(8,721,7,144)
w(1,737,7,144)
w(4,726,7,144)
w(14,726,7,144)
r(15,92,7,144)
w(18,715,7,144)
w(9,697,7,144)
w(17,684,7,144)
r(5,119,7,144)
r(3,679,7,144)
w(13,701,7,144)
r(6,98,7,144)
w(2,693,7,144)
r(16,108,7,144)
w(19,722,7,144)
w(0,715,7,144)
r(11,111,7,144)
r(12,675,7,144)
w(10,698,7,144)
w(0,716,7,145)
w(6,700,7,145)
w(8,722,7,145)
r(14,109,7,145)
r(9,596,7,145)
r(4,427,7,145)
r(12,400,7,145)
w(7,692,7,145)
w(16,701,7,145)
w(5,701,7,145)
w(19,723,7,145)
r(2,411,7,145)
r(1,430,7,145)
w(18,716,7,145)
w(17,685,7,145)
r(15,607,7,145)
r(10,120,7,145)
r(3,390,7,145)
w(11,677,7,145)
r(13,602,7,145)
w(17,686,7,146)
w(12,676,7,146)
w(6,701,7,146)
r(18,616,7,146)
r(19,408,7,146)
r(16,599,7,146)
w(3,680,7,146)
w(14,727,7,146)
w(5,702,7,146)
r(15,607,7,146)
w(11,678,7,146)
w(10,699,7,146)
w(8,723,7,146)
r(0,615,7,146)
r(9,596,7,146)
r(7,596,7,146)
w(4,727,7,146)
w(2,694,7,146)
w(1,738,7,146)
w(13,702,7,146)
r(6,508,7,147)
r(4,630,7,147)
r(15,495,7,147)
w(7,693,7,147)
w(18,717,7,147)
w(1,739,7,147)
r(16,602,7,147)
r(12,589,7,147)
r(19,618,7,147)
r(9,498,7,147)
w(17,687,7,147)
w(8,724,7,147)
w(2,695,7,147)
r(11,493,7,147)
w(5,703,7,147)
w(3,681,7,147)
w(10,700,7,147)
r(13,603,7,147)
w(14,728,7,147)
r(0,506,7,147)
r(6,201,7,148)
r(11,207,7,148)
r(10,213,7,148)
r(19,210,7,148)
w(2,696,7,148)
r(5,227,7,148)
w(12,677,7,148)
r(7,204,7,148)
w(17,688,7,148)
w(0,717,7,148)
r(8,416,7,148)
w(18,718,7,148)
r(9,192,7,148)
r(16,216,7,148)
r(14,425,7,148)
r(4,10,7,148)
r(3,201,7,148)
w(13,703,7,148)
w(15,703,7,148)
r(1,434,7,148)
r(13,412,7,149)
r(2,207,7,149)
w(16,702,7,149)
w(1,740,7,149)
w(10,701,7,149)
w(8,725,7,149)
r(17,5,7,149)
r(7,204,7,149)
w(15,704,7,149)
w(12,678,7,149)
w(3,682,7,149)
w(4,728,7,149)
r(14,425,7,149)
w(18,719,7,149)
w(19,724,7,149)
r(0,194,7,149)
w(9,698,7,149)
w(11,679,7,149)
r(5,227,7,149)
r(6,201,7,149)
w(5,704,7,150)
w(13,704,7,150)
r(7,7,7,150)
r(18,7,7,150)
r(14,425,7,150)
r(1,740,7,150)
w(6,702,7,150)
r(15,7,7,150)
w(10,702,7,150)
w(2,697,7,150)
w(16,703,7,150)
w(0,718,7,150)
w(17,689,7,150)
r(9,698,7,150)
w(4,729,7,150)
w(3,683,7,150)
w(11,680,7,150)
w(8,726,7,150)
w(12,679,7,150)
w(19,725,7,150)
r(1,631,7,151)
w(5,705,7,151)
w(7,694,7,151)
w(12,680,7,151)
w(4,730,7,151)
w(15,705,7,151)
w(2,698,7,151)
r(18,7,7,151)
w(3,684,7,151)
w(11,681,7,151)
r(8,622,7,151)
r(14,425,7,151)
w(17,690,7,151)
r(0,194,7,151)
r(19,621,7,151)
w(6,703,7,151)
r(13,606,7,151)
r(16,9,7,151)
w(10,703,7,151)
w(9,699,7,151)
r(4,633,7,152)
w(12,681,7,152)
w(5,706,7,152)
w(15,706,7,152)
w(7,695,7,152)
w(10,704,7,152)
w(17,691,7,152)
w(0,719,7,152)
w(19,726,7,152)
w(3,685,7,152)
r(13,606,7,152)
r(2,207,7,152)
r(1,631,7,152)
w(18,720,7,152)
w(6,704,7,152)
r(9,600,7,152)
w(11,682,7,152)
r(8,622,7,152)
r(14,425,7,152)
r(16,9,7,152)
w(10,705,7,153)
r(11,6,7,153)
r(8,622,7,153)
r(5,603,7,153)
w(15,707,7,153)
r(0,194,7,153)
r(13,606,7,153)
r(18,7,7,153)
w(14,729,7,153)
w(2,699,7,153)
w(17,692,7,153)
w(7,696,7,153)
w(4,731,7,153)
w(6,705,7,153)
w(1,741,7,153)
w(19,727,7,153)
w(3,686,7,153)
r(12,592,7,153)
r(9,600,7,153)
w(16,704,7,153)
r(19,621,7,154)
w(2,700,7,154)
r(12,592,7,154)
w(0,720,7,154)
r(6,9,7,154)
w(8,727,7,154)
r(14,425,7,154)
r(7,7,7,154)
r(11,6,7,154)
w(10,706,7,154)
w(15,708,7,154)
r(13,606,7,154)
w(4,732,7,154)
r(5,603,7,154)
r(9,600,7,154)
w(3,687,7,154)
w(17,693,7,154)
r(18,7,7,154)
w(1,742,7,154)
r(16,9,7,154)
w(19,728,7,155)
r(6,9,7,155)
w(2,701,7,155)
w(3,688,7,155)
r(15,7,7,155)
r(4,633,7,155)
w(10,707,7,155)
r(11,6,7,155)
r(14,425,7,155)
w(1,743,7,155)
w(0,721,7,155)
r(13,606,7,155)
w(7,697,7,155)
r(12,592,7,155)
r(5,603,7,155)
r(9,600,7,155)
r(16,9,7,155)
w(8,728,7,155)
w(17,694,7,155)
w(18,721,7,155)
w(6,706,7,156)
r(8,622,7,156)
w(17,695,7,156)
w(10,708,7,156)
w(1,744,7,156)
w(14,730,7,156)
r(18,7,7,156)
w(11,683,7,156)
r(0,194,7,156)
r(12,592,7,156)
w(4,733,7,156)
w(15,709,7,156)
r(3,4,7,156)
r(13,606,7,156)
r(7,7,7,156)
r(19,621,7,156)
r(9,600,7,156)
w(2,702,7,156)
r(5,603,7,156)
r(16,9,7,156)
w(7,698,7,157)
r(13,606,7,157)
r(11,6,7,157)
w(10,709,7,157)
w(4,734,7,157)
r(19,621,7,157)
r(9,600,7,157)
r(14,425,7,157)
w(18,722,7,157)
w(12,682,7,157)
w(2,703,7,157)
w(0,722,7,157)
w(17,696,7,157)
w(15,710,7,157)
r(5,603,7,157)
r(8,622,7,157)
w(6,707,7,157)
r(16,9,7,157)
r(3,4,7,157)
r(1,631,7,157)
r(8,622,7,158)
w(12,683,7,158)
w(1,745,7,158)
w(7,699,7,158)
w(9,700,7,158)
w(15,711,7,158)
r(13,606,7,158)
r(5,603,7,158)
w(16,705,7,158)
w(14,731,7,158)
r(10,701,7,158)
w(17,697,7,158)
r(11,6,7,158)
w(3,689,7,158)
w(0,723,7,158)
r(6,9,7,158)
r(4,633,7,158)
r(18,7,7,158)
w(2,704,7,158)
r(19,621,7,158)
r(16,9,7,159)
r(11,309,7,159)
w(6,708,7,159)
r(15,302,7,159)
r(2,312,7,159)
w(19,729,7,159)
w(13,705,7,159)
w(0,724,7,159)
w(4,735,7,159)
w(8,729,7,159)
w(1,746,7,159)
w(7,700,7,159)
r(5,603,7,159)
w(12,684,7,159)
w(10,710,7,159)
r(9,291,7,159)
w(14,732,7,159)
w(17,698,7,159)
w(18,723,7,159)
w(3,690,7,159)
r(15,2,8,160)
w(8,815,8,160)
r(0,191,8,160)
r(2,205,8,160)
w(9,798,8,160)
r(18,193,8,160)
r(16,212,8,160)
r(14,207,8,160)
w(17,792,8,160)
r(12,4,8,160)
r(10,3,8,160)
w(7,794,8,160)
w(13,790,8,160)
r(4,212,8,160)
w(19,824,8,160)
w(1,837,8,160)
w(5,776,8,160)
r(6,198,8,160)
w(11,769,8,160)
r(3,1,8,160)
r(11,2,8,161)
r(9,2,8,161)
r(1,214,8,161)
r(15,2,8,161)
w(13,791,8,161)
r(19,208,8,161)
w(12,780,8,161)
r(7,197,8,161)
r(14,207,8,161)
r(3,1,8,161)
r(2,205,8,161)
w(6,798,8,161)
r(18,193,8,161)
r(5,4,8,161)
w(0,815,8,161)
w(17,793,8,161)
r(8,198,8,161)
r(16,212,8,161)
w(10,810,8,161)
w(4,826,8,161)
w(2,800,8,162)
w(18,810,8,162)
w(4,827,8,162)
r(5,700,8,162)
w(19,825,8,162)
r(0,714,8,162)
w(10,811,8,162)
w(11,770,8,162)
r(3,679,8,162)
w(12,781,8,162)
r(9,2,8,162)
r(6,699,8,162)
w(14,829,8,162)
w(16,805,8,162)
w(17,794,8,162)
w(8,816,8,162)
r(13,700,8,162)
w(15,804,8,162)
w(1,838,8,162)
w(7,795,8,162)
r(13,700,8,163)
w(10,812,8,163)
r(7,691,8,163)
r(15,702,8,163)
r(9,2,8,163)
r(19,721,8,163)
r(5,700,8,163)
w(17,795,8,163)
r(16,700,8,163)
r(18,714,8,163)
r(14,725,8,163)
w(12,782,8,163)
r(2,692,8,163)
r(6,699,8,163)
r(11,2,8,163)
r(4,212,8,163)
r(8,720,8,163)
r(1,214,8,163)
r(0,714,8,163)
w(3,777,8,163)
w(11,771,8,164)
r(19,105,8,164)
w(9,799,8,164)
r(3,679,8,164)
r(10,120,8,164)
r(1,108,8,164)
w(14,830,8,164)
w(17,796,8,164)
r(6,98,8,164)
w(8,817,8,164)
w(16,806,8,164)
r(2,692,8,164)
w(5,777,8,164)
r(13,96,8,164)
w(18,811,8,164)
r(12,675,8,164)
r(0,714,8,164)
r(4,212,8,164)
r(15,92,8,164)
w(7,796,8,164)
w(5,778,8,165)
w(1,839,8,165)
r(7,594,8,165)
r(2,692,8,165)
w(6,799,8,165)
w(12,783,8,165)
w(0,816,8,165)
r(10,120,8,165)
w(11,772,8,165)
r(14,109,8,165)
r(13,601,8,165)
r(19,105,8,165)
r(3,577,8,165)
w(18,812,8,165)
r(4,212,8,165)
r(8,616,8,165)
r(16,599,8,165)
r(9,594,8,165)
w(15,805,8,165)
r(17,101,8,165)
w(1,840,8,166)
r(10,120,8,166)
w(8,818,8,166)
r(14,109,8,166)
r(18,616,8,166)
r(12,400,8,166)
r(17,570,8,166)
r(6,401,8,166)
w(7,797,8,166)
w(16,807,8,166)
w(19,826,8,166)
r(13,602,8,166)
r(3,390,8,166)
w(15,806,8,166)
w(11,773,8,166)
r(5,403,8,166)
w(0,817,8,166)
r(2,411,8,166)
w(4,828,8,166)
w(9,800,8,166)
w(7,798,8,167)
r(4,427,8,167)
r(18,616,8,167)
r(9,596,8,167)
r(17,570,8,167)
r(12,400,8,167)
w(13,792,8,167)
w(10,813,8,167)
w(8,819,8,167)
r(6,401,8,167)
r(5,403,8,167)
w(0,818,8,167)
w(1,841,8,167)
w(2,801,8,167)
r(11,397,8,167)
w(14,831,8,167)
r(16,599,8,167)
w(19,827,8,167)
w(15,807,8,167)
r(3,390,8,167)
w(6,800,8,168)
w(14,832,8,168)
w(17,797,8,168)
r(15,495,8,168)
r(7,504,8,168)
w(11,774,8,168)
r(10,510,8,168)
w(3,778,8,168)
r(13,602,8,168)
r(12,486,8,168)
r(5,403,8,168)
r(16,506,8,168)
r(9,498,8,168)
w(19,828,8,168)
w(18,813,8,168)
r(0,506,8,168)
r(4,427,8,168)
r(8,618,8,168)
w(1,842,8,168)
r(2,518,8,168)
w(19,829,8,169)
r(12,486,8,169)
w(17,798,8,169)
r(16,506,8,169)
w(7,799,8,169)
w(11,775,8,169)
r(4,427,8,169)
r(13,602,8,169)
r(14,530,8,169)
w(15,808,8,169)
r(9,498,8,169)
r(1,430,8,169)
r(3,487,8,169)
w(0,819,8,169)
r(6,508,8,169)
r(10,510,8,169)
r(18,616,8,169)
w(2,802,8,169)
r(5,403,8,169)
w(8,820,8,169)
w(10,814,8,170)
r(14,530,8,170)
r(13,603,8,170)
w(19,830,8,170)
w(17,799,8,170)
w(7,800,8,170)
r(6,508,8,170)
w(18,814,8,170)
w(11,776,8,170)
w(5,779,8,170)
w(3,779,8,170)
w(0,820,8,170)
w(1,843,8,170)
w(9,801,8,170)
w(8,821,8,170)
r(4,630,8,170)
r(15,495,8,170)
w(12,784,8,170)
r(16,602,8,170)
w(2,803,8,170)
w(13,793,8,171)
w(16,808,8,171)
w(19,831,8,171)
w(18,815,8,171)
w(4,829,8,171)
w(14,833,8,171)
w(8,822,8,171)
w(10,815,8,171)
r(5,403,8,171)
r(6,508,8,171)
r(7,598,8,171)
r(17,467,8,171)
w(11,777,8,171)
w(0,821,8,171)
w(15,809,8,171)
w(3,780,8,171)
r(12,589,8,171)
r(1,430,8,171)
w(9,802,8,171)
w(2,804,8,171)
w(11,778,8,172)
w(15,810,8,172)
r(18,199,8,172)
r(4,10,8,172)
w(17,800,8,172)
w(2,805,8,172)
w(19,832,8,172)
w(16,809,8,172)
w(7,801,8,172)
r(5,227,8,172)
r(0,194,8,172)
r(14,425,8,172)
w(8,823,8,172)
w(1,844,8,172)
w(9,803,8,172)
w(13,794,8,172)
w(12,785,8,172)
w(10,816,8,172)
w(3,781,8,172)
w(6,801,8,172)
w(5,780,8,173)
w(10,817,8,173)
w(1,845,8,173)
r(12,678,8,173)
r(4,728,8,173)
r(13,412,8,173)
w(6,802,8,173)
r(3,682,8,173)
r(19,724,8,173)
r(2,207,8,173)
r(8,725,8,173)
w(0,822,8,173)
r(9,698,8,173)
r(11,679,8,173)
w(14,834,8,173)
r(7,204,8,173)
r(15,704,8,173)
r(18,719,8,173)
r(17,5,8,173)
r(16,702,8,173)
r(3,4,8,174)
w(0,823,8,174)
w(6,803,8,174)
r(13,606,8,174)
w(15,811,8,174)
w(14,835,8,174)
w(1,846,8,174)
w(5,781,8,174)
r(8,622,8,174)
r(16,9,8,174)
w(10,818,8,174)
r(7,7,8,174)
r(18,7,8,174)
r(4,633,8,174)
w(2,806,8,174)
r(19,621,8,174)
r(11,6,8,174)
r(9,600,8,174)
w(12,786,8,174)
w(17,801,8,174)
w(16,810,8,175)
w(2,807,8,175)
w(11,779,8,175)
w(4,830,8,175)
r(9,600,8,175)
r(5,603,8,175)
r(1,631,8,175)
w(3,782,8,175)
r(17,572,8,175)
w(10,819,8,175)
w(14,836,8,175)
w(7,802,8,175)
w(18,816,8,175)
r(19,621,8,175)
r(0,194,8,175)
r(8,622,8,175)
w(15,812,8,175)
w(6,804,8,175)
w(12,787,8,175)
w(13,795,8,175)
w(18,817,8,176)
r(7,7,8,176)
w(4,831,8,176)
w(10,820,8,176)
w(2,808,8,176)
r(14,425,8,176)
w(5,782,8,176)
w(3,783,8,176)
r(6,9,8,176)
r(9,600,8,176)
r(19,621,8,176)
r(1,631,8,176)
r(13,606,8,176)
w(15,813,8,176)
r(17,572,8,176)
r(16,9,8,176)
r(12,592,8,176)
w(11,780,8,176)
r(0,194,8,176)
w(8,824,8,176)
r(2,312,8,177)
w(5,783,8,177)
w(10,821,8,177)
r(9,291,8,177)
w(13,796,8,177)
w(7,803,8,177)
r(16,9,8,177)
w(19,833,8,177)
w(4,832,8,177)
r(0,289,8,177)
w(17,802,8,177)
r(15,302,8,177)
w(6,805,8,177)
r(1,631,8,177)
r(11,309,8,177)
w(3,784,8,177)
w(18,818,8,177)
r(14,425,8,177)
w(12,788,8,177)
w(8,825,8,177)
w(5,784,8,178)
r(7,311,8,178)
w(17,803,8,178)
r(12,592,8,178)
r(16,9,8,178)
r(10,701,8,178)
w(3,785,8,178)
w(0,824,8,178)
w(8,826,8,178)
w(1,847,8,178)
r(9,291,8,178)
r(18,312,8,178)
w(4,833,8,178)
r(6,9,8,178)
w(15,814,8,178)
w(11,781,8,178)
w(13,797,8,178)
r(19,318,8,178)
w(14,837,8,178)
w(2,809,8,178)
r(17,292,8,179)
w(3,786,8,179)
w(6,806,8,179)
w(9,804,8,179)
w(0,825,8,179)
r(4,328,8,179)
r(18,312,8,179)
r(19,624,8,179)
w(11,782,8,179)
r(12,596,8,179)
r(2,314,8,179)
r(15,613,8,179)
r(10,513,8,179)
w(14,838,8,179)
w(7,804,8,179)
w(13,798,8,179)
r(1,330,8,179)
r(8,316,8,179)
w(5,785,8,179)
w(16,811,8,179)
w(3,865,9,180)
w(6,902,9,180)
w(5,875,9,180)
w(8,911,9,180)
w(16,894,9,180)
r(18,193,9,180)
w(4,932,9,180)
r(11,2,9,180)
w(13,883,9,180)
r(10,3,9,180)
w(17,883,9,180)
w(15,907,9,180)
w(19,910,9,180)
r(1,214,9,180)
w(2,902,9,180)
r(12,4,9,180)
w(14,919,9,180)
w(0,910,9,180)
r(9,2,9,180)
w(7,890,9,180)
r(9,2,9,181)
w(11,878,9,181)
r(0,191,9,181)
w(18,898,9,181)
w(8,912,9,181)
w(1,947,9,181)
r(13,0,9,181)
r(6,198,9,181)
r(19,208,9,181)
w(7,891,9,181)
r(3,1,9,181)
r(5,4,9,181)
r(15,2,9,181)
w(14,920,9,181)
w(12,883,9,181)
w(17,884,9,181)
r(16,212,9,181)
w(2,903,9,181)
w(10,913,9,181)
w(4,933,9,181)
r(16,700,9,182)
r(18,714,9,182)
r(7,691,9,182)
w(19,911,9,182)
w(13,884,9,182)
w(0,911,9,182)
w(9,892,9,182)
r(4,212,9,182)
r(17,683,9,182)
r(15,702,9,182)
r(1,214,9,182)
r(6,699,9,182)
w(5,876,9,182)
w(2,904,9,182)
r(10,697,9,182)
r(12,675,9,182)
r(11,2,9,182)
w(3,866,9,182)
r(14,725,9,182)
r(8,720,9,182)
w(1,948,9,183)
r(8,618,9,183)
w(16,895,9,183)
w(2,905,9,183)
w(18,899,9,183)
w(11,879,9,183)
r(17,570,9,183)
w(5,877,9,183)
r(10,120,9,183)
w(15,908,9,183)
w(12,884,9,183)
w(0,912,9,183)
r(3,390,9,183)
w(4,934,9,183)
w(9,893,9,183)
w(13,885,9,183)
w(6,903,9,183)
w(19,912,9,183)
r(7,596,9,183)
r(14,109,9,183)
w(12,885,9,184)
r(2,518,9,184)
r(6,508,9,184)
w(15,909,9,184)
r(13,602,9,184)
r(19,510,9,184)
r(9,498,9,184)
w(18,900,9,184)
r(8,618,9,184)
r(16,506,9,184)
w(10,914,9,184)
w(17,885,9,184)
r(11,493,9,184)
w(0,913,9,184)
r(14,530,9,184)
r(4,427,9,184)
w(5,878,9,184)
w(7,892,9,184)
r(1,430,9,184)
w(3,867,9,184)
w(2,906,9,185)
w(17,886,9,185)
r(6,508,9,185)
r(4,630,9,185)
w(12,886,9,185)
w(13,886,9,185)
r(1,430,9,185)
w(9,894,9,185)
w(16,896,9,185)
r(8,618,9,185)
r(19,618,9,185)
r(3,580,9,185)
w(5,879,9,185)
w(18,901,9,185)
w(0,914,9,185)
r(14,530,9,185)
r(11,493,9,185)
w(10,915,9,185)
w(7,893,9,185)
r(15,495,9,185)
w(12,887,9,186)
r(1,434,9,186)
w(15,910,9,186)
w(5,880,9,186)
w(14,921,9,186)
r(2,413,9,186)
w(16,897,9,186)
r(4,10,9,186)
w(0,915,9,186)
w(17,887,9,186)
r(18,5,9,186)
w(7,894,9,186)
r(19,5,9,186)
r(13,412,9,186)
r(8,416,9,186)
r(10,408,9,186)
r(9,6,9,186)
w(6,904,9,186)
r(11,403,9,186)
w(3,868,9,186)
r(12,592,9,187)
r(10,701,9,187)
w(19,913,9,187)
r(11,6,9,187)
r(6,9,9,187)
r(7,7,9,187)
w(13,887,9,187)
r(15,7,9,187)
w(8,913,9,187)
r(2,207,9,187)
r(18,7,9,187)
w(1,949,9,187)
w(5,881,9,187)
r(0,194,9,187)
w(4,935,9,187)
w(3,869,9,187)
r(9,600,9,187)
w(17,888,9,187)
r(16,9,9,187)
w(14,922,9,187)
r(18,7,9,188)
r(6,9,9,188)
w(8,914,9,188)
r(16,9,9,188)
r(3,4,9,188)
w(14,923,9,188)
r(15,7,9,188)
w(10,916,9,188)
w(9,895,9,188)
w(13,888,9,188)
r(5,603,9,188)
w(12,888,9,188)
r(7,7,9,188)
w(1,950,9,188)
r(2,207,9,188)
r(0,194,9,188)
r(17,572,9,188)
r(19,621,9,188)
w(4,936,9,188)
w(11,880,9,188)
r(2,207,9,189)
r(18,7,9,189)
r(3,4,9,189)
r(12,592,9,189)
r(6,9,9,189)
w(4,937,9,189)
r(1,631,9,189)
w(7,895,9,189)
r(10,701,9,189)
w(17,889,9,189)
r(0,194,9,189)
r(8,622,9,189)
w(19,914,9,189)
w(5,882,9,189)
w(9,896,9,189)
w(11,881,9,189)
r(14,425,9,189)
w(13,889,9,189)
w(16,898,9,189)
w(15,911,9,189)
r(3,4,9,190)
r(12,592,9,190)
r(18,7,9,190)
w(6,905,9,190)
r(14,425,9,190)
r(7,7,9,190)
w(5,883,9,190)
r(15,7,9,190)
w(19,915,9,190)
w(9,897,9,190)
r(2,207,9,190)
r(4,633,9,190)
r(0,194,9,190)
w(11,882,9,190)
r(8,622,9,190)
r(17,572,9,190)
r(16,9,9,190)
w(1,951,9,190)
r(13,606,9,190)
w(10,917,9,190)
r(4,633,9,191)
w(3,870,9,191)
w(12,889,9,191)
w(14,924,9,191)
r(11,6,9,191)
w(18,902,9,191)
w(2,907,9,191)
r(1,631,9,191)
w(13,890,9,191)
w(17,890,9,191)
w(16,899,9,191)
r(9,600,9,191)
w(0,916,9,191)
r(15,7,9,191)
r(6,9,9,191)
w(7,896,9,191)
r(5,603,9,191)
r(19,621,9,191)
r(10,701,9,191)
w(8,915,9,191)
w(16,900,9,192)
w(19,916,9,192)
r(8,313,9,192)
w(4,938,9,192)
w(10,918,9,192)
w(1,952,9,192)
w(7,897,9,192)
w(12,890,9,192)
r(14,425,9,192)
r(18,312,9,192)
w(6,906,9,192)
r(15,302,9,192)
r(11,309,9,192)
r(0,289,9,192)
r(3,295,9,192)
w(2,908,9,192)
r(5,603,9,192)
w(9,898,9,192)
r(13,606,9,192)
w(17,891,9,192)
r(8,316,9,193)
r(14,425,9,193)
w(2,909,9,193)
r(1,440,9,193)
w(17,892,9,193)
r(18,409,9,193)
r(7,405,9,193)
w(19,917,9,193)
w(0,917,9,193)
r(11,581,9,193)
w(16,901,9,193)
r(12,408,9,193)
w(15,912,9,193)
r(13,416,9,193)
w(3,871,9,193)
w(9,899,9,193)
w(5,884,9,193)
w(4,939,9,193)
r(10,513,9,193)
r(6,404,9,193)
w(2,910,9,194)
w(15,913,9,194)
w(1,953,9,194)
w(14,925,9,194)
r(16,606,9,194)
r(12,112,9,194)
r(9,110,9,194)
w(10,919,9,194)
w(18,903,9,194)
w(17,893,9,194)
w(5,885,9,194)
w(4,940,9,194)
r(8,316,9,194)
w(7,898,9,194)
w(19,918,9,194)
r(13,416,9,194)
r(11,121,9,194)
w(6,907,9,194)
r(3,104,9,194)
r(0,400,9,194)
w(16,902,9,195)
w(15,914,9,195)
w(5,886,9,195)
r(6,205,9,195)
r(2,214,9,195)
r(9,196,9,195)
r(0,622,9,195)
w(4,941,9,195)
w(14,926,9,195)
w(10,920,9,195)
r(17,199,9,195)
w(11,883,9,195)
r(18,205,9,195)
r(8,205,9,195)
w(12,891,9,195)
w(1,954,9,195)
r(19,217,9,195)
r(13,416,9,195)
w(3,872,9,195)
r(7,210,9,195)
r(16,608,9,196)
w(17,894,9,196)
w(0,918,9,196)
r(13,103,9,196)
w(14,927,9,196)
w(19,919,9,196)
r(7,605,9,196)
w(1,955,9,196)
r(15,616,9,196)
r(8,421,9,196)
r(5,413,9,196)
w(18,904,9,196)
r(10,411,9,196)
w(3,873,9,196)
r(11,583,9,196)
w(6,908,9,196)
w(12,892,9,196)
r(2,420,9,196)
r(4,641,9,196)
r(9,398,9,196)
r(9,398,9,197)
r(2,420,9,197)
w(1,956,9,197)
r(15,616,9,197)
w(12,893,9,197)
w(5,887,9,197)
w(18,905,9,197)
w(7,899,9,197)
w(0,919,9,197)
w(16,903,9,197)
w(10,921,9,197)
r(11,583,9,197)
r(13,103,9,197)
w(17,895,9,197)
r(4,641,9,197)
r(6,908,9,197)
r(3,873,9,197)
r(8,421,9,197)
r(19,919,9,197)
r(14,927,9,197)
w(10,922,9,198)
w(11,884,9,198)
r(5,887,9,198)
r(16,903,9,198)
r(8,421,9,198)
w(12,894,9,198)
w(4,942,9,198)
w(6,909,9,198)
w(18,906,9,198)
r(2,420,9,198)
r(13,103,9,198)
w(14,928,9,198)
w(19,920,9,198)
r(17,895,9,198)
w(3,874,9,198)
r(15,616,9,198)
w(0,920,9,198)
w(9,900,9,198)
w(7,900,9,198)
r(1,956,9,198)
w(3,875,9,199)
w(9,901,9,199)
r(19,920,9,199)
w(7,901,9,199)
w(16,904,9,199)
r(5,887,9,199)
r(15,616,9,199)
r(11,884,9,199)
w(0,921,9,199)
r(2,420,9,199)
w(4,943,9,199)
r(14,928,9,199)
w(13,891,9,199)
w(12,895,9,199)
r(8,421,9,199)
w(10,923,9,199)
w(18,907,9,199)
w(17,896,9,199)
w(6,910,9,199)
r(1,956,9,199)
