r(0,294,0,0)
w(2,1,0,0)
w(13,1,0,0)
r(5,312,0,0)
r(14,307,0,0)
w(19,1,0,0)
r(10,279,0,0)
r(18,301,0,0)
r(7,304,0,0)
w(9,1,0,0)
w(6,1,0,0)
w(17,1,0,0)
w(16,1,0,0)
w(12,1,0,0)
r(3,313,0,0)
r(15,297,0,0)
w(1,1,0,0)
w(8,1,0,0)
w(4,1,0,0)
r(11,309,0,0)
r(19,289,0,1)
r(12,298,0,1)
r(8,312,0,1)
r(10,279,0,1)
r(6,297,0,1)
w(15,1,0,1)
r(14,307,0,1)
r(2,299,0,1)
r(1,319,0,1)
w(0,1,0,1)
w(18,1,0,1)
r(9,289,0,1)
w(13,2,0,1)
r(16,304,0,1)
w(17,2,0,1)
r(4,311,0,1)
r(3,313,0,1)
r(5,312,0,1)
w(11,1,0,1)
r(7,304,0,1)
r(10,483,0,2)
w(3,1,0,2)
w(17,3,0,2)
w(12,2,0,2)
w(1,2,0,2)
r(2,106,0,2)
w(8,2,0,2)
w(11,2,0,2)
w(16,2,0,2)
r(5,111,0,2)
w(19,2,0,2)
w(14,1,0,2)
r(9,506,0,2)
r(7,111,0,2)
r(0,294,0,2)
w(15,2,0,2)
r(6,97,0,2)
w(4,2,0,2)
w(18,2,0,2)
r(13,499,0,2)
w(10,1,0,3)
r(7,111,0,3)
r(13,499,0,3)
w(11,3,0,3)
r(6,97,0,3)
w(12,3,0,3)
r(5,111,0,3)
r(9,506,0,3)
w(15,3,0,3)
r(2,106,0,3)
r(18,101,0,3)
w(3,2,0,3)
w(16,3,0,3)
r(1,108,0,3)
r(0,294,0,3)
r(8,119,0,3)
r(17,499,0,3)
w(4,3,0,3)
r(19,101,0,3)
r(14,114,0,3)
r(4,202,0,4)
r(3,210,0,4)
r(9,182,0,4)
w(10,2,0,4)
r(12,94,0,4)
w(16,4,0,4)
w(7,1,0,4)
w(11,4,0,4)
r(14,210,0,4)
r(8,213,0,4)
r(0,294,0,4)
w(15,4,0,4)
w(6,2,0,4)
w(17,4,0,4)
r(19,193,0,4)
r(13,499,0,4)
w(18,3,0,4)
w(1,3,0,4)
w(5,1,0,4)
r(2,210,0,4)
w(2,2,0,5)
r(13,499,0,5)
r(17,198,0,5)
w(3,3,0,5)
r(18,203,0,5)
r(10,187,0,5)
w(16,5,0,5)
w(9,2,0,5)
w(6,3,0,5)
r(15,689,0,5)
r(5,218,0,5)
r(0,195,0,5)
w(14,2,0,5)
r(19,692,0,5)
r(11,212,0,5)
r(1,213,0,5)
w(7,2,0,5)
r(4,204,0,5)
w(12,4,0,5)
r(8,706,0,5)
r(13,699,0,6)
w(17,5,0,6)
r(2,586,0,6)
r(18,203,0,6)
r(12,603,0,6)
w(16,6,0,6)
w(8,3,0,6)
w(11,5,0,6)
r(3,411,0,6)
r(19,384,0,6)
r(7,720,0,6)
w(14,3,0,6)
r(6,399,0,6)
w(0,2,0,6)
r(15,690,0,6)
w(5,2,0,6)
r(9,399,0,6)
w(10,3,0,6)
r(1,621,0,6)
w(4,4,0,6)
w(19,3,0,7)
w(18,4,0,7)
w(3,4,0,7)
r(13,699,0,7)
r(10,596,0,7)
w(7,3,0,7)
r(11,621,0,7)
w(2,3,0,7)
w(4,5,0,7)
r(9,399,0,7)
r(1,621,0,7)
r(5,405,0,7)
r(15,690,0,7)
w(8,4,0,7)
r(6,399,0,7)
w(12,5,0,7)
r(16,637,0,7)
r(0,195,0,7)
r(17,399,0,7)
w(14,4,0,7)
w(1,4,0,8)
r(0,598,0,8)
r(19,384,0,8)
r(14,604,0,8)
w(4,6,0,8)
r(6,617,0,8)
w(9,3,0,8)
r(2,586,0,8)
r(12,603,0,8)
r(13,699,0,8)
w(18,5,0,8)
r(10,596,0,8)
w(3,5,0,8)
r(8,708,0,8)
w(5,3,0,8)
r(11,729,0,8)
w(15,5,0,8)
r(7,720,0,8)
r(17,399,0,8)
w(16,7,0,8)
w(15,6,0,9)
r(19,384,0,9)
r(9,709,0,9)
r(6,401,0,9)
w(4,7,0,9)
w(7,4,0,9)
w(2,4,0,9)
w(11,6,0,9)
w(14,5,0,9)
r(17,399,0,9)
w(5,4,0,9)
r(18,604,0,9)
w(3,6,0,9)
w(16,8,0,9)
w(1,5,0,9)
r(12,398,0,9)
w(8,5,0,9)
w(0,3,0,9)
r(10,596,0,9)
w(13,3,0,9)
r(12,398,0,10)
w(18,6,0,10)
r(6,401,0,10)
r(0,598,0,10)
r(9,709,0,10)
r(2,393,0,10)
r(15,599,0,10)
r(11,403,0,10)
w(7,5,0,10)
w(5,5,0,10)
r(1,623,0,10)
w(19,4,0,10)
w(4,8,0,10)
r(8,407,0,10)
w(17,6,0,10)
w(10,4,0,10)
r(3,726,0,10)
w(13,4,0,10)
r(14,604,0,10)
w(16,9,0,10)
w(5,6,0,11)
r(4,407,0,11)
w(19,5,0,11)
r(12,398,0,11)
w(13,5,0,11)
w(0,4,0,11)
w(16,10,0,11)
r(15,599,0,11)
w(6,4,0,11)
r(1,623,0,11)
r(11,403,0,11)
w(3,7,0,11)
w(14,6,0,11)
w(17,7,0,11)
w(2,5,0,11)
r(7,720,0,11)
w(18,7,0,11)
w(9,4,0,11)
w(10,5,0,11)
w(8,6,0,11)
w(8,7,0,12)
w(5,7,0,12)
w(6,5,0,12)
r(0,598,0,12)
w(16,11,0,12)
r(17,399,0,12)
w(19,6,0,12)
r(15,599,0,12)
r(11,403,0,12)
w(9,5,0,12)
w(13,6,0,12)
r(10,596,0,12)
w(14,7,0,12)
w(1,6,0,12)
r(12,398,0,12)
r(4,407,0,12)
r(3,726,0,12)
r(7,720,0,12)
w(18,8,0,12)
r(2,393,0,12)
w(7,6,0,13)
w(0,5,0,13)
r(8,710,0,13)
w(19,7,0,13)
r(14,789,0,13)
w(12,6,0,13)
r(13,809,0,13)
w(16,12,0,13)
r(15,692,0,13)
r(2,693,0,13)
w(5,8,0,13)
r(9,711,0,13)
r(1,832,0,13)
r(17,698,0,13)
w(4,9,0,13)
r(3,315,0,13)
w(18,9,0,13)
w(10,6,0,13)
w(6,6,0,13)
w(11,7,0,13)
r(1,520,0,14)
w(12,7,0,14)
w(7,7,0,14)
r(8,517,0,14)
w(17,8,0,14)
r(9,510,0,14)
w(11,8,0,14)
w(2,6,0,14)
w(0,6,0,14)
r(3,523,0,14)
r(16,535,0,14)
w(6,7,0,14)
r(15,509,0,14)
w(18,10,0,14)
r(10,694,0,14)
r(19,694,0,14)
w(13,7,0,14)
r(5,313,0,14)
r(4,510,0,14)
r(14,501,0,14)
w(7,8,0,15)
r(6,504,0,15)
w(10,7,0,15)
w(16,13,0,15)
r(18,512,0,15)
w(15,7,0,15)
w(1,7,0,15)
w(9,6,0,15)
w(13,8,0,15)
w(2,7,0,15)
w(4,10,0,15)
w(5,9,0,15)
w(17,9,0,15)
r(0,502,0,15)
r(19,694,0,15)
r(11,835,0,15)
w(3,8,0,15)
w(14,8,0,15)
w(8,8,0,15)
r(12,506,0,15)
r(14,501,0,16)
w(8,9,0,16)
r(2,693,0,16)
w(6,8,0,16)
r(19,694,0,16)
r(15,509,0,16)
w(18,11,0,16)
r(4,510,0,16)
w(9,7,0,16)
r(17,698,0,16)
r(10,694,0,16)
w(16,14,0,16)
r(3,523,0,16)
r(11,835,0,16)
w(1,8,0,16)
r(5,313,0,16)
w(7,9,0,16)
w(12,8,0,16)
w(13,9,0,16)
r(0,502,0,16)
r(18,512,0,17)
w(11,9,0,17)
w(14,9,0,17)
w(2,8,0,17)
w(16,15,0,17)
r(15,509,0,17)
w(9,8,0,17)
r(10,694,0,17)
r(8,517,0,17)
r(6,504,0,17)
r(7,722,0,17)
w(4,11,0,17)
w(12,9,0,17)
w(17,10,0,17)
r(3,523,0,17)
r(13,505,0,17)
r(19,694,0,17)
w(5,10,0,17)
r(1,520,0,17)
w(0,7,0,17)
w(11,10,0,18)
r(17,698,0,18)
w(10,8,0,18)
w(5,11,0,18)
r(9,510,0,18)
w(2,9,0,18)
w(0,8,0,18)
w(14,10,0,18)
r(7,722,0,18)
w(1,9,0,18)
w(12,10,0,18)
r(13,609,0,18)
w(19,8,0,18)
r(18,512,0,18)
w(4,12,0,18)
r(15,509,0,18)
r(8,617,0,18)
r(6,504,0,18)
r(3,628,0,18)
r(16,535,0,18)
r(8,617,0,19)
r(13,609,0,19)
r(17,698,0,19)
w(5,12,0,19)
w(4,13,0,19)
w(7,10,0,19)
w(9,9,0,19)
w(15,8,0,19)
r(19,8,0,19)
w(6,9,0,19)
r(12,10,0,19)
r(11,10,0,19)
r(14,10,0,19)
w(3,9,0,19)
r(16,535,0,19)
r(2,9,0,19)
r(18,512,0,19)
r(1,9,0,19)
r(0,8,0,19)
r(10,8,0,19)
r(17,290,1,20)
w(5,107,1,20)
w(7,107,1,20)
w(9,85,1,20)
r(15,297,1,20)
w(10,89,1,20)
w(18,98,1,20)
r(0,294,1,20)
w(3,109,1,20)
w(6,93,1,20)
r(14,307,1,20)
w(11,109,1,20)
r(13,298,1,20)
w(2,104,1,20)
r(12,298,1,20)
w(8,113,1,20)
w(16,97,1,20)
r(4,311,1,20)
w(1,102,1,20)
w(19,98,1,20)
w(1,103,1,21)
w(7,108,1,21)
w(6,94,1,21)
r(4,311,1,21)
r(19,488,1,21)
w(16,98,1,21)
w(10,90,1,21)
w(3,110,1,21)
w(11,110,1,21)
w(15,94,1,21)
r(0,294,1,21)
w(13,101,1,21)
w(5,108,1,21)
r(2,488,1,21)
r(17,499,1,21)
w(14,113,1,21)
w(12,92,1,21)
w(8,114,1,21)
w(18,99,1,21)
r(9,506,1,21)
r(9,506,1,22)
r(4,311,1,22)
r(19,488,1,22)
w(17,91,1,22)
r(13,499,1,22)
w(8,115,1,22)
w(16,99,1,22)
w(18,100,1,22)
r(2,488,1,22)
r(6,497,1,22)
w(10,91,1,22)
r(14,495,1,22)
w(1,104,1,22)
w(11,111,1,22)
r(5,505,1,22)
r(12,502,1,22)
r(3,518,1,22)
r(7,107,1,22)
w(0,91,1,22)
w(15,95,1,22)
r(2,488,1,23)
w(8,116,1,23)
r(0,294,1,23)
w(4,99,1,23)
r(17,499,1,23)
r(5,505,1,23)
r(12,502,1,23)
r(7,107,1,23)
w(1,105,1,23)
r(9,506,1,23)
r(3,518,1,23)
r(19,488,1,23)
w(6,95,1,23)
w(14,114,1,23)
r(16,97,1,23)
r(10,483,1,23)
r(13,499,1,23)
r(15,502,1,23)
r(11,109,1,23)
w(18,101,1,23)
w(15,96,1,24)
w(1,106,1,24)
w(18,102,1,24)
w(5,109,1,24)
w(4,100,1,24)
w(17,92,1,24)
r(3,518,1,24)
w(2,105,1,24)
r(0,294,1,24)
w(8,117,1,24)
r(13,499,1,24)
w(14,115,1,24)
r(9,506,1,24)
r(10,483,1,24)
w(16,100,1,24)
w(12,93,1,24)
r(6,95,1,24)
w(7,109,1,24)
w(11,112,1,24)
w(19,99,1,24)
w(6,96,1,25)
r(18,101,1,25)
w(1,107,1,25)
w(8,118,1,25)
w(7,110,1,25)
w(5,110,1,25)
w(16,101,1,25)
r(9,506,1,25)
w(19,100,1,25)
r(12,502,1,25)
r(11,109,1,25)
r(15,502,1,25)
r(0,294,1,25)
r(14,114,1,25)
w(3,111,1,25)
w(13,102,1,25)
r(2,488,1,25)
r(10,483,1,25)
r(17,499,1,25)
r(4,99,1,25)
w(2,106,1,26)
r(9,506,1,26)
w(19,101,1,26)
w(1,108,1,26)
w(7,111,1,26)
r(18,101,1,26)
r(0,294,1,26)
r(4,99,1,26)
r(14,114,1,26)
r(10,483,1,26)
w(11,113,1,26)
w(15,97,1,26)
r(17,499,1,26)
w(16,102,1,26)
w(6,97,1,26)
w(3,112,1,26)
r(13,499,1,26)
w(5,111,1,26)
w(12,94,1,26)
w(8,119,1,26)
r(4,406,1,27)
r(7,720,1,27)
r(19,384,1,27)
r(10,596,1,27)
w(1,109,1,27)
r(18,203,1,27)
w(8,120,1,27)
w(3,113,1,27)
w(0,92,1,27)
r(16,637,1,27)
w(17,93,1,27)
w(11,114,1,27)
r(12,603,1,27)
r(14,398,1,27)
w(5,112,1,27)
r(9,399,1,27)
w(13,103,1,27)
r(15,690,1,27)
r(2,586,1,27)
r(6,399,1,27)
r(1,623,1,28)
r(13,699,1,28)
r(0,598,1,28)
r(11,403,1,28)
w(4,101,1,28)
w(8,121,1,28)
w(9,86,1,28)
w(14,116,1,28)
w(3,114,1,28)
w(12,95,1,28)
r(7,720,1,28)
w(17,94,1,28)
w(10,92,1,28)
r(5,702,1,28)
r(16,735,1,28)
r(18,604,1,28)
r(15,599,1,28)
r(19,384,1,28)
r(2,393,1,28)
w(6,98,1,28)
w(6,99,1,29)
r(18,604,1,29)
w(10,93,1,29)
r(13,699,1,29)
r(15,599,1,29)
r(7,720,1,29)
w(4,102,1,29)
r(3,726,1,29)
r(2,393,1,29)
r(0,598,1,29)
r(16,735,1,29)
w(9,87,1,29)
r(14,604,1,29)
w(19,102,1,29)
r(8,407,1,29)
r(12,398,1,29)
r(1,623,1,29)
w(17,95,1,29)
r(11,403,1,29)
r(5,702,1,29)
r(2,693,1,30)
r(16,737,1,30)
r(19,694,1,30)
r(1,832,1,30)
w(7,112,1,30)
w(0,93,1,30)
r(3,315,1,30)
w(15,98,1,30)
w(10,94,1,30)
w(4,103,1,30)
r(5,313,1,30)
r(9,711,1,30)
w(18,103,1,30)
w(14,117,1,30)
w(12,96,1,30)
r(17,698,1,30)
r(13,809,1,30)
w(11,115,1,30)
w(6,100,1,30)
w(8,122,1,30)
r(17,698,1,31)
w(0,94,1,31)
w(12,97,1,31)
w(7,113,1,31)
r(14,501,1,31)
w(5,113,1,31)
w(2,107,1,31)
r(10,694,1,31)
w(19,103,1,31)
r(9,510,1,31)
r(11,835,1,31)
r(16,535,1,31)
w(13,104,1,31)
r(18,512,1,31)
r(3,523,1,31)
w(1,110,1,31)
w(6,101,1,31)
w(4,104,1,31)
w(15,99,1,31)
r(8,517,1,31)
r(3,523,1,32)
w(19,104,1,32)
w(10,95,1,32)
r(0,502,1,32)
w(11,116,1,32)
r(16,535,1,32)
r(1,520,1,32)
w(5,114,1,32)
w(4,105,1,32)
r(15,509,1,32)
w(18,104,1,32)
w(14,118,1,32)
w(13,105,1,32)
r(2,693,1,32)
w(9,88,1,32)
r(12,506,1,32)
w(8,123,1,32)
w(17,96,1,32)
w(6,102,1,32)
r(7,722,1,32)
w(10,96,1,33)
r(0,502,1,33)
r(12,506,1,33)
r(5,313,1,33)
w(3,115,1,33)
r(15,509,1,33)
r(1,520,1,33)
w(7,114,1,33)
r(2,693,1,33)
r(11,835,1,33)
r(17,698,1,33)
r(13,505,1,33)
r(8,517,1,33)
w(9,89,1,33)
w(6,103,1,33)
w(4,106,1,33)
r(14,501,1,33)
w(19,105,1,33)
w(16,103,1,33)
r(18,512,1,33)
w(16,104,1,34)
w(17,97,1,34)
w(3,116,1,34)
w(5,115,1,34)
w(0,95,1,34)
w(4,107,1,34)
r(9,510,1,34)
r(7,722,1,34)
r(2,591,1,34)
w(19,106,1,34)
r(11,835,1,34)
r(1,629,1,34)
r(13,609,1,34)
w(6,104,1,34)
w(8,124,1,34)
r(18,512,1,34)
w(10,97,1,34)
w(12,98,1,34)
r(15,509,1,34)
r(14,501,1,34)
w(10,98,1,35)
r(8,617,1,35)
r(12,10,1,35)
r(14,10,1,35)
w(19,107,1,35)
r(4,12,1,35)
w(1,111,1,35)
r(18,512,1,35)
w(16,105,1,35)
r(0,8,1,35)
w(11,117,1,35)
r(15,509,1,35)
w(3,117,1,35)
r(9,510,1,35)
w(7,115,1,35)
r(5,11,1,35)
w(2,108,1,35)
r(17,698,1,35)
w(6,105,1,35)
r(13,609,1,35)
r(10,8,1,36)
r(5,11,1,36)
w(18,105,1,36)
w(2,109,1,36)
r(1,9,1,36)
w(17,98,1,36)
r(0,8,1,36)
r(7,722,1,36)
r(19,8,1,36)
r(16,535,1,36)
r(13,609,1,36)
r(9,510,1,36)
w(11,118,1,36)
w(8,125,1,36)
w(4,108,1,36)
r(12,10,1,36)
r(15,509,1,36)
w(6,106,1,36)
w(14,119,1,36)
w(3,118,1,36)
r(17,605,1,37)
r(0,809,1,37)
r(12,795,1,37)
r(13,814,1,37)
r(19,804,1,37)
w(15,100,1,37)
r(6,901,1,37)
r(8,814,1,37)
w(1,112,1,37)
r(9,609,1,37)
w(3,119,1,37)
r(11,842,1,37)
w(16,106,1,37)
w(5,116,1,37)
w(2,110,1,37)
w(14,120,1,37)
r(18,832,1,37)
r(7,824,1,37)
w(10,99,1,37)
r(4,610,1,37)
w(8,126,1,38)
w(0,96,1,38)
w(3,120,1,38)
w(17,99,1,38)
r(12,306,1,38)
w(1,113,1,38)
w(9,90,1,38)
w(2,111,1,38)
w(15,101,1,38)
w(10,100,1,38)
w(4,109,1,38)
r(11,943,1,38)
w(6,107,1,38)
r(19,804,1,38)
r(7,313,1,38)
w(18,106,1,38)
w(5,117,1,38)
r(13,304,1,38)
r(14,313,1,38)
r(16,312,1,38)
w(12,99,1,39)
r(7,313,1,39)
w(13,106,1,39)
w(18,107,1,39)
r(15,101,1,39)
r(16,312,1,39)
w(4,110,1,39)
r(3,939,1,39)
w(10,101,1,39)
r(19,898,1,39)
r(11,943,1,39)
r(17,99,1,39)
w(9,91,1,39)
w(5,118,1,39)
w(2,112,1,39)
r(14,313,1,39)
w(0,97,1,39)
w(1,114,1,39)
r(8,923,1,39)
r(6,107,1,39)
w(10,185,2,40)
w(18,201,2,40)
w(11,209,2,40)
r(19,101,2,40)
w(13,198,2,40)
w(4,201,2,40)
w(15,200,2,40)
w(9,181,2,40)
r(2,106,2,40)
r(8,119,2,40)
w(16,194,2,40)
r(7,111,2,40)
w(12,196,2,40)
w(3,209,2,40)
w(0,194,2,40)
r(1,108,2,40)
r(17,499,2,40)
r(6,97,2,40)
w(14,209,2,40)
w(5,216,2,40)
r(17,499,2,41)
w(19,193,2,41)
r(5,111,2,41)
w(1,212,2,41)
w(14,210,2,41)
w(2,210,2,41)
r(15,97,2,41)
w(3,210,2,41)
w(4,202,2,41)
r(0,294,2,41)
r(16,102,2,41)
r(13,499,2,41)
w(9,182,2,41)
w(6,200,2,41)
r(10,483,2,41)
w(8,213,2,41)
w(11,210,2,41)
w(18,202,2,41)
r(12,94,2,41)
w(7,213,2,41)
w(16,195,2,42)
r(1,212,2,42)
r(6,200,2,42)
w(3,211,2,42)
r(9,182,2,42)
w(4,203,2,42)
w(19,194,2,42)
r(0,294,2,42)
w(2,211,2,42)
r(7,213,2,42)
w(11,211,2,42)
w(17,197,2,42)
r(15,97,2,42)
w(10,186,2,42)
r(8,213,2,42)
w(5,217,2,42)
r(18,202,2,42)
w(14,211,2,42)
r(12,94,2,42)
w(13,199,2,42)
r(9,707,2,43)
w(4,204,2,43)
w(2,212,2,43)
r(12,689,2,43)
w(6,201,2,43)
w(10,187,2,43)
w(14,212,2,43)
r(13,499,2,43)
w(0,195,2,43)
r(7,720,2,43)
w(16,196,2,43)
r(19,692,2,43)
r(15,689,2,43)
r(8,706,2,43)
w(18,203,2,43)
w(5,218,2,43)
r(3,210,2,43)
w(11,212,2,43)
w(1,213,2,43)
w(17,198,2,43)
w(6,202,2,44)
r(18,203,2,44)
w(11,213,2,44)
w(9,183,2,44)
w(7,214,2,44)
r(15,690,2,44)
r(16,637,2,44)
r(5,405,2,44)
w(12,197,2,44)
r(1,621,2,44)
r(0,195,2,44)
r(13,699,2,44)
r(2,586,2,44)
w(8,214,2,44)
w(10,188,2,44)
w(14,213,2,44)
r(4,406,2,44)
w(19,195,2,44)
r(3,411,2,44)
r(17,399,2,44)
r(8,710,2,45)
r(16,737,2,45)
w(14,214,2,45)
r(5,313,2,45)
r(11,835,2,45)
w(0,196,2,45)
w(12,198,2,45)
r(3,315,2,45)
r(17,698,2,45)
r(15,692,2,45)
w(7,215,2,45)
w(1,214,2,45)
r(13,809,2,45)
r(6,805,2,45)
w(9,184,2,45)
r(18,717,2,45)
w(4,205,2,45)
w(19,196,2,45)
w(2,213,2,45)
w(10,189,2,45)
w(9,185,2,46)
w(18,204,2,46)
r(11,835,2,46)
r(7,722,2,46)
r(12,506,2,46)
r(4,510,2,46)
w(17,199,2,46)
w(13,200,2,46)
w(8,215,2,46)
r(6,504,2,46)
w(14,215,2,46)
w(15,201,2,46)
w(16,197,2,46)
w(1,215,2,46)
w(2,214,2,46)
r(0,502,2,46)
w(5,219,2,46)
w(3,212,2,46)
r(19,694,2,46)
r(10,694,2,46)
r(9,510,2,47)
r(8,517,2,47)
w(10,190,2,47)
r(7,722,2,47)
w(19,197,2,47)
w(0,197,2,47)
w(1,216,2,47)
w(12,199,2,47)
r(11,835,2,47)
w(14,216,2,47)
w(2,215,2,47)
w(18,205,2,47)
w(6,203,2,47)
w(17,200,2,47)
r(13,505,2,47)
w(3,213,2,47)
r(5,313,2,47)
w(4,206,2,47)
w(15,202,2,47)
r(16,535,2,47)
r(3,628,2,48)
r(2,9,2,48)
r(4,12,2,48)
w(12,200,2,48)
r(8,617,2,48)
w(11,214,2,48)
r(5,11,2,48)
r(0,8,2,48)
w(18,206,2,48)
r(13,609,2,48)
w(1,217,2,48)
w(6,204,2,48)
r(17,698,2,48)
w(10,191,2,48)
r(7,722,2,48)
r(16,535,2,48)
r(19,8,2,48)
w(14,217,2,48)
w(15,203,2,48)
w(9,186,2,48)
r(16,535,2,49)
w(4,207,2,49)
w(9,187,2,49)
r(0,8,2,49)
w(11,215,2,49)
r(7,722,2,49)
r(10,8,2,49)
r(1,9,2,49)
r(15,509,2,49)
r(18,512,2,49)
w(13,201,2,49)
r(3,628,2,49)
r(14,10,2,49)
w(5,220,2,49)
w(2,216,2,49)
r(8,617,2,49)
r(19,8,2,49)
r(6,504,2,49)
r(12,10,2,49)
r(17,698,2,49)
r(19,8,2,50)
w(16,198,2,50)
w(10,192,2,50)
r(14,10,2,50)
w(2,217,2,50)
r(15,509,2,50)
w(18,207,2,50)
w(7,216,2,50)
r(13,609,2,50)
w(5,221,2,50)
w(1,218,2,50)
r(6,504,2,50)
r(4,12,2,50)
r(11,10,2,50)
r(8,617,2,50)
r(17,698,2,50)
r(12,10,2,50)
r(0,8,2,50)
w(9,188,2,50)
r(3,628,2,50)
w(13,202,2,51)
r(12,10,2,51)
w(16,199,2,51)
w(0,198,2,51)
r(2,9,2,51)
w(7,217,2,51)
r(10,8,2,51)
w(3,214,2,51)
r(8,617,2,51)
r(14,10,2,51)
w(18,208,2,51)
w(6,205,2,51)
w(9,189,2,51)
w(5,222,2,51)
w(11,216,2,51)
r(4,12,2,51)
r(17,698,2,51)
r(19,8,2,51)
w(1,219,2,51)
r(15,509,2,51)
r(0,8,2,52)
w(5,223,2,52)
w(2,218,2,52)
w(15,204,2,52)
r(9,716,2,52)
w(12,201,2,52)
r(1,9,2,52)
r(16,741,2,52)
r(10,8,2,52)
w(17,201,2,52)
r(3,729,2,52)
r(19,696,2,52)
r(13,703,2,52)
r(4,708,2,52)
r(18,512,2,52)
r(11,10,2,52)
r(7,723,2,52)
r(8,617,2,52)
w(14,218,2,52)
w(6,206,2,52)
w(10,193,2,53)
w(18,209,2,53)
r(3,937,2,53)
w(12,202,2,53)
w(1,220,2,53)
r(13,703,2,53)
r(2,907,2,53)
w(19,198,2,53)
w(5,224,2,53)
r(14,899,2,53)
r(6,901,2,53)
r(4,901,2,53)
w(8,216,2,53)
r(15,883,2,53)
w(11,217,2,53)
r(9,716,2,53)
r(17,605,2,53)
r(16,966,2,53)
r(0,8,2,53)
r(7,914,2,53)
r(2,305,2,54)
w(16,200,2,54)
w(7,218,2,54)
r(11,316,2,54)
w(8,217,2,54)
w(3,215,2,54)
r(0,809,2,54)
w(17,202,2,54)
w(13,203,2,54)
w(18,210,2,54)
w(4,208,2,54)
r(12,305,2,54)
r(5,414,2,54)
r(6,404,2,54)
w(1,221,2,54)
w(9,190,2,54)
w(14,219,2,54)
w(19,199,2,54)
w(15,205,2,54)
r(10,395,2,54)
w(6,207,2,55)
w(12,203,2,55)
r(3,320,2,55)
w(8,218,2,55)
r(2,305,2,55)
w(11,218,2,55)
r(17,299,2,55)
r(18,310,2,55)
r(19,804,2,55)
w(7,219,2,55)
w(15,206,2,55)
r(5,414,2,55)
r(4,316,2,55)
w(1,222,2,55)
w(16,201,2,55)
r(10,395,2,55)
r(13,304,2,55)
w(9,191,2,55)
w(14,220,2,55)
w(0,199,2,55)
r(18,719,2,56)
r(4,415,2,56)
w(10,194,2,56)
r(6,406,2,56)
w(9,192,2,56)
w(12,204,2,56)
r(7,313,2,56)
w(0,200,2,56)
w(15,207,2,56)
w(8,219,2,56)
w(17,203,2,56)
w(16,202,2,56)
r(11,411,2,56)
r(3,939,2,56)
w(5,225,2,56)
r(14,313,2,56)
r(2,910,2,56)
r(13,705,2,56)
w(19,200,2,56)
r(1,113,2,56)
r(8,715,2,57)
r(3,732,2,57)
r(6,722,2,57)
r(1,738,2,57)
w(17,204,2,57)
w(10,195,2,57)
w(0,201,2,57)
w(12,205,2,57)
r(7,727,2,57)
r(5,704,2,57)
w(4,209,2,57)
w(14,221,2,57)
r(2,697,2,57)
w(9,193,2,57)
w(13,204,2,57)
w(18,211,2,57)
w(19,201,2,57)
w(11,219,2,57)
w(15,208,2,57)
w(16,203,2,57)
w(15,209,2,58)
w(11,220,2,58)
w(2,219,2,58)
r(19,201,2,58)
w(4,210,2,58)
w(10,196,2,58)
r(14,221,2,58)
r(3,733,2,58)
r(0,201,2,58)
r(13,707,2,58)
w(5,226,2,58)
r(16,203,2,58)
w(17,205,2,58)
w(7,220,2,58)
r(12,205,2,58)
r(8,715,2,58)
w(18,212,2,58)
r(9,193,2,58)
w(6,208,2,58)
r(1,738,2,58)
r(1,738,2,59)
w(14,222,2,59)
w(13,205,2,59)
w(16,204,2,59)
w(17,206,2,59)
w(15,210,2,59)
w(4,211,2,59)
r(3,733,2,59)
w(18,213,2,59)
w(5,227,2,59)
r(10,196,2,59)
w(11,221,2,59)
r(7,220,2,59)
w(0,202,2,59)
r(8,715,2,59)
r(2,219,2,59)
r(9,193,2,59)
r(12,205,2,59)
w(19,202,2,59)
r(6,208,2,59)
r(14,0,3,60)
w(6,295,3,60)
r(3,0,3,60)
r(10,0,3,60)
w(1,319,3,60)
r(2,0,3,60)
w(13,298,3,60)
w(11,306,3,60)
w(5,311,3,60)
r(16,0,3,60)
r(19,0,3,60)
w(9,287,3,60)
w(12,297,3,60)
r(17,0,3,60)
r(4,0,3,60)
r(7,0,3,60)
r(8,0,3,60)
w(15,295,3,60)
r(0,0,3,60)
r(18,0,3,60)
w(6,296,3,61)
r(17,0,3,61)
w(4,310,3,61)
w(7,302,3,61)
w(3,313,3,61)
r(15,295,3,61)
w(9,288,3,61)
w(12,298,3,61)
w(0,293,3,61)
r(16,0,3,61)
r(13,298,3,61)
w(10,279,3,61)
w(14,307,3,61)
r(1,319,3,61)
r(2,0,3,61)
w(19,288,3,61)
r(18,0,3,61)
w(8,311,3,61)
r(5,311,3,61)
w(11,307,3,61)
w(15,296,3,62)
w(6,297,3,62)
w(16,304,3,62)
w(17,289,3,62)
r(13,298,3,62)
w(4,311,3,62)
w(11,308,3,62)
w(7,303,3,62)
r(8,311,3,62)
r(1,319,3,62)
r(12,298,3,62)
w(0,294,3,62)
r(5,311,3,62)
w(18,300,3,62)
r(10,279,3,62)
r(19,288,3,62)
r(3,313,3,62)
r(9,288,3,62)
w(2,298,3,62)
r(14,307,3,62)
w(8,312,3,63)
w(15,297,3,63)
w(11,309,3,63)
r(6,297,3,63)
r(16,304,3,63)
w(9,289,3,63)
r(14,307,3,63)
r(0,294,3,63)
r(3,313,3,63)
r(1,319,3,63)
r(12,298,3,63)
w(18,301,3,63)
r(13,298,3,63)
r(10,279,3,63)
w(19,289,3,63)
w(7,304,3,63)
w(17,290,3,63)
w(2,299,3,63)
r(4,311,3,63)
w(5,312,3,63)
r(16,734,3,64)
w(2,300,3,64)
r(10,692,3,64)
r(5,218,3,64)
w(3,314,3,64)
w(19,290,3,64)
r(14,212,3,64)
w(1,320,3,64)
w(11,310,3,64)
w(4,312,3,64)
r(15,690,3,64)
w(7,305,3,64)
w(13,299,3,64)
w(12,299,3,64)
r(9,708,3,64)
w(18,302,3,64)
w(0,295,3,64)
r(8,707,3,64)
w(6,298,3,64)
r(17,696,3,64)
r(4,407,3,65)
r(15,599,3,65)
w(9,290,3,65)
w(10,280,3,65)
w(16,305,3,65)
w(3,315,3,65)
r(0,598,3,65)
w(5,313,3,65)
r(18,604,3,65)
w(17,291,3,65)
r(12,398,3,65)
r(13,699,3,65)
w(1,321,3,65)
w(19,291,3,65)
w(2,301,3,65)
r(6,401,3,65)
r(8,407,3,65)
w(14,308,3,65)
w(7,306,3,65)
r(11,403,3,65)
r(3,315,3,66)
w(1,322,3,66)
r(14,789,3,66)
r(15,692,3,66)
r(0,598,3,66)
w(18,303,3,66)
w(13,300,3,66)
r(5,313,3,66)
r(2,693,3,66)
w(8,313,3,66)
r(16,737,3,66)
w(17,292,3,66)
r(6,805,3,66)
w(7,307,3,66)
w(4,313,3,66)
w(9,291,3,66)
r(11,835,3,66)
w(12,300,3,66)
r(10,694,3,66)
w(19,292,3,66)
r(7,722,3,67)
w(12,301,3,67)
r(10,694,3,67)
r(1,520,3,67)
w(11,311,3,67)
r(17,698,3,67)
w(8,314,3,67)
w(3,316,3,67)
r(15,509,3,67)
w(18,304,3,67)
r(13,505,3,67)
r(6,504,3,67)
r(0,502,3,67)
w(9,292,3,67)
r(4,510,3,67)
r(19,694,3,67)
w(14,309,3,67)
w(5,314,3,67)
r(2,693,3,67)
w(16,306,3,67)
r(16,535,3,68)
w(1,323,3,68)
r(5,313,3,68)
r(6,504,3,68)
w(2,302,3,68)
w(8,315,3,68)
r(4,510,3,68)
w(11,312,3,68)
w(3,317,3,68)
r(9,510,3,68)
w(18,305,3,68)
r(13,505,3,68)
r(14,501,3,68)
w(7,308,3,68)
r(0,502,3,68)
w(15,298,3,68)
r(12,506,3,68)
w(19,293,3,68)
w(17,293,3,68)
w(10,281,3,68)
r(18,512,3,69)
w(2,303,3,69)
r(16,535,3,69)
r(9,510,3,69)
r(6,504,3,69)
w(17,294,3,69)
r(14,501,3,69)
w(11,313,3,69)
w(0,296,3,69)
r(4,510,3,69)
w(7,309,3,69)
w(15,299,3,69)
r(19,694,3,69)
r(5,313,3,69)
r(10,694,3,69)
r(1,520,3,69)
r(3,523,3,69)
r(12,506,3,69)
w(13,301,3,69)
w(8,316,3,69)
w(10,282,3,70)
r(16,535,3,70)
r(18,512,3,70)
w(6,299,3,70)
r(3,628,3,70)
r(9,510,3,70)
w(14,310,3,70)
r(11,10,3,70)
w(1,324,3,70)
r(5,11,3,70)
w(12,302,3,70)
w(19,294,3,70)
r(4,12,3,70)
r(15,509,3,70)
r(2,9,3,70)
w(8,317,3,70)
r(7,722,3,70)
w(0,297,3,70)
r(13,609,3,70)
w(17,295,3,70)
w(5,315,3,71)
r(14,10,3,71)
w(4,314,3,71)
w(6,300,3,71)
w(11,314,3,71)
r(9,510,3,71)
w(0,298,3,71)
r(3,628,3,71)
r(7,722,3,71)
w(8,318,3,71)
r(12,10,3,71)
w(18,306,3,71)
w(15,300,3,71)
w(17,296,3,71)
w(1,325,3,71)
w(16,307,3,71)
r(19,8,3,71)
w(10,283,3,71)
r(13,609,3,71)
r(2,9,3,71)
w(13,302,3,72)
r(11,10,3,72)
r(6,718,3,72)
r(17,703,3,72)
r(0,8,3,72)
r(2,695,3,72)
w(16,308,3,72)
w(3,318,3,72)
r(19,696,3,72)
w(18,307,3,72)
r(8,617,3,72)
w(1,326,3,72)
r(7,723,3,72)
r(9,716,3,72)
r(5,11,3,72)
w(12,303,3,72)
w(14,311,3,72)
w(4,315,3,72)
w(15,301,3,72)
w(10,284,3,72)
r(12,694,3,73)
r(10,8,3,73)
w(7,310,3,73)
r(0,8,3,73)
r(1,9,3,73)
w(16,309,3,73)
w(3,319,3,73)
r(13,703,3,73)
r(8,617,3,73)
w(14,312,3,73)
w(18,308,3,73)
w(5,316,3,73)
w(17,297,3,73)
r(15,509,3,73)
w(6,301,3,73)
r(19,696,3,73)
r(4,708,3,73)
w(11,315,3,73)
r(9,716,3,73)
w(2,304,3,73)
w(16,310,3,74)
r(8,617,3,74)
w(19,295,3,74)
w(5,317,3,74)
r(11,10,3,74)
w(17,298,3,74)
w(0,299,3,74)
w(6,302,3,74)
w(15,302,3,74)
r(3,729,3,74)
w(12,304,3,74)
w(1,327,3,74)
r(14,218,3,74)
w(13,303,3,74)
w(7,311,3,74)
w(18,309,3,74)
r(4,708,3,74)
w(10,285,3,74)
r(9,716,3,74)
r(2,218,3,74)
w(2,305,3,75)
w(7,312,3,75)
r(0,809,3,75)
r(14,120,3,75)
w(13,304,3,75)
w(15,303,3,75)
r(5,414,3,75)
w(8,319,3,75)
w(12,305,3,75)
w(3,320,3,75)
w(18,310,3,75)
w(1,328,3,75)
r(19,804,3,75)
r(10,395,3,75)
w(11,316,3,75)
w(16,311,3,75)
w(4,316,3,75)
w(17,299,3,75)
w(9,293,3,75)
r(6,404,3,75)
w(5,318,3,76)
w(16,312,3,76)
r(9,929,3,76)
w(18,311,3,76)
r(1,328,3,76)
w(7,313,3,76)
r(8,319,3,76)
w(12,306,3,76)
w(15,304,3,76)
r(10,395,3,76)
r(13,304,3,76)
r(2,305,3,76)
w(14,313,3,76)
r(19,804,3,76)
w(6,303,3,76)
w(4,317,3,76)
w(3,321,3,76)
w(0,300,3,76)
r(11,943,3,76)
r(17,299,3,76)
r(0,702,3,77)
r(15,697,3,77)
r(2,910,3,77)
r(11,411,3,77)
w(1,329,3,77)
w(10,286,3,77)
r(12,902,3,77)
w(7,314,3,77)
r(16,312,3,77)
r(9,90,3,77)
w(19,296,3,77)
w(18,312,3,77)
w(17,300,3,77)
r(5,117,3,77)
r(14,313,3,77)
r(3,939,3,77)
w(8,320,3,77)
r(13,705,3,77)
r(4,415,3,77)
w(6,304,3,77)
r(1,329,3,78)
r(11,411,3,78)
w(15,305,3,78)
r(2,910,3,78)
w(5,319,3,78)
w(17,301,3,78)
w(7,315,3,78)
r(3,939,3,78)
w(9,294,3,78)
w(16,313,3,78)
w(0,301,3,78)
w(6,305,3,78)
w(10,287,3,78)
r(4,415,3,78)
w(13,305,3,78)
w(18,313,3,78)
r(8,320,3,78)
w(12,307,3,78)
w(14,314,3,78)
w(19,297,3,78)
w(18,314,3,79)
w(19,298,3,79)
w(15,306,3,79)
r(12,307,3,79)
w(0,302,3,79)
r(11,411,3,79)
w(13,306,3,79)
w(16,314,3,79)
w(6,306,3,79)
w(4,318,3,79)
w(1,330,3,79)
r(14,711,3,79)
r(9,294,3,79)
r(8,320,3,79)
r(7,726,3,79)
r(2,696,3,79)
r(17,301,3,79)
r(5,319,3,79)
w(3,322,3,79)
r(10,700,3,79)
r(6,497,4,80)
r(1,102,4,80)
r(11,109,4,80)
r(14,495,4,80)
w(19,383,4,80)
w(16,420,4,80)
w(2,390,4,80)
r(0,294,4,80)
r(9,506,4,80)
w(8,406,4,80)
r(10,483,4,80)
w(15,405,4,80)
r(4,311,4,80)
w(12,396,4,80)
r(13,499,4,80)
w(17,398,4,80)
r(7,107,4,80)
r(18,98,4,80)
w(5,404,4,80)
w(3,409,4,80)
r(13,499,4,81)
r(11,210,4,81)
r(14,210,4,81)
r(5,111,4,81)
r(17,499,4,81)
r(0,294,4,81)
r(8,213,4,81)
w(2,391,4,81)
r(19,193,4,81)
r(7,213,4,81)
w(4,405,4,81)
w(18,409,4,81)
r(10,483,4,81)
w(9,398,4,81)
r(6,200,4,81)
r(16,102,4,81)
w(15,406,4,81)
w(3,410,4,81)
w(1,423,4,81)
r(12,94,4,81)
w(9,399,4,82)
w(17,399,4,82)
r(8,707,4,82)
w(19,384,4,82)
w(6,399,4,82)
r(12,603,4,82)
w(5,405,4,82)
r(16,637,4,82)
r(1,621,4,82)
r(2,586,4,82)
r(15,690,4,82)
r(18,203,4,82)
r(11,621,4,82)
r(10,596,4,82)
w(14,398,4,82)
w(3,411,4,82)
r(0,195,4,82)
r(7,720,4,82)
w(4,406,4,82)
r(13,699,4,82)
w(12,397,4,83)
r(4,406,4,83)
w(16,421,4,83)
r(11,621,4,83)
r(8,707,4,83)
w(5,406,4,83)
w(2,392,4,83)
r(19,384,4,83)
r(13,699,4,83)
r(1,621,4,83)
r(15,690,4,83)
w(10,385,4,83)
w(7,406,4,83)
r(0,195,4,83)
w(6,400,4,83)
r(9,399,4,83)
w(14,399,4,83)
w(17,400,4,83)
r(18,203,4,83)
r(3,411,4,83)
r(3,726,4,84)
w(8,407,4,84)
r(10,596,4,84)
r(9,709,4,84)
r(1,623,4,84)
w(2,393,4,84)
r(17,399,4,84)
r(18,604,4,84)
r(19,384,4,84)
r(0,598,4,84)
w(6,401,4,84)
r(16,735,4,84)
r(15,599,4,84)
r(5,702,4,84)
w(12,398,4,84)
r(7,720,4,84)
r(13,699,4,84)
w(4,407,4,84)
r(14,604,4,84)
w(11,403,4,84)
r(7,720,4,85)
r(4,407,4,85)
r(13,699,4,85)
w(9,400,4,85)
r(5,702,4,85)
r(6,401,4,85)
w(15,407,4,85)
w(18,410,4,85)
r(14,604,4,85)
r(0,598,4,85)
w(16,422,4,85)
r(11,403,4,85)
w(2,394,4,85)
r(3,726,4,85)
w(8,408,4,85)
w(19,385,4,85)
r(1,623,4,85)
w(17,401,4,85)
w(12,399,4,85)
r(10,596,4,85)
w(18,411,4,86)
w(19,386,4,86)
w(10,386,4,86)
w(12,400,4,86)
r(3,315,4,86)
r(17,698,4,86)
r(6,805,4,86)
r(2,693,4,86)
w(13,402,4,86)
w(8,409,4,86)
w(11,404,4,86)
w(7,407,4,86)
r(16,737,4,86)
w(15,408,4,86)
r(1,832,4,86)
w(5,407,4,86)
w(9,401,4,86)
w(14,400,4,86)
r(0,598,4,86)
r(4,706,4,86)
r(11,835,4,87)
r(7,722,4,87)
w(2,395,4,87)
r(12,506,4,87)
w(13,403,4,87)
w(3,412,4,87)
w(10,387,4,87)
w(4,408,4,87)
r(19,694,4,87)
r(17,698,4,87)
r(18,512,4,87)
r(6,504,4,87)
w(14,401,4,87)
w(8,410,4,87)
w(9,402,4,87)
w(0,393,4,87)
r(1,520,4,87)
w(16,423,4,87)
w(5,408,4,87)
r(15,509,4,87)
r(2,693,4,88)
w(4,409,4,88)
w(19,387,4,88)
r(1,520,4,88)
r(6,504,4,88)
w(10,388,4,88)
r(13,505,4,88)
w(9,403,4,88)
w(8,411,4,88)
w(15,409,4,88)
r(17,698,4,88)
w(3,413,4,88)
r(7,722,4,88)
w(0,394,4,88)
r(12,506,4,88)
w(18,412,4,88)
w(16,424,4,88)
w(5,409,4,88)
w(11,405,4,88)
w(14,402,4,88)
w(3,414,4,89)
w(1,424,4,89)
w(9,404,4,89)
w(0,395,4,89)
w(7,408,4,89)
r(17,698,4,89)
w(8,412,4,89)
w(16,425,4,89)
w(10,389,4,89)
w(2,396,4,89)
r(4,510,4,89)
w(15,410,4,89)
r(13,505,4,89)
w(19,388,4,89)
w(6,402,4,89)
w(11,406,4,89)
r(14,501,4,89)
r(5,313,4,89)
w(12,401,4,89)
r(18,512,4,89)
w(15,411,4,90)
w(12,402,4,90)
w(0,396,4,90)
w(3,415,4,90)
r(4,510,4,90)
r(6,504,4,90)
w(16,426,4,90)
r(11,835,4,90)
w(14,403,4,90)
r(13,505,4,90)
w(5,410,4,90)
w(9,405,4,90)
r(1,520,4,90)
w(19,389,4,90)
r(7,722,4,90)
r(8,517,4,90)
r(10,694,4,90)
w(2,397,4,90)
r(18,512,4,90)
r(17,698,4,90)
w(14,404,4,91)
w(9,406,4,91)
w(5,411,4,91)
r(6,504,4,91)
r(4,12,4,91)
w(18,413,4,91)
w(11,407,4,91)
r(15,509,4,91)
r(2,9,4,91)
r(3,628,4,91)
w(12,403,4,91)
r(8,617,4,91)
r(1,9,4,91)
r(17,698,4,91)
w(19,390,4,91)
w(16,427,4,91)
w(0,397,4,91)
w(10,390,4,91)
r(13,609,4,91)
r(7,722,4,91)
w(18,414,4,92)
r(2,9,4,92)
r(14,10,4,92)
r(3,628,4,92)
w(17,402,4,92)
w(13,404,4,92)
w(10,391,4,92)
r(1,9,4,92)
r(0,8,4,92)
w(7,409,4,92)
r(12,10,4,92)
w(8,413,4,92)
w(4,410,4,92)
r(15,509,4,92)
w(5,412,4,92)
r(6,504,4,92)
w(9,407,4,92)
w(16,428,4,92)
w(11,408,4,92)
r(19,8,4,92)
r(4,12,4,93)
w(8,414,4,93)
w(7,410,4,93)
w(1,425,4,93)
r(17,698,4,93)
w(0,398,4,93)
r(19,8,4,93)
r(9,510,4,93)
r(3,628,4,93)
w(18,415,4,93)
r(10,8,4,93)
w(13,405,4,93)
r(11,10,4,93)
r(6,504,4,93)
w(5,413,4,93)
r(12,10,4,93)
w(2,398,4,93)
r(14,10,4,93)
w(16,429,4,93)
w(15,412,4,93)
r(9,609,4,94)
r(0,809,4,94)
r(19,804,4,94)
r(7,824,4,94)
w(4,411,4,94)
w(16,430,4,94)
w(6,403,4,94)
r(13,814,4,94)
w(17,403,4,94)
w(10,392,4,94)
r(12,795,4,94)
r(5,797,4,94)
r(8,814,4,94)
r(15,792,4,94)
r(2,804,4,94)
r(1,837,4,94)
r(14,899,4,94)
r(18,832,4,94)
w(11,409,4,94)
r(3,630,4,94)
r(8,814,4,95)
r(18,832,4,95)
w(15,413,4,95)
w(1,426,4,95)
r(2,804,4,95)
w(9,408,4,95)
r(0,809,4,95)
w(3,416,4,95)
w(14,405,4,95)
r(12,795,4,95)
w(7,411,4,95)
w(17,404,4,95)
w(10,393,4,95)
r(19,804,4,95)
r(4,610,4,95)
r(5,797,4,95)
r(11,842,4,95)
r(16,858,4,95)
r(13,814,4,95)
r(6,901,4,95)
w(12,404,4,96)
w(10,394,4,96)
r(7,824,4,96)
r(3,630,4,96)
w(9,409,4,96)
r(6,901,4,96)
r(15,792,4,96)
w(13,406,4,96)
w(16,431,4,96)
w(0,399,4,96)
r(17,605,4,96)
w(4,412,4,96)
w(18,416,4,96)
w(19,391,4,96)
w(14,406,4,96)
w(8,415,4,96)
w(2,399,4,96)
r(5,797,4,96)
w(1,427,4,96)
w(11,410,4,96)
w(5,414,4,97)
w(16,432,4,97)
r(1,112,4,97)
r(0,809,4,97)
w(18,417,4,97)
w(15,414,4,97)
r(2,110,4,97)
w(10,395,4,97)
w(4,413,4,97)
w(17,405,4,97)
r(3,119,4,97)
r(11,842,4,97)
w(6,404,4,97)
w(7,412,4,97)
r(13,814,4,97)
w(8,416,4,97)
r(14,120,4,97)
w(12,405,4,97)
w(9,410,4,97)
r(19,804,4,97)
w(10,396,4,98)
r(18,931,4,98)
r(7,313,4,98)
r(14,313,4,98)
w(16,433,4,98)
w(0,400,4,98)
w(4,414,4,98)
w(8,417,4,98)
w(3,417,4,98)
w(1,428,4,98)
w(5,415,4,98)
r(11,943,4,98)
r(19,898,4,98)
w(13,407,4,98)
w(6,405,4,98)
r(15,101,4,98)
r(17,99,4,98)
r(9,90,4,98)
w(12,406,4,98)
r(2,910,4,98)
r(2,910,4,99)
r(3,939,4,99)
r(1,113,4,99)
w(15,415,4,99)
w(17,406,4,99)
r(5,117,4,99)
w(4,415,4,99)
w(0,401,4,99)
r(7,313,4,99)
r(12,902,4,99)
r(19,898,4,99)
w(8,418,4,99)
r(14,313,4,99)
r(16,312,4,99)
w(11,411,4,99)
w(6,406,4,99)
r(9,90,4,99)
r(18,931,4,99)
w(10,397,4,99)
w(13,408,4,99)
w(3,518,5,100)
w(5,505,5,100)
r(11,109,5,100)
w(13,499,5,100)
w(8,514,5,100)
w(9,506,5,100)
w(14,495,5,100)
r(1,102,5,100)
w(6,497,5,100)
w(2,488,5,100)
w(19,488,5,100)
w(10,483,5,100)
w(12,502,5,100)
r(18,98,5,100)
r(7,107,5,100)
w(17,499,5,100)
r(16,97,5,100)
r(0,294,5,100)
r(4,311,5,100)
w(15,502,5,100)
r(19,488,5,101)
r(3,518,5,101)
r(11,109,5,101)
r(7,107,5,101)
r(10,483,5,101)
w(17,500,5,101)
r(8,514,5,101)
w(6,498,5,101)
r(0,294,5,101)
w(15,503,5,101)
w(13,500,5,101)
r(1,102,5,101)
w(14,496,5,101)
r(5,505,5,101)
r(4,311,5,101)
r(2,488,5,101)
w(16,529,5,101)
w(12,503,5,101)
w(18,510,5,101)
w(9,507,5,101)
w(9,508,5,102)
w(13,501,5,102)
w(10,484,5,102)
r(14,114,5,102)
r(0,294,5,102)
r(2,488,5,102)
r(3,518,5,102)
w(6,499,5,102)
w(19,489,5,102)
r(5,505,5,102)
w(16,530,5,102)
w(11,514,5,102)
r(7,107,5,102)
r(12,502,5,102)
w(17,501,5,102)
w(4,507,5,102)
w(15,504,5,102)
r(8,116,5,102)
r(18,101,5,102)
r(1,105,5,102)
r(18,101,5,103)
r(5,111,5,103)
w(16,531,5,103)
w(8,515,5,103)
w(15,505,5,103)
w(6,500,5,103)
w(17,502,5,103)
r(1,108,5,103)
w(10,485,5,103)
w(7,515,5,103)
w(4,508,5,103)
w(14,497,5,103)
r(12,94,5,103)
w(11,515,5,103)
r(9,506,5,103)
w(2,489,5,103)
w(0,499,5,103)
w(3,519,5,103)
w(19,490,5,103)
r(13,499,5,103)
r(12,603,5,104)
r(11,729,5,104)
w(14,498,5,104)
w(2,490,5,104)
r(4,605,5,104)
w(6,501,5,104)
r(5,702,5,104)
r(19,384,5,104)
w(3,520,5,104)
r(1,623,5,104)
w(13,502,5,104)
w(8,516,5,104)
w(17,503,5,104)
r(0,598,5,104)
w(9,509,5,104)
r(7,720,5,104)
w(10,486,5,104)
w(16,532,5,104)
w(18,511,5,104)
r(15,599,5,104)
w(1,518,5,105)
r(3,726,5,105)
w(15,506,5,105)
r(10,596,5,105)
r(9,709,5,105)
r(16,735,5,105)
r(11,403,5,105)
w(17,504,5,105)
w(0,500,5,105)
w(14,499,5,105)
r(8,407,5,105)
r(2,393,5,105)
r(18,604,5,105)
r(19,384,5,105)
w(5,506,5,105)
w(13,503,5,105)
w(7,516,5,105)
r(4,407,5,105)
w(12,504,5,105)
w(6,502,5,105)
w(10,487,5,106)
w(4,509,5,106)
r(18,604,5,106)
r(17,291,5,106)
w(19,491,5,106)
w(7,517,5,106)
w(6,503,5,106)
w(16,533,5,106)
r(13,699,5,106)
r(12,398,5,106)
w(11,516,5,106)
w(3,521,5,106)
w(1,519,5,106)
r(8,407,5,106)
w(0,501,5,106)
r(9,290,5,106)
w(5,507,5,106)
w(14,500,5,106)
w(15,507,5,106)
r(2,301,5,106)
w(12,505,5,107)
w(13,504,5,107)
r(6,805,5,107)
r(0,598,5,107)
r(1,832,5,107)
r(17,698,5,107)
r(7,722,5,107)
w(16,534,5,107)
r(2,693,5,107)
w(15,508,5,107)
r(4,706,5,107)
r(9,711,5,107)
r(8,710,5,107)
w(10,488,5,107)
r(14,789,5,107)
r(11,835,5,107)
w(3,522,5,107)
r(18,717,5,107)
w(5,508,5,107)
r(19,694,5,107)
r(10,694,5,108)
r(19,694,5,108)
w(0,502,5,108)
w(15,509,5,108)
w(16,535,5,108)
w(6,504,5,108)
w(18,512,5,108)
w(1,520,5,108)
w(9,510,5,108)
w(4,510,5,108)
r(11,835,5,108)
r(17,698,5,108)
w(8,517,5,108)
w(14,501,5,108)
w(3,523,5,108)
r(2,693,5,108)
w(13,505,5,108)
r(5,313,5,108)
w(12,506,5,108)
r(7,722,5,108)
r(9,510,5,109)
r(1,520,5,109)
r(17,698,5,109)
r(5,313,5,109)
r(3,523,5,109)
w(14,502,5,109)
w(8,518,5,109)
r(2,693,5,109)
w(4,511,5,109)
r(15,509,5,109)
w(6,505,5,109)
w(19,492,5,109)
r(11,835,5,109)
w(7,518,5,109)
r(0,502,5,109)
w(16,536,5,109)
w(10,489,5,109)
r(18,512,5,109)
r(12,506,5,109)
w(13,506,5,109)
r(12,506,5,110)
r(17,698,5,110)
w(18,513,5,110)
w(2,491,5,110)
w(19,493,5,110)
r(14,501,5,110)
r(1,520,5,110)
r(6,504,5,110)
w(5,509,5,110)
w(15,510,5,110)
r(3,523,5,110)
r(7,722,5,110)
w(11,517,5,110)
r(16,535,5,110)
r(0,502,5,110)
w(13,507,5,110)
r(9,510,5,110)
r(10,694,5,110)
w(4,512,5,110)
w(8,519,5,110)
w(11,518,5,111)
r(1,520,5,111)
w(9,511,5,111)
w(17,505,5,111)
r(4,510,5,111)
r(0,502,5,111)
r(16,535,5,111)
w(19,494,5,111)
r(3,523,5,111)
r(6,504,5,111)
w(2,492,5,111)
w(5,510,5,111)
w(15,511,5,111)
w(8,520,5,111)
w(7,519,5,111)
r(12,506,5,111)
r(14,501,5,111)
r(10,694,5,111)
r(13,505,5,111)
r(18,512,5,111)
r(5,313,5,112)
r(17,698,5,112)
r(0,502,5,112)
r(16,535,5,112)
w(18,514,5,112)
w(1,521,5,112)
w(13,508,5,112)
r(4,510,5,112)
w(10,490,5,112)
r(2,693,5,112)
r(15,509,5,112)
r(3,523,5,112)
r(19,694,5,112)
w(12,507,5,112)
r(6,504,5,112)
w(7,520,5,112)
w(14,503,5,112)
w(9,512,5,112)
w(8,521,5,112)
w(11,519,5,112)
w(14,504,5,113)
r(13,505,5,113)
r(15,509,5,113)
r(11,835,5,113)
w(19,495,5,113)
w(8,522,5,113)
w(16,537,5,113)
r(5,313,5,113)
w(17,506,5,113)
r(9,510,5,113)
r(12,506,5,113)
r(4,510,5,113)
w(7,521,5,113)
w(1,522,5,113)
w(10,491,5,113)
r(6,504,5,113)
w(2,493,5,113)
w(0,503,5,113)
w(3,524,5,113)
w(18,515,5,113)
w(5,511,5,114)
w(9,513,5,114)
w(0,504,5,114)
r(12,506,5,114)
w(3,525,5,114)
w(10,492,5,114)
w(13,509,5,114)
r(17,698,5,114)
r(11,835,5,114)
w(16,538,5,114)
r(1,520,5,114)
w(8,523,5,114)
r(18,512,5,114)
r(6,504,5,114)
w(14,505,5,114)
r(19,694,5,114)
r(7,722,5,114)
r(15,509,5,114)
w(2,494,5,114)
w(4,513,5,114)
w(10,493,5,115)
w(11,520,5,115)
r(3,628,5,115)
r(2,9,5,115)
r(18,512,5,115)
r(19,8,5,115)
r(0,8,5,115)
r(6,504,5,115)
r(16,535,5,115)
w(7,522,5,115)
r(15,509,5,115)
r(13,609,5,115)
r(4,12,5,115)
r(5,11,5,115)
r(9,510,5,115)
w(12,508,5,115)
w(17,507,5,115)
w(1,523,5,115)
w(14,506,5,115)
w(8,524,5,115)
r(8,617,5,116)
r(5,11,5,116)
w(11,521,5,116)
w(17,508,5,116)
w(12,509,5,116)
w(16,539,5,116)
w(4,514,5,116)
r(14,10,5,116)
r(6,504,5,116)
w(18,516,5,116)
w(7,523,5,116)
w(19,496,5,116)
w(10,494,5,116)
w(0,505,5,116)
w(13,510,5,116)
w(9,514,5,116)
r(2,9,5,116)
w(15,512,5,116)
r(1,9,5,116)
w(3,526,5,116)
r(9,510,5,117)
w(18,517,5,117)
r(11,10,5,117)
r(7,722,5,117)
w(8,525,5,117)
r(10,8,5,117)
w(4,515,5,117)
w(16,540,5,117)
r(1,9,5,117)
r(12,10,5,117)
r(14,10,5,117)
w(0,506,5,117)
w(19,497,5,117)
r(13,609,5,117)
r(3,628,5,117)
r(6,504,5,117)
r(2,9,5,117)
w(15,513,5,117)
w(5,512,5,117)
r(17,698,5,117)
w(15,514,5,118)
w(17,509,5,118)
w(3,527,5,118)
w(19,498,5,118)
w(2,495,5,118)
r(12,10,5,118)
r(9,510,5,118)
w(13,511,5,118)
w(1,524,5,118)
r(14,10,5,118)
w(6,506,5,118)
w(7,524,5,118)
w(0,507,5,118)
r(4,12,5,118)
r(5,11,5,118)
r(8,617,5,118)
r(10,8,5,118)
w(16,541,5,118)
r(11,10,5,118)
w(18,518,5,118)
w(14,507,5,119)
r(0,8,5,119)
r(1,9,5,119)
w(8,526,5,119)
w(17,510,5,119)
r(18,512,5,119)
w(11,522,5,119)
w(3,528,5,119)
r(5,11,5,119)
w(16,542,5,119)
w(9,515,5,119)
w(7,525,5,119)
r(15,509,5,119)
r(19,696,5,119)
r(12,694,5,119)
w(13,512,5,119)
r(2,695,5,119)
w(6,507,5,119)
r(10,8,5,119)
w(4,516,5,119)
w(3,618,6,120)
r(5,505,6,120)
w(9,599,6,120)
w(10,594,6,120)
w(16,635,6,120)
r(8,514,6,120)
r(0,294,6,120)
r(18,98,6,120)
w(14,600,6,120)
r(1,102,6,120)
r(6,497,6,120)
r(7,107,6,120)
r(17,499,6,120)
r(15,502,6,120)
r(4,311,6,120)
w(13,601,6,120)
w(12,600,6,120)
w(19,587,6,120)
r(11,109,6,120)
r(2,488,6,120)
r(15,502,6,121)
w(5,599,6,121)
r(8,514,6,121)
r(17,499,6,121)
w(10,595,6,121)
r(6,497,6,121)
r(7,107,6,121)
w(11,619,6,121)
w(16,636,6,121)
w(13,602,6,121)
r(12,502,6,121)
r(0,294,6,121)
r(2,488,6,121)
r(1,102,6,121)
w(9,600,6,121)
r(4,311,6,121)
r(18,98,6,121)
w(19,588,6,121)
w(3,619,6,121)
w(14,601,6,121)
w(8,610,6,122)
r(1,105,6,122)
r(5,505,6,122)
r(13,499,6,122)
r(4,99,6,122)
r(18,101,6,122)
r(19,488,6,122)
w(12,601,6,122)
w(0,597,6,122)
w(14,602,6,122)
w(15,598,6,122)
w(7,616,6,122)
r(17,499,6,122)
r(3,518,6,122)
r(9,506,6,122)
w(6,616,6,122)
r(11,109,6,122)
r(2,488,6,122)
r(10,483,6,122)
r(16,97,6,122)
r(18,101,6,123)
r(4,99,6,123)
r(6,97,6,123)
r(15,97,6,123)
r(17,499,6,123)
w(3,620,6,123)
r(1,108,6,123)
r(8,119,6,123)
w(19,589,6,123)
r(5,111,6,123)
w(9,601,6,123)
w(14,603,6,123)
r(0,294,6,123)
w(11,620,6,123)
r(16,102,6,123)
w(12,602,6,123)
r(10,483,6,123)
r(7,111,6,123)
w(13,603,6,123)
w(2,585,6,123)
w(4,603,6,124)
w(1,621,6,124)
w(16,637,6,124)
w(19,590,6,124)
w(5,600,6,124)
w(9,602,6,124)
r(15,690,6,124)
w(17,598,6,124)
r(14,212,6,124)
r(0,195,6,124)
r(3,725,6,124)
w(11,621,6,124)
r(8,707,6,124)
r(18,203,6,124)
w(10,596,6,124)
r(6,714,6,124)
w(12,603,6,124)
r(7,720,6,124)
w(2,586,6,124)
r(13,699,6,124)
r(14,398,6,125)
w(3,621,6,125)
w(8,611,6,125)
r(6,399,6,125)
r(0,195,6,125)
w(1,622,6,125)
w(4,604,6,125)
r(13,699,6,125)
w(19,591,6,125)
r(7,720,6,125)
r(15,690,6,125)
w(9,603,6,125)
w(10,597,6,125)
r(12,603,6,125)
w(5,601,6,125)
r(2,586,6,125)
w(18,603,6,125)
r(11,621,6,125)
r(17,399,6,125)
r(16,637,6,125)
w(1,623,6,126)
w(8,612,6,126)
w(11,622,6,126)
w(3,622,6,126)
w(15,599,6,126)
w(4,605,6,126)
r(2,586,6,126)
w(18,604,6,126)
r(7,720,6,126)
w(6,617,6,126)
r(19,384,6,126)
r(12,603,6,126)
r(17,399,6,126)
w(16,638,6,126)
r(9,399,6,126)
r(10,596,6,126)
w(0,598,6,126)
r(13,699,6,126)
w(5,602,6,126)
w(14,604,6,126)
w(4,606,6,127)
w(8,613,6,127)
w(5,603,6,127)
r(18,604,6,127)
w(13,604,6,127)
r(11,622,6,127)
r(19,384,6,127)
r(6,617,6,127)
w(7,617,6,127)
r(3,622,6,127)
w(14,605,6,127)
w(2,587,6,127)
w(9,604,6,127)
r(15,599,6,127)
w(17,599,6,127)
r(0,598,6,127)
w(10,598,6,127)
w(12,604,6,127)
w(1,624,6,127)
w(16,639,6,127)
w(5,604,6,128)
w(0,599,6,128)
r(16,735,6,128)
w(13,605,6,128)
r(7,720,6,128)
r(2,586,6,128)
w(14,606,6,128)
w(12,605,6,128)
r(17,399,6,128)
r(15,599,6,128)
w(8,614,6,128)
r(19,384,6,128)
w(1,625,6,128)
w(3,623,6,128)
w(10,599,6,128)
w(18,605,6,128)
w(6,618,6,128)
w(11,623,6,128)
r(9,709,6,128)
r(4,605,6,128)
w(2,588,6,129)
r(6,401,6,129)
w(16,640,6,129)
r(1,623,6,129)
w(11,624,6,129)
w(9,605,6,129)
w(0,600,6,129)
r(14,604,6,129)
w(15,600,6,129)
r(8,407,6,129)
r(10,596,6,129)
r(18,604,6,129)
w(3,624,6,129)
r(13,699,6,129)
w(19,592,6,129)
w(17,600,6,129)
r(5,702,6,129)
w(7,618,6,129)
r(4,407,6,129)
r(12,398,6,129)
r(17,698,6,130)
r(15,692,6,130)
r(12,691,6,130)
w(7,619,6,130)
w(8,615,6,130)
w(3,625,6,130)
r(1,832,6,130)
w(4,607,6,130)
r(5,313,6,130)
r(14,789,6,130)
w(10,600,6,130)
w(13,606,6,130)
w(18,606,6,130)
w(9,606,6,130)
r(2,693,6,130)
w(11,625,6,130)
r(6,805,6,130)
w(19,593,6,130)
r(16,737,6,130)
r(0,598,6,130)
r(17,698,6,131)
r(10,694,6,131)
w(3,626,6,131)
w(11,626,6,131)
w(7,620,6,131)
r(4,706,6,131)
r(14,789,6,131)
r(8,710,6,131)
w(13,607,6,131)
r(9,711,6,131)
r(6,805,6,131)
w(15,601,6,131)
w(2,589,6,131)
w(1,626,6,131)
w(5,605,6,131)
r(0,598,6,131)
w(19,594,6,131)
w(18,607,6,131)
w(12,606,6,131)
r(16,737,6,131)
w(10,601,6,132)
r(3,523,6,132)
w(13,608,6,132)
r(12,506,6,132)
r(8,517,6,132)
w(7,621,6,132)
w(4,608,6,132)
r(15,509,6,132)
w(16,641,6,132)
r(19,694,6,132)
w(1,627,6,132)
w(9,607,6,132)
r(11,835,6,132)
r(6,504,6,132)
w(0,601,6,132)
w(2,590,6,132)
w(18,608,6,132)
w(17,601,6,132)
r(5,313,6,132)
w(14,607,6,132)
w(1,628,6,133)
r(11,835,6,133)
r(6,504,6,133)
r(12,506,6,133)
w(18,609,6,133)
r(16,535,6,133)
w(5,606,6,133)
r(13,505,6,133)
w(17,602,6,133)
w(14,608,6,133)
r(10,694,6,133)
r(19,694,6,133)
r(9,510,6,133)
w(15,602,6,133)
w(3,627,6,133)
w(8,616,6,133)
w(0,602,6,133)
r(2,693,6,133)
r(4,510,6,133)
r(7,722,6,133)
w(13,609,6,134)
r(7,722,6,134)
r(18,512,6,134)
r(11,835,6,134)
r(4,510,6,134)
r(5,313,6,134)
w(19,595,6,134)
r(14,501,6,134)
w(2,591,6,134)
w(1,629,6,134)
r(16,535,6,134)
r(6,504,6,134)
r(17,698,6,134)
w(8,617,6,134)
r(12,506,6,134)
r(9,510,6,134)
r(0,502,6,134)
r(15,509,6,134)
w(10,602,6,134)
w(3,628,6,134)
r(19,8,6,135)
w(11,627,6,135)
r(1,9,6,135)
w(15,603,6,135)
w(2,592,6,135)
w(13,610,6,135)
w(14,609,6,135)
r(9,510,6,135)
w(5,607,6,135)
w(10,603,6,135)
w(6,619,6,135)
w(17,603,6,135)
w(3,629,6,135)
w(12,607,6,135)
r(18,512,6,135)
w(8,618,6,135)
r(7,722,6,135)
w(16,642,6,135)
r(4,12,6,135)
r(0,8,6,135)
w(5,608,6,136)
r(10,8,6,136)
w(13,611,6,136)
w(0,603,6,136)
w(2,593,6,136)
r(3,628,6,136)
r(19,8,6,136)
w(6,620,6,136)
w(8,619,6,136)
w(18,610,6,136)
r(16,535,6,136)
r(4,12,6,136)
w(11,628,6,136)
w(14,610,6,136)
r(12,10,6,136)
w(15,604,6,136)
w(7,622,6,136)
w(9,608,6,136)
w(17,604,6,136)
w(1,630,6,136)
w(2,594,6,137)
r(9,716,6,137)
r(3,729,6,137)
r(1,9,6,137)
r(5,223,6,137)
w(19,596,6,137)
r(14,218,6,137)
w(4,609,6,137)
w(7,623,6,137)
w(17,605,6,137)
r(12,201,6,137)
w(18,611,6,137)
r(8,617,6,137)
w(15,605,6,137)
r(0,8,6,137)
w(16,643,6,137)
r(13,703,6,137)
w(10,604,6,137)
w(6,621,6,137)
w(11,629,6,137)
r(13,703,6,138)
w(16,644,6,138)
w(0,604,6,138)
r(12,202,6,138)
w(15,606,6,138)
r(10,193,6,138)
r(1,220,6,138)
r(7,914,6,138)
w(11,630,6,138)
w(3,630,6,138)
r(2,907,6,138)
w(18,612,6,138)
r(17,605,6,138)
r(5,224,6,138)
r(19,198,6,138)
r(6,901,6,138)
w(9,609,6,138)
r(14,899,6,138)
w(4,610,6,138)
r(8,216,6,138)
w(4,611,6,139)
r(1,837,6,139)
w(15,607,6,139)
r(5,797,6,139)
w(3,631,6,139)
w(11,631,6,139)
r(7,824,6,139)
w(9,610,6,139)
r(8,814,6,139)
w(17,606,6,139)
r(2,804,6,139)
w(12,608,6,139)
w(16,645,6,139)
r(0,809,6,139)
w(19,597,6,139)
w(18,613,6,139)
r(6,901,6,139)
w(10,605,6,139)
w(14,611,6,139)
r(13,814,6,139)
w(17,695,7,140)
r(3,518,7,140)
w(16,732,7,140)
r(15,502,7,140)
r(12,502,7,140)
w(5,700,7,140)
w(1,730,7,140)
r(10,483,7,140)
w(0,697,7,140)
w(18,713,7,140)
w(7,719,7,140)
r(19,488,7,140)
r(2,488,7,140)
r(11,109,7,140)
w(13,698,7,140)
w(4,701,7,140)
w(6,712,7,140)
r(14,495,7,140)
w(8,705,7,140)
r(9,506,7,140)
w(9,707,7,141)
w(8,706,7,141)
w(7,720,7,141)
r(13,499,7,141)
w(1,731,7,141)
w(4,702,7,141)
w(0,698,7,141)
r(3,210,7,141)
w(6,713,7,141)
w(5,701,7,141)
r(11,210,7,141)
w(14,706,7,141)
w(16,733,7,141)
w(12,689,7,141)
w(18,714,7,141)
w(2,689,7,141)
r(17,499,7,141)
w(15,689,7,141)
w(19,692,7,141)
r(10,483,7,141)
r(7,720,7,142)
w(10,692,7,142)
w(8,707,7,142)
w(3,725,7,142)
r(19,692,7,142)
r(0,195,7,142)
w(15,690,7,142)
r(18,203,7,142)
r(14,212,7,142)
w(16,734,7,142)
w(17,696,7,142)
w(6,714,7,142)
w(11,728,7,142)
w(13,699,7,142)
w(4,703,7,142)
r(1,213,7,142)
r(12,689,7,142)
r(5,218,7,142)
w(9,708,7,142)
w(2,690,7,142)
r(13,699,7,143)
r(0,598,7,143)
r(14,604,7,143)
r(15,599,7,143)
r(10,596,7,143)
w(5,702,7,143)
w(9,709,7,143)
w(16,735,7,143)
w(3,726,7,143)
r(18,604,7,143)
r(7,720,7,143)
r(4,605,7,143)
w(11,729,7,143)
r(12,603,7,143)
r(19,384,7,143)
r(17,399,7,143)
w(8,708,7,143)
r(1,623,7,143)
r(6,617,7,143)
r(2,586,7,143)
r(19,384,7,144)
r(1,623,7,144)
r(8,708,7,144)
w(0,699,7,144)
r(13,699,7,144)
r(17,399,7,144)
w(4,704,7,144)
r(11,729,7,144)
w(16,736,7,144)
r(12,603,7,144)
w(7,721,7,144)
r(14,604,7,144)
w(3,727,7,144)
r(6,617,7,144)
w(2,691,7,144)
r(15,599,7,144)
w(10,693,7,144)
r(9,709,7,144)
r(5,702,7,144)
w(18,715,7,144)
w(9,710,7,145)
w(1,732,7,145)
w(15,691,7,145)
w(5,703,7,145)
r(14,604,7,145)
w(12,690,7,145)
w(0,700,7,145)
w(18,716,7,145)
r(6,401,7,145)
w(2,692,7,145)
w(4,705,7,145)
w(19,693,7,145)
r(7,720,7,145)
w(8,709,7,145)
r(16,735,7,145)
w(17,697,7,145)
w(13,700,7,145)
w(11,730,7,145)
r(3,726,7,145)
r(10,596,7,145)
r(5,313,7,146)
w(10,694,7,146)
w(16,737,7,146)
r(14,789,7,146)
w(8,710,7,146)
w(7,722,7,146)
r(3,315,7,146)
r(1,832,7,146)
w(15,692,7,146)
r(0,598,7,146)
r(11,835,7,146)
w(12,691,7,146)
w(18,717,7,146)
w(19,694,7,146)
r(6,805,7,146)
r(13,809,7,146)
w(17,698,7,146)
w(4,706,7,146)
w(2,693,7,146)
w(9,711,7,146)
w(6,715,7,147)
r(10,694,7,147)
r(0,502,7,147)
w(12,692,7,147)
w(11,731,7,147)
w(14,707,7,147)
r(3,523,7,147)
w(16,738,7,147)
r(15,509,7,147)
r(8,517,7,147)
w(13,701,7,147)
r(19,694,7,147)
r(18,512,7,147)
r(5,313,7,147)
r(7,722,7,147)
w(17,699,7,147)
w(1,733,7,147)
w(9,712,7,147)
r(4,510,7,147)
r(2,693,7,147)
w(4,707,7,148)
r(1,9,7,148)
w(10,695,7,148)
r(7,722,7,148)
r(0,8,7,148)
r(15,509,7,148)
w(17,700,7,148)
r(5,11,7,148)
w(13,702,7,148)
r(14,10,7,148)
w(16,739,7,148)
r(3,628,7,148)
r(19,8,7,148)
w(6,716,7,148)
r(2,9,7,148)
w(8,711,7,148)
w(11,732,7,148)
w(12,693,7,148)
r(18,512,7,148)
w(9,713,7,148)
r(3,628,7,149)
w(17,701,7,149)
r(12,10,7,149)
w(15,693,7,149)
r(10,8,7,149)
w(11,733,7,149)
w(16,740,7,149)
w(14,708,7,149)
w(0,701,7,149)
w(18,718,7,149)
r(7,722,7,149)
w(2,694,7,149)
w(8,712,7,149)
r(4,12,7,149)
w(9,714,7,149)
r(5,11,7,149)
w(1,734,7,149)
w(19,695,7,149)
w(6,717,7,149)
r(13,609,7,149)
r(19,8,7,150)
r(0,8,7,150)
r(5,11,7,150)
w(3,728,7,150)
r(13,609,7,150)
r(4,12,7,150)
w(17,702,7,150)
r(6,504,7,150)
r(18,512,7,150)
w(15,694,7,150)
r(16,535,7,150)
r(8,617,7,150)
w(1,735,7,150)
w(9,715,7,150)
w(10,696,7,150)
w(14,709,7,150)
r(12,10,7,150)
r(7,722,7,150)
r(2,9,7,150)
r(11,10,7,150)
w(13,703,7,151)
w(19,696,7,151)
w(16,741,7,151)
w(6,718,7,151)
r(8,617,7,151)
r(5,11,7,151)
w(4,708,7,151)
r(0,8,7,151)
w(2,695,7,151)
r(18,512,7,151)
r(10,8,7,151)
w(17,703,7,151)
r(11,10,7,151)
w(9,716,7,151)
w(12,694,7,151)
r(1,9,7,151)
r(15,509,7,151)
w(3,729,7,151)
w(7,723,7,151)
r(14,10,7,151)
r(2,218,7,152)
r(14,218,7,152)
w(16,742,7,152)
r(5,223,7,152)
r(19,696,7,152)
r(17,201,7,152)
w(9,717,7,152)
r(12,201,7,152)
r(3,729,7,152)
w(13,704,7,152)
w(15,695,7,152)
r(11,10,7,152)
w(6,719,7,152)
r(4,708,7,152)
w(1,736,7,152)
r(8,617,7,152)
r(0,8,7,152)
r(18,512,7,152)
w(7,724,7,152)
w(10,697,7,152)
r(16,106,7,153)
r(2,110,7,153)
r(18,832,7,153)
w(14,710,7,153)
w(17,704,7,153)
r(1,112,7,153)
r(11,842,7,153)
w(10,698,7,153)
r(9,609,7,153)
r(5,116,7,153)
w(4,709,7,153)
r(0,809,7,153)
w(19,697,7,153)
r(13,814,7,153)
w(7,725,7,153)
w(12,695,7,153)
w(3,730,7,153)
w(15,696,7,153)
w(8,713,7,153)
w(6,720,7,153)
r(2,910,7,154)
r(9,90,7,154)
r(14,313,7,154)
r(7,313,7,154)
w(18,719,7,154)
r(3,939,7,154)
w(13,705,7,154)
r(16,312,7,154)
r(1,113,7,154)
w(17,705,7,154)
w(10,699,7,154)
r(5,117,7,154)
r(6,406,7,154)
w(15,697,7,154)
r(4,415,7,154)
w(8,714,7,154)
r(19,898,7,154)
r(12,902,7,154)
r(11,411,7,154)
w(0,702,7,154)
w(10,700,7,155)
r(18,313,7,155)
w(14,711,7,155)
w(2,696,7,155)
w(3,731,7,155)
r(17,301,7,155)
r(16,313,7,155)
w(6,721,7,155)
r(15,305,7,155)
w(1,737,7,155)
r(0,301,7,155)
r(19,297,7,155)
w(7,726,7,155)
r(8,320,7,155)
r(12,307,7,155)
r(13,305,7,155)
w(4,710,7,155)
r(9,294,7,155)
r(11,411,7,155)
r(5,319,7,155)
w(2,697,7,156)
r(16,314,7,156)
r(10,700,7,156)
w(7,727,7,156)
w(19,698,7,156)
r(11,411,7,156)
r(14,711,7,156)
w(17,706,7,156)
w(5,704,7,156)
w(0,703,7,156)
w(4,711,7,156)
r(12,307,7,156)
w(3,732,7,156)
w(8,715,7,156)
r(15,306,7,156)
w(1,738,7,156)
w(6,722,7,156)
w(13,706,7,156)
w(9,718,7,156)
w(18,720,7,156)
r(16,203,7,157)
w(10,701,7,157)
w(13,707,7,157)
w(2,698,7,157)
r(0,201,7,157)
r(19,201,7,157)
w(6,723,7,157)
r(4,209,7,157)
w(11,734,7,157)
r(15,208,7,157)
r(14,221,7,157)
w(5,705,7,157)
w(3,733,7,157)
r(9,193,7,157)
r(8,715,7,157)
r(1,738,7,157)
r(18,211,7,157)
w(17,707,7,157)
r(7,727,7,157)
r(12,205,7,157)
r(14,222,7,158)
r(13,205,7,158)
w(15,698,7,158)
r(5,227,7,158)
w(17,708,7,158)
r(12,205,7,158)
r(10,196,7,158)
r(7,220,7,158)
r(3,733,7,158)
w(11,735,7,158)
w(16,743,7,158)
r(2,219,7,158)
r(1,738,7,158)
w(6,724,7,158)
w(9,719,7,158)
r(18,213,7,158)
r(4,211,7,158)
r(0,202,7,158)
r(8,715,7,158)
r(19,202,7,158)
w(1,739,7,159)
r(0,202,7,159)
w(18,721,7,159)
w(14,712,7,159)
w(7,728,7,159)
w(9,720,7,159)
r(12,205,7,159)
r(16,743,7,159)
r(10,196,7,159)
r(6,724,7,159)
r(8,715,7,159)
w(11,736,7,159)
r(3,733,7,159)
r(17,708,7,159)
r(4,211,7,159)
w(15,699,7,159)
w(13,708,7,159)
w(2,699,7,159)
r(19,202,7,159)
w(5,706,7,159)
r(3,313,8,160)
r(11,309,8,160)
r(12,298,8,160)
w(0,800,8,160)
w(13,803,8,160)
w(4,797,8,160)
w(8,801,8,160)
r(6,297,8,160)
w(16,851,8,160)
w(1,826,8,160)
w(18,821,8,160)
r(7,304,8,160)
w(2,794,8,160)
w(17,794,8,160)
r(5,312,8,160)
r(14,307,8,160)
w(19,790,8,160)
r(15,297,8,160)
w(10,788,8,160)
r(9,289,8,160)
r(15,297,8,161)
w(11,830,8,161)
w(10,789,8,161)
r(12,298,8,161)
r(19,289,8,161)
w(8,802,8,161)
r(9,289,8,161)
r(6,297,8,161)
w(4,798,8,161)
r(3,313,8,161)
r(5,312,8,161)
w(17,795,8,161)
r(7,304,8,161)
w(0,801,8,161)
w(1,827,8,161)
w(13,804,8,161)
w(2,795,8,161)
r(18,301,8,161)
r(16,304,8,161)
w(14,786,8,161)
r(2,210,8,162)
r(14,210,8,162)
w(9,819,8,162)
r(12,94,8,162)
r(16,102,8,162)
r(4,202,8,162)
w(6,802,8,162)
r(0,294,8,162)
w(15,787,8,162)
w(8,803,8,162)
r(11,210,8,162)
w(19,791,8,162)
r(5,111,8,162)
r(10,483,8,162)
r(7,213,8,162)
w(3,816,8,162)
w(13,805,8,162)
w(1,828,8,162)
r(18,202,8,162)
w(17,796,8,162)
r(14,212,8,163)
w(0,802,8,163)
r(3,210,8,163)
w(9,820,8,163)
w(4,799,8,163)
r(16,196,8,163)
w(12,786,8,163)
r(5,218,8,163)
r(15,689,8,163)
r(18,203,8,163)
w(7,817,8,163)
r(2,212,8,163)
r(1,213,8,163)
w(11,831,8,163)
w(8,804,8,163)
w(19,792,8,163)
r(6,201,8,163)
w(17,797,8,163)
r(10,187,8,163)
w(13,806,8,163)
r(7,720,8,164)
r(10,596,8,164)
r(8,612,8,164)
r(6,617,8,164)
r(14,604,8,164)
r(4,605,8,164)
r(9,399,8,164)
w(2,796,8,164)
r(13,699,8,164)
w(5,791,8,164)
w(11,832,8,164)
r(15,599,8,164)
r(3,622,8,164)
w(18,822,8,164)
w(19,793,8,164)
w(0,803,8,164)
w(16,852,8,164)
w(17,798,8,164)
r(1,623,8,164)
r(12,603,8,164)
r(13,699,8,165)
w(4,800,8,165)
w(1,829,8,165)
r(17,399,8,165)
w(3,817,8,165)
w(0,804,8,165)
r(16,735,8,165)
w(10,790,8,165)
w(18,823,8,165)
r(6,617,8,165)
r(7,720,8,165)
r(9,709,8,165)
w(8,805,8,165)
w(5,792,8,165)
w(11,833,8,165)
r(12,603,8,165)
r(15,599,8,165)
w(14,787,8,165)
w(19,794,8,165)
w(2,797,8,165)
r(10,596,8,166)
r(0,598,8,166)
w(17,799,8,166)
w(5,793,8,166)
r(16,735,8,166)
r(15,599,8,166)
w(19,795,8,166)
w(7,818,8,166)
r(13,699,8,166)
w(11,834,8,166)
r(1,623,8,166)
r(8,407,8,166)
w(2,798,8,166)
r(12,398,8,166)
r(3,726,8,166)
w(9,821,8,166)
w(4,801,8,166)
w(18,824,8,166)
w(6,803,8,166)
r(14,604,8,166)
r(14,604,8,167)
r(7,720,8,167)
w(0,805,8,167)
r(12,398,8,167)
r(5,702,8,167)
r(10,596,8,167)
r(17,399,8,167)
w(6,804,8,167)
w(4,802,8,167)
w(18,825,8,167)
w(15,788,8,167)
w(9,822,8,167)
w(13,807,8,167)
w(2,799,8,167)
w(1,830,8,167)
r(3,726,8,167)
w(8,806,8,167)
r(11,403,8,167)
w(19,796,8,167)
w(16,853,8,167)
w(8,807,8,168)
r(18,604,8,168)
r(12,398,8,168)
w(16,854,8,168)
r(15,599,8,168)
r(4,407,8,168)
w(13,808,8,168)
r(6,401,8,168)
w(0,806,8,168)
w(1,831,8,168)
w(14,788,8,168)
w(2,800,8,168)
w(5,794,8,168)
r(17,399,8,168)
w(19,797,8,168)
r(7,720,8,168)
r(9,709,8,168)
r(11,403,8,168)
w(3,818,8,168)
w(10,791,8,168)
w(7,819,8,169)
w(14,789,8,169)
r(0,598,8,169)
r(17,291,8,169)
w(1,832,8,169)
w(15,789,8,169)
w(9,823,8,169)
w(19,798,8,169)
r(8,407,8,169)
r(5,313,8,169)
w(11,835,8,169)
w(6,805,8,169)
r(3,315,8,169)
w(2,801,8,169)
r(10,280,8,169)
w(13,809,8,169)
r(12,398,8,169)
w(18,826,8,169)
w(4,803,8,169)
w(16,855,8,169)
w(11,836,8,170)
r(2,693,8,170)
r(13,809,8,170)
r(6,805,8,170)
w(9,824,8,170)
w(14,790,8,170)
w(0,807,8,170)
r(18,717,8,170)
w(16,856,8,170)
r(15,692,8,170)
w(17,800,8,170)
w(4,804,8,170)
w(10,792,8,170)
r(5,313,8,170)
w(3,819,8,170)
w(12,787,8,170)
w(19,799,8,170)
w(7,820,8,170)
r(1,832,8,170)
r(8,710,8,170)
w(17,801,8,171)
w(18,827,8,171)
w(3,820,8,171)
r(7,722,8,171)
r(5,313,8,171)
w(8,808,8,171)
w(9,825,8,171)
r(6,504,8,171)
w(10,793,8,171)
w(11,837,8,171)
r(16,535,8,171)
w(0,808,8,171)
w(13,810,8,171)
w(4,805,8,171)
w(12,788,8,171)
w(19,800,8,171)
r(14,501,8,171)
r(1,520,8,171)
r(15,509,8,171)
r(2,693,8,171)
w(13,811,8,172)
w(18,828,8,172)
r(0,502,8,172)
w(7,821,8,172)
w(12,789,8,172)
r(1,520,8,172)
r(4,510,8,172)
r(15,509,8,172)
r(17,698,8,172)
r(16,535,8,172)
w(9,826,8,172)
w(8,809,8,172)
r(6,504,8,172)
r(11,835,8,172)
w(5,795,8,172)
w(3,821,8,172)
w(14,791,8,172)
w(10,794,8,172)
w(2,802,8,172)
r(19,694,8,172)
w(17,802,8,173)
w(7,822,8,173)
r(2,693,8,173)
r(0,502,8,173)
r(6,504,8,173)
w(18,829,8,173)
w(3,822,8,173)
w(12,790,8,173)
r(5,313,8,173)
w(4,806,8,173)
w(1,833,8,173)
w(9,827,8,173)
w(14,792,8,173)
r(13,505,8,173)
r(10,694,8,173)
w(11,838,8,173)
r(8,517,8,173)
w(16,857,8,173)
r(19,694,8,173)
r(15,509,8,173)
r(6,504,8,174)
w(10,795,8,174)
w(19,801,8,174)
r(5,313,8,174)
r(2,693,8,174)
r(1,520,8,174)
w(4,807,8,174)
r(18,512,8,174)
w(9,828,8,174)
r(17,698,8,174)
r(3,523,8,174)
w(13,812,8,174)
w(15,790,8,174)
w(11,839,8,174)
w(8,810,8,174)
r(0,502,8,174)
r(14,501,8,174)
w(12,791,8,174)
w(7,823,8,174)
r(16,535,8,174)
r(8,517,8,175)
r(9,510,8,175)
r(15,509,8,175)
w(2,803,8,175)
w(11,840,8,175)
w(14,793,8,175)
r(0,502,8,175)
w(19,802,8,175)
r(17,698,8,175)
r(16,535,8,175)
w(6,806,8,175)
r(7,722,8,175)
r(4,510,8,175)
r(10,694,8,175)
w(1,834,8,175)
w(18,830,8,175)
w(5,796,8,175)
r(13,505,8,175)
w(12,792,8,175)
r(3,523,8,175)
r(2,9,8,176)
r(0,8,8,176)
r(6,504,8,176)
r(7,722,8,176)
r(10,8,8,176)
w(4,808,8,176)
w(9,829,8,176)
r(18,512,8,176)
r(5,11,8,176)
w(8,811,8,176)
r(19,8,8,176)
r(11,10,8,176)
r(13,609,8,176)
w(3,823,8,176)
w(12,793,8,176)
w(17,803,8,176)
w(1,835,8,176)
r(16,535,8,176)
r(15,509,8,176)
r(14,10,8,176)
r(9,716,8,177)
w(13,813,8,177)
r(3,729,8,177)
r(0,8,8,177)
r(16,741,8,177)
w(18,831,8,177)
r(1,9,8,177)
r(5,223,8,177)
w(8,812,8,177)
r(7,723,8,177)
r(10,8,8,177)
w(12,794,8,177)
w(15,791,8,177)
w(19,803,8,177)
w(17,804,8,177)
r(2,218,8,177)
r(4,708,8,177)
r(14,218,8,177)
w(11,841,8,177)
r(6,206,8,177)
r(6,901,8,178)
r(9,609,8,178)
w(10,796,8,178)
r(19,198,8,178)
w(2,804,8,178)
r(12,202,8,178)
r(5,224,8,178)
w(0,809,8,178)
r(13,703,8,178)
r(11,630,8,178)
w(8,813,8,178)
r(18,612,8,178)
w(15,792,8,178)
r(14,899,8,178)
r(7,914,8,178)
r(16,644,8,178)
w(1,836,8,178)
r(3,630,8,178)
r(17,605,8,178)
r(4,610,8,178)
r(2,804,8,179)
w(19,804,8,179)
w(8,814,8,179)
w(7,824,8,179)
r(6,901,8,179)
w(12,795,8,179)
r(14,899,8,179)
w(18,832,8,179)
r(9,609,8,179)
r(4,610,8,179)
w(13,814,8,179)
r(17,605,8,179)
w(11,842,8,179)
r(0,809,8,179)
r(10,796,8,179)
w(1,837,8,179)
w(5,797,8,179)
r(15,792,8,179)
r(3,630,8,179)
w(16,858,8,179)
w(10,882,9,180)
r(16,304,9,180)
r(11,309,9,180)
w(18,925,9,180)
w(15,874,9,180)
r(7,304,9,180)
w(4,895,9,180)
w(8,912,9,180)
r(1,319,9,180)
w(17,886,9,180)
r(13,298,9,180)
w(14,890,9,180)
r(2,299,9,180)
w(9,916,9,180)
r(19,289,9,180)
r(3,313,9,180)
w(5,884,9,180)
w(12,893,9,180)
r(6,297,9,180)
r(0,294,9,180)
w(14,891,9,181)
w(0,889,9,181)
w(11,937,9,181)
w(1,937,9,181)
r(10,483,9,181)
w(5,885,9,181)
r(12,502,9,181)
w(2,900,9,181)
r(3,518,9,181)
w(8,913,9,181)
r(4,99,9,181)
r(13,499,9,181)
r(19,488,9,181)
r(17,499,9,181)
w(18,926,9,181)
r(7,107,9,181)
w(16,957,9,181)
r(6,95,9,181)
w(9,917,9,181)
w(15,875,9,181)
w(16,958,9,182)
r(18,101,9,182)
w(11,938,9,182)
r(10,483,9,182)
w(17,887,9,182)
w(13,902,9,182)
w(8,914,9,182)
w(15,876,9,182)
r(12,502,9,182)
w(3,930,9,182)
w(0,890,9,182)
w(1,938,9,182)
w(5,886,9,182)
r(2,488,9,182)
w(7,907,9,182)
w(14,892,9,182)
w(4,896,9,182)
r(9,506,9,182)
r(6,95,9,182)
w(19,888,9,182)
r(1,623,9,183)
w(6,892,9,183)
r(18,604,9,183)
w(12,894,9,183)
w(17,888,9,183)
r(0,598,9,183)
r(13,699,9,183)
w(5,887,9,183)
w(15,877,9,183)
w(2,901,9,183)
r(10,596,9,183)
r(8,407,9,183)
r(11,403,9,183)
r(3,726,9,183)
r(19,384,9,183)
r(4,407,9,183)
w(7,908,9,183)
r(9,709,9,183)
r(14,604,9,183)
w(16,959,9,183)
r(3,726,9,184)
r(6,401,9,184)
w(19,889,9,184)
r(14,604,9,184)
r(15,599,9,184)
r(9,709,9,184)
w(4,897,9,184)
w(0,891,9,184)
w(1,939,9,184)
r(5,702,9,184)
r(17,399,9,184)
w(2,902,9,184)
w(16,960,9,184)
w(18,927,9,184)
r(7,720,9,184)
w(10,883,9,184)
w(8,915,9,184)
r(11,403,9,184)
w(13,903,9,184)
r(12,398,9,184)
w(1,940,9,185)
w(16,961,9,185)
w(11,939,9,185)
w(18,928,9,185)
r(5,702,9,185)
r(7,720,9,185)
r(4,407,9,185)
w(15,878,9,185)
r(12,398,9,185)
r(10,596,9,185)
w(3,931,9,185)
w(13,904,9,185)
w(9,918,9,185)
w(14,893,9,185)
r(2,393,9,185)
w(19,890,9,185)
r(17,399,9,185)
w(8,916,9,185)
w(6,893,9,185)
r(0,598,9,185)
w(3,932,9,186)
r(1,623,9,186)
r(7,720,9,186)
r(8,407,9,186)
w(12,895,9,186)
r(10,596,9,186)
r(14,604,9,186)
w(6,894,9,186)
w(9,919,9,186)
w(19,891,9,186)
r(17,399,9,186)
w(11,940,9,186)
r(15,599,9,186)
r(2,393,9,186)
w(0,892,9,186)
r(5,702,9,186)
r(18,604,9,186)
r(4,407,9,186)
r(13,699,9,186)
r(16,735,9,186)
w(19,892,9,187)
r(16,737,9,187)
w(9,920,9,187)
w(14,894,9,187)
w(6,895,9,187)
r(18,717,9,187)
w(11,941,9,187)
w(0,893,9,187)
r(17,698,9,187)
w(8,917,9,187)
w(10,884,9,187)
w(5,888,9,187)
r(12,691,9,187)
w(7,909,9,187)
r(15,692,9,187)
r(3,315,9,187)
r(13,809,9,187)
r(2,693,9,187)
r(1,832,9,187)
r(4,706,9,187)
w(0,894,9,188)
w(9,921,9,188)
r(13,505,9,188)
r(15,509,9,188)
w(1,941,9,188)
r(7,722,9,188)
r(19,694,9,188)
r(4,510,9,188)
r(11,835,9,188)
w(10,885,9,188)
w(18,929,9,188)
r(5,313,9,188)
r(16,535,9,188)
r(8,517,9,188)
r(14,501,9,188)
w(17,889,9,188)
r(6,504,9,188)
w(2,903,9,188)
w(3,933,9,188)
r(12,506,9,188)
r(18,512,9,189)
w(15,879,9,189)
w(8,918,9,189)
w(16,962,9,189)
r(11,835,9,189)
r(3,523,9,189)
w(1,942,9,189)
w(14,895,9,189)
r(12,506,9,189)
w(9,922,9,189)
r(17,698,9,189)
w(5,889,9,189)
r(7,722,9,189)
w(2,904,9,189)
r(0,502,9,189)
w(13,905,9,189)
w(19,893,9,189)
w(10,886,9,189)
w(6,896,9,189)
r(4,510,9,189)
w(15,880,9,190)
w(1,943,9,190)
r(7,722,9,190)
r(13,609,9,190)
w(4,898,9,190)
r(6,504,9,190)
r(5,11,9,190)
r(12,10,9,190)
w(14,896,9,190)
w(3,934,9,190)
r(10,8,9,190)
w(17,890,9,190)
w(2,905,9,190)
w(8,919,9,190)
w(9,923,9,190)
r(18,512,9,190)
r(11,10,9,190)
w(19,894,9,190)
r(16,535,9,190)
r(0,8,9,190)
r(12,10,9,191)
w(10,887,9,191)
w(15,881,9,191)
w(14,897,9,191)
r(0,8,9,191)
r(13,609,9,191)
r(18,512,9,191)
w(16,963,9,191)
w(4,899,9,191)
w(1,944,9,191)
w(9,924,9,191)
r(11,10,9,191)
r(19,8,9,191)
r(8,617,9,191)
w(7,910,9,191)
r(3,628,9,191)
r(2,9,9,191)
w(6,897,9,191)
w(5,890,9,191)
w(17,891,9,191)
w(16,964,9,192)
w(15,882,9,192)
r(11,10,9,192)
w(8,920,9,192)
r(14,10,9,192)
r(4,12,9,192)
w(18,930,9,192)
r(19,8,9,192)
r(5,11,9,192)
w(3,935,9,192)
r(9,510,9,192)
r(1,9,9,192)
r(17,698,9,192)
w(13,906,9,192)
w(0,895,9,192)
w(6,898,9,192)
w(7,911,9,192)
w(12,896,9,192)
r(10,8,9,192)
r(2,9,9,192)
w(3,936,9,193)
r(18,512,9,193)
w(16,965,9,193)
r(14,10,9,193)
r(0,8,9,193)
r(2,9,9,193)
w(9,925,9,193)
r(15,509,9,193)
w(11,942,9,193)
w(12,897,9,193)
w(4,900,9,193)
w(7,912,9,193)
w(10,888,9,193)
w(6,899,9,193)
r(17,698,9,193)
w(13,907,9,193)
r(19,8,9,193)
r(5,11,9,193)
w(8,921,9,193)
w(1,945,9,193)
r(3,729,9,194)
w(6,900,9,194)
w(13,908,9,194)
w(5,891,9,194)
w(0,896,9,194)
r(16,741,9,194)
r(12,201,9,194)
w(10,889,9,194)
w(14,898,9,194)
w(7,913,9,194)
r(4,708,9,194)
r(8,617,9,194)
w(2,906,9,194)
r(15,204,9,194)
r(18,512,9,194)
w(9,926,9,194)
w(19,895,9,194)
r(11,10,9,194)
w(17,892,9,194)
w(1,946,9,194)
r(0,8,9,195)
r(9,716,9,195)
r(13,703,9,195)
w(4,901,9,195)
w(19,896,9,195)
w(15,883,9,195)
w(16,966,9,195)
r(18,611,9,195)
w(6,901,9,195)
r(11,629,9,195)
w(2,907,9,195)
w(14,899,9,195)
w(10,890,9,195)
w(3,937,9,195)
w(7,914,9,195)
w(5,892,9,195)
r(8,617,9,195)
r(1,9,9,195)
r(17,605,9,195)
w(12,898,9,195)
w(12,899,9,196)
w(13,909,9,196)
w(4,902,9,196)
r(8,814,9,196)
r(16,858,9,196)
r(18,832,9,196)
r(5,797,9,196)
w(9,927,9,196)
r(15,792,9,196)
r(14,899,9,196)
r(11,842,9,196)
w(6,902,9,196)
r(19,804,9,196)
w(7,915,9,196)
w(17,893,9,196)
w(2,908,9,196)
w(10,891,9,196)
w(3,938,9,196)
r(1,837,9,196)
w(0,897,9,196)
r(11,842,9,197)
r(13,814,9,197)
w(8,922,9,197)
w(4,903,9,197)
w(10,892,9,197)
r(6,901,9,197)
w(17,894,9,197)
r(15,792,9,197)
r(14,899,9,197)
w(12,900,9,197)
w(2,909,9,197)
w(19,897,9,197)
r(3,630,9,197)
r(7,824,9,197)
r(18,832,9,197)
w(5,893,9,197)
w(1,947,9,197)
r(16,858,9,197)
w(0,898,9,197)
w(9,928,9,197)
w(15,884,9,198)
r(3,320,9,198)
r(19,804,9,198)
w(12,901,9,198)
r(13,304,9,198)
w(4,904,9,198)
w(9,929,9,198)
r(2,305,9,198)
w(6,903,9,198)
r(1,328,9,198)
r(16,311,9,198)
r(18,310,9,198)
w(5,894,9,198)
r(8,319,9,198)
w(14,900,9,198)
w(7,916,9,198)
w(11,943,9,198)
r(17,299,9,198)
r(0,809,9,198)
r(10,395,9,198)
r(6,107,9,199)
w(8,923,9,199)
r(5,117,9,199)
w(12,902,9,199)
r(17,99,9,199)
r(15,101,9,199)
r(9,90,9,199)
r(4,109,9,199)
r(16,312,9,199)
w(18,931,9,199)
w(3,939,9,199)
r(13,304,9,199)
w(19,898,9,199)
r(14,313,9,199)
r(11,943,9,199)
w(0,899,9,199)
w(10,893,9,199)
r(1,113,9,199)
r(7,313,9,199)
w(2,910,9,199)
