r(99,0,0,0)
r(29,70,0,0)
w(63,1,0,0)
r(12,67,0,0)
w(46,1,0,0)
r(105,0,0,0)
r(75,0,0,0)
r(16,63,0,0)
w(75,1,0,0)
r(17,0,0,0)
r(18,0,0,0)
w(18,1,0,0)
r(96,65,0,0)
r(24,0,0,0)
r(112,25,0,0)
w(57,1,0,0)
w(47,1,0,0)
r(101,0,0,0)
r(58,0,0,0)
w(10,1,0,0)
r(107,33,0,1)
w(95,1,0,1)
r(101,0,0,1)
r(40,47,0,1)
r(71,20,0,1)
w(54,1,0,1)
w(29,1,0,1)
w(47,2,0,1)
r(12,68,0,1)
r(70,70,0,1)
r(27,49,0,1)
w(117,1,0,1)
r(83,16,0,1)
w(42,1,0,1)
r(1,66,0,1)
r(61,57,0,1)
r(61,57,0,1)
r(109,0,0,1)
r(27,49,0,1)
r(67,53,0,1)
w(79,1,0,2)
r(49,73,0,2)
w(96,1,0,2)
w(5,1,0,2)
r(10,10,0,2)
w(6,1,0,2)
r(69,0,0,2)
w(90,1,0,2)
r(34,22,0,2)
w(95,2,0,2)
w(66,1,0,2)
r(57,24,0,2)
w(50,1,0,2)
w(43,1,0,2)
r(30,75,0,2)
r(8,68,0,2)
w(116,1,0,2)
r(114,76,0,2)
r(100,0,0,2)
w(12,1,0,2)
w(103,1,0,3)
w(18,2,0,3)
w(114,1,0,3)
r(50,1,0,3)
w(18,3,0,3)
r(112,25,0,3)
w(9,1,0,3)
w(16,1,0,3)
w(91,1,0,3)
r(73,20,0,3)
w(75,2,0,3)
r(40,22,0,3)
r(117,75,0,3)
w(103,2,0,3)
w(31,1,0,3)
r(105,0,0,3)
r(74,0,0,3)
r(47,2,0,3)
r(48,48,0,3)
w(102,1,0,3)
w(105,1,0,4)
r(86,46,0,4)
r(19,64,0,4)
w(86,1,0,4)
r(11,60,0,4)
r(106,0,0,4)
w(59,1,0,4)
r(82,19,0,4)
w(2,1,0,4)
r(76,78,0,4)
w(38,1,0,4)
r(32,65,0,4)
r(62,61,0,4)
r(11,60,0,4)
r(119,67,0,4)
w(9,2,0,4)
w(73,1,0,4)
r(64,18,0,4)
w(7,1,0,4)
r(18,3,0,4)
r(91,1,0,5)
r(69,0,0,5)
w(66,2,0,5)
w(33,1,0,5)
r(99,22,0,5)
w(53,1,0,5)
r(103,2,0,5)
r(99,22,0,5)
r(34,22,0,5)
r(103,2,0,5)
w(34,1,0,5)
w(59,2,0,5)
r(41,17,0,5)
r(17,17,0,5)
r(56,55,0,5)
r(74,0,0,5)
w(43,2,0,5)
r(2,75,0,5)
w(117,2,0,5)
r(36,11,0,5)
w(73,2,0,6)
r(30,75,0,6)
w(117,3,0,6)
r(101,15,0,6)
r(17,17,0,6)
w(32,1,0,6)
r(12,1,0,6)
r(40,25,0,6)
w(47,3,0,6)
r(2,75,0,6)
w(101,1,0,6)
r(30,75,0,6)
r(54,13,0,6)
w(95,3,0,6)
w(119,1,0,6)
w(72,1,0,6)
r(14,77,0,6)
w(14,1,0,6)
r(4,0,0,6)
r(20,14,0,6)
r(70,17,0,7)
w(104,1,0,7)
r(57,24,0,7)
w(37,1,0,7)
r(113,27,0,7)
w(29,2,0,7)
r(93,72,0,7)
r(67,16,0,7)
w(56,1,0,7)
w(109,1,0,7)
w(57,2,0,7)
r(98,15,0,7)
r(92,52,0,7)
w(83,1,0,7)
r(20,14,0,7)
w(6,2,0,7)
w(114,2,0,7)
w(102,2,0,7)
w(105,2,0,7)
w(117,4,0,7)
r(1,66,0,8)
r(57,2,0,8)
w(27,1,0,8)
w(39,1,0,8)
w(4,1,0,8)
r(107,33,0,8)
r(35,24,0,8)
w(6,3,0,8)
r(93,72,0,8)
w(52,1,0,8)
r(1,66,0,8)
r(111,33,0,8)
r(29,2,0,8)
w(12,2,0,8)
r(0,0,0,8)
w(76,1,0,8)
w(59,3,0,8)
w(99,1,0,8)
r(36,12,0,8)
r(117,4,0,8)
w(96,2,0,9)
r(83,1,0,9)
w(71,1,0,9)
w(51,1,0,9)
w(8,1,0,9)
r(11,61,0,9)
w(36,1,0,9)
w(109,2,0,9)
w(113,1,0,9)
r(77,76,0,9)
w(96,3,0,9)
r(42,19,0,9)
w(68,1,0,9)
r(68,1,0,9)
r(90,1,0,9)
w(77,1,0,9)
w(41,1,0,9)
w(27,2,0,9)
r(64,18,0,9)
w(4,2,0,9)
r(117,4,0,10)
r(74,15,0,10)
w(17,1,0,10)
w(12,3,0,10)
r(55,66,0,10)
r(24,0,0,10)
r(9,27,0,10)
r(114,2,0,10)
w(76,2,0,10)
w(61,1,0,10)
w(65,1,0,10)
w(81,1,0,10)
w(66,3,0,10)
w(21,1,0,10)
w(115,1,0,10)
r(114,2,0,10)
r(42,19,0,10)
w(41,2,0,10)
r(15,61,0,10)
w(114,3,0,10)
r(73,2,0,11)
w(98,1,0,11)
r(114,3,0,11)
w(16,2,0,11)
r(74,15,0,11)
w(91,2,0,11)
r(26,36,0,11)
w(69,1,0,11)
w(82,1,0,11)
r(41,2,0,11)
w(38,2,0,11)
r(22,14,0,11)
w(26,1,0,11)
w(96,4,0,11)
w(39,2,0,11)
r(55,30,0,11)
w(28,1,0,11)
w(115,2,0,11)
r(25,18,0,11)
r(45,32,0,11)
w(1,1,0,12)
r(39,2,0,12)
w(60,1,0,12)
r(25,18,0,12)
w(51,2,0,12)
r(25,18,0,12)
r(98,1,0,12)
r(107,33,0,12)
r(83,1,0,12)
r(80,52,0,12)
w(90,2,0,12)
r(2,39,0,12)
r(0,22,0,12)
w(31,2,0,12)
r(35,70,0,12)
w(11,1,0,12)
w(76,3,0,12)
w(95,4,0,12)
w(94,1,0,12)
w(88,1,0,12)
w(117,5,0,13)
r(40,26,0,13)
w(35,1,0,13)
r(33,16,0,13)
w(65,2,0,13)
w(86,2,0,13)
r(73,64,0,13)
r(112,25,0,13)
r(57,42,0,13)
r(76,22,0,13)
r(44,16,0,13)
w(102,3,0,13)
w(16,3,0,13)
w(27,3,0,13)
w(23,1,0,13)
r(94,14,0,13)
w(16,4,0,13)
r(84,19,0,13)
r(30,16,0,13)
r(114,3,0,13)
w(114,4,0,14)
r(60,17,0,14)
w(76,4,0,14)
w(112,1,0,14)
w(21,2,0,14)
w(37,2,0,14)
r(31,2,0,14)
w(74,1,0,14)
r(83,18,0,14)
r(111,33,0,14)
w(103,3,0,14)
r(110,17,0,14)
w(118,1,0,14)
w(72,2,0,14)
r(89,20,0,14)
r(108,14,0,14)
w(95,5,0,14)
r(70,19,0,14)
r(27,3,0,14)
r(43,23,0,14)
r(17,18,0,15)
r(54,14,0,15)
r(104,43,0,15)
r(63,25,0,15)
w(68,2,0,15)
w(39,3,0,15)
r(11,16,0,15)
r(42,20,0,15)
r(97,30,0,15)
r(50,18,0,15)
w(3,1,0,15)
w(12,4,0,15)
w(83,2,0,15)
w(16,5,0,15)
r(83,2,0,15)
r(74,1,0,15)
w(53,2,0,15)
r(49,28,0,15)
w(98,2,0,15)
w(108,1,0,15)
w(53,3,0,16)
w(119,2,0,16)
r(87,81,0,16)
r(28,16,0,16)
r(57,42,0,16)
r(11,16,0,16)
r(18,3,0,16)
r(102,3,0,16)
r(105,36,0,16)
w(23,2,0,16)
r(5,59,0,16)
r(42,20,0,16)
r(63,25,0,16)
w(12,5,0,16)
r(102,3,0,16)
r(51,19,0,16)
r(118,1,0,16)
w(117,6,0,16)
r(9,27,0,16)
w(3,2,0,16)
w(79,2,0,17)
r(0,22,0,17)
w(79,3,0,17)
w(21,3,0,17)
w(27,4,0,17)
w(74,2,0,17)
r(116,55,0,17)
r(28,16,0,17)
r(59,35,0,17)
w(86,3,0,17)
w(71,2,0,17)
w(93,1,0,17)
r(3,43,0,17)
r(27,4,0,17)
w(30,1,0,17)
w(91,3,0,17)
w(107,1,0,17)
r(44,66,0,17)
w(87,1,0,17)
r(79,3,0,17)
r(14,47,0,18)
r(55,15,0,18)
w(73,3,0,18)
r(75,41,0,18)
r(33,16,0,18)
r(36,15,0,18)
w(26,2,0,18)
r(85,62,0,18)
r(22,14,0,18)
r(13,14,0,18)
r(3,43,0,18)
w(65,3,0,18)
w(109,3,0,18)
w(108,2,0,18)
r(94,63,0,18)
r(9,27,0,18)
r(28,16,0,18)
r(35,72,0,18)
w(74,3,0,18)
r(0,22,0,18)
r(80,30,0,19)
w(46,2,0,19)
w(80,1,0,19)
r(115,41,0,19)
r(105,72,0,19)
r(17,61,0,19)
r(33,16,0,19)
w(75,3,0,19)
w(63,2,0,19)
w(58,1,0,19)
w(47,4,0,19)
r(27,4,0,19)
r(100,77,0,19)
r(55,15,0,19)
r(101,32,0,19)
w(42,2,0,19)
r(27,4,0,19)
w(28,2,0,19)
w(38,3,0,19)
w(94,2,0,19)
r(45,0,1,20)
w(83,16,1,20)
r(10,0,1,20)
w(41,16,1,20)
w(72,19,1,20)
r(4,0,1,20)
r(31,0,1,20)
r(59,0,1,20)
w(73,20,1,20)
w(107,21,1,20)
r(15,0,1,20)
w(64,17,1,20)
r(10,0,1,20)
r(60,0,1,20)
w(26,15,1,20)
w(6,19,1,20)
r(117,0,1,20)
r(13,0,1,20)
r(83,16,1,20)
w(85,10,1,20)
r(25,0,1,21)
r(107,21,1,21)
r(33,0,1,21)
w(110,15,1,21)
w(114,25,1,21)
r(36,0,1,21)
r(66,0,1,21)
r(11,41,1,21)
w(114,26,1,21)
r(79,0,1,21)
w(68,24,1,21)
r(112,25,1,21)
r(99,0,1,21)
r(53,57,1,21)
r(85,10,1,21)
w(90,17,1,21)
r(74,0,1,21)
w(107,22,1,21)
r(11,41,1,21)
w(9,13,1,21)
r(101,0,1,22)
r(109,0,1,22)
r(107,22,1,22)
r(1,46,1,22)
w(71,20,1,22)
r(74,0,1,22)
w(81,15,1,22)
r(7,0,1,22)
r(39,0,1,22)
r(117,0,1,22)
r(24,0,1,22)
r(87,0,1,22)
w(37,18,1,22)
w(48,17,1,22)
r(113,57,1,22)
w(22,14,1,22)
w(25,17,1,22)
w(35,23,1,22)
r(111,46,1,22)
w(82,19,1,22)
r(23,61,1,23)
r(66,0,1,23)
w(62,18,1,23)
r(43,73,1,23)
w(42,18,1,23)
w(102,20,1,23)
w(98,14,1,23)
w(53,29,1,23)
w(15,11,1,23)
w(50,17,1,23)
w(68,25,1,23)
w(118,7,1,23)
w(72,20,1,23)
r(109,0,1,23)
r(111,69,1,23)
r(16,63,1,23)
r(73,20,1,23)
w(49,14,1,23)
r(57,1,1,23)
r(50,17,1,23)
w(64,18,1,24)
w(113,26,1,24)
r(102,20,1,24)
w(37,19,1,24)
r(8,68,1,24)
r(107,33,1,24)
w(81,16,1,24)
w(20,14,1,24)
r(22,14,1,24)
w(10,10,1,24)
r(63,1,1,24)
w(25,18,1,24)
w(46,21,1,24)
w(116,12,1,24)
w(57,24,1,24)
r(112,25,1,24)
r(97,63,1,24)
w(29,18,1,24)
r(78,66,1,24)
r(45,48,1,24)
r(20,14,1,25)
r(50,17,1,25)
w(40,22,1,25)
r(47,2,1,25)
w(41,17,1,25)
r(65,66,1,25)
w(36,11,1,25)
w(95,20,1,25)
r(56,55,1,25)
w(104,22,1,25)
w(101,15,1,25)
w(34,22,1,25)
w(104,23,1,25)
r(12,68,1,25)
r(99,58,1,25)
r(105,0,1,25)
w(99,22,1,25)
w(113,27,1,25)
w(7,19,1,25)
r(108,0,1,25)
r(43,1,1,26)
w(17,17,1,26)
w(35,24,1,26)
r(13,0,1,26)
w(70,16,1,26)
r(62,61,1,26)
r(86,46,1,26)
r(56,55,1,26)
w(40,23,1,26)
w(53,30,1,26)
r(114,1,1,26)
r(11,60,1,26)
r(42,67,1,26)
w(13,12,1,26)
r(36,11,1,26)
w(8,14,1,26)
w(40,24,1,26)
r(81,69,1,26)
w(62,19,1,26)
w(104,24,1,26)
w(42,19,1,27)
r(106,0,1,27)
w(73,21,1,27)
w(106,19,1,27)
r(84,0,1,27)
r(6,1,1,27)
w(13,13,1,27)
w(98,15,1,27)
w(118,8,1,27)
r(13,13,1,27)
w(118,9,1,27)
w(75,26,1,27)
w(85,11,1,27)
w(54,13,1,27)
w(74,15,1,27)
r(77,76,1,27)
w(40,25,1,27)
r(15,60,1,27)
w(97,30,1,27)
w(109,17,1,27)
r(104,24,1,28)
w(23,25,1,28)
w(105,21,1,28)
r(53,1,1,28)
w(83,17,1,28)
r(100,0,1,28)
w(86,18,1,28)
r(24,0,1,28)
r(63,1,1,28)
r(97,30,1,28)
w(67,16,1,28)
r(27,49,1,28)
w(95,21,1,28)
w(6,20,1,28)
r(76,78,1,28)
r(35,24,1,28)
r(94,47,1,28)
r(91,1,1,28)
r(20,14,1,28)
r(33,1,1,28)
w(63,23,1,29)
r(109,17,1,29)
r(2,75,1,29)
r(66,2,1,29)
r(95,21,1,29)
w(36,12,1,29)
r(47,70,1,29)
r(33,1,1,29)
r(96,1,1,29)
w(38,13,1,29)
w(103,19,1,29)
r(18,3,1,29)
r(29,18,1,29)
w(106,20,1,29)
w(89,20,1,29)
w(30,16,1,29)
r(49,74,1,29)
r(23,25,1,29)
w(16,18,1,29)
w(70,17,1,29)
r(40,25,1,30)
w(33,16,1,30)
r(46,37,1,30)
w(29,19,1,30)
w(113,28,1,30)
r(89,20,1,30)
r(35,70,1,30)
r(21,1,1,30)
w(102,21,1,30)
r(26,36,1,30)
w(0,22,1,30)
w(67,17,1,30)
r(68,75,1,30)
w(15,12,1,30)
r(20,58,1,30)
r(101,31,1,30)
w(72,21,1,30)
r(111,33,1,30)
w(76,20,1,30)
r(100,76,1,30)
r(69,1,1,31)
r(91,2,1,31)
w(11,15,1,31)
r(62,19,1,31)
w(109,18,1,31)
w(21,18,1,31)
w(94,14,1,31)
w(69,20,1,31)
w(36,13,1,31)
w(43,22,1,31)
w(44,15,1,31)
r(62,19,1,31)
r(97,30,1,31)
w(110,16,1,31)
r(89,20,1,31)
r(88,32,1,31)
r(27,35,1,31)
r(62,19,1,31)
r(117,76,1,31)
w(20,15,1,31)
r(95,40,1,32)
w(36,14,1,32)
w(76,21,1,32)
w(14,25,1,32)
w(44,16,1,32)
r(111,33,1,32)
r(63,23,1,32)
w(77,22,1,32)
r(106,88,1,32)
r(50,1,1,32)
r(3,42,1,32)
w(102,22,1,32)
w(13,14,1,32)
w(76,22,1,32)
w(64,19,1,32)
w(7,20,1,32)
r(51,36,1,32)
r(39,30,1,32)
r(21,18,1,32)
r(52,68,1,32)
r(45,32,1,33)
r(39,30,1,33)
r(50,1,1,33)
w(91,20,1,33)
w(65,17,1,33)
w(35,25,1,33)
w(60,17,1,33)
w(68,26,1,33)
r(79,31,1,33)
r(114,3,1,33)
w(118,10,1,33)
w(69,21,1,33)
r(33,16,1,33)
r(111,33,1,33)
w(87,11,1,33)
r(85,60,1,33)
w(20,16,1,33)
w(115,22,1,33)
w(61,10,1,33)
r(103,19,1,33)
w(65,18,1,34)
r(54,26,1,34)
r(31,2,1,34)
r(83,1,1,34)
w(36,15,1,34)
w(71,21,1,34)
r(101,31,1,34)
r(77,22,1,34)
r(23,42,1,34)
r(76,22,1,34)
w(39,17,1,34)
w(70,18,1,34)
r(5,58,1,34)
r(114,3,1,34)
r(7,20,1,34)
r(3,42,1,34)
w(50,18,1,34)
r(31,2,1,34)
r(29,19,1,34)
r(79,31,1,34)
w(84,19,1,35)
w(43,23,1,35)
w(98,16,1,35)
w(72,22,1,35)
w(103,20,1,35)
r(37,1,1,35)
r(95,40,1,35)
w(28,15,1,35)
w(40,26,1,35)
w(2,22,1,35)
r(84,19,1,35)
r(61,10,1,35)
r(67,17,1,35)
w(71,22,1,35)
r(7,20,1,35)
r(95,40,1,35)
w(99,23,1,35)
r(2,22,1,35)
r(12,3,1,35)
w(54,14,1,35)
r(106,88,1,36)
r(30,16,1,36)
w(42,20,1,36)
r(63,23,1,36)
w(32,23,1,36)
r(73,64,1,36)
w(3,18,1,36)
r(3,18,1,36)
w(59,17,1,36)
w(83,18,1,36)
r(61,10,1,36)
r(51,36,1,36)
r(100,76,1,36)
r(14,25,1,36)
w(11,16,1,36)
w(74,16,1,36)
r(104,43,1,36)
w(109,19,1,36)
w(108,14,1,36)
r(27,35,1,36)
w(63,24,1,37)
w(17,18,1,37)
r(45,32,1,37)
w(48,18,1,37)
w(110,17,1,37)
r(81,33,1,37)
r(69,21,1,37)
w(72,23,1,37)
w(74,17,1,37)
w(29,20,1,37)
w(2,23,1,37)
w(98,17,1,37)
r(109,19,1,37)
w(34,23,1,37)
w(28,16,1,37)
w(115,23,1,37)
r(32,23,1,37)
r(100,76,1,37)
r(61,10,1,37)
w(81,17,1,37)
r(103,20,1,38)
w(20,17,1,38)
w(63,25,1,38)
r(18,3,1,38)
w(52,17,1,38)
r(61,10,1,38)
w(70,19,1,38)
w(15,13,1,38)
w(3,19,1,38)
w(8,15,1,38)
w(38,14,1,38)
r(93,72,1,38)
r(90,31,1,38)
w(51,19,1,38)
r(6,41,1,38)
r(26,38,1,38)
w(55,15,1,38)
r(90,31,1,38)
r(92,52,1,38)
r(71,22,1,38)
w(19,14,1,39)
r(23,1,1,39)
w(114,27,1,39)
w(116,13,1,39)
r(55,15,1,39)
w(98,18,1,39)
w(53,31,1,39)
r(15,13,1,39)
r(72,2,1,39)
r(33,16,1,39)
w(103,21,1,39)
w(90,18,1,39)
w(48,19,1,39)
w(2,24,1,39)
r(99,23,1,39)
r(60,17,1,39)
r(47,40,1,39)
w(7,21,1,39)
w(109,20,1,39)
w(25,19,1,39)
r(17,0,2,40)
w(45,31,2,40)
w(22,26,2,40)
w(114,46,2,40)
w(76,39,2,40)
r(99,0,2,40)
w(63,37,2,40)
w(112,25,2,40)
r(73,0,2,40)
w(16,38,2,40)
w(116,27,2,40)
r(32,0,2,40)
w(5,25,2,40)
w(30,31,2,40)
r(39,0,2,40)
w(95,38,2,40)
w(2,38,2,40)
w(102,41,2,40)
r(24,0,2,40)
r(87,0,2,40)
r(79,66,2,41)
w(14,46,2,41)
w(111,33,2,41)
r(52,65,2,41)
r(17,0,2,41)
r(112,25,2,41)
r(97,63,2,41)
w(107,33,2,41)
r(108,0,2,41)
w(37,35,2,41)
r(19,0,2,41)
r(117,0,2,41)
r(72,20,2,41)
r(24,0,2,41)
r(13,0,2,41)
r(105,0,2,41)
w(35,41,2,41)
w(56,23,2,41)
w(59,33,2,41)
w(110,29,2,41)
w(81,32,2,42)
r(26,52,2,42)
w(9,27,2,42)
r(75,26,2,42)
r(92,52,2,42)
w(104,42,2,42)
w(46,37,2,42)
w(13,33,2,42)
r(10,10,2,42)
w(45,32,2,42)
r(34,1,2,42)
r(15,61,2,42)
w(2,39,2,42)
r(42,19,2,42)
w(38,29,2,42)
r(11,61,2,42)
w(10,26,2,42)
w(95,39,2,42)
r(22,14,2,42)
w(38,30,2,42)
w(12,41,2,43)
r(57,2,2,43)
w(26,36,2,43)
w(118,24,2,43)
r(20,14,2,43)
r(44,65,2,43)
w(27,35,2,43)
w(102,42,2,43)
r(64,18,2,43)
w(3,42,2,43)
r(18,3,2,43)
r(56,1,2,43)
w(6,40,2,43)
r(91,1,2,43)
r(118,24,2,43)
r(47,3,2,43)
r(25,18,2,43)
w(82,28,2,43)
r(39,1,2,43)
r(98,15,2,43)
r(35,70,2,44)
w(101,31,2,44)
w(78,41,2,44)
w(19,36,2,44)
w(88,29,2,44)
w(117,39,2,44)
w(88,30,2,44)
r(109,2,2,44)
w(16,39,2,44)
r(69,0,2,44)
w(75,40,2,44)
r(83,1,2,44)
r(39,1,2,44)
r(110,29,2,44)
w(77,37,2,44)
w(113,41,2,44)
w(55,30,2,44)
r(23,25,2,44)
w(64,33,2,44)
r(58,72,2,44)
r(65,1,2,45)
w(51,36,2,45)
r(30,16,2,45)
w(109,33,2,45)
r(112,25,2,45)
r(79,1,2,45)
r(45,32,2,45)
w(109,34,2,45)
r(45,32,2,45)
r(116,1,2,45)
r(86,18,2,45)
r(25,18,2,45)
w(49,28,2,45)
w(65,31,2,45)
w(19,37,2,45)
w(41,47,2,45)
r(52,68,2,45)
w(25,36,2,45)
r(67,17,2,45)
w(4,31,2,45)
r(119,69,2,46)
w(78,42,2,46)
w(47,40,2,46)
w(79,31,2,46)
w(58,35,2,46)
w(2,40,2,46)
r(103,19,2,46)
r(21,1,2,46)
r(67,17,2,46)
r(21,1,2,46)
w(26,37,2,46)
w(26,38,2,46)
w(90,31,2,46)
r(77,37,2,46)
r(63,23,2,46)
w(41,48,2,46)
w(80,30,2,46)
r(98,1,2,46)
r(4,31,2,46)
r(49,28,2,46)
r(47,40,2,47)
w(11,32,2,47)
w(48,28,2,47)
r(44,65,2,47)
w(6,41,2,47)
w(60,35,2,47)
w(110,30,2,47)
w(23,42,2,47)
r(7,1,2,47)
w(35,42,2,47)
r(1,1,2,47)
r(79,31,2,47)
r(13,33,2,47)
w(87,34,2,47)
w(108,36,2,47)
w(57,41,2,47)
w(57,42,2,47)
r(76,3,2,47)
r(13,33,2,47)
r(13,33,2,47)
r(11,32,2,48)
w(39,30,2,48)
w(48,29,2,48)
w(88,31,2,48)
r(34,1,2,48)
r(13,33,2,48)
w(88,32,2,48)
r(109,34,2,48)
w(105,35,2,48)
r(49,28,2,48)
r(20,58,2,48)
r(89,20,2,48)
w(54,26,2,48)
r(17,1,2,48)
r(68,75,2,48)
r(93,72,2,48)
w(8,35,2,48)
w(81,33,2,48)
w(84,34,2,48)
r(20,58,2,48)
r(71,1,2,49)
r(96,4,2,49)
w(28,28,2,49)
w(104,43,2,49)
w(95,40,2,49)
r(30,16,2,49)
w(24,37,2,49)
r(39,30,2,49)
w(118,25,2,49)
w(118,26,2,49)
w(98,31,2,49)
r(29,19,2,49)
w(16,40,2,49)
r(91,2,2,49)
r(19,37,2,49)
r(48,29,2,49)
w(8,36,2,49)
r(84,34,2,49)
w(76,40,2,49)
r(73,64,2,49)
w(6,42,2,50)
w(73,36,2,50)
r(61,10,2,50)
w(40,32,2,50)
w(105,36,2,50)
r(3,1,2,50)
r(10,26,2,50)
w(37,36,2,50)
r(57,42,2,50)
r(72,2,2,50)
w(1,30,2,50)
r(116,1,2,50)
w(74,27,2,50)
w(10,27,2,50)
r(105,36,2,50)
r(53,2,2,50)
w(74,28,2,50)
w(41,49,2,50)
r(15,13,2,50)
r(21,2,2,50)
r(90,68,2,51)
w(93,41,2,51)
w(49,29,2,51)
w(97,45,2,51)
r(68,2,2,51)
r(12,4,2,51)
r(40,32,2,51)
w(116,28,2,51)
w(32,49,2,51)
r(99,23,2,51)
w(58,36,2,51)
w(113,42,2,51)
r(104,43,2,51)
r(86,2,2,51)
r(5,59,2,51)
w(54,27,2,51)
r(42,20,2,51)
w(91,32,2,51)
w(98,32,2,51)
w(105,37,2,51)
w(21,38,2,52)
w(34,40,2,52)
r(3,2,2,52)
r(115,68,2,52)
r(115,68,2,52)
w(6,43,2,52)
r(113,42,2,52)
r(104,43,2,52)
w(11,33,2,52)
r(28,16,2,52)
r(84,19,2,52)
r(25,19,2,52)
r(87,81,2,52)
r(66,62,2,52)
r(40,32,2,52)
w(76,41,2,52)
r(27,3,2,52)
r(53,3,2,52)
r(54,27,2,52)
r(18,3,2,52)
r(44,16,2,53)
w(84,35,2,53)
w(38,31,2,53)
w(7,34,2,53)
r(5,59,2,53)
r(82,1,2,53)
r(58,36,2,53)
w(118,27,2,53)
w(10,28,2,53)
r(89,65,2,53)
r(38,31,2,53)
w(14,47,2,53)
w(101,32,2,53)
r(100,77,2,53)
r(45,66,2,53)
r(59,17,2,53)
w(64,34,2,53)
w(59,34,2,53)
r(83,72,2,53)
r(12,5,2,53)
r(19,65,2,54)
w(117,40,2,54)
r(113,77,2,54)
r(62,19,2,54)
r(65,69,2,54)
r(34,40,2,54)
w(75,41,2,54)
r(71,22,2,54)
r(90,68,2,54)
r(7,34,2,54)
w(83,29,2,54)
w(59,35,2,54)
w(104,44,2,54)
r(119,2,2,54)
r(29,20,2,54)
r(46,73,2,54)
w(3,43,2,54)
w(62,35,2,54)
w(115,41,2,54)
w(21,39,2,54)
w(83,30,2,55)
r(108,2,2,55)
w(87,35,2,55)
w(27,36,2,55)
w(110,31,2,55)
r(93,1,2,55)
w(23,43,2,55)
w(113,43,2,55)
r(1,30,2,55)
r(69,61,2,55)
r(94,2,2,55)
r(8,70,2,55)
w(22,27,2,55)
w(78,43,2,55)
w(97,46,2,55)
r(15,13,2,55)
r(119,2,2,55)
r(7,34,2,55)
r(59,35,2,55)
r(9,27,2,55)
r(66,62,2,56)
w(79,32,2,56)
w(83,31,2,56)
w(108,37,2,56)
r(38,3,2,56)
r(69,61,2,56)
r(41,49,2,56)
r(65,3,2,56)
w(54,28,2,56)
r(3,43,2,56)
r(11,62,2,56)
r(70,72,2,56)
r(104,44,2,56)
r(77,77,2,56)
w(60,36,2,56)
w(77,38,2,56)
w(88,33,2,56)
w(40,33,2,56)
r(34,40,2,56)
r(93,1,2,56)
w(4,32,2,57)
r(24,37,2,57)
r(86,3,2,57)
r(56,57,2,57)
w(49,30,2,57)
r(112,70,2,57)
w(6,44,2,57)
w(67,39,2,57)
r(119,2,2,57)
w(82,29,2,57)
r(13,14,2,57)
r(101,32,2,57)
w(101,33,2,57)
w(17,27,2,57)
w(52,27,2,57)
w(67,40,2,57)
w(39,31,2,57)
w(67,41,2,57)
w(63,38,2,57)
w(98,33,2,57)
r(13,14,2,58)
w(74,29,2,58)
r(25,19,2,58)
r(75,3,2,58)
w(94,33,2,58)
r(33,16,2,58)
r(35,72,2,58)
r(78,43,2,58)
r(20,59,2,58)
r(17,27,2,58)
w(28,29,2,58)
r(60,36,2,58)
r(27,36,2,58)
r(32,49,2,58)
w(41,50,2,58)
w(102,43,2,58)
r(70,72,2,58)
w(52,28,2,58)
w(4,33,2,58)
r(24,37,2,58)
r(86,3,2,59)
w(35,43,2,59)
r(52,28,2,59)
w(56,24,2,59)
r(97,46,2,59)
r(14,47,2,59)
r(23,43,2,59)
r(57,42,2,59)
r(75,3,2,59)
r(29,20,2,59)
w(53,42,2,59)
r(93,1,2,59)
w(74,30,2,59)
w(16,41,2,59)
w(31,31,2,59)
r(15,13,2,59)
w(68,37,2,59)
r(90,68,2,59)
r(53,42,2,59)
w(58,37,2,59)
w(57,52,3,60)
r(4,0,3,60)
w(32,64,3,60)
w(23,61,3,60)
r(10,0,3,60)
w(115,57,3,60)
w(110,51,3,60)
r(9,0,3,60)
r(45,0,3,60)
w(37,51,3,60)
w(60,52,3,60)
w(55,48,3,60)
w(11,41,3,60)
r(67,0,3,60)
r(69,0,3,60)
r(99,0,3,60)
w(51,45,3,60)
r(50,0,3,60)
r(42,0,3,60)
w(1,46,3,60)
w(16,63,3,61)
r(74,0,3,61)
w(77,54,3,61)
r(29,0,3,61)
r(23,61,3,61)
w(53,57,3,61)
w(5,39,3,61)
w(119,48,3,61)
r(78,0,3,61)
w(86,46,3,61)
r(74,0,3,61)
r(113,0,3,61)
r(93,0,3,61)
r(106,0,3,61)
w(45,48,3,61)
w(61,38,3,61)
r(95,38,3,61)
w(65,50,3,61)
r(7,0,3,61)
w(76,57,3,61)
w(64,50,3,62)
w(77,55,3,62)
r(59,0,3,62)
w(30,52,3,62)
w(97,63,3,62)
r(78,0,3,62)
r(65,50,3,62)
r(117,0,3,62)
r(59,0,3,62)
r(12,0,3,62)
w(46,48,3,62)
r(19,0,3,62)
r(88,0,3,62)
r(118,0,3,62)
r(20,0,3,62)
r(86,46,3,62)
w(113,57,3,62)
r(117,0,3,62)
w(26,52,3,62)
w(111,46,3,62)
r(31,0,3,63)
w(88,45,3,63)
r(97,63,3,63)
w(41,74,3,63)
r(38,0,3,63)
w(46,49,3,63)
w(7,51,3,63)
w(87,60,3,63)
w(36,45,3,63)
r(2,38,3,63)
w(37,52,3,63)
w(48,48,3,63)
w(99,46,3,63)
r(64,50,3,63)
w(95,60,3,63)
w(40,47,3,63)
w(27,49,3,63)
w(78,66,3,63)
r(72,19,3,63)
r(31,0,3,63)
w(81,50,3,64)
r(90,66,3,64)
r(66,0,3,64)
r(28,0,3,64)
r(44,63,3,64)
r(61,57,3,64)
r(19,0,3,64)
r(38,0,3,64)
w(77,56,3,64)
w(75,59,3,64)
w(44,46,3,64)
r(8,68,3,64)
r(85,10,3,64)
r(116,54,3,64)
w(51,46,3,64)
w(67,53,3,64)
w(32,65,3,64)
r(79,66,3,64)
r(90,66,3,64)
w(94,47,3,64)
w(95,61,3,65)
w(91,51,3,65)
w(83,50,3,65)
r(2,78,3,65)
r(78,43,3,65)
r(69,61,3,65)
r(81,17,3,65)
r(0,22,3,65)
w(23,62,3,65)
w(42,48,3,65)
r(19,65,3,65)
r(30,1,3,65)
r(92,52,3,65)
w(68,57,3,65)
r(119,2,3,65)
r(85,62,3,65)
r(25,19,3,65)
r(59,35,3,65)
w(59,45,3,65)
w(91,52,3,65)
w(55,49,3,66)
r(57,42,3,66)
r(11,62,3,66)
r(19,65,3,66)
r(2,78,3,66)
w(83,51,3,66)
r(51,19,3,66)
w(83,52,3,66)
w(42,49,3,66)
r(7,34,3,66)
r(102,43,3,66)
w(52,46,3,66)
r(10,58,3,66)
w(28,51,3,66)
w(29,54,3,66)
r(62,35,3,66)
r(47,4,3,66)
w(74,42,3,66)
w(3,69,3,66)
w(68,58,3,66)
w(22,41,3,67)
w(39,46,3,67)
r(30,1,3,67)
r(37,36,3,67)
w(71,45,3,67)
w(82,46,3,67)
r(17,27,3,67)
w(99,47,3,67)
r(41,50,3,67)
w(95,62,3,67)
w(54,41,3,67)
r(79,32,3,67)
w(80,41,3,67)
r(67,41,3,67)
r(84,35,3,67)
r(36,15,3,67)
w(11,42,3,67)
w(12,55,3,67)
w(7,52,3,67)
r(98,33,3,67)
w(116,39,3,68)
w(67,54,3,68)
r(47,4,3,68)
r(23,62,3,68)
w(99,48,3,68)
r(38,3,3,68)
w(12,56,3,68)
w(119,49,3,68)
w(102,59,3,68)
r(116,39,3,68)
w(116,40,3,68)
r(112,70,3,68)
r(54,41,3,68)
r(83,52,3,68)
r(37,36,3,68)
r(74,42,3,68)
w(21,52,3,68)
w(106,61,3,68)
r(67,54,3,68)
w(30,53,3,68)
w(67,55,3,69)
w(58,54,3,69)
r(94,33,3,69)
w(12,57,3,69)
w(89,52,3,69)
w(30,54,3,69)
w(1,47,3,69)
r(118,27,3,69)
r(89,52,3,69)
r(86,3,3,69)
r(1,47,3,69)
w(77,57,3,69)
w(46,50,3,69)
r(71,45,3,69)
r(48,19,3,69)
r(53,42,3,69)
w(27,50,3,69)
r(82,46,3,69)
w(91,53,3,69)
r(54,41,3,69)
r(82,46,3,70)
w(61,39,3,70)
w(60,53,3,70)
w(68,59,3,70)
w(59,46,3,70)
w(114,62,3,70)
w(29,55,3,70)
r(82,46,3,70)
w(35,53,3,70)
r(48,19,3,70)
w(49,53,3,70)
r(45,68,3,70)
r(27,50,3,70)
r(18,3,3,70)
r(45,68,3,70)
r(38,3,3,70)
w(100,51,3,70)
w(89,53,3,70)
r(14,47,3,70)
r(90,68,3,70)
r(28,51,3,71)
w(85,45,3,71)
r(43,23,3,71)
w(52,47,3,71)
w(32,66,3,71)
r(81,17,3,71)
r(51,19,3,71)
w(53,58,3,71)
r(37,36,3,71)
r(41,50,3,71)
w(75,60,3,71)
w(79,46,3,71)
w(34,52,3,71)
w(97,64,3,71)
w(68,60,3,71)
w(38,49,3,71)
w(63,55,3,71)
r(99,48,3,71)
w(45,49,3,71)
r(76,41,3,71)
w(65,51,3,72)
w(61,40,3,72)
r(104,44,3,72)
r(87,35,3,72)
r(0,22,3,72)
r(95,62,3,72)
w(110,52,3,72)
w(16,64,3,72)
w(100,52,3,72)
w(93,55,3,72)
r(1,47,3,72)
w(9,43,3,72)
r(77,57,3,72)
r(113,43,3,72)
w(106,62,3,72)
r(64,34,3,72)
w(81,51,3,72)
r(17,27,3,72)
w(63,56,3,72)
r(43,23,3,72)
r(91,53,3,73)
w(51,47,3,73)
r(119,49,3,73)
r(21,52,3,73)
r(5,59,3,73)
w(80,42,3,73)
w(31,46,3,73)
w(99,49,3,73)
w(7,53,3,73)
w(94,48,3,73)
w(73,46,3,73)
r(28,51,3,73)
r(11,42,3,73)
r(8,70,3,73)
r(25,19,3,73)
r(28,51,3,73)
w(104,64,3,73)
w(41,75,3,73)
w(41,76,3,73)
r(71,45,3,73)
w(101,51,3,74)
w(0,43,3,74)
w(7,54,3,74)
w(5,40,3,74)
r(18,3,3,74)
r(45,49,3,74)
r(21,52,3,74)
w(78,67,3,74)
r(109,3,3,74)
w(86,47,3,74)
r(47,4,3,74)
w(68,61,3,74)
r(78,67,3,74)
w(18,48,3,74)
r(36,15,3,74)
r(8,70,3,74)
w(32,67,3,74)
w(27,51,3,74)
w(6,57,3,74)
r(0,43,3,74)
w(60,54,3,75)
w(37,53,3,75)
r(40,33,3,75)
r(95,62,3,75)
r(46,50,3,75)
w(55,50,3,75)
w(110,53,3,75)
r(33,16,3,75)
w(107,47,3,75)
r(55,50,3,75)
r(54,41,3,75)
w(39,47,3,75)
r(59,46,3,75)
w(47,54,3,75)
w(87,61,3,75)
w(41,77,3,75)
r(103,21,3,75)
r(20,59,3,75)
w(73,47,3,75)
r(42,49,3,75)
w(81,52,3,76)
r(63,56,3,76)
r(79,46,3,76)
w(81,53,3,76)
w(40,48,3,76)
w(15,40,3,76)
r(108,37,3,76)
r(108,37,3,76)
r(94,48,3,76)
r(67,55,3,76)
r(41,77,3,76)
r(110,53,3,76)
r(64,34,3,76)
r(31,46,3,76)
w(50,47,3,76)
w(93,56,3,76)
r(59,46,3,76)
w(7,55,3,76)
w(30,55,3,76)
w(53,59,3,76)
r(61,40,3,77)
w(5,41,3,77)
w(77,58,3,77)
r(66,62,3,77)
r(42,49,3,77)
w(109,45,3,77)
w(48,49,3,77)
r(106,62,3,77)
w(35,54,3,77)
r(90,68,3,77)
r(33,16,3,77)
w(59,47,3,77)
w(113,58,3,77)
r(5,41,3,77)
r(69,61,3,77)
r(93,56,3,77)
r(8,70,3,77)
r(25,19,3,77)
r(8,70,3,77)
w(76,58,3,77)
r(9,43,3,78)
w(22,42,3,78)
w(1,48,3,78)
r(73,47,3,78)
r(54,41,3,78)
w(55,51,3,78)
r(1,48,3,78)
r(109,45,3,78)
r(24,37,3,78)
r(109,45,3,78)
w(43,54,3,78)
w(23,63,3,78)
r(5,41,3,78)
r(45,49,3,78)
w(84,47,3,78)
w(80,43,3,78)
w(49,54,3,78)
w(41,78,3,78)
w(29,56,3,78)
w(97,65,3,78)
w(100,53,3,79)
w(40,49,3,79)
w(19,51,3,79)
w(58,55,3,79)
r(34,52,3,79)
w(56,42,3,79)
w(19,52,3,79)
r(62,35,3,79)
w(43,55,3,79)
r(40,49,3,79)
r(1,48,3,79)
w(84,48,3,79)
w(30,56,3,79)
w(76,59,3,79)
w(30,57,3,79)
w(18,49,3,79)
r(0,43,3,79)
w(63,57,3,79)
w(6,58,3,79)
w(26,53,3,79)
w(32,83,4,80)
r(113,57,4,80)
w(67,68,4,80)
r(3,0,4,80)
r(110,15,4,80)
r(10,0,4,80)
w(15,57,4,80)
r(85,10,4,80)
r(66,0,4,80)
w(87,79,4,80)
r(42,0,4,80)
r(84,0,4,80)
w(57,71,4,80)
w(1,65,4,80)
w(110,64,4,80)
w(51,63,4,80)
r(24,0,4,80)
r(60,52,4,80)
r(77,55,4,80)
r(96,0,4,80)
w(29,70,4,81)
r(81,15,4,81)
w(43,73,4,81)
r(64,50,4,81)
r(97,63,4,81)
r(47,0,4,81)
w(47,68,4,81)
w(15,58,4,81)
w(92,51,4,81)
w(15,59,4,81)
w(107,61,4,81)
w(30,74,4,81)
w(111,68,4,81)
r(67,68,4,81)
r(35,23,4,81)
w(111,69,4,81)
w(114,76,4,81)
r(37,18,4,81)
r(59,0,4,81)
w(98,67,4,81)
w(61,57,4,82)
w(12,67,4,82)
r(3,0,4,82)
w(35,69,4,82)
w(98,68,4,82)
w(60,72,4,82)
w(90,64,4,82)
w(44,63,4,82)
r(94,0,4,82)
w(96,65,4,82)
w(8,68,4,82)
r(59,0,4,82)
w(91,74,4,82)
r(118,0,4,82)
w(79,66,4,82)
r(101,0,4,82)
r(53,57,4,82)
r(115,57,4,82)
w(1,66,4,82)
r(33,0,4,82)
r(5,39,4,83)
r(17,0,4,83)
r(2,38,4,83)
w(90,65,4,83)
w(90,66,4,83)
w(70,70,4,83)
r(103,0,4,83)
w(116,54,4,83)
r(55,48,4,83)
w(12,68,4,83)
w(65,66,4,83)
w(107,62,4,83)
w(55,66,4,83)
w(52,65,4,83)
w(91,75,4,83)
r(85,10,4,83)
r(90,66,4,83)
w(76,78,4,83)
w(54,54,4,83)
r(4,0,4,83)
w(38,63,4,84)
w(58,72,4,84)
w(31,67,4,84)
r(51,46,4,84)
w(77,74,4,84)
r(31,67,4,84)
r(34,0,4,84)
w(99,58,4,84)
r(116,54,4,84)
w(93,71,4,84)
w(60,73,4,84)
w(52,66,4,84)
w(46,71,4,84)
w(11,59,4,84)
r(74,0,4,84)
r(47,2,4,84)
w(88,64,4,84)
r(10,1,4,84)
w(95,76,4,84)
w(30,75,4,84)
r(79,66,4,85)
w(56,55,4,85)
w(38,64,4,85)
w(77,75,4,85)
r(70,70,4,85)
w(15,60,4,85)
r(15,60,4,85)
r(34,0,4,85)
r(117,1,4,85)
r(6,19,4,85)
w(29,71,4,85)
w(117,75,4,85)
w(49,73,4,85)
w(51,64,4,85)
r(58,72,4,85)
w(66,60,4,85)
w(93,72,4,85)
r(67,53,4,85)
w(90,67,4,85)
w(62,61,4,85)
r(81,16,4,86)
r(58,72,4,86)
w(46,72,4,86)
r(108,0,4,86)
w(71,63,4,86)
w(42,67,4,86)
w(37,74,4,86)
r(6,19,4,86)
w(77,76,4,86)
r(34,22,4,86)
w(17,59,4,86)
w(81,69,4,86)
w(44,64,4,86)
r(109,0,4,86)
w(11,60,4,86)
r(101,15,4,86)
r(90,67,4,86)
w(19,64,4,86)
w(119,67,4,86)
r(12,68,4,86)
r(6,1,4,87)
w(5,58,4,87)
w(2,75,4,87)
w(47,69,4,87)
w(47,70,4,87)
r(67,53,4,87)
r(82,19,4,87)
w(118,57,4,87)
r(33,0,4,87)
w(92,52,4,87)
w(14,77,4,87)
r(58,72,4,87)
w(114,77,4,87)
w(45,65,4,87)
r(40,24,4,87)
w(65,67,4,87)
r(39,0,4,87)
w(49,74,4,87)
w(44,65,4,87)
w(119,68,4,87)
r(89,0,4,88)
r(12,1,4,88)
w(27,71,4,88)
w(66,61,4,88)
w(12,69,4,88)
w(115,67,4,88)
w(11,61,4,88)
w(15,61,4,88)
w(6,76,4,88)
w(99,59,4,88)
r(14,77,4,88)
r(109,17,4,88)
w(102,70,4,88)
w(85,60,4,88)
r(43,2,4,88)
r(23,25,4,88)
w(6,77,4,88)
r(4,0,4,88)
r(41,17,4,88)
w(94,61,4,88)
r(54,13,4,89)
w(52,67,4,89)
w(80,51,4,89)
r(95,39,4,89)
r(26,52,4,89)
w(35,70,4,89)
w(65,68,4,89)
r(53,1,4,89)
r(119,1,4,89)
w(52,68,4,89)
r(61,57,4,89)
w(41,94,4,89)
r(6,3,4,89)
w(87,80,4,89)
r(23,25,4,89)
r(33,1,4,89)
r(68,1,4,89)
w(96,66,4,89)
r(10,26,4,89)
w(113,74,4,89)
w(57,72,4,90)
r(78,66,4,90)
r(15,61,4,90)
r(29,2,4,90)
r(35,70,4,90)
r(88,64,4,90)
r(113,74,4,90)
r(25,18,4,90)
w(68,75,4,90)
w(20,58,4,90)
r(8,1,4,90)
w(80,52,4,90)
r(81,32,4,90)
r(60,73,4,90)
w(100,76,4,90)
w(8,69,4,90)
r(107,33,4,90)
w(16,78,4,90)
r(33,1,4,90)
w(119,69,4,90)
r(30,16,4,91)
r(36,1,4,91)
w(73,64,4,91)
w(6,78,4,91)
w(41,95,4,91)
r(39,1,4,91)
r(101,31,4,91)
r(78,41,4,91)
r(73,64,4,91)
w(94,62,4,91)
w(109,63,4,91)
r(81,1,4,91)
r(101,31,4,91)
r(79,1,4,91)
w(106,88,4,91)
r(103,19,4,91)
w(48,67,4,91)
r(4,2,4,91)
r(90,1,4,91)
w(117,76,4,91)
w(90,68,4,92)
w(5,59,4,92)
w(83,71,4,92)
r(114,27,4,92)
r(9,27,4,92)
w(95,77,4,92)
w(4,58,4,92)
w(85,61,4,92)
r(94,14,4,92)
r(33,16,4,92)
w(114,78,4,92)
w(2,76,4,92)
r(112,1,4,92)
w(76,79,4,92)
w(35,71,4,92)
w(17,60,4,92)
w(83,72,4,92)
r(107,33,4,92)
w(87,81,4,92)
r(26,38,4,92)
r(78,42,4,93)
w(78,80,4,93)
r(70,19,4,93)
r(10,27,4,93)
w(70,71,4,93)
r(58,35,4,93)
w(76,80,4,93)
r(66,3,4,93)
r(43,23,4,93)
w(112,70,4,93)
r(44,16,4,93)
w(19,65,4,93)
r(49,28,4,93)
w(114,79,4,93)
w(76,81,4,93)
w(108,63,4,93)
r(31,2,4,93)
r(98,18,4,93)
r(3,1,4,93)
w(94,63,4,93)
w(77,77,4,94)
w(100,77,4,94)
r(21,2,4,94)
w(45,66,4,94)
r(62,19,4,94)
w(115,68,4,94)
w(17,61,4,94)
w(66,62,4,94)
r(97,30,4,94)
r(108,63,4,94)
r(13,14,4,94)
w(108,64,4,94)
r(43,23,4,94)
r(7,21,4,94)
r(83,72,4,94)
w(32,84,4,94)
r(18,3,4,94)
r(103,21,4,94)
r(15,13,4,94)
r(64,19,4,94)
r(20,17,4,95)
w(72,68,4,95)
r(71,22,4,95)
r(79,31,4,95)
r(60,17,4,95)
r(112,70,4,95)
w(69,60,4,95)
r(103,21,4,95)
w(2,77,4,95)
w(89,65,4,95)
w(4,59,4,95)
r(85,61,4,95)
w(20,59,4,95)
w(113,75,4,95)
w(32,85,4,95)
r(86,2,4,95)
w(79,67,4,95)
w(46,73,4,95)
r(102,3,4,95)
r(64,19,4,95)
r(57,42,4,96)
r(111,33,4,96)
w(72,69,4,96)
r(67,17,4,96)
r(84,19,4,96)
w(113,76,4,96)
r(79,67,4,96)
w(106,89,4,96)
w(114,80,4,96)
r(35,71,4,96)
r(114,80,4,96)
w(8,70,4,96)
w(91,76,4,96)
r(119,2,4,96)
r(50,18,4,96)
r(24,37,4,96)
w(11,62,4,96)
r(14,25,4,96)
w(2,78,4,96)
r(105,37,4,96)
w(83,73,4,97)
w(56,56,4,97)
r(42,20,4,97)
r(14,47,4,97)
r(105,37,4,97)
w(65,69,4,97)
w(85,62,4,97)
r(35,71,4,97)
w(39,64,4,97)
r(96,4,4,97)
r(94,63,4,97)
r(53,3,4,97)
r(93,41,4,97)
r(20,59,4,97)
w(70,72,4,97)
r(105,37,4,97)
r(8,70,4,97)
w(56,57,4,97)
r(83,73,4,97)
w(27,72,4,97)
r(45,66,4,98)
w(105,72,4,98)
r(0,22,4,98)
r(64,34,4,98)
r(44,16,4,98)
w(113,77,4,98)
w(98,69,4,98)
w(67,69,4,98)
w(10,58,4,98)
w(49,75,4,98)
r(41,49,4,98)
w(45,67,4,98)
w(109,64,4,98)
w(111,70,4,98)
r(45,67,4,98)
w(53,81,4,98)
r(70,72,4,98)
r(31,2,4,98)
r(26,38,4,98)
w(35,72,4,98)
r(36,15,4,99)
r(86,2,4,99)
r(78,80,4,99)
w(104,83,4,99)
r(104,83,4,99)
r(101,32,4,99)
r(105,72,4,99)
w(116,55,4,99)
r(24,37,4,99)
w(82,60,4,99)
w(44,66,4,99)
w(45,68,4,99)
r(111,70,4,99)
r(79,67,4,99)
r(82,60,4,99)
r(96,4,4,99)
w(53,82,4,99)
w(69,61,4,99)
r(26,38,4,99)
r(71,22,4,99)
