w(27,1,0,0)
r(114,0,0,0)
r(88,0,0,0)
r(40,0,0,0)
r(64,0,0,0)
w(61,1,0,0)
w(41,1,0,0)
r(8,0,0,0)
r(32,0,0,0)
w(92,1,0,0)
w(37,1,0,0)
r(77,0,0,0)
w(22,1,0,0)
w(119,1,0,0)
w(74,1,0,0)
r(104,0,0,0)
w(109,1,0,0)
r(107,0,0,0)
r(75,0,0,0)
w(108,1,0,0)
w(119,2,0,1)
w(97,1,0,1)
w(55,1,0,1)
w(111,1,0,1)
r(34,0,0,1)
r(98,0,0,1)
w(115,1,0,1)
w(91,1,0,1)
r(24,0,0,1)
w(55,2,0,1)
r(14,0,0,1)
w(6,1,0,1)
r(34,0,0,1)
r(30,0,0,1)
r(112,0,0,1)
r(24,0,0,1)
w(17,1,0,1)
r(47,66,0,1)
r(84,0,0,1)
w(107,1,0,1)
w(57,1,0,2)
w(106,1,0,2)
r(51,0,0,2)
r(61,1,0,2)
w(33,1,0,2)
r(95,0,0,2)
w(40,1,0,2)
w(110,1,0,2)
r(88,0,0,2)
w(38,1,0,2)
w(101,1,0,2)
w(25,1,0,2)
r(50,27,0,2)
r(116,0,0,2)
r(108,1,0,2)
r(3,0,0,2)
r(94,36,0,2)
w(97,2,0,2)
w(65,1,0,2)
w(34,1,0,2)
w(84,1,0,3)
r(1,79,0,3)
r(97,2,0,3)
r(93,0,0,3)
r(18,0,0,3)
w(33,2,0,3)
r(13,0,0,3)
w(26,1,0,3)
w(15,1,0,3)
w(42,1,0,3)
r(11,0,0,3)
r(41,1,0,3)
r(41,1,0,3)
r(56,0,0,3)
w(101,2,0,3)
w(77,1,0,3)
r(84,1,0,3)
w(73,1,0,3)
w(45,1,0,3)
r(78,0,0,3)
r(69,0,0,4)
w(61,2,0,4)
r(111,1,0,4)
w(118,1,0,4)
r(88,0,0,4)
w(12,1,0,4)
r(1,79,0,4)
w(76,1,0,4)
r(81,0,0,4)
w(15,2,0,4)
r(102,0,0,4)
r(7,0,0,4)
r(21,0,0,4)
r(17,1,0,4)
r(63,0,0,4)
w(16,1,0,4)
r(61,2,0,4)
r(24,0,0,4)
r(54,66,0,4)
r(11,0,0,4)
r(79,0,0,5)
w(94,1,0,5)
w(73,2,0,5)
r(47,66,0,5)
w(22,2,0,5)
w(45,2,0,5)
w(80,1,0,5)
w(18,1,0,5)
w(89,1,0,5)
r(19,0,0,5)
r(28,67,0,5)
w(107,2,0,5)
r(39,0,0,5)
w(105,1,0,5)
r(96,37,0,5)
w(93,1,0,5)
r(81,0,0,5)
w(56,1,0,5)
r(0,0,0,5)
r(25,1,0,5)
w(7,1,0,6)
r(85,34,0,6)
w(41,2,0,6)
w(102,1,0,6)
w(24,1,0,6)
w(82,1,0,6)
w(26,2,0,6)
r(4,54,0,6)
r(75,84,0,6)
w(106,2,0,6)
r(8,0,0,6)
w(99,1,0,6)
r(68,17,0,6)
r(29,0,0,6)
w(114,1,0,6)
r(6,1,0,6)
w(103,1,0,6)
r(18,1,0,6)
r(5,0,0,6)
w(94,2,0,6)
w(38,2,0,7)
w(33,3,0,7)
r(102,1,0,7)
r(65,1,0,7)
w(114,2,0,7)
w(27,2,0,7)
w(89,2,0,7)
r(21,0,0,7)
w(54,1,0,7)
r(28,67,0,7)
r(22,2,0,7)
w(37,2,0,7)
r(63,0,0,7)
w(32,1,0,7)
w(19,1,0,7)
r(57,1,0,7)
r(112,0,0,7)
w(8,1,0,7)
w(9,1,0,7)
w(73,3,0,7)
r(118,25,0,8)
w(116,1,0,8)
w(91,2,0,8)
w(23,1,0,8)
w(80,2,0,8)
r(95,0,0,8)
w(34,2,0,8)
r(56,20,0,8)
r(3,0,0,8)
w(50,1,0,8)
w(96,1,0,8)
r(76,60,0,8)
w(107,3,0,8)
r(47,66,0,8)
w(38,3,0,8)
w(58,1,0,8)
r(10,0,0,8)
w(93,2,0,8)
w(102,2,0,8)
w(47,1,0,8)
r(102,2,0,9)
r(9,1,0,9)
w(82,2,0,9)
r(101,2,0,9)
r(10,0,0,9)
w(97,3,0,9)
r(58,1,0,9)
r(38,3,0,9)
r(82,2,0,9)
w(17,2,0,9)
r(100,0,0,9)
w(0,1,0,9)
w(7,2,0,9)
w(41,3,0,9)
r(94,2,0,9)
r(65,1,0,9)
r(49,0,0,9)
r(107,3,0,9)
r(55,2,0,9)
r(4,11,0,9)
r(55,2,0,10)
r(5,0,0,10)
w(16,2,0,10)
w(89,3,0,10)
w(19,2,0,10)
r(11,44,0,10)
r(7,2,0,10)
w(58,2,0,10)
r(83,0,0,10)
r(26,55,0,10)
r(106,55,0,10)
r(21,0,0,10)
r(11,44,0,10)
r(95,80,0,10)
r(119,26,0,10)
w(20,1,0,10)
w(56,2,0,10)
r(66,0,0,10)
r(67,0,0,10)
r(81,0,0,10)
w(7,3,0,11)
w(109,2,0,11)
r(110,1,0,11)
r(15,17,0,11)
w(53,1,0,11)
r(35,41,0,11)
w(119,3,0,11)
r(62,37,0,11)
w(11,1,0,11)
r(112,71,0,11)
w(45,3,0,11)
r(119,3,0,11)
w(57,2,0,11)
r(16,34,0,11)
r(22,17,0,11)
w(52,1,0,11)
w(95,1,0,11)
w(115,2,0,11)
w(79,1,0,11)
r(44,21,0,11)
w(116,2,0,12)
w(12,2,0,12)
w(54,2,0,12)
w(65,2,0,12)
w(12,3,0,12)
r(27,43,0,12)
w(5,1,0,12)
w(39,1,0,12)
w(67,1,0,12)
r(69,12,0,12)
r(32,17,0,12)
r(59,79,0,12)
r(75,50,0,12)
w(3,1,0,12)
w(18,2,0,12)
r(104,66,0,12)
r(110,1,0,12)
w(28,1,0,12)
r(15,17,0,12)
r(87,30,0,12)
w(99,2,0,13)
r(68,28,0,13)
w(52,2,0,13)
w(37,3,0,13)
r(112,71,0,13)
r(51,57,0,13)
w(22,3,0,13)
r(41,12,0,13)
r(104,66,0,13)
w(62,1,0,13)
r(34,64,0,13)
r(91,37,0,13)
w(54,3,0,13)
w(75,1,0,13)
r(76,14,0,13)
w(115,3,0,13)
r(67,1,0,13)
w(51,1,0,13)
w(51,2,0,13)
r(95,1,0,13)
r(60,44,0,14)
w(2,1,0,14)
w(3,2,0,14)
r(95,1,0,14)
r(47,53,0,14)
w(29,1,0,14)
r(67,1,0,14)
r(63,45,0,14)
w(78,1,0,14)
r(5,1,0,14)
w(57,3,0,14)
r(108,51,0,14)
r(92,40,0,14)
r(84,52,0,14)
w(91,3,0,14)
r(25,63,0,14)
r(42,1,0,14)
w(95,2,0,14)
r(93,12,0,14)
w(84,2,0,14)
w(56,3,0,15)
r(42,1,0,15)
r(70,57,0,15)
w(87,1,0,15)
r(17,29,0,15)
w(91,4,0,15)
r(10,64,0,15)
w(23,2,0,15)
w(62,2,0,15)
r(78,1,0,15)
r(23,2,0,15)
r(17,29,0,15)
r(43,61,0,15)
w(26,3,0,15)
r(55,50,0,15)
r(6,1,0,15)
w(55,3,0,15)
r(26,3,0,15)
r(40,39,0,15)
r(29,1,0,15)
w(57,4,0,16)
w(64,1,0,16)
r(67,1,0,16)
w(34,3,0,16)
w(110,2,0,16)
w(87,2,0,16)
r(84,2,0,16)
r(24,16,0,16)
w(95,3,0,16)
w(59,1,0,16)
r(105,66,0,16)
r(32,17,0,16)
r(3,2,0,16)
w(98,1,0,16)
w(23,3,0,16)
w(32,2,0,16)
w(83,1,0,16)
r(59,1,0,16)
r(35,41,0,16)
r(33,52,0,16)
w(38,4,0,17)
w(116,3,0,17)
w(44,1,0,17)
w(98,2,0,17)
r(39,18,0,17)
w(73,4,0,17)
r(13,49,0,17)
r(103,50,0,17)
w(5,2,0,17)
w(60,1,0,17)
w(16,3,0,17)
w(106,3,0,17)
r(110,2,0,17)
r(19,24,0,17)
r(56,3,0,17)
r(31,63,0,17)
r(7,72,0,17)
r(14,12,0,17)
w(93,3,0,17)
r(8,34,0,17)
w(65,3,0,18)
w(116,4,0,18)
r(40,39,0,18)
w(74,2,0,18)
r(8,36,0,18)
r(108,74,0,18)
w(17,3,0,18)
w(11,2,0,18)
w(105,2,0,18)
w(35,1,0,18)
r(58,65,0,18)
r(16,3,0,18)
r(42,19,0,18)
r(77,88,0,18)
r(74,2,0,18)
w(62,3,0,18)
w(58,3,0,18)
r(14,12,0,18)
r(7,72,0,18)
r(89,82,0,18)
w(77,2,0,19)
w(87,3,0,19)
w(108,2,0,19)
r(29,17,0,19)
r(116,4,0,19)
w(31,1,0,19)
r(44,1,0,19)
w(41,4,0,19)
r(55,3,0,19)
w(112,1,0,19)
w(35,2,0,19)
w(13,1,0,19)
w(22,4,0,19)
w(67,2,0,19)
r(27,43,0,19)
r(96,51,0,19)
r(46,25,0,19)
r(77,2,0,19)
r(100,51,0,19)
w(103,2,0,19)
r(108,1,1,20)
r(95,0,1,20)
w(84,20,1,20)
r(104,64,1,20)
r(65,1,1,20)
r(85,34,1,20)
w(118,25,1,20)
w(119,26,1,20)
w(44,21,1,20)
w(15,17,1,20)
r(0,0,1,20)
r(44,21,1,20)
r(56,0,1,20)
w(14,10,1,20)
r(47,66,1,20)
r(108,1,1,20)
w(11,21,1,20)
w(68,17,1,20)
r(96,37,1,20)
w(30,16,1,20)
w(33,18,1,21)
w(4,11,1,21)
w(34,17,1,21)
w(79,13,1,21)
w(31,14,1,21)
w(20,12,1,21)
r(84,20,1,21)
w(58,23,1,21)
r(37,1,1,21)
w(35,16,1,21)
r(36,0,1,21)
r(14,10,1,21)
r(88,0,1,21)
w(56,20,1,21)
r(84,20,1,21)
r(17,1,1,21)
r(119,26,1,21)
w(9,16,1,21)
w(37,20,1,21)
r(10,0,1,21)
r(33,38,1,22)
r(99,1,1,22)
r(39,0,1,22)
w(8,17,1,22)
r(111,63,1,22)
w(78,14,1,22)
r(111,63,1,22)
w(101,14,1,22)
r(82,2,1,22)
r(57,1,1,22)
w(40,12,1,22)
w(45,21,1,22)
w(5,23,1,22)
r(16,2,1,22)
r(53,62,1,22)
r(116,1,1,22)
w(14,11,1,22)
w(79,14,1,22)
w(32,17,1,22)
w(85,19,1,22)
w(80,14,1,23)
r(107,3,1,23)
r(2,64,1,23)
r(66,0,1,23)
w(24,16,1,23)
r(88,0,1,23)
r(114,40,1,23)
r(42,1,1,23)
w(104,23,1,23)
r(115,1,1,23)
w(73,18,1,23)
r(70,0,1,23)
w(75,19,1,23)
w(91,21,1,23)
r(43,61,1,23)
w(73,19,1,23)
w(90,21,1,23)
r(6,1,1,23)
r(17,2,1,23)
w(20,13,1,23)
w(60,24,1,24)
w(41,11,1,24)
w(114,20,1,24)
w(59,25,1,24)
r(86,83,1,24)
r(45,21,1,24)
w(107,18,1,24)
w(50,10,1,24)
w(27,27,1,24)
w(64,21,1,24)
r(77,1,1,24)
r(81,0,1,24)
r(81,0,1,24)
w(52,16,1,24)
r(49,32,1,24)
r(23,1,1,24)
r(0,1,1,24)
w(64,22,1,24)
w(97,22,1,24)
w(76,14,1,24)
w(95,26,1,25)
w(50,11,1,25)
w(51,17,1,25)
r(20,13,1,25)
w(55,17,1,25)
r(83,0,1,25)
r(6,1,1,25)
r(58,2,1,25)
w(41,12,1,25)
r(106,55,1,25)
w(81,16,1,25)
w(20,14,1,25)
w(16,14,1,25)
w(109,13,1,25)
r(10,0,1,25)
w(4,12,1,25)
r(111,63,1,25)
w(117,16,1,25)
r(33,38,1,25)
w(19,21,1,25)
r(21,0,1,26)
r(0,1,1,26)
r(42,1,1,26)
r(70,0,1,26)
w(59,26,1,26)
r(117,16,1,26)
w(20,15,1,26)
w(94,18,1,26)
r(31,14,1,26)
r(95,26,1,26)
r(77,1,1,26)
w(19,22,1,26)
r(79,14,1,26)
r(26,55,1,26)
w(18,21,1,26)
r(80,14,1,26)
r(46,0,1,26)
w(70,12,1,26)
r(5,23,1,26)
r(109,13,1,26)
r(17,2,1,27)
w(83,16,1,27)
w(103,19,1,27)
r(67,0,1,27)
w(16,15,1,27)
w(21,15,1,27)
r(91,21,1,27)
w(97,23,1,27)
r(65,1,1,27)
r(102,2,1,27)
w(40,13,1,27)
r(0,1,1,27)
w(101,15,1,27)
r(87,0,1,27)
w(113,13,1,27)
w(25,16,1,27)
w(46,23,1,27)
w(83,17,1,27)
r(117,16,1,27)
w(94,19,1,27)
w(36,14,1,28)
w(23,16,1,28)
r(8,17,1,28)
r(5,23,1,28)
r(94,19,1,28)
w(11,22,1,28)
w(94,20,1,28)
w(69,11,1,28)
r(91,21,1,28)
r(106,55,1,28)
w(84,21,1,28)
r(83,17,1,28)
r(59,26,1,28)
w(95,27,1,28)
w(19,23,1,28)
r(26,55,1,28)
r(24,16,1,28)
r(111,63,1,28)
w(69,12,1,28)
w(46,24,1,28)
r(59,26,1,29)
r(91,21,1,29)
w(114,21,1,29)
w(53,14,1,29)
r(50,61,1,29)
r(5,23,1,29)
r(63,45,1,29)
r(94,20,1,29)
w(30,17,1,29)
w(116,25,1,29)
r(106,55,1,29)
w(109,14,1,29)
w(93,12,1,29)
r(31,14,1,29)
w(36,15,1,29)
r(11,22,1,29)
r(109,14,1,29)
w(65,17,1,29)
r(52,16,1,29)
r(57,78,1,29)
w(35,17,1,30)
w(97,24,1,30)
w(55,18,1,30)
r(69,12,1,30)
w(102,24,1,30)
w(108,15,1,30)
w(22,17,1,30)
r(42,1,1,30)
w(72,17,1,30)
w(107,19,1,30)
w(119,27,1,30)
r(20,72,1,30)
w(91,22,1,30)
r(51,56,1,30)
r(99,1,1,30)
r(96,67,1,30)
r(94,20,1,30)
r(72,17,1,30)
r(52,69,1,30)
w(8,18,1,30)
r(96,67,1,31)
r(68,17,1,31)
w(31,15,1,31)
w(33,19,1,31)
r(64,70,1,31)
w(20,16,1,31)
r(67,0,1,31)
r(17,68,1,31)
w(5,24,1,31)
r(89,82,1,31)
r(58,2,1,31)
r(2,65,1,31)
r(96,67,1,31)
r(93,12,1,31)
w(7,17,1,31)
w(102,25,1,31)
w(2,16,1,31)
w(25,17,1,31)
w(101,16,1,31)
r(20,16,1,31)
r(52,2,1,32)
w(39,18,1,32)
w(99,23,1,32)
r(45,75,1,32)
r(12,58,1,32)
w(19,24,1,32)
w(66,18,1,32)
w(86,22,1,32)
r(24,16,1,32)
r(69,12,1,32)
w(14,12,1,32)
w(30,18,1,32)
r(47,53,1,32)
r(71,41,1,32)
r(4,56,1,32)
r(5,1,1,32)
r(57,79,1,32)
r(10,64,1,32)
r(31,63,1,32)
r(19,24,1,32)
w(42,19,1,33)
r(82,62,1,33)
w(18,22,1,33)
w(52,17,1,33)
r(83,1,1,33)
w(20,17,1,33)
r(24,16,1,33)
r(37,3,1,33)
w(102,26,1,33)
r(79,1,1,33)
r(54,3,1,33)
r(86,22,1,33)
w(95,28,1,33)
w(29,17,1,33)
r(22,3,1,33)
w(23,17,1,33)
w(75,20,1,33)
r(110,2,1,33)
r(53,63,1,33)
r(84,2,1,33)
w(33,20,1,34)
w(46,25,1,34)
w(38,21,1,34)
w(49,16,1,34)
w(57,22,1,34)
w(103,20,1,34)
r(94,79,1,34)
r(11,45,1,34)
r(10,64,1,34)
w(84,22,1,34)
r(96,51,1,34)
r(78,1,1,34)
w(4,13,1,34)
r(9,54,1,34)
r(34,3,1,34)
w(86,23,1,34)
w(79,15,1,34)
w(84,23,1,34)
w(37,21,1,34)
r(101,38,1,34)
r(106,39,1,35)
w(108,16,1,35)
w(43,18,1,35)
r(67,53,1,35)
r(92,42,1,35)
r(8,36,1,35)
r(18,33,1,35)
w(14,13,1,35)
r(113,13,1,35)
w(57,23,1,35)
w(40,14,1,35)
r(68,46,1,35)
w(42,20,1,35)
r(27,56,1,35)
r(53,63,1,35)
w(25,18,1,35)
r(11,2,1,35)
r(70,46,1,35)
w(108,17,1,35)
r(7,72,1,35)
r(7,72,1,36)
r(26,3,1,36)
r(23,17,1,36)
w(46,26,1,36)
w(61,19,1,36)
w(73,20,1,36)
r(113,13,1,36)
r(34,37,1,36)
r(89,82,1,36)
r(94,79,1,36)
w(111,22,1,36)
r(54,3,1,36)
w(46,27,1,36)
w(71,11,1,36)
r(32,35,1,36)
r(114,57,1,36)
w(112,23,1,36)
w(47,16,1,36)
w(37,22,1,36)
r(80,55,1,36)
w(94,21,1,37)
r(62,3,1,37)
r(110,59,1,37)
w(57,24,1,37)
r(97,35,1,37)
w(40,15,1,37)
r(3,66,1,37)
r(56,56,1,37)
w(80,15,1,37)
r(2,29,1,37)
w(43,19,1,37)
r(53,63,1,37)
r(73,20,1,37)
w(6,24,1,37)
w(61,20,1,37)
w(24,17,1,37)
w(60,25,1,37)
r(13,1,1,37)
r(65,3,1,37)
w(7,18,1,37)
w(91,23,1,38)
r(108,17,1,38)
w(18,23,1,38)
w(27,28,1,38)
r(45,41,1,38)
r(112,51,1,38)
w(106,19,1,38)
r(52,17,1,38)
w(58,24,1,38)
w(94,22,1,38)
r(73,20,1,38)
w(13,12,1,38)
r(50,46,1,38)
r(91,23,1,38)
r(52,17,1,38)
r(69,12,1,38)
w(13,13,1,38)
r(95,59,1,38)
w(75,21,1,38)
w(107,20,1,38)
w(41,13,1,39)
r(20,48,1,39)
r(88,41,1,39)
r(12,59,1,39)
r(61,20,1,39)
w(59,27,1,39)
r(87,3,1,39)
r(28,50,1,39)
r(83,30,1,39)
w(35,18,1,39)
w(90,22,1,39)
w(65,18,1,39)
r(35,18,1,39)
w(32,18,1,39)
w(16,16,1,39)
w(7,19,1,39)
w(8,19,1,39)
r(47,16,1,39)
r(54,3,1,39)
r(102,68,1,39)
r(42,0,2,40)
r(40,0,2,40)
r(28,0,2,40)
r(93,0,2,40)
w(96,37,2,40)
r(22,0,2,40)
r(21,0,2,40)
w(85,34,2,40)
w(44,29,2,40)
w(94,36,2,40)
r(70,0,2,40)
r(47,0,2,40)
w(106,38,2,40)
r(18,0,2,40)
r(23,0,2,40)
r(36,0,2,40)
r(27,0,2,40)
r(20,0,2,40)
w(50,27,2,40)
r(8,0,2,40)
w(75,48,2,41)
w(49,32,2,41)
r(34,2,2,41)
w(48,36,2,41)
r(37,2,2,41)
r(6,1,2,41)
w(80,34,2,41)
r(105,1,2,41)
r(35,16,2,41)
r(40,1,2,41)
w(118,36,2,41)
r(47,1,2,41)
w(33,38,2,41)
r(10,0,2,41)
r(75,48,2,41)
r(18,1,2,41)
w(29,34,2,41)
r(32,1,2,41)
r(47,1,2,41)
w(114,40,2,41)
w(65,32,2,42)
w(53,33,2,42)
w(99,41,2,42)
w(60,44,2,42)
w(55,35,2,42)
w(35,40,2,42)
w(99,42,2,42)
w(94,37,2,42)
r(64,70,2,42)
w(75,49,2,42)
w(17,29,2,42)
w(39,35,2,42)
r(110,1,2,42)
r(108,15,2,42)
r(101,16,2,42)
w(16,34,2,42)
w(66,37,2,42)
r(29,34,2,42)
w(56,34,2,42)
r(8,18,2,42)
w(75,50,2,43)
w(99,43,2,43)
r(59,79,2,43)
r(69,12,2,43)
r(49,32,2,43)
r(14,11,2,43)
r(107,19,2,43)
w(64,43,2,43)
w(61,44,2,43)
w(12,41,2,43)
w(55,36,2,43)
r(70,57,2,43)
w(28,32,2,43)
r(52,69,2,43)
w(94,38,2,43)
w(14,26,2,43)
r(95,27,2,43)
w(40,38,2,43)
r(61,44,2,43)
r(3,65,2,43)
r(33,19,2,44)
w(117,31,2,44)
w(108,30,2,44)
r(77,1,2,44)
w(71,24,2,44)
w(0,38,2,44)
w(46,41,2,44)
w(62,37,2,44)
w(86,41,2,44)
r(61,44,2,44)
r(6,1,2,44)
w(8,34,2,44)
w(87,30,2,44)
w(55,37,2,44)
r(93,12,2,44)
r(47,1,2,44)
w(94,39,2,44)
w(3,30,2,44)
r(1,79,2,44)
w(114,41,2,44)
r(119,27,2,45)
w(35,41,2,45)
r(60,44,2,45)
r(117,31,2,45)
w(99,44,2,45)
r(47,1,2,45)
r(45,74,2,45)
w(28,33,2,45)
w(52,36,2,45)
w(1,36,2,45)
w(49,33,2,45)
w(14,27,2,45)
r(67,0,2,45)
r(31,15,2,45)
w(82,33,2,45)
r(2,16,2,45)
r(81,66,2,45)
r(49,33,2,45)
w(91,37,2,45)
r(46,41,2,45)
w(11,37,2,46)
r(30,17,2,46)
w(56,35,2,46)
w(95,43,2,46)
r(30,17,2,46)
w(26,41,2,46)
w(53,34,2,46)
r(111,63,2,46)
w(14,28,2,46)
r(106,55,2,46)
r(93,12,2,46)
w(94,40,2,46)
r(48,72,2,46)
r(74,55,2,46)
w(117,32,2,46)
w(27,42,2,46)
w(0,39,2,46)
w(33,39,2,46)
w(27,43,2,46)
w(109,24,2,46)
r(36,15,2,47)
w(40,39,2,47)
r(12,41,2,47)
w(31,32,2,47)
r(40,39,2,47)
r(87,30,2,47)
r(113,13,2,47)
w(111,37,2,47)
r(82,33,2,47)
w(68,28,2,47)
w(48,37,2,47)
r(114,41,2,47)
r(79,14,2,47)
w(97,34,2,47)
r(37,2,2,47)
r(32,17,2,47)
w(2,28,2,47)
r(0,39,2,47)
r(62,37,2,47)
w(23,41,2,47)
w(1,37,2,48)
r(73,78,2,48)
r(35,41,2,48)
r(12,58,2,48)
w(17,30,2,48)
w(118,37,2,48)
w(56,36,2,48)
w(8,35,2,48)
r(47,53,2,48)
w(8,36,2,48)
r(113,13,2,48)
w(25,37,2,48)
r(33,52,2,48)
r(32,2,2,48)
r(116,2,2,48)
r(61,44,2,48)
r(88,52,2,48)
r(44,21,2,48)
w(32,34,2,48)
w(87,31,2,48)
w(77,39,2,49)
w(112,37,2,49)
r(14,12,2,49)
w(32,35,2,49)
r(67,2,2,49)
r(69,12,2,49)
r(70,57,2,49)
r(55,3,2,49)
w(115,34,2,49)
w(21,32,2,49)
w(66,38,2,49)
r(55,3,2,49)
r(102,26,2,49)
r(38,21,2,49)
r(3,2,2,49)
w(34,37,2,49)
r(96,51,2,49)
r(45,75,2,49)
w(58,41,2,49)
r(7,72,2,49)
r(97,34,2,50)
r(96,51,2,50)
w(51,39,2,50)
r(93,3,2,50)
r(54,3,2,50)
w(84,35,2,50)
w(86,42,2,50)
r(52,17,2,50)
r(116,4,2,50)
w(15,29,2,50)
r(72,46,2,50)
w(83,30,2,50)
w(76,26,2,50)
w(45,41,2,50)
r(80,55,2,50)
w(33,40,2,50)
w(18,33,2,50)
w(2,29,2,50)
r(98,2,2,50)
w(116,36,2,50)
w(90,40,2,51)
w(103,35,2,51)
r(74,2,2,51)
r(16,3,2,51)
r(106,72,2,51)
w(25,38,2,51)
w(39,36,2,51)
w(59,47,2,51)
w(16,35,2,51)
r(8,36,2,51)
r(21,32,2,51)
w(47,31,2,51)
w(106,39,2,51)
r(107,84,2,51)
r(111,64,2,51)
w(97,35,2,51)
w(79,32,2,51)
r(23,17,2,51)
r(119,3,2,51)
w(105,36,2,51)
r(119,62,2,52)
w(57,38,2,52)
r(109,51,2,52)
r(21,63,2,52)
w(48,38,2,52)
r(56,67,2,52)
r(109,51,2,52)
r(24,17,2,52)
w(81,33,2,52)
r(63,46,2,52)
w(30,36,2,52)
w(19,33,2,52)
w(85,35,2,52)
r(29,66,2,52)
w(60,45,2,52)
r(67,67,2,52)
w(98,38,2,52)
w(105,37,2,52)
w(29,35,2,52)
r(98,38,2,52)
r(106,19,2,53)
r(48,38,2,53)
w(113,29,2,53)
r(112,51,2,53)
w(29,36,2,53)
r(101,41,2,53)
w(32,36,2,53)
r(7,55,2,53)
r(91,23,2,53)
r(99,59,2,53)
r(99,59,2,53)
w(82,34,2,53)
w(18,34,2,53)
r(92,43,2,53)
r(61,64,2,53)
r(4,13,2,53)
w(18,35,2,53)
w(100,26,2,53)
r(11,46,2,53)
w(30,37,2,53)
w(19,34,2,54)
w(29,37,2,54)
w(91,38,2,54)
w(78,26,2,54)
r(81,33,2,54)
r(75,21,2,54)
w(53,35,2,54)
r(19,34,2,54)
r(90,22,2,54)
w(10,27,2,54)
w(74,40,2,54)
w(74,41,2,54)
w(116,37,2,54)
w(34,38,2,54)
w(86,43,2,54)
r(21,63,2,54)
w(23,42,2,54)
r(104,66,2,54)
w(69,37,2,54)
w(51,40,2,54)
r(64,1,2,55)
w(111,38,2,55)
r(68,46,2,55)
w(29,38,2,55)
w(81,34,2,55)
w(119,47,2,55)
r(63,46,2,55)
r(94,22,2,55)
w(19,35,2,55)
r(6,24,2,55)
w(54,33,2,55)
r(114,58,2,55)
w(77,40,2,55)
r(6,24,2,55)
w(39,37,2,55)
r(2,29,2,55)
r(118,54,2,55)
r(91,38,2,55)
r(103,35,2,55)
w(46,42,2,55)
r(88,41,2,56)
w(60,46,2,56)
r(22,53,2,56)
w(45,42,2,56)
w(4,30,2,56)
r(70,46,2,56)
r(42,57,2,56)
r(55,65,2,56)
w(77,41,2,56)
r(49,51,2,56)
w(73,36,2,56)
r(64,1,2,56)
r(5,59,2,56)
r(9,54,2,56)
r(27,57,2,56)
r(87,46,2,56)
r(113,29,2,56)
w(98,39,2,56)
r(33,40,2,56)
w(57,39,2,56)
r(43,63,2,57)
w(67,33,2,57)
w(73,37,2,57)
w(9,32,2,57)
r(74,41,2,57)
w(17,31,2,57)
r(54,33,2,57)
r(70,46,2,57)
r(5,59,2,57)
r(15,29,2,57)
r(81,34,2,57)
r(12,60,2,57)
w(3,31,2,57)
w(119,48,2,57)
w(94,41,2,57)
w(89,39,2,57)
r(17,31,2,57)
w(58,42,2,57)
r(54,33,2,57)
r(83,30,2,57)
r(83,30,2,58)
w(78,27,2,58)
r(74,41,2,58)
w(71,25,2,58)
w(68,29,2,58)
w(3,32,2,58)
r(56,67,2,58)
r(38,52,2,58)
w(58,43,2,58)
w(16,36,2,58)
r(62,57,2,58)
r(21,63,2,58)
w(92,22,2,58)
w(110,31,2,58)
r(112,51,2,58)
w(37,34,2,58)
w(70,31,2,58)
r(102,68,2,58)
w(80,35,2,58)
r(56,67,2,58)
r(95,62,2,59)
r(112,51,2,59)
w(75,51,2,59)
r(85,35,2,59)
r(4,30,2,59)
r(32,36,2,59)
w(106,40,2,59)
w(63,32,2,59)
r(54,33,2,59)
r(27,57,2,59)
w(34,39,2,59)
r(100,26,2,59)
r(18,35,2,59)
w(5,45,2,59)
w(30,38,2,59)
w(36,32,2,59)
w(66,39,2,59)
r(118,54,2,59)
r(112,51,2,59)
w(6,40,2,59)
w(32,50,3,60)
r(29,34,3,60)
r(22,2,3,60)
w(54,44,3,60)
r(87,0,3,60)
r(13,0,3,60)
r(57,1,3,60)
w(80,54,3,60)
w(9,42,3,60)
w(54,45,3,60)
w(54,46,3,60)
r(39,0,3,60)
r(114,40,3,60)
w(112,49,3,60)
r(86,83,3,60)
r(119,26,3,60)
r(80,54,3,60)
w(14,50,3,60)
w(19,51,3,60)
r(77,1,3,60)
r(118,36,3,61)
r(17,2,3,61)
r(117,62,3,61)
r(115,1,3,61)
w(51,55,3,61)
r(22,2,3,61)
r(15,17,3,61)
w(26,54,3,61)
r(37,2,3,61)
w(11,44,3,61)
w(63,45,3,61)
r(60,0,3,61)
w(26,55,3,61)
r(74,1,3,61)
r(77,1,3,61)
w(16,52,3,61)
w(35,56,3,61)
w(54,47,3,61)
w(56,55,3,61)
w(106,55,3,61)
w(7,54,3,62)
r(94,19,3,62)
w(88,38,3,62)
w(74,55,3,62)
r(77,1,3,62)
r(31,14,3,62)
r(103,19,3,62)
w(33,51,3,62)
r(115,1,3,62)
w(88,39,3,62)
w(117,47,3,62)
w(2,42,3,62)
r(49,32,3,62)
w(34,63,3,62)
r(14,11,3,62)
w(64,56,3,62)
w(96,50,3,62)
w(112,50,3,62)
w(51,56,3,62)
r(5,23,3,62)
w(25,48,3,63)
w(21,45,3,63)
r(88,39,3,63)
r(70,57,3,63)
w(58,55,3,63)
w(92,40,3,63)
r(112,71,3,63)
w(103,50,3,63)
w(47,51,3,63)
w(108,51,3,63)
w(85,56,3,63)
w(21,46,3,63)
w(18,54,3,63)
r(40,39,3,63)
w(46,55,3,63)
r(47,51,3,63)
r(97,34,3,63)
w(20,44,3,63)
w(20,45,3,63)
w(74,56,3,63)
w(50,42,3,64)
r(38,3,3,64)
r(67,0,3,64)
w(46,56,3,64)
w(38,51,3,64)
w(47,52,3,64)
r(24,16,3,64)
r(114,41,3,64)
r(66,37,3,64)
w(55,49,3,64)
r(86,41,3,64)
w(57,60,3,64)
w(11,45,3,64)
r(100,50,3,64)
r(19,23,3,64)
r(61,44,3,64)
w(52,49,3,64)
w(109,37,3,64)
w(99,58,3,64)
w(101,38,3,64)
w(20,46,3,65)
w(46,57,3,65)
r(3,30,3,65)
w(46,58,3,65)
w(14,51,3,65)
w(47,53,3,65)
w(51,57,3,65)
r(82,33,3,65)
r(76,14,3,65)
w(50,43,3,65)
w(114,55,3,65)
w(84,52,3,65)
r(73,19,3,65)
r(19,23,3,65)
r(98,64,3,65)
r(33,39,3,65)
r(84,52,3,65)
r(103,50,3,65)
w(96,51,3,65)
r(77,1,3,65)
w(118,51,3,66)
w(13,49,3,66)
w(118,52,3,66)
r(93,12,3,66)
r(97,34,3,66)
w(66,60,3,66)
r(47,53,3,66)
r(80,14,3,66)
w(2,43,3,66)
w(45,54,3,66)
w(26,56,3,66)
w(26,57,3,66)
r(97,34,3,66)
w(73,55,3,66)
w(72,46,3,66)
w(80,55,3,66)
r(34,63,3,66)
r(19,23,3,66)
r(60,44,3,66)
w(33,52,3,66)
r(68,28,3,67)
r(33,52,3,67)
w(37,53,3,67)
r(59,79,3,67)
r(93,12,3,67)
r(45,54,3,67)
w(49,47,3,67)
r(79,1,3,67)
r(89,82,3,67)
r(119,3,3,67)
r(111,37,3,67)
w(71,41,3,67)
r(59,79,3,67)
r(81,66,3,67)
w(55,50,3,67)
w(34,64,3,67)
r(73,55,3,67)
r(75,50,3,67)
r(32,17,3,67)
w(12,58,3,67)
w(27,56,3,68)
r(0,39,3,68)
w(49,48,3,68)
w(116,49,3,68)
w(110,59,3,68)
w(86,63,3,68)
w(66,61,3,68)
r(8,36,3,68)
w(73,56,3,68)
r(95,28,3,68)
w(114,56,3,68)
r(62,3,3,68)
w(86,64,3,68)
w(70,45,3,68)
r(75,20,3,68)
r(76,26,3,68)
r(116,49,3,68)
r(80,55,3,68)
r(0,39,3,68)
w(119,62,3,68)
r(60,1,3,69)
r(107,84,3,69)
r(59,47,3,69)
r(65,3,3,69)
w(49,49,3,69)
w(100,37,3,69)
r(24,16,3,69)
w(28,50,3,69)
w(114,57,3,69)
r(103,35,3,69)
w(92,41,3,69)
w(67,53,3,69)
r(33,40,3,69)
r(15,29,3,69)
w(25,49,3,69)
w(92,42,3,69)
r(1,81,3,69)
r(18,33,3,69)
r(107,84,3,69)
w(31,47,3,69)
w(90,61,3,70)
w(59,59,3,70)
w(31,48,3,70)
w(14,52,3,70)
w(99,59,3,70)
w(70,46,3,70)
r(108,2,3,70)
w(68,46,3,70)
w(12,59,3,70)
r(66,61,3,70)
w(39,55,3,70)
r(29,66,3,70)
w(25,50,3,70)
r(95,28,3,70)
w(88,40,3,70)
r(110,59,3,70)
r(119,62,3,70)
r(92,42,3,70)
w(63,46,3,70)
r(112,37,3,70)
r(43,62,3,71)
w(20,47,3,71)
w(35,57,3,71)
w(44,42,3,71)
r(53,63,3,71)
w(42,54,3,71)
w(5,59,3,71)
r(28,50,3,71)
r(45,41,3,71)
w(10,41,3,71)
r(63,46,3,71)
w(101,39,3,71)
w(95,59,3,71)
w(117,48,3,71)
r(90,61,3,71)
w(78,47,3,71)
r(6,1,3,71)
r(82,62,3,71)
w(30,52,3,71)
w(56,56,3,71)
r(98,2,3,72)
w(50,44,3,72)
w(88,41,3,72)
w(107,62,3,72)
r(39,55,3,72)
w(20,48,3,72)
r(11,2,3,72)
w(22,52,3,72)
r(28,50,3,72)
w(35,58,3,72)
w(11,46,3,72)
r(66,61,3,72)
r(79,32,3,72)
r(68,46,3,72)
r(28,50,3,72)
w(19,52,3,72)
r(99,59,3,72)
r(48,73,3,72)
w(76,43,3,72)
r(117,48,3,72)
w(86,65,3,73)
r(27,56,3,73)
w(50,45,3,73)
r(42,20,3,73)
r(0,39,3,73)
w(116,50,3,73)
r(20,48,3,73)
r(46,27,3,73)
r(70,46,3,73)
w(19,53,3,73)
r(87,3,3,73)
w(50,46,3,73)
r(13,1,3,73)
w(42,55,3,73)
r(28,50,3,73)
w(79,47,3,73)
w(79,48,3,73)
w(0,52,3,73)
w(112,51,3,73)
w(42,56,3,73)
r(48,73,3,74)
r(15,29,3,74)
r(105,36,3,74)
r(17,69,3,74)
w(48,53,3,74)
r(80,15,3,74)
w(96,52,3,74)
r(41,67,3,74)
w(13,50,3,74)
w(39,56,3,74)
r(92,42,3,74)
w(27,57,3,74)
r(85,56,3,74)
w(101,40,3,74)
w(18,55,3,74)
w(10,42,3,74)
w(67,54,3,74)
w(95,60,3,74)
r(39,56,3,74)
w(101,41,3,74)
r(23,17,3,75)
w(74,57,3,75)
r(66,61,3,75)
w(19,54,3,75)
r(114,57,3,75)
w(114,58,3,75)
w(95,61,3,75)
w(46,59,3,75)
r(16,16,3,75)
w(89,60,3,75)
w(42,57,3,75)
r(116,50,3,75)
w(73,57,3,75)
r(75,21,3,75)
w(59,60,3,75)
r(69,12,3,75)
r(26,3,3,75)
w(1,59,3,75)
w(80,56,3,75)
w(108,52,3,75)
r(53,63,3,76)
r(51,39,3,76)
w(7,55,3,76)
r(43,63,3,76)
r(108,52,3,76)
r(117,48,3,76)
w(74,58,3,76)
w(18,56,3,76)
w(61,63,3,76)
r(70,46,3,76)
w(49,50,3,76)
r(20,48,3,76)
w(79,49,3,76)
r(71,11,3,76)
w(76,44,3,76)
r(113,13,3,76)
w(22,53,3,76)
r(93,3,3,76)
w(97,56,3,76)
r(72,46,3,76)
w(60,66,3,77)
r(19,54,3,77)
w(118,53,3,77)
w(20,49,3,77)
w(95,62,3,77)
r(64,1,3,77)
w(3,49,3,77)
r(110,59,3,77)
r(34,37,3,77)
r(42,57,3,77)
r(41,13,3,77)
r(68,46,3,77)
w(1,60,3,77)
r(63,46,3,77)
w(73,58,3,77)
w(20,50,3,77)
r(41,13,3,77)
r(24,17,3,77)
r(102,68,3,77)
w(118,54,3,77)
r(35,18,3,78)
w(45,55,3,78)
r(9,54,3,78)
r(56,67,3,78)
w(20,51,3,78)
r(52,17,3,78)
r(106,19,3,78)
w(49,51,3,78)
r(112,51,3,78)
r(39,56,3,78)
w(87,46,3,78)
r(97,56,3,78)
r(95,62,3,78)
w(41,46,3,78)
r(85,56,3,78)
r(14,13,3,78)
w(86,66,3,78)
w(12,60,3,78)
w(81,51,3,78)
w(25,51,3,78)
r(11,46,3,79)
r(14,13,3,79)
r(40,15,3,79)
w(38,52,3,79)
w(92,43,3,79)
r(42,57,3,79)
r(81,51,3,79)
w(53,48,3,79)
r(35,18,3,79)
r(89,60,3,79)
w(61,64,3,79)
r(110,59,3,79)
r(110,59,3,79)
w(113,52,3,79)
w(77,68,3,79)
r(29,66,3,79)
r(25,51,3,79)
w(62,57,3,79)
w(77,69,3,79)
r(41,46,3,79)
r(117,0,4,80)
r(40,0,4,80)
w(104,64,4,80)
r(87,0,4,80)
r(56,0,4,80)
w(40,62,4,80)
r(92,0,4,80)
w(75,84,4,80)
r(105,0,4,80)
w(54,66,4,80)
r(101,0,4,80)
r(92,0,4,80)
w(115,61,4,80)
w(77,87,4,80)
w(62,72,4,80)
w(47,66,4,80)
w(1,79,4,80)
r(12,0,4,80)
r(8,0,4,80)
r(56,0,4,80)
r(61,2,4,81)
w(119,72,4,81)
w(14,63,4,81)
w(48,71,4,81)
r(75,84,4,81)
r(6,1,4,81)
w(4,54,4,81)
w(103,66,4,81)
r(111,1,4,81)
w(2,64,4,81)
r(108,1,4,81)
r(104,64,4,81)
w(28,67,4,81)
w(69,65,4,81)
r(103,66,4,81)
w(91,70,4,81)
w(76,60,4,81)
r(106,1,4,81)
w(107,83,4,81)
w(86,83,4,81)
w(100,50,4,82)
r(9,1,4,82)
r(59,0,4,82)
w(73,77,4,82)
w(112,70,4,82)
w(92,56,4,82)
w(28,68,4,82)
r(79,13,4,82)
w(95,79,4,82)
w(109,50,4,82)
r(38,3,4,82)
r(0,0,4,82)
r(71,0,4,82)
w(52,68,4,82)
r(55,2,4,82)
r(23,1,4,82)
r(58,1,4,82)
r(3,0,4,82)
w(4,55,4,82)
r(82,1,4,82)
w(3,65,4,83)
w(89,80,4,83)
r(110,1,4,83)
r(3,65,4,83)
r(28,68,4,83)
w(56,66,4,83)
w(111,63,4,83)
w(43,61,4,83)
w(98,64,4,83)
w(36,59,4,83)
w(117,62,4,83)
r(112,70,4,83)
r(42,1,4,83)
r(2,64,4,83)
r(90,0,4,83)
r(60,0,4,83)
r(34,2,4,83)
w(51,74,4,83)
w(53,62,4,83)
r(27,2,4,83)
r(111,63,4,84)
w(48,72,4,84)
r(16,1,4,84)
r(110,1,4,84)
r(9,42,4,84)
r(6,1,4,84)
r(90,0,4,84)
r(82,2,4,84)
w(78,56,4,84)
r(68,17,4,84)
r(82,2,4,84)
r(6,1,4,84)
r(60,0,4,84)
r(65,1,4,84)
w(89,81,4,84)
w(95,80,4,84)
r(4,55,4,84)
r(55,2,4,84)
r(11,21,4,84)
w(30,70,4,84)
w(57,78,4,85)
r(66,0,4,85)
w(13,68,4,85)
w(104,65,4,85)
w(30,71,4,85)
r(56,2,4,85)
w(104,66,4,85)
w(81,66,4,85)
w(70,57,4,85)
w(50,61,4,85)
r(110,1,4,85)
w(89,82,4,85)
w(84,61,4,85)
w(10,61,4,85)
r(10,61,4,85)
r(14,11,4,85)
r(44,21,4,85)
r(34,2,4,85)
r(2,64,4,85)
w(27,73,4,85)
r(20,15,4,86)
r(112,50,4,86)
w(64,70,4,86)
w(10,62,4,86)
r(76,14,4,86)
w(112,71,4,86)
r(94,20,4,86)
w(7,71,4,86)
w(45,74,4,86)
r(94,20,4,86)
w(96,66,4,86)
w(2,65,4,86)
w(9,54,4,86)
w(28,69,4,86)
w(46,74,4,86)
w(59,79,4,86)
w(96,67,4,86)
r(26,55,4,86)
r(4,12,4,86)
r(72,0,4,86)
r(110,1,4,87)
r(33,51,4,87)
w(40,63,4,87)
r(18,21,4,87)
w(10,63,4,87)
w(83,58,4,87)
r(1,79,4,87)
r(114,21,4,87)
w(60,85,4,87)
r(1,79,4,87)
r(46,74,4,87)
w(20,72,4,87)
w(54,67,4,87)
r(8,17,4,87)
w(10,64,4,87)
w(103,67,4,87)
r(13,68,4,87)
w(55,64,4,87)
w(52,69,4,87)
w(17,68,4,87)
w(98,65,4,88)
w(53,63,4,88)
w(109,51,4,88)
w(1,80,4,88)
w(30,72,4,88)
r(5,1,4,88)
w(18,67,4,88)
w(4,56,4,88)
w(52,70,4,88)
w(31,62,4,88)
w(82,62,4,88)
w(52,71,4,88)
w(88,51,4,88)
w(94,79,4,88)
r(64,43,4,88)
w(29,65,4,88)
r(23,41,4,88)
w(39,76,4,88)
w(7,72,4,88)
r(57,60,4,88)
w(105,66,4,89)
w(66,80,4,89)
w(57,79,4,89)
r(109,51,4,89)
r(112,71,4,89)
w(46,75,4,89)
r(109,51,4,89)
r(4,56,4,89)
r(9,54,4,89)
w(58,65,4,89)
r(48,37,4,89)
w(14,64,4,89)
r(22,17,4,89)
w(31,63,4,89)
r(59,79,4,89)
w(118,68,4,89)
r(73,55,4,89)
r(45,54,4,89)
w(45,75,4,89)
r(2,43,4,89)
r(73,55,4,90)
r(33,52,4,90)
r(2,43,4,90)
w(107,84,4,90)
r(82,62,4,90)
r(12,58,4,90)
w(73,78,4,90)
w(21,62,4,90)
r(30,72,4,90)
r(112,71,4,90)
r(104,66,4,90)
w(88,52,4,90)
r(31,63,4,90)
r(84,52,4,90)
r(22,17,4,90)
w(46,76,4,90)
w(25,63,4,90)
r(10,64,4,90)
r(55,50,4,90)
r(7,72,4,90)
w(111,64,4,91)
w(20,73,4,91)
r(79,1,4,91)
r(69,12,4,91)
r(94,79,4,91)
w(81,67,4,91)
w(43,62,4,91)
w(110,71,4,91)
w(25,64,4,91)
r(32,34,4,91)
w(108,74,4,91)
w(32,70,4,91)
r(28,1,4,91)
w(100,51,4,91)
r(67,1,4,91)
w(77,88,4,91)
r(14,12,4,91)
w(66,81,4,91)
w(1,81,4,91)
r(115,3,4,91)
r(33,20,4,92)
r(62,3,4,92)
r(49,16,4,92)
w(48,73,4,92)
r(50,43,4,92)
r(46,25,4,92)
w(91,71,4,92)
w(91,72,4,92)
r(50,43,4,92)
w(27,74,4,92)
r(42,19,4,92)
r(95,28,4,92)
w(99,83,4,92)
w(99,84,4,92)
w(17,69,4,92)
r(105,2,4,92)
r(25,64,4,92)
w(29,66,4,92)
w(55,65,4,92)
r(72,46,4,92)
r(54,3,4,93)
r(41,4,4,93)
w(71,61,4,93)
r(87,3,4,93)
r(47,53,4,93)
r(32,35,4,93)
w(41,67,4,93)
r(118,37,4,93)
r(66,38,4,93)
w(102,68,4,93)
r(87,3,4,93)
w(10,65,4,93)
w(106,72,4,93)
w(77,89,4,93)
w(37,75,4,93)
r(83,1,4,93)
r(34,37,4,93)
r(79,15,4,93)
w(3,66,4,93)
w(110,72,4,93)
r(23,17,4,94)
r(83,30,4,94)
w(56,67,4,94)
r(86,65,4,94)
r(34,37,4,94)
r(68,46,4,94)
r(105,36,4,94)
w(97,76,4,94)
w(21,63,4,94)
r(7,19,4,94)
r(15,29,4,94)
w(43,63,4,94)
w(76,61,4,94)
r(29,66,4,94)
w(18,68,4,94)
r(88,41,4,94)
r(86,65,4,94)
w(98,66,4,94)
r(13,50,4,94)
w(111,65,4,94)
r(48,53,4,95)
r(12,59,4,95)
r(58,24,4,95)
r(4,13,4,95)
w(67,66,4,95)
r(39,56,4,95)
w(117,63,4,95)
r(104,66,4,95)
w(67,67,4,95)
w(13,69,4,95)
r(60,66,4,95)
w(59,80,4,95)
r(34,37,4,95)
r(97,56,4,95)
r(25,18,4,95)
w(37,76,4,95)
r(61,63,4,95)
w(113,71,4,95)
r(12,59,4,95)
r(81,67,4,95)
r(52,17,4,96)
w(41,68,4,96)
w(80,69,4,96)
r(112,51,4,96)
r(56,67,4,96)
w(39,77,4,96)
r(82,34,4,96)
r(2,29,4,96)
w(10,66,4,96)
w(92,57,4,96)
w(42,74,4,96)
w(68,59,4,96)
r(37,34,4,96)
w(111,66,4,96)
w(84,62,4,96)
w(35,71,4,96)
r(16,36,4,96)
w(81,68,4,96)
w(26,74,4,96)
r(115,34,4,96)
w(20,74,4,97)
r(27,57,4,97)
r(5,45,4,97)
r(41,68,4,97)
r(86,43,4,97)
r(2,29,4,97)
w(91,73,4,97)
r(105,37,4,97)
w(73,79,4,97)
w(47,67,4,97)
r(18,35,4,97)
w(75,85,4,97)
w(39,78,4,97)
w(13,70,4,97)
r(31,48,4,97)
w(99,85,4,97)
w(80,70,4,97)
r(29,38,4,97)
w(23,70,4,97)
r(96,52,4,97)
w(115,62,4,98)
w(78,57,4,98)
r(28,50,4,98)
w(2,66,4,98)
r(66,39,4,98)
r(79,49,4,98)
r(36,32,4,98)
w(51,75,4,98)
w(103,68,4,98)
r(50,46,4,98)
r(20,74,4,98)
r(100,26,4,98)
w(50,62,4,98)
w(66,82,4,98)
w(39,79,4,98)
w(94,80,4,98)
r(116,37,4,98)
w(26,75,4,98)
w(64,71,4,98)
r(44,42,4,98)
w(11,64,4,99)
w(37,77,4,99)
r(83,30,4,99)
r(74,41,4,99)
w(100,52,4,99)
r(23,70,4,99)
w(73,80,4,99)
w(100,53,4,99)
w(36,60,4,99)
r(51,75,4,99)
w(2,67,4,99)
r(76,44,4,99)
r(14,13,4,99)
w(99,86,4,99)
r(107,20,4,99)
w(4,57,4,99)
w(40,64,4,99)
r(63,32,4,99)
r(109,51,4,99)
w(17,70,4,99)
