r(103,0,0,0)
r(75,0,0,0)
w(46,1,0,0)
r(86,0,0,0)
w(90,1,0,0)
r(53,0,0,0)
r(38,0,0,0)
w(98,1,0,0)
w(61,1,0,0)
r(53,0,0,0)
r(15,0,0,0)
w(107,1,0,0)
w(3,1,0,0)
w(56,1,0,0)
w(102,1,0,0)
w(44,1,0,0)
w(2,1,0,0)
w(59,1,0,0)
w(66,1,0,0)
w(7,1,0,0)
r(46,1,0,1)
r(68,0,0,1)
w(11,1,0,1)
w(18,1,0,1)
r(84,0,0,1)
w(22,1,0,1)
r(59,1,0,1)
r(15,22,0,1)
r(91,0,0,1)
w(23,1,0,1)
w(27,1,0,1)
w(16,1,0,1)
w(73,1,0,1)
r(83,0,0,1)
w(44,2,0,1)
r(81,0,0,1)
w(79,1,0,1)
r(97,0,0,1)
w(63,1,0,1)
r(32,0,0,1)
w(46,2,0,2)
w(16,2,0,2)
r(70,0,0,2)
w(71,1,0,2)
r(84,0,0,2)
r(74,0,0,2)
r(28,23,0,2)
w(2,2,0,2)
r(68,0,0,2)
w(0,1,0,2)
w(54,1,0,2)
r(66,1,0,2)
r(2,2,0,2)
w(84,1,0,2)
r(17,0,0,2)
r(24,18,0,2)
r(87,0,0,2)
w(103,1,0,2)
r(119,16,0,2)
r(28,23,0,2)
r(98,1,0,3)
r(32,0,0,3)
r(45,0,0,3)
w(98,2,0,3)
r(117,0,0,3)
w(117,1,0,3)
r(51,0,0,3)
r(41,12,0,3)
w(63,2,0,3)
w(14,1,0,3)
w(12,1,0,3)
w(80,1,0,3)
w(0,2,0,3)
w(52,1,0,3)
w(19,1,0,3)
r(86,0,0,3)
w(48,1,0,3)
r(111,11,0,3)
r(107,1,0,3)
r(4,0,0,3)
r(56,1,0,4)
w(85,1,0,4)
w(105,1,0,4)
r(12,1,0,4)
r(111,11,0,4)
r(57,0,0,4)
r(107,1,0,4)
w(28,1,0,4)
w(107,2,0,4)
r(25,19,0,4)
r(96,0,0,4)
r(71,1,0,4)
w(2,3,0,4)
r(84,1,0,4)
r(73,1,0,4)
r(38,0,0,4)
r(117,1,0,4)
w(61,2,0,4)
r(5,0,0,4)
r(23,1,0,4)
r(108,77,0,5)
w(68,1,0,5)
r(111,63,0,5)
w(69,1,0,5)
w(17,1,0,5)
w(78,1,0,5)
r(114,71,0,5)
w(98,3,0,5)
r(13,69,0,5)
w(50,1,0,5)
r(89,59,0,5)
r(118,44,0,5)
r(25,68,0,5)
r(63,73,0,5)
r(76,58,0,5)
r(82,66,0,5)
w(1,1,0,5)
r(83,12,0,5)
w(101,1,0,5)
r(109,39,0,5)
w(45,1,0,6)
r(101,1,0,6)
r(74,52,0,6)
r(99,23,0,6)
r(32,71,0,6)
w(116,1,0,6)
w(24,1,0,6)
w(90,2,0,6)
r(69,1,0,6)
w(107,3,0,6)
w(63,3,0,6)
r(110,74,0,6)
r(6,64,0,6)
r(82,14,0,6)
w(11,2,0,6)
r(77,21,0,6)
w(117,2,0,6)
r(52,54,0,6)
r(104,47,0,6)
w(15,1,0,6)
w(101,2,0,7)
w(67,1,0,7)
r(102,69,0,7)
w(100,1,0,7)
r(3,27,0,7)
w(92,1,0,7)
r(86,66,0,7)
w(8,1,0,7)
w(116,2,0,7)
r(12,31,0,7)
r(71,56,0,7)
w(103,2,0,7)
w(101,3,0,7)
w(56,2,0,7)
r(1,71,0,7)
w(2,4,0,7)
w(48,2,0,7)
w(16,3,0,7)
r(48,2,0,7)
r(104,47,0,7)
w(98,4,0,8)
w(94,1,0,8)
w(118,1,0,8)
r(21,63,0,8)
r(72,73,0,8)
r(99,23,0,8)
w(96,1,0,8)
r(52,54,0,8)
w(70,1,0,8)
w(15,2,0,8)
r(57,29,0,8)
w(8,2,0,8)
w(14,2,0,8)
w(98,5,0,8)
w(43,1,0,8)
r(16,3,0,8)
r(6,66,0,8)
r(53,54,0,8)
r(119,19,0,8)
w(26,1,0,8)
w(45,2,0,9)
w(55,1,0,9)
r(24,32,0,9)
r(25,37,0,9)
w(56,3,0,9)
r(16,3,0,9)
w(6,1,0,9)
r(20,33,0,9)
w(62,1,0,9)
w(63,4,0,9)
w(86,1,0,9)
r(107,36,0,9)
r(94,1,0,9)
r(117,58,0,9)
w(12,2,0,9)
r(73,18,0,9)
r(89,60,0,9)
r(68,18,0,9)
w(105,2,0,9)
w(48,3,0,9)
r(34,66,0,10)
r(13,33,0,10)
w(77,1,0,10)
r(15,24,0,10)
w(101,4,0,10)
w(23,2,0,10)
r(89,60,0,10)
w(45,3,0,10)
w(117,3,0,10)
w(7,2,0,10)
w(28,2,0,10)
r(101,4,0,10)
w(50,2,0,10)
w(50,3,0,10)
w(22,2,0,10)
r(87,75,0,10)
w(25,1,0,10)
r(27,27,0,10)
r(74,52,0,10)
r(69,26,0,10)
r(115,28,0,11)
r(62,1,0,11)
w(20,1,0,11)
r(40,14,0,11)
r(116,26,0,11)
w(94,2,0,11)
w(65,1,0,11)
r(71,56,0,11)
r(8,37,0,11)
r(7,2,0,11)
r(24,32,0,11)
w(36,1,0,11)
w(15,3,0,11)
r(6,21,0,11)
w(116,3,0,11)
w(64,1,0,11)
w(14,3,0,11)
r(12,2,0,11)
r(104,20,0,11)
r(16,3,0,11)
r(36,1,0,12)
w(41,1,0,12)
r(82,15,0,12)
w(4,1,0,12)
r(100,45,0,12)
r(76,18,0,12)
w(42,1,0,12)
w(94,3,0,12)
w(9,1,0,12)
w(57,1,0,12)
r(115,28,0,12)
r(18,61,0,12)
w(18,2,0,12)
w(16,4,0,12)
r(99,34,0,12)
w(63,5,0,12)
w(1,2,0,12)
r(88,22,0,12)
r(50,3,0,12)
w(44,3,0,12)
r(7,2,0,13)
w(11,3,0,13)
w(76,1,0,13)
w(68,2,0,13)
w(51,1,0,13)
w(98,6,0,13)
r(51,1,0,13)
w(31,1,0,13)
r(10,42,0,13)
r(17,37,0,13)
r(74,52,0,13)
w(51,2,0,13)
w(45,4,0,13)
w(19,2,0,13)
r(0,43,0,13)
w(66,2,0,13)
w(7,3,0,13)
r(77,1,0,13)
r(29,38,0,13)
w(7,4,0,13)
r(73,18,0,14)
w(9,2,0,14)
w(83,1,0,14)
r(4,1,0,14)
w(63,6,0,14)
w(114,1,0,14)
w(77,2,0,14)
w(1,3,0,14)
r(42,1,0,14)
r(37,62,0,14)
r(59,51,0,14)
w(45,5,0,14)
r(18,2,0,14)
w(88,1,0,14)
r(64,1,0,14)
w(96,2,0,14)
r(105,57,0,14)
r(113,9,0,14)
r(22,2,0,14)
r(1,3,0,14)
r(115,28,0,15)
r(75,42,0,15)
r(25,1,0,15)
w(99,1,0,15)
w(110,1,0,15)
w(39,1,0,15)
r(42,1,0,15)
w(42,2,0,15)
w(116,4,0,15)
w(49,1,0,15)
w(77,3,0,15)
r(80,19,0,15)
r(109,51,0,15)
w(102,2,0,15)
w(112,1,0,15)
w(8,3,0,15)
r(74,52,0,15)
r(58,37,0,15)
w(63,7,0,15)
w(107,4,0,15)
w(78,2,0,16)
r(25,1,0,16)
w(62,2,0,16)
r(9,2,0,16)
w(18,3,0,16)
r(102,2,0,16)
r(110,1,0,16)
r(87,75,0,16)
r(109,51,0,16)
w(94,4,0,16)
w(21,1,0,16)
r(78,2,0,16)
r(6,21,0,16)
r(72,14,0,16)
r(19,2,0,16)
w(45,6,0,16)
w(93,1,0,16)
w(94,5,0,16)
w(85,2,0,16)
w(53,1,0,16)
r(64,1,0,17)
r(21,1,0,17)
w(119,1,0,17)
w(70,2,0,17)
w(80,2,0,17)
r(116,27,0,17)
r(116,27,0,17)
w(85,3,0,17)
r(95,40,0,17)
r(27,27,0,17)
r(4,1,0,17)
r(59,51,0,17)
r(102,2,0,17)
w(67,2,0,17)
w(84,2,0,17)
r(71,39,0,17)
r(31,1,0,17)
w(57,2,0,17)
r(52,17,0,17)
r(113,9,0,17)
w(44,4,0,18)
r(82,15,0,18)
w(78,3,0,18)
w(99,2,0,18)
r(78,3,0,18)
w(118,2,0,18)
w(55,2,0,18)
w(98,7,0,18)
r(54,31,0,18)
r(97,21,0,18)
w(106,1,0,18)
r(42,2,0,18)
w(18,4,0,18)
r(23,2,0,18)
w(16,5,0,18)
w(10,1,0,18)
r(7,35,0,18)
r(101,4,0,18)
r(71,39,0,18)
w(100,2,0,18)
r(113,9,0,19)
w(33,1,0,19)
r(30,31,0,19)
w(9,3,0,19)
r(118,2,0,19)
w(38,1,0,19)
w(61,3,0,19)
r(31,1,0,19)
w(6,2,0,19)
r(9,3,0,19)
w(28,3,0,19)
w(90,3,0,19)
w(90,4,0,19)
w(59,2,0,19)
r(68,2,0,19)
r(24,32,0,19)
w(1,4,0,19)
w(16,6,0,19)
r(51,54,0,19)
w(81,1,0,19)
r(66,0,1,20)
r(23,0,1,20)
w(98,23,1,20)
r(61,0,1,20)
w(26,19,1,20)
w(44,23,1,20)
r(41,0,1,20)
w(18,17,1,20)
w(102,21,1,20)
r(9,0,1,20)
r(97,0,1,20)
w(35,11,1,20)
r(38,0,1,20)
r(101,0,1,20)
w(41,12,1,20)
w(82,13,1,20)
r(27,0,1,20)
r(103,0,1,20)
r(27,0,1,20)
r(4,0,1,20)
r(34,0,1,21)
r(55,0,1,21)
r(35,11,1,21)
w(114,20,1,21)
r(106,0,1,21)
w(23,23,1,21)
w(94,18,1,21)
r(26,19,1,21)
r(113,0,1,21)
r(56,0,1,21)
r(57,0,1,21)
r(102,21,1,21)
r(75,0,1,21)
w(61,17,1,21)
w(24,18,1,21)
w(59,17,1,21)
r(4,0,1,21)
r(103,0,1,21)
w(49,23,1,21)
w(28,22,1,21)
r(50,0,1,22)
w(42,20,1,22)
w(54,15,1,22)
r(61,17,1,22)
r(95,0,1,22)
w(53,17,1,22)
r(77,0,1,22)
w(28,23,1,22)
w(111,11,1,22)
r(64,0,1,22)
w(73,15,1,22)
w(54,16,1,22)
r(43,0,1,22)
r(8,0,1,22)
w(119,16,1,22)
w(15,22,1,22)
r(15,22,1,22)
r(65,0,1,22)
r(30,0,1,22)
w(37,16,1,22)
w(2,16,1,23)
w(31,19,1,23)
r(2,16,1,23)
r(106,0,1,23)
w(39,18,1,23)
r(29,0,1,23)
r(26,19,1,23)
w(71,21,1,23)
w(25,19,1,23)
w(36,17,1,23)
r(89,0,1,23)
w(114,21,1,23)
r(18,17,1,23)
w(19,18,1,23)
r(16,0,1,23)
r(24,18,1,23)
r(5,0,1,23)
w(118,17,1,23)
r(86,0,1,23)
r(43,0,1,23)
r(21,0,1,24)
r(58,0,1,24)
r(36,17,1,24)
w(88,20,1,24)
w(93,18,1,24)
r(51,0,1,24)
w(108,20,1,24)
w(33,9,1,24)
r(64,0,1,24)
w(10,9,1,24)
r(74,0,1,24)
r(60,0,1,24)
w(55,14,1,24)
r(119,16,1,24)
r(86,0,1,24)
w(115,15,1,24)
r(113,0,1,24)
r(102,1,1,24)
r(34,0,1,24)
w(34,22,1,24)
r(86,0,1,25)
w(58,19,1,25)
w(78,15,1,25)
w(28,24,1,25)
r(63,2,1,25)
r(35,11,1,25)
r(15,22,1,25)
r(109,0,1,25)
r(89,0,1,25)
w(29,19,1,25)
w(51,15,1,25)
r(49,23,1,25)
w(30,16,1,25)
r(81,0,1,25)
w(35,12,1,25)
w(91,14,1,25)
r(103,1,1,25)
r(106,0,1,25)
w(93,19,1,25)
w(56,22,1,25)
w(16,26,1,26)
w(99,22,1,26)
w(49,24,1,26)
w(61,18,1,26)
w(83,12,1,26)
w(10,10,1,26)
r(28,46,1,26)
r(31,69,1,26)
w(91,15,1,26)
r(12,31,1,26)
r(85,31,1,26)
w(4,18,1,26)
r(27,26,1,26)
w(46,14,1,26)
w(51,16,1,26)
w(95,19,1,26)
w(51,17,1,26)
w(62,15,1,26)
w(38,22,1,26)
r(35,33,1,26)
w(26,20,1,27)
r(54,29,1,27)
w(45,30,1,27)
w(80,18,1,27)
w(51,18,1,27)
w(113,9,1,27)
r(53,17,1,27)
r(22,58,1,27)
r(108,77,1,27)
w(98,24,1,27)
r(15,40,1,27)
w(23,24,1,27)
w(118,18,1,27)
r(105,73,1,27)
w(50,22,1,27)
w(75,18,1,27)
w(5,12,1,27)
w(28,25,1,27)
w(15,23,1,27)
w(8,15,1,27)
r(88,56,1,28)
r(79,48,1,28)
r(70,0,1,28)
w(28,26,1,28)
r(52,53,1,28)
w(99,23,1,28)
r(6,0,1,28)
r(93,54,1,28)
w(82,14,1,28)
w(108,21,1,28)
w(66,16,1,28)
w(119,17,1,28)
w(28,27,1,28)
w(42,21,1,28)
r(6,0,1,28)
w(70,18,1,28)
r(80,18,1,28)
r(13,47,1,28)
r(76,42,1,28)
r(34,33,1,28)
w(47,19,1,29)
r(21,61,1,29)
r(117,1,1,29)
w(9,16,1,29)
w(32,16,1,29)
r(16,67,1,29)
w(56,23,1,29)
w(57,17,1,29)
w(114,22,1,29)
r(5,12,1,29)
w(68,17,1,29)
w(77,21,1,29)
r(66,16,1,29)
r(40,35,1,29)
w(47,20,1,29)
w(87,21,1,29)
r(105,73,1,29)
w(14,16,1,29)
r(7,51,1,29)
r(20,32,1,29)
w(54,17,1,30)
r(23,24,1,30)
r(80,18,1,30)
w(105,19,1,30)
r(35,66,1,30)
r(11,2,1,30)
w(93,20,1,30)
r(1,71,1,30)
r(78,74,1,30)
w(9,17,1,30)
r(65,0,1,30)
r(107,3,1,30)
r(104,47,1,30)
r(85,71,1,30)
r(44,39,1,30)
w(30,17,1,30)
r(62,50,1,30)
r(20,68,1,30)
w(102,22,1,30)
r(66,16,1,30)
w(56,24,1,31)
w(85,18,1,31)
r(109,51,1,31)
w(49,25,1,31)
w(111,12,1,31)
w(86,17,1,31)
w(56,25,1,31)
w(14,17,1,31)
r(69,1,1,31)
w(47,21,1,31)
w(59,18,1,31)
w(57,18,1,31)
w(5,13,1,31)
r(62,50,1,31)
w(104,13,1,31)
w(102,23,1,31)
w(23,25,1,31)
w(81,16,1,31)
r(45,1,1,31)
r(105,19,1,31)
r(92,1,1,32)
r(105,19,1,32)
r(32,72,1,32)
r(21,62,1,32)
r(4,29,1,32)
w(79,13,1,32)
r(7,32,1,32)
w(84,20,1,32)
r(107,3,1,32)
w(92,23,1,32)
w(111,13,1,32)
r(52,54,1,32)
r(30,17,1,32)
w(73,16,1,32)
w(4,19,1,32)
r(39,52,1,32)
r(47,21,1,32)
r(26,74,1,32)
r(74,52,1,32)
w(41,13,1,32)
w(95,20,1,33)
w(100,19,1,33)
r(32,72,1,33)
r(119,17,1,33)
r(56,25,1,33)
w(100,20,1,33)
r(1,71,1,33)
w(24,19,1,33)
w(82,15,1,33)
r(11,2,1,33)
r(109,51,1,33)
r(78,51,1,33)
r(103,2,1,33)
r(53,17,1,33)
r(39,52,1,33)
w(108,22,1,33)
r(115,27,1,33)
r(63,3,1,33)
w(97,20,1,33)
r(55,56,1,33)
w(69,25,1,34)
w(38,23,1,34)
w(107,20,1,34)
w(40,13,1,34)
r(97,20,1,34)
r(32,72,1,34)
w(86,18,1,34)
r(62,50,1,34)
w(49,26,1,34)
r(100,20,1,34)
w(43,16,1,34)
r(31,71,1,34)
r(32,72,1,34)
w(12,15,1,34)
w(68,18,1,34)
w(94,19,1,34)
r(76,42,1,34)
w(32,17,1,34)
w(76,18,1,34)
r(113,9,1,34)
r(54,65,1,35)
w(119,18,1,35)
w(1,20,1,35)
r(44,67,1,35)
r(81,16,1,35)
r(71,56,1,35)
r(35,68,1,35)
w(83,13,1,35)
w(8,16,1,35)
w(58,20,1,35)
w(95,21,1,35)
r(50,33,1,35)
r(78,51,1,35)
r(37,29,1,35)
r(98,24,1,35)
r(46,42,1,35)
w(78,16,1,35)
r(16,3,1,35)
r(57,29,1,35)
w(51,19,1,35)
r(70,51,1,36)
w(23,26,1,36)
r(75,62,1,36)
w(26,21,1,36)
w(45,31,1,36)
r(6,66,1,36)
r(40,13,1,36)
w(23,27,1,36)
w(80,19,1,36)
r(10,27,1,36)
w(106,18,1,36)
w(96,17,1,36)
r(24,32,1,36)
r(117,58,1,36)
w(12,16,1,36)
r(17,1,1,36)
r(80,19,1,36)
w(119,19,1,36)
w(69,26,1,36)
r(9,17,1,36)
r(5,13,1,37)
r(113,9,1,37)
w(105,20,1,37)
r(32,17,1,37)
w(88,21,1,37)
r(60,69,1,37)
r(97,36,1,37)
w(73,17,1,37)
w(35,13,1,37)
r(79,32,1,37)
r(98,5,1,37)
w(11,18,1,37)
w(38,24,1,37)
r(73,17,1,37)
r(14,2,1,37)
w(79,14,1,37)
r(15,43,1,37)
w(17,22,1,37)
w(72,14,1,37)
w(40,14,1,37)
r(91,67,1,38)
w(105,21,1,38)
r(63,74,1,38)
r(63,74,1,38)
r(80,19,1,38)
r(14,2,1,38)
r(78,75,1,38)
w(88,22,1,38)
r(87,75,1,38)
w(11,19,1,38)
r(80,19,1,38)
r(66,16,1,38)
r(116,26,1,38)
w(77,22,1,38)
w(15,24,1,38)
w(52,17,1,38)
r(61,66,1,38)
w(73,18,1,38)
r(8,37,1,38)
r(25,51,1,38)
r(82,15,1,39)
w(84,21,1,39)
w(97,21,1,39)
r(16,3,1,39)
r(32,17,1,39)
r(69,26,1,39)
r(9,17,1,39)
r(80,19,1,39)
w(2,17,1,39)
w(6,21,1,39)
w(60,21,1,39)
w(14,18,1,39)
w(5,14,1,39)
r(107,36,1,39)
r(56,3,1,39)
r(87,75,1,39)
r(46,26,1,39)
w(100,21,1,39)
r(6,21,1,39)
r(65,0,1,39)
r(100,0,2,40)
w(102,44,2,40)
r(109,0,2,40)
r(26,19,2,40)
w(31,36,2,40)
r(43,80,2,40)
r(25,19,2,40)
r(49,23,2,40)
w(64,36,2,40)
r(24,18,2,40)
r(84,1,2,40)
r(26,19,2,40)
w(80,34,2,40)
r(38,0,2,40)
r(6,0,2,40)
r(15,22,2,40)
r(10,9,2,40)
w(73,33,2,40)
r(16,2,2,40)
r(60,66,2,40)
w(114,38,2,41)
w(115,26,2,41)
r(77,0,2,41)
w(38,43,2,41)
r(80,34,2,41)
r(11,74,2,41)
r(6,0,2,41)
w(15,40,2,41)
w(104,19,2,41)
r(112,0,2,41)
r(113,0,2,41)
w(107,33,2,41)
w(60,36,2,41)
w(12,31,2,41)
w(44,38,2,41)
w(29,36,2,41)
w(67,35,2,41)
w(31,37,2,41)
r(74,0,2,41)
w(103,36,2,41)
w(16,45,2,42)
w(101,35,2,42)
r(35,12,2,42)
r(111,11,2,42)
w(76,33,2,42)
r(105,1,2,42)
r(22,1,2,42)
r(82,13,2,42)
r(116,0,2,42)
w(36,30,2,42)
r(1,0,2,42)
r(4,0,2,42)
w(98,37,2,42)
r(11,74,2,42)
r(69,75,2,42)
w(107,34,2,42)
w(83,32,2,42)
r(97,0,2,42)
w(112,31,2,42)
w(40,35,2,42)
w(72,33,2,43)
w(62,30,2,43)
r(79,1,2,43)
r(55,14,2,43)
r(34,22,2,43)
w(20,32,2,43)
r(82,48,2,43)
w(0,30,2,43)
w(41,28,2,43)
r(62,30,2,43)
r(94,18,2,43)
w(80,35,2,43)
w(27,26,2,43)
w(1,33,2,43)
r(21,60,2,43)
r(100,0,2,43)
w(105,40,2,43)
w(23,42,2,43)
w(32,36,2,43)
r(111,11,2,43)
w(35,33,2,44)
r(19,1,2,44)
r(40,35,2,44)
w(34,33,2,44)
w(52,32,2,44)
r(109,0,2,44)
r(99,0,2,44)
r(118,17,2,44)
r(26,19,2,44)
w(78,38,2,44)
r(49,23,2,44)
w(85,30,2,44)
r(81,0,2,44)
r(94,18,2,44)
w(38,44,2,44)
w(63,36,2,44)
r(51,15,2,44)
w(7,30,2,44)
w(62,31,2,44)
r(110,0,2,44)
r(27,26,2,45)
r(28,24,2,45)
w(103,37,2,45)
r(6,0,2,45)
r(47,0,2,45)
w(86,41,2,45)
r(60,67,2,45)
w(85,31,2,45)
r(18,60,2,45)
w(115,27,2,45)
r(113,0,2,45)
w(7,31,2,45)
w(3,27,2,45)
w(105,41,2,45)
r(87,0,2,45)
r(105,41,2,45)
w(75,39,2,45)
w(23,43,2,45)
w(23,44,2,45)
r(87,0,2,45)
r(14,1,2,46)
w(113,28,2,46)
r(57,66,2,46)
r(53,17,2,46)
r(115,27,2,46)
w(52,33,2,46)
w(28,46,2,46)
w(63,37,2,46)
r(39,67,2,46)
w(44,39,2,46)
w(75,40,2,46)
r(92,85,2,46)
w(2,31,2,46)
w(21,28,2,46)
r(109,38,2,46)
r(14,1,2,46)
r(8,0,2,46)
w(54,29,2,46)
w(43,41,2,46)
r(105,41,2,46)
r(43,62,2,47)
r(97,0,2,47)
w(15,41,2,47)
r(10,10,2,47)
w(73,34,2,47)
w(75,41,2,47)
r(93,54,2,47)
r(113,9,2,47)
r(36,77,2,47)
r(10,10,2,47)
r(76,42,2,47)
w(12,32,2,47)
r(78,74,2,47)
w(61,32,2,47)
r(34,66,2,47)
w(6,35,2,47)
w(33,21,2,47)
w(68,38,2,47)
r(14,16,2,47)
r(110,74,2,47)
w(94,40,2,48)
r(34,66,2,48)
r(6,35,2,48)
r(7,51,2,48)
r(13,47,2,48)
r(80,18,2,48)
w(4,28,2,48)
w(86,42,2,48)
w(29,37,2,48)
w(97,35,2,48)
r(38,84,2,48)
r(35,66,2,48)
w(4,29,2,48)
r(47,20,2,48)
r(64,51,2,48)
r(12,32,2,48)
r(9,16,2,48)
r(7,51,2,48)
r(26,74,2,48)
w(7,32,2,48)
r(107,3,2,49)
w(13,31,2,49)
r(100,20,2,49)
r(94,76,2,49)
r(28,27,2,49)
w(85,32,2,49)
w(0,31,2,49)
w(36,31,2,49)
r(9,17,2,49)
w(37,29,2,49)
w(26,36,2,49)
w(86,43,2,49)
w(69,43,2,49)
r(71,56,2,49)
w(24,31,2,49)
w(36,32,2,49)
w(107,35,2,49)
w(39,40,2,49)
w(40,36,2,49)
r(7,70,2,49)
r(27,26,2,50)
w(67,36,2,50)
w(106,27,2,50)
r(70,51,2,50)
r(10,10,2,50)
w(7,33,2,50)
w(25,36,2,50)
r(88,68,2,50)
w(57,29,2,50)
r(38,84,2,50)
w(42,37,2,50)
w(79,29,2,50)
w(24,32,2,50)
r(78,51,2,50)
r(4,19,2,50)
r(38,84,2,50)
w(59,32,2,50)
w(79,30,2,50)
r(99,23,2,50)
r(69,43,2,50)
w(10,27,2,51)
r(56,25,2,51)
w(45,49,2,51)
w(116,26,2,51)
w(58,36,2,51)
w(79,31,2,51)
w(2,32,2,51)
r(65,0,2,51)
w(14,35,2,51)
r(108,22,2,51)
r(63,3,2,51)
r(10,27,2,51)
w(4,30,2,51)
r(28,27,2,51)
r(69,43,2,51)
r(28,27,2,51)
w(15,42,2,51)
w(26,37,2,51)
w(50,33,2,51)
w(2,33,2,51)
w(54,30,2,52)
w(13,32,2,52)
w(107,36,2,52)
r(22,59,2,52)
r(30,17,2,52)
r(7,33,2,52)
w(115,28,2,52)
w(46,26,2,52)
w(79,32,2,52)
r(37,62,2,52)
w(97,36,2,52)
w(8,37,2,52)
r(27,26,2,52)
r(58,20,2,52)
r(72,73,2,52)
w(104,20,2,52)
w(15,43,2,52)
r(97,36,2,52)
r(36,32,2,52)
w(13,33,2,52)
r(29,37,2,53)
w(59,33,2,53)
w(20,33,2,53)
w(62,32,2,53)
r(82,15,2,53)
w(59,34,2,53)
w(58,37,2,53)
w(108,37,2,53)
r(92,23,2,53)
r(106,18,2,53)
r(43,1,2,53)
w(27,27,2,53)
r(85,32,2,53)
r(100,20,2,53)
w(119,38,2,53)
r(102,70,2,53)
r(28,27,2,53)
r(56,51,2,53)
w(62,33,2,53)
w(43,42,2,53)
w(101,36,2,54)
w(86,44,2,54)
w(60,37,2,54)
r(82,15,2,54)
r(67,36,2,54)
r(82,15,2,54)
w(25,37,2,54)
r(60,37,2,54)
r(27,27,2,54)
w(114,39,2,54)
w(60,38,2,54)
r(51,19,2,54)
r(113,9,2,54)
r(106,18,2,54)
r(83,13,2,54)
r(21,63,2,54)
r(42,37,2,54)
w(41,29,2,54)
w(7,34,2,54)
r(68,18,2,54)
w(108,38,2,55)
r(0,43,2,55)
r(22,2,2,55)
r(4,60,2,55)
r(60,21,2,55)
r(0,43,2,55)
w(64,37,2,55)
r(87,75,2,55)
w(64,38,2,55)
r(3,27,2,55)
w(99,33,2,55)
r(105,57,2,55)
r(14,49,2,55)
r(21,63,2,55)
w(30,31,2,55)
r(111,13,2,55)
r(14,49,2,55)
w(68,39,2,55)
w(17,37,2,55)
w(78,39,2,55)
w(75,42,2,56)
w(99,34,2,56)
r(51,19,2,56)
r(59,51,2,56)
r(59,51,2,56)
r(49,63,2,56)
r(23,2,2,56)
r(25,1,2,56)
w(29,38,2,56)
r(102,70,2,56)
w(96,35,2,56)
w(63,38,2,56)
r(76,18,2,56)
r(38,24,2,56)
r(72,14,2,56)
w(92,41,2,56)
r(39,40,2,56)
w(54,31,2,56)
w(66,33,2,56)
w(31,38,2,56)
w(108,39,2,57)
w(72,34,2,57)
r(96,2,2,57)
w(94,41,2,57)
r(79,14,2,57)
w(53,36,2,57)
w(80,36,2,57)
w(43,43,2,57)
w(5,25,2,57)
w(58,38,2,57)
r(39,1,2,57)
w(80,37,2,57)
w(81,26,2,57)
r(13,33,2,57)
w(39,41,2,57)
r(45,6,2,57)
r(47,59,2,57)
w(26,38,2,57)
w(95,39,2,57)
w(70,40,2,57)
r(86,1,2,58)
w(1,34,2,58)
r(18,3,2,58)
r(97,21,2,58)
w(49,48,2,58)
w(92,42,2,58)
w(105,42,2,58)
w(118,31,2,58)
w(7,35,2,58)
w(67,37,2,58)
w(71,39,2,58)
w(36,33,2,58)
r(94,41,2,58)
r(15,3,2,58)
r(42,2,2,58)
w(105,43,2,58)
r(104,20,2,58)
w(57,30,2,58)
r(13,33,2,58)
w(116,27,2,58)
w(65,26,2,59)
w(85,33,2,59)
w(12,33,2,59)
r(39,41,2,59)
r(97,21,2,59)
w(5,26,2,59)
w(63,39,2,59)
r(20,1,2,59)
r(66,2,2,59)
w(65,27,2,59)
r(51,2,2,59)
r(101,4,2,59)
w(95,40,2,59)
r(74,52,2,59)
r(32,17,2,59)
r(37,62,2,59)
w(66,34,2,59)
w(55,31,2,59)
w(53,37,2,59)
r(103,2,2,59)
w(31,53,3,60)
r(104,19,3,60)
r(58,19,3,60)
r(8,0,3,60)
r(36,17,3,60)
w(86,64,3,60)
r(78,15,3,60)
r(69,75,3,60)
r(18,1,3,60)
r(113,0,3,60)
r(34,22,3,60)
r(36,17,3,60)
r(78,15,3,60)
r(51,15,3,60)
w(82,48,3,60)
r(61,2,3,60)
w(3,45,3,60)
r(6,0,3,60)
r(79,1,3,60)
w(80,49,3,60)
r(52,32,3,61)
w(101,51,3,61)
w(7,49,3,61)
r(119,16,3,61)
r(52,32,3,61)
w(64,49,3,61)
w(54,45,3,61)
r(56,22,3,61)
w(85,47,3,61)
w(109,38,3,61)
w(99,47,3,61)
r(85,47,3,61)
w(95,60,3,61)
w(62,49,3,61)
r(8,0,3,61)
r(89,0,3,61)
r(32,36,3,61)
r(4,0,3,61)
r(39,67,3,61)
w(49,62,3,61)
w(2,49,3,62)
w(37,42,3,62)
w(86,65,3,62)
r(79,1,3,62)
r(78,72,3,62)
w(64,50,3,62)
r(23,44,3,62)
w(31,54,3,62)
r(110,73,3,62)
r(110,73,3,62)
r(83,32,3,62)
w(7,50,3,62)
w(24,47,3,62)
w(76,41,3,62)
w(29,52,3,62)
w(91,48,3,62)
w(19,48,3,62)
w(54,46,3,62)
r(110,73,3,62)
r(45,81,3,62)
w(109,39,3,63)
r(63,73,3,63)
w(61,45,3,63)
r(62,15,3,63)
w(4,46,3,63)
r(89,59,3,63)
w(4,47,3,63)
w(104,33,3,63)
r(37,61,3,63)
r(15,40,3,63)
w(106,45,3,63)
r(2,31,3,63)
r(20,32,3,63)
w(43,60,3,63)
w(51,53,3,63)
r(13,69,3,63)
w(21,42,3,63)
r(33,40,3,63)
w(37,43,3,63)
w(9,50,3,63)
w(78,49,3,64)
w(93,54,3,64)
w(71,56,3,64)
w(90,51,3,64)
w(116,42,3,64)
w(14,48,3,64)
r(107,67,3,64)
w(1,55,3,64)
r(54,29,3,64)
w(118,44,3,64)
r(88,20,3,64)
r(60,68,3,64)
r(40,35,3,64)
w(110,51,3,64)
w(92,61,3,64)
w(28,70,3,64)
w(36,54,3,64)
r(36,54,3,64)
r(101,51,3,64)
w(46,41,3,64)
w(88,55,3,65)
w(76,42,3,65)
w(2,50,3,65)
r(60,68,3,65)
r(116,42,3,65)
w(26,54,3,65)
w(109,40,3,65)
r(93,54,3,65)
r(41,28,3,65)
r(20,32,3,65)
r(80,69,3,65)
w(50,47,3,65)
r(18,61,3,65)
w(43,61,3,65)
w(75,61,3,65)
r(27,26,3,65)
w(64,51,3,65)
w(78,50,3,65)
w(16,67,3,65)
r(59,78,3,65)
w(43,62,3,66)
r(77,0,3,66)
r(92,61,3,66)
w(106,46,3,66)
w(37,44,3,66)
w(13,47,3,66)
w(86,66,3,66)
w(107,48,3,66)
r(6,0,3,66)
r(74,51,3,66)
r(70,0,3,66)
w(25,50,3,66)
w(79,48,3,66)
w(62,50,3,66)
w(37,45,3,66)
r(77,0,3,66)
w(7,51,3,66)
w(88,56,3,66)
r(49,24,3,66)
r(78,50,3,66)
r(110,74,3,67)
w(12,41,3,67)
r(31,71,3,67)
r(18,61,3,67)
r(98,24,3,67)
r(106,46,3,67)
w(70,50,3,67)
w(39,51,3,67)
w(39,52,3,67)
r(82,14,3,67)
w(78,51,3,67)
w(70,51,3,67)
w(83,48,3,67)
r(81,70,3,67)
r(4,29,3,67)
w(75,62,3,67)
w(33,30,3,67)
w(89,47,3,67)
w(90,52,3,67)
w(112,46,3,67)
w(25,51,3,68)
r(16,3,3,68)
r(92,23,3,68)
r(14,64,3,68)
r(36,32,3,68)
w(96,53,3,68)
w(0,43,3,68)
r(12,41,3,68)
r(49,25,3,68)
r(67,36,3,68)
r(23,77,3,68)
r(53,17,3,68)
w(69,59,3,68)
r(40,36,3,68)
r(68,38,3,68)
w(46,42,3,68)
w(53,54,3,68)
w(59,50,3,68)
w(56,51,3,68)
r(119,17,3,68)
r(9,17,3,69)
r(16,3,3,69)
w(105,57,3,69)
w(69,60,3,69)
w(78,52,3,69)
w(49,63,3,69)
r(45,3,3,69)
w(91,49,3,69)
w(84,51,3,69)
w(100,45,3,69)
r(80,19,3,69)
r(10,27,3,69)
w(45,69,3,69)
r(70,1,3,69)
r(53,54,3,69)
w(96,54,3,69)
w(14,49,3,69)
r(5,14,3,69)
r(13,33,3,69)
w(10,40,3,69)
w(93,55,3,70)
r(30,17,3,70)
r(34,66,3,70)
w(47,58,3,70)
w(106,47,3,70)
w(59,51,3,70)
r(55,1,3,70)
r(51,19,3,70)
r(36,32,3,70)
r(66,16,3,70)
r(71,56,3,70)
r(31,71,3,70)
w(28,71,3,70)
w(10,41,3,70)
r(87,75,3,70)
w(47,59,3,70)
w(21,43,3,70)
r(101,4,3,70)
w(10,42,3,70)
w(11,57,3,70)
w(51,54,3,71)
r(21,1,3,71)
w(81,50,3,71)
w(73,50,3,71)
w(95,61,3,71)
w(96,55,3,71)
w(2,51,3,71)
r(10,42,3,71)
w(91,50,3,71)
r(93,1,3,71)
w(20,51,3,71)
r(5,26,3,71)
r(14,3,3,71)
w(90,53,3,71)
w(108,60,3,71)
w(59,52,3,71)
w(86,67,3,71)
w(94,57,3,71)
r(53,37,3,71)
r(16,4,3,71)
r(23,2,3,72)
w(43,63,3,72)
r(29,38,3,72)
r(95,61,3,72)
r(4,1,3,72)
r(69,60,3,72)
r(112,1,3,72)
r(10,1,3,72)
w(112,47,3,72)
w(7,52,3,72)
r(69,60,3,72)
w(17,50,3,72)
r(118,2,3,72)
r(18,4,3,72)
w(118,45,3,72)
r(103,2,3,72)
r(15,3,3,72)
r(25,1,3,72)
r(45,6,3,72)
r(74,52,3,72)
r(1,4,3,73)
w(36,55,3,73)
r(93,1,3,73)
r(7,52,3,73)
w(5,33,3,73)
r(45,6,3,73)
r(42,2,3,73)
w(54,47,3,73)
r(35,13,3,73)
r(48,3,3,73)
r(60,21,3,73)
w(8,51,3,73)
w(26,55,3,73)
r(82,15,3,73)
r(29,38,3,73)
w(96,56,3,73)
w(84,52,3,73)
w(10,43,3,73)
w(9,51,3,73)
r(85,3,3,73)
w(110,52,3,74)
r(98,7,3,74)
r(1,4,3,74)
w(103,48,3,74)
w(2,52,3,74)
w(19,49,3,74)
r(55,2,3,74)
r(95,61,3,74)
r(111,13,3,74)
w(105,58,3,74)
w(117,43,3,74)
w(110,53,3,74)
w(98,49,3,74)
w(24,48,3,74)
r(9,51,3,74)
r(102,2,3,74)
w(116,43,3,74)
w(88,57,3,74)
r(109,51,3,74)
w(17,51,3,74)
w(1,56,3,75)
r(58,38,3,75)
r(103,48,3,75)
w(54,48,3,75)
w(115,48,3,75)
w(42,59,3,75)
r(32,17,3,75)
r(10,43,3,75)
r(101,4,3,75)
r(94,57,3,75)
w(33,31,3,75)
w(14,50,3,75)
r(73,50,3,75)
r(1,56,3,75)
w(18,47,3,75)
w(59,53,3,75)
w(100,46,3,75)
r(2,52,3,75)
r(60,21,3,75)
r(105,58,3,75)
w(7,53,3,76)
r(10,43,3,76)
r(115,48,3,76)
w(25,52,3,76)
w(35,48,3,76)
r(85,3,3,76)
w(76,43,3,76)
w(47,60,3,76)
r(52,17,3,76)
w(94,58,3,76)
r(85,3,3,76)
r(48,3,3,76)
w(104,34,3,76)
w(56,52,3,76)
w(103,49,3,76)
w(45,70,3,76)
r(117,43,3,76)
r(22,2,3,76)
r(86,67,3,76)
w(101,52,3,76)
r(45,70,3,77)
w(44,55,3,77)
w(14,51,3,77)
w(103,50,3,77)
r(0,43,3,77)
w(71,57,3,77)
w(82,49,3,77)
w(44,56,3,77)
w(83,49,3,77)
r(24,48,3,77)
r(101,52,3,77)
r(43,63,3,77)
r(27,27,3,77)
r(103,50,3,77)
r(98,49,3,77)
r(16,6,3,77)
w(41,44,3,77)
r(101,52,3,77)
w(39,53,3,77)
r(2,52,3,77)
r(55,2,3,78)
r(37,62,3,78)
w(56,53,3,78)
w(47,61,3,78)
w(78,53,3,78)
r(49,48,3,78)
r(66,34,3,78)
r(37,62,3,78)
r(100,46,3,78)
w(43,64,3,78)
r(22,2,3,78)
w(110,54,3,78)
r(67,2,3,78)
r(103,50,3,78)
r(48,3,3,78)
r(84,52,3,78)
r(109,51,3,78)
r(55,2,3,78)
r(76,43,3,78)
r(47,61,3,78)
r(69,60,3,79)
r(53,37,3,79)
r(32,17,3,79)
r(64,1,3,79)
w(10,44,3,79)
r(50,3,3,79)
r(27,27,3,79)
w(78,54,3,79)
r(102,2,3,79)
w(40,52,3,79)
r(16,6,3,79)
w(50,48,3,79)
r(50,48,3,79)
w(41,45,3,79)
w(88,58,3,79)
r(57,2,3,79)
r(80,2,3,79)
r(3,27,3,79)
w(90,54,3,79)
r(57,2,3,79)
r(48,1,4,80)
w(59,76,4,80)
r(29,0,4,80)
r(74,0,4,80)
w(12,52,4,80)
w(92,84,4,80)
r(12,52,4,80)
r(53,17,4,80)
r(13,0,4,80)
w(69,74,4,80)
r(83,0,4,80)
w(21,60,4,80)
w(60,66,4,80)
w(11,74,4,80)
r(42,20,4,80)
w(58,74,4,80)
r(100,0,4,80)
w(69,75,4,80)
w(43,80,4,80)
r(76,0,4,80)
w(57,66,4,81)
r(85,30,4,81)
w(29,74,4,81)
w(107,66,4,81)
w(48,69,4,81)
w(84,68,4,81)
w(110,73,4,81)
w(18,60,4,81)
r(89,0,4,81)
w(78,72,4,81)
w(54,62,4,81)
r(38,44,4,81)
r(35,33,4,81)
r(37,16,4,81)
w(92,85,4,81)
r(26,19,4,81)
w(43,81,4,81)
w(2,72,4,81)
r(39,18,4,81)
r(117,1,4,81)
r(52,32,4,82)
r(79,1,4,82)
w(60,67,4,82)
r(37,16,4,82)
r(35,33,4,82)
r(52,32,4,82)
w(96,65,4,82)
r(22,1,4,82)
r(75,0,4,82)
r(99,0,4,82)
r(39,18,4,82)
r(25,19,4,82)
r(84,68,4,82)
w(45,81,4,82)
w(37,60,4,82)
r(18,60,4,82)
w(51,66,4,82)
r(29,74,4,82)
w(39,67,4,82)
r(28,24,4,82)
r(23,44,4,83)
r(28,24,4,83)
w(74,51,4,83)
w(91,66,4,83)
r(42,20,4,83)
w(89,58,4,83)
w(51,67,4,83)
r(65,0,4,83)
w(116,56,4,83)
r(37,42,4,83)
r(11,74,4,83)
r(99,47,4,83)
w(78,73,4,83)
r(96,65,4,83)
r(1,33,4,83)
w(89,59,4,83)
r(75,39,4,83)
w(38,83,4,83)
w(75,82,4,83)
w(26,71,4,83)
r(43,81,4,84)
r(30,16,4,84)
w(119,66,4,84)
r(55,14,4,84)
w(54,63,4,84)
w(80,69,4,84)
r(11,74,4,84)
r(21,60,4,84)
r(63,36,4,84)
w(48,70,4,84)
w(31,69,4,84)
w(33,40,4,84)
w(59,77,4,84)
w(37,61,4,84)
r(47,0,4,84)
w(17,61,4,84)
r(80,69,4,84)
r(60,67,4,84)
r(54,63,4,84)
r(62,49,4,84)
w(76,56,4,85)
w(9,63,4,85)
w(11,75,4,85)
r(105,41,4,85)
w(63,73,4,85)
r(29,52,4,85)
w(111,63,4,85)
r(104,19,4,85)
w(23,76,4,85)
r(89,59,4,85)
w(13,69,4,85)
r(70,0,4,85)
w(72,70,4,85)
r(57,66,4,85)
r(43,41,4,85)
r(25,19,4,85)
w(102,69,4,85)
w(76,57,4,85)
r(15,40,4,85)
r(57,66,4,85)
r(53,17,4,86)
r(1,33,4,86)
r(5,0,4,86)
w(25,68,4,86)
r(95,19,4,86)
r(92,85,4,86)
w(84,69,4,86)
w(30,64,4,86)
w(82,66,4,86)
w(64,63,4,86)
w(29,75,4,86)
w(58,75,4,86)
r(6,0,4,86)
w(11,76,4,86)
r(73,33,4,86)
r(110,73,4,86)
r(49,24,4,86)
r(25,68,4,86)
w(98,68,4,86)
r(73,33,4,86)
w(66,66,4,87)
r(15,40,4,87)
w(28,94,4,87)
r(115,27,4,87)
r(87,0,4,87)
w(75,83,4,87)
r(62,15,4,87)
w(32,70,4,87)
r(40,35,4,87)
r(5,0,4,87)
r(101,51,4,87)
w(16,79,4,87)
r(76,57,4,87)
w(99,66,4,87)
w(118,64,4,87)
w(36,75,4,87)
r(33,40,4,87)
w(105,73,4,87)
w(108,77,4,87)
w(112,65,4,87)
r(88,20,4,88)
r(83,12,4,88)
r(92,85,4,88)
w(1,70,4,88)
w(90,70,4,88)
r(105,73,4,88)
w(114,71,4,88)
r(98,68,4,88)
r(91,15,4,88)
r(64,63,4,88)
r(49,24,4,88)
w(107,67,4,88)
w(57,67,4,88)
w(22,58,4,88)
w(72,71,4,88)
w(60,68,4,88)
r(93,19,4,88)
w(18,61,4,88)
w(76,58,4,88)
r(83,12,4,88)
w(48,71,4,89)
r(66,66,4,89)
r(4,47,4,89)
w(58,76,4,89)
r(70,0,4,89)
r(102,69,4,89)
w(85,71,4,89)
w(52,53,4,89)
w(59,78,4,89)
w(36,76,4,89)
r(101,51,4,89)
r(75,83,4,89)
w(38,84,4,89)
w(61,64,4,89)
r(89,59,4,89)
r(92,61,4,89)
w(45,82,4,89)
w(88,67,4,89)
w(24,65,4,89)
w(55,56,4,89)
w(67,71,4,90)
r(76,42,4,90)
r(19,48,4,90)
r(5,12,4,90)
w(74,52,4,90)
w(45,83,4,90)
r(61,64,4,90)
w(26,72,4,90)
w(104,47,4,90)
r(25,50,4,90)
r(8,15,4,90)
r(110,51,4,90)
w(14,63,4,90)
w(21,61,4,90)
r(33,40,4,90)
w(111,64,4,90)
r(116,42,4,90)
w(78,74,4,90)
w(75,84,4,90)
w(47,74,4,90)
r(44,39,4,91)
r(59,78,4,91)
w(31,70,4,91)
r(5,12,4,91)
w(1,71,4,91)
r(79,48,4,91)
r(85,71,4,91)
w(24,66,4,91)
w(95,79,4,91)
r(86,66,4,91)
w(81,69,4,91)
w(41,58,4,91)
r(42,21,4,91)
w(50,64,4,91)
w(52,54,4,91)
w(48,72,4,91)
w(81,70,4,91)
w(41,59,4,91)
r(104,47,4,91)
r(11,76,4,91)
w(59,79,4,92)
r(59,79,4,92)
r(46,41,4,92)
w(111,65,4,92)
r(112,65,4,92)
w(75,85,4,92)
r(10,10,4,92)
w(42,78,4,92)
w(110,74,4,92)
w(20,68,4,92)
w(31,71,4,92)
r(76,42,4,92)
w(26,73,4,92)
r(113,9,4,92)
w(2,73,4,92)
w(88,68,4,92)
w(79,70,4,92)
r(117,1,4,92)
r(16,67,4,92)
r(109,40,4,92)
r(88,68,4,93)
r(60,68,4,93)
w(22,59,4,93)
w(15,70,4,93)
w(32,71,4,93)
w(34,65,4,93)
w(21,62,4,93)
w(68,70,4,93)
r(101,1,4,93)
r(103,37,4,93)
r(57,17,4,93)
r(34,65,4,93)
w(72,72,4,93)
r(27,26,4,93)
r(36,76,4,93)
w(58,77,4,93)
r(10,10,4,93)
w(24,67,4,93)
r(46,41,4,93)
r(102,69,4,93)
r(36,76,4,94)
r(36,76,4,94)
w(16,80,4,94)
r(11,76,4,94)
r(111,65,4,94)
r(108,21,4,94)
r(41,59,4,94)
w(90,71,4,94)
r(57,17,4,94)
w(108,78,4,94)
w(35,66,4,94)
r(20,68,4,94)
w(26,74,4,94)
w(6,64,4,94)
w(91,67,4,94)
r(95,79,4,94)
r(101,1,4,94)
r(103,37,4,94)
r(112,65,4,94)
w(87,75,4,94)
r(82,14,4,95)
w(34,66,4,95)
w(109,51,4,95)
r(51,18,4,95)
w(67,72,4,95)
r(117,1,4,95)
w(6,65,4,95)
r(96,65,4,95)
r(48,72,4,95)
w(100,61,4,95)
r(41,59,4,95)
w(32,72,4,95)
w(92,86,4,95)
w(57,68,4,95)
w(72,73,4,95)
w(108,79,4,95)
r(52,54,4,95)
w(36,77,4,95)
r(39,67,4,95)
r(44,39,4,95)
w(21,63,4,96)
r(85,18,4,96)
w(44,67,4,96)
w(89,60,4,96)
w(25,69,4,96)
r(31,71,4,96)
w(54,64,4,96)
w(7,70,4,96)
w(94,76,4,96)
w(61,65,4,96)
w(60,69,4,96)
w(104,48,4,96)
w(26,75,4,96)
r(107,3,4,96)
r(57,18,4,96)
w(102,70,4,96)
w(6,66,4,96)
w(23,77,4,96)
w(2,74,4,96)
r(68,38,4,96)
r(106,46,4,97)
w(35,67,4,97)
r(119,17,4,97)
r(11,2,4,97)
w(69,76,4,97)
w(69,77,4,97)
w(110,75,4,97)
r(49,25,4,97)
r(70,51,4,97)
r(102,70,4,97)
r(85,18,4,97)
w(13,70,4,97)
r(6,66,4,97)
r(91,67,4,97)
w(19,70,4,97)
w(106,62,4,97)
w(14,64,4,97)
r(10,10,4,97)
w(54,65,4,97)
w(26,76,4,97)
r(30,17,4,98)
w(63,74,4,98)
r(100,20,4,98)
r(116,2,4,98)
r(119,17,4,98)
w(77,69,4,98)
r(17,1,4,98)
r(103,2,4,98)
r(60,69,4,98)
r(30,17,4,98)
w(106,63,4,98)
w(107,68,4,98)
w(35,68,4,98)
w(117,58,4,98)
r(80,18,4,98)
r(95,20,4,98)
r(104,48,4,98)
r(41,13,4,98)
w(68,71,4,98)
r(42,37,4,98)
w(1,72,4,99)
r(24,32,4,99)
r(86,18,4,99)
r(107,20,4,99)
w(35,69,4,99)
r(76,18,4,99)
r(113,9,4,99)
r(81,16,4,99)
w(61,66,4,99)
w(78,75,4,99)
w(73,66,4,99)
w(37,62,4,99)
r(57,29,4,99)
r(108,22,4,99)
r(87,75,4,99)
r(6,66,4,99)
r(117,58,4,99)
r(43,16,4,99)
r(85,32,4,99)
w(4,60,4,99)
