w(57,1,0,0)
r(102,0,0,0)
r(22,0,0,0)
r(24,0,0,0)
r(6,0,0,0)
r(87,0,0,0)
w(83,1,0,0)
w(13,1,0,0)
r(69,0,0,0)
r(35,0,0,0)
r(86,0,0,0)
r(62,0,0,0)
w(66,1,0,0)
w(15,1,0,0)
r(47,0,0,0)
r(30,0,0,0)
w(38,1,0,0)
w(61,1,0,0)
r(37,0,0,0)
r(1,0,0,0)
r(60,65,0,1)
w(72,1,0,1)
r(15,72,0,1)
r(64,0,0,1)
r(80,0,0,1)
w(30,1,0,1)
r(42,45,0,1)
w(72,2,0,1)
r(108,0,0,1)
r(108,0,0,1)
r(30,1,0,1)
r(91,48,0,1)
w(42,1,0,1)
w(102,1,0,1)
r(89,15,0,1)
r(40,73,0,1)
r(15,72,0,1)
w(12,1,0,1)
r(106,63,0,1)
w(28,1,0,1)
r(1,14,0,2)
r(57,55,0,2)
r(99,70,0,2)
w(13,2,0,2)
r(96,58,0,2)
r(71,52,0,2)
r(8,0,0,2)
w(112,1,0,2)
w(23,1,0,2)
r(31,51,0,2)
w(56,1,0,2)
w(50,1,0,2)
w(12,2,0,2)
w(57,2,0,2)
w(2,1,0,2)
r(91,48,0,2)
w(9,1,0,2)
r(90,58,0,2)
r(27,52,0,2)
r(90,58,0,2)
w(2,2,0,3)
w(64,1,0,3)
r(9,1,0,3)
w(65,1,0,3)
r(26,56,0,3)
r(28,52,0,3)
r(36,16,0,3)
r(103,54,0,3)
r(46,49,0,3)
w(44,1,0,3)
w(61,2,0,3)
w(13,3,0,3)
r(43,11,0,3)
w(32,1,0,3)
w(103,1,0,3)
w(109,1,0,3)
r(32,1,0,3)
w(116,1,0,3)
w(98,1,0,3)
w(41,1,0,3)
r(88,69,0,4)
r(91,48,0,4)
r(56,1,0,4)
w(114,1,0,4)
r(119,58,0,4)
w(53,1,0,4)
w(48,1,0,4)
r(95,46,0,4)
r(28,52,0,4)
w(9,2,0,4)
w(64,2,0,4)
w(57,3,0,4)
w(16,1,0,4)
r(98,1,0,4)
r(84,36,0,4)
r(97,69,0,4)
r(40,73,0,4)
r(20,62,0,4)
r(104,47,0,4)
w(108,1,0,4)
w(35,1,0,5)
r(35,1,0,5)
r(28,52,0,5)
r(115,18,0,5)
w(43,1,0,5)
w(15,2,0,5)
w(100,1,0,5)
r(32,1,0,5)
r(68,52,0,5)
w(64,3,0,5)
w(0,1,0,5)
r(101,43,0,5)
w(34,1,0,5)
w(76,1,0,5)
r(2,2,0,5)
w(91,1,0,5)
r(79,23,0,5)
w(48,2,0,5)
r(33,18,0,5)
w(33,1,0,5)
r(55,57,0,6)
w(4,1,0,6)
w(11,1,0,6)
w(20,1,0,6)
r(113,45,0,6)
w(97,1,0,6)
w(76,2,0,6)
r(99,70,0,6)
w(68,1,0,6)
r(73,57,0,6)
r(44,1,0,6)
w(6,1,0,6)
w(66,2,0,6)
w(63,1,0,6)
w(80,1,0,6)
w(37,1,0,6)
w(50,2,0,6)
w(63,2,0,6)
w(64,4,0,6)
r(24,50,0,6)
w(98,2,0,7)
w(109,2,0,7)
r(63,2,0,7)
r(22,62,0,7)
w(36,1,0,7)
w(83,2,0,7)
w(22,1,0,7)
w(79,1,0,7)
r(27,52,0,7)
w(26,1,0,7)
r(17,47,0,7)
r(83,2,0,7)
r(83,2,0,7)
r(70,0,0,7)
w(49,1,0,7)
r(76,2,0,7)
w(12,3,0,7)
r(40,73,0,7)
r(10,38,0,7)
r(100,1,0,7)
w(80,2,0,8)
w(116,2,0,8)
w(53,2,0,8)
w(92,1,0,8)
w(64,5,0,8)
r(10,39,0,8)
w(45,1,0,8)
r(87,29,0,8)
r(33,1,0,8)
w(99,1,0,8)
r(69,63,0,8)
w(96,1,0,8)
w(101,1,0,8)
w(35,2,0,8)
r(27,52,0,8)
r(28,24,0,8)
w(32,2,0,8)
r(5,39,0,8)
w(13,4,0,8)
r(85,77,0,8)
w(91,2,0,9)
r(74,47,0,9)
w(90,1,0,9)
r(50,2,0,9)
w(7,1,0,9)
r(93,20,0,9)
r(76,70,0,9)
w(112,2,0,9)
r(51,44,0,9)
r(74,47,0,9)
w(27,1,0,9)
w(51,1,0,9)
w(70,1,0,9)
r(12,21,0,9)
r(16,1,0,9)
w(85,1,0,9)
w(89,1,0,9)
r(115,20,0,9)
w(72,3,0,9)
w(45,2,0,9)
r(69,63,0,10)
r(99,1,0,10)
r(51,1,0,10)
r(40,23,0,10)
w(75,1,0,10)
w(98,3,0,10)
w(17,1,0,10)
r(93,20,0,10)
r(66,2,0,10)
w(88,1,0,10)
r(15,40,0,10)
w(106,1,0,10)
r(95,29,0,10)
r(53,2,0,10)
r(53,2,0,10)
w(48,3,0,10)
r(81,19,0,10)
r(32,2,0,10)
w(59,1,0,10)
r(19,15,0,10)
r(19,15,0,11)
r(24,36,0,11)
r(86,38,0,11)
w(111,1,0,11)
r(83,2,0,11)
r(58,13,0,11)
r(76,70,0,11)
w(35,3,0,11)
w(22,2,0,11)
r(73,58,0,11)
r(98,3,0,11)
w(67,1,0,11)
w(51,2,0,11)
w(48,4,0,11)
w(62,1,0,11)
w(51,3,0,11)
w(29,1,0,11)
w(90,2,0,11)
w(24,1,0,11)
w(109,3,0,11)
r(38,22,0,12)
r(28,24,0,12)
r(50,2,0,12)
r(40,23,0,12)
w(87,1,0,12)
w(17,2,0,12)
r(36,37,0,12)
w(39,1,0,12)
w(85,2,0,12)
w(56,2,0,12)
w(80,3,0,12)
w(0,2,0,12)
w(67,2,0,12)
w(72,4,0,12)
w(1,1,0,12)
r(109,3,0,12)
r(19,16,0,12)
w(57,4,0,12)
w(14,1,0,12)
r(49,25,0,12)
w(19,1,0,13)
r(7,1,0,13)
w(21,1,0,13)
w(105,1,0,13)
r(93,21,0,13)
r(80,3,0,13)
w(12,4,0,13)
r(89,19,0,13)
w(72,5,0,13)
w(63,3,0,13)
r(97,15,0,13)
w(51,4,0,13)
r(2,76,0,13)
r(31,17,0,13)
r(84,17,0,13)
w(41,2,0,13)
w(56,3,0,13)
r(66,24,0,13)
w(69,1,0,13)
w(41,3,0,13)
w(83,3,0,14)
r(89,19,0,14)
r(31,17,0,14)
r(72,5,0,14)
r(79,69,0,14)
r(26,21,0,14)
r(9,34,0,14)
r(32,2,0,14)
w(3,1,0,14)
w(116,3,0,14)
w(101,2,0,14)
r(78,38,0,14)
r(81,19,0,14)
r(81,19,0,14)
r(38,22,0,14)
r(1,1,0,14)
r(81,19,0,14)
w(13,5,0,14)
r(16,20,0,14)
w(58,1,0,14)
w(36,2,0,15)
r(36,2,0,15)
r(93,21,0,15)
w(66,3,0,15)
w(62,2,0,15)
w(67,3,0,15)
w(80,4,0,15)
r(27,1,0,15)
w(86,1,0,15)
w(50,3,0,15)
r(96,39,0,15)
r(45,44,0,15)
w(79,2,0,15)
r(16,20,0,15)
w(102,2,0,15)
w(37,2,0,15)
r(84,17,0,15)
r(20,29,0,15)
r(73,58,0,15)
r(34,21,0,15)
w(0,3,0,16)
w(89,2,0,16)
r(64,5,0,16)
w(56,4,0,16)
w(32,3,0,16)
r(74,47,0,16)
r(62,77,0,16)
r(97,35,0,16)
w(35,4,0,16)
r(80,76,0,16)
w(56,5,0,16)
w(66,4,0,16)
r(6,19,0,16)
r(3,21,0,16)
w(25,1,0,16)
w(74,1,0,16)
w(36,3,0,16)
w(47,1,0,16)
r(27,1,0,16)
r(69,1,0,16)
r(80,76,0,17)
w(0,4,0,17)
r(108,34,0,17)
w(95,1,0,17)
r(60,18,0,17)
w(99,2,0,17)
w(73,1,0,17)
w(34,2,0,17)
r(109,3,0,17)
r(30,33,0,17)
r(2,76,0,17)
w(67,4,0,17)
w(33,2,0,17)
w(21,2,0,17)
r(55,19,0,17)
w(33,3,0,17)
r(108,34,0,17)
r(54,26,0,17)
r(48,4,0,17)
r(52,72,0,17)
w(28,2,0,18)
w(99,3,0,18)
w(93,1,0,18)
r(51,28,0,18)
w(85,3,0,18)
w(14,2,0,18)
r(90,37,0,18)
w(40,1,0,18)
r(26,21,0,18)
r(59,1,0,18)
w(42,2,0,18)
w(72,6,0,18)
w(80,5,0,18)
w(100,2,0,18)
r(33,30,0,18)
w(108,2,0,18)
w(91,3,0,18)
w(13,6,0,18)
w(71,1,0,18)
r(56,42,0,18)
r(80,5,0,19)
w(72,7,0,19)
w(116,4,0,19)
w(48,5,0,19)
r(24,1,0,19)
w(27,2,0,19)
w(114,2,0,19)
r(68,18,0,19)
w(39,2,0,19)
r(70,73,0,19)
r(38,37,0,19)
r(93,1,0,19)
w(0,5,0,19)
r(4,33,0,19)
w(76,3,0,19)
r(20,63,0,19)
r(22,2,0,19)
w(12,5,0,19)
w(1,2,0,19)
r(101,2,0,19)
r(79,68,1,20)
w(33,18,1,20)
r(15,1,1,20)
r(65,0,1,20)
r(38,55,1,20)
r(101,64,1,20)
r(20,0,1,20)
w(34,19,1,20)
r(9,0,1,20)
w(49,13,1,20)
r(112,0,1,20)
r(59,74,1,20)
w(86,14,1,20)
r(57,1,1,20)
w(103,16,1,20)
w(89,15,1,20)
w(65,19,1,20)
r(37,0,1,20)
r(14,0,1,20)
r(63,0,1,20)
w(31,15,1,21)
w(47,19,1,21)
w(31,16,1,21)
r(47,19,1,21)
r(53,53,1,21)
r(15,72,1,21)
w(36,16,1,21)
r(99,70,1,21)
w(38,20,1,21)
w(84,15,1,21)
w(111,20,1,21)
r(64,0,1,21)
r(7,69,1,21)
w(79,23,1,21)
w(115,17,1,21)
r(90,56,1,21)
r(27,0,1,21)
r(99,70,1,21)
w(40,21,1,21)
r(28,71,1,21)
r(24,70,1,22)
w(119,10,1,22)
r(8,0,1,22)
w(86,15,1,22)
r(38,20,1,22)
r(75,66,1,22)
r(35,55,1,22)
w(95,15,1,22)
w(6,16,1,22)
w(1,14,1,22)
r(75,66,1,22)
w(12,19,1,22)
r(24,70,1,22)
w(50,19,1,22)
r(82,59,1,22)
r(70,0,1,22)
r(66,1,1,22)
w(100,21,1,22)
r(47,19,1,22)
w(84,16,1,22)
r(20,62,1,23)
w(87,15,1,23)
r(23,0,1,23)
w(27,13,1,23)
w(39,22,1,23)
w(115,18,1,23)
r(115,18,1,23)
r(26,55,1,23)
r(42,63,1,23)
r(91,48,1,23)
r(74,46,1,23)
w(74,14,1,23)
w(114,19,1,23)
r(20,62,1,23)
w(43,11,1,23)
r(24,70,1,23)
w(62,26,1,23)
r(31,16,1,23)
w(35,15,1,23)
r(118,59,1,23)
w(117,14,1,24)
r(51,44,1,24)
r(115,18,1,24)
w(38,21,1,24)
w(72,25,1,24)
r(57,57,1,24)
r(103,1,1,24)
r(7,70,1,24)
r(119,58,1,24)
r(69,49,1,24)
w(11,15,1,24)
r(29,0,1,24)
w(78,17,1,24)
w(43,12,1,24)
r(38,21,1,24)
r(80,56,1,24)
w(68,17,1,24)
r(100,1,1,24)
r(55,57,1,24)
w(49,14,1,24)
r(117,14,1,25)
w(118,17,1,25)
w(117,15,1,25)
w(39,23,1,25)
w(6,17,1,25)
r(46,49,1,25)
w(38,22,1,25)
w(89,16,1,25)
r(80,56,1,25)
r(81,70,1,25)
r(92,61,1,25)
w(41,22,1,25)
r(92,61,1,25)
r(71,53,1,25)
w(88,15,1,25)
r(95,46,1,25)
r(9,67,1,25)
w(23,21,1,25)
r(34,1,1,25)
w(118,18,1,25)
r(26,57,1,26)
r(11,15,1,26)
r(96,59,1,26)
r(12,66,1,26)
w(13,26,1,26)
r(89,16,1,26)
w(17,19,1,26)
r(98,2,1,26)
w(44,13,1,26)
r(119,58,1,26)
w(112,11,1,26)
w(77,10,1,26)
r(111,49,1,26)
w(42,14,1,26)
w(93,19,1,26)
w(75,16,1,26)
r(0,45,1,26)
r(68,72,1,26)
w(110,15,1,26)
w(28,23,1,26)
w(71,12,1,27)
r(34,1,1,27)
w(9,19,1,27)
r(87,29,1,27)
r(108,1,1,27)
w(110,16,1,27)
w(80,17,1,27)
w(80,18,1,27)
w(4,19,1,27)
w(22,17,1,27)
r(96,59,1,27)
r(93,19,1,27)
w(103,17,1,27)
w(82,16,1,27)
r(75,16,1,27)
r(31,52,1,27)
w(93,20,1,27)
r(18,48,1,27)
r(70,71,1,27)
w(36,17,1,27)
r(97,1,1,28)
r(81,70,1,28)
w(108,16,1,28)
w(11,16,1,28)
w(107,19,1,28)
w(102,24,1,28)
w(43,13,1,28)
r(116,58,1,28)
r(7,70,1,28)
r(105,55,1,28)
w(17,20,1,28)
r(47,19,1,28)
r(59,57,1,28)
r(48,75,1,28)
w(5,14,1,28)
w(65,20,1,28)
r(96,59,1,28)
r(81,70,1,28)
w(115,19,1,28)
r(74,47,1,28)
r(89,16,1,29)
r(60,65,1,29)
w(101,12,1,29)
r(52,72,1,29)
r(27,52,1,29)
w(68,18,1,29)
r(46,49,1,29)
r(68,18,1,29)
r(70,71,1,29)
w(108,17,1,29)
r(82,16,1,29)
w(102,25,1,29)
r(24,50,1,29)
w(31,17,1,29)
w(28,24,1,29)
r(33,1,1,29)
r(90,75,1,29)
w(81,18,1,29)
w(26,20,1,29)
w(59,14,1,29)
r(35,42,1,30)
w(82,17,1,30)
r(65,20,1,30)
r(66,2,1,30)
w(71,13,1,30)
r(105,55,1,30)
w(88,16,1,30)
w(67,18,1,30)
w(81,19,1,30)
r(46,49,1,30)
w(115,20,1,30)
r(63,2,1,30)
r(19,43,1,30)
w(112,12,1,30)
r(23,21,1,30)
r(54,44,1,30)
r(103,17,1,30)
r(44,13,1,30)
r(31,17,1,30)
r(90,75,1,30)
w(65,21,1,31)
w(5,15,1,31)
r(99,53,1,31)
w(102,26,1,31)
w(77,11,1,31)
w(108,18,1,31)
w(84,17,1,31)
w(12,20,1,31)
w(60,17,1,31)
r(102,26,1,31)
w(34,20,1,31)
r(84,17,1,31)
w(2,16,1,31)
r(75,16,1,31)
w(54,17,1,31)
r(48,75,1,31)
w(73,15,1,31)
r(11,16,1,31)
w(94,16,1,31)
w(71,14,1,31)
w(19,15,1,32)
r(8,42,1,32)
r(56,1,1,32)
r(72,25,1,32)
r(0,45,1,32)
r(25,43,1,32)
w(86,16,1,32)
r(42,14,1,32)
r(65,21,1,32)
w(96,20,1,32)
w(76,13,1,32)
r(77,11,1,32)
w(34,21,1,32)
r(71,14,1,32)
w(76,14,1,32)
w(22,18,1,32)
r(94,16,1,32)
r(78,73,1,32)
w(23,22,1,32)
w(89,17,1,32)
r(44,13,1,33)
w(102,27,1,33)
r(44,13,1,33)
r(65,21,1,33)
w(77,12,1,33)
r(42,14,1,33)
w(40,22,1,33)
r(9,19,1,33)
w(18,15,1,33)
w(91,20,1,33)
w(114,20,1,33)
w(12,21,1,33)
r(34,21,1,33)
r(107,19,1,33)
w(44,14,1,33)
r(63,2,1,33)
w(35,16,1,33)
r(99,53,1,33)
r(29,0,1,33)
w(104,11,1,33)
w(60,18,1,34)
w(23,23,1,34)
w(40,23,1,34)
w(114,21,1,34)
r(3,54,1,34)
w(71,15,1,34)
w(49,15,1,34)
w(1,15,1,34)
w(20,18,1,34)
w(70,15,1,34)
r(64,5,1,34)
w(88,17,1,34)
r(32,2,1,34)
w(86,17,1,34)
w(26,21,1,34)
w(42,15,1,34)
w(33,19,1,34)
r(10,39,1,34)
r(25,43,1,34)
r(14,43,1,34)
r(99,1,1,35)
w(116,24,1,35)
w(93,21,1,35)
w(58,13,1,35)
w(89,18,1,35)
w(51,15,1,35)
w(22,19,1,35)
w(97,15,1,35)
w(111,21,1,35)
r(88,17,1,35)
r(74,47,1,35)
w(41,23,1,35)
w(6,18,1,35)
r(22,19,1,35)
r(63,2,1,35)
r(88,17,1,35)
w(37,17,1,35)
r(118,18,1,35)
w(89,19,1,35)
w(101,13,1,35)
w(0,25,1,36)
w(119,11,1,36)
r(22,19,1,36)
r(12,21,1,36)
w(47,20,1,36)
r(27,1,1,36)
r(25,43,1,36)
w(115,21,1,36)
w(55,19,1,36)
w(100,22,1,36)
w(53,15,1,36)
w(16,20,1,36)
w(19,16,1,36)
w(116,25,1,36)
r(104,11,1,36)
r(36,37,1,36)
w(95,16,1,36)
w(66,24,1,36)
w(47,21,1,36)
w(6,19,1,36)
w(16,21,1,37)
w(101,14,1,37)
w(41,24,1,37)
r(83,31,1,37)
w(101,15,1,37)
r(77,12,1,37)
w(57,23,1,37)
w(53,16,1,37)
r(76,3,1,37)
r(53,16,1,37)
w(101,16,1,37)
r(73,29,1,37)
w(93,22,1,37)
r(25,1,1,37)
w(25,18,1,37)
w(80,19,1,37)
r(115,21,1,37)
w(48,23,1,37)
w(55,20,1,37)
w(34,22,1,37)
w(26,22,1,38)
w(73,16,1,38)
r(73,16,1,38)
w(97,16,1,38)
r(105,24,1,38)
w(65,22,1,38)
r(72,38,1,38)
w(89,20,1,38)
r(107,67,1,38)
r(80,19,1,38)
r(107,67,1,38)
w(117,16,1,38)
r(28,2,1,38)
w(70,16,1,38)
r(16,21,1,38)
r(100,2,1,38)
r(9,36,1,38)
w(82,18,1,38)
r(75,1,1,38)
w(99,23,1,38)
r(80,19,1,39)
r(13,6,1,39)
w(67,19,1,39)
r(27,2,1,39)
w(104,12,1,39)
w(70,17,1,39)
r(72,38,1,39)
r(65,22,1,39)
w(23,24,1,39)
w(52,19,1,39)
r(26,22,1,39)
w(69,22,1,39)
w(39,24,1,39)
r(30,34,1,39)
r(28,2,1,39)
w(73,17,1,39)
w(3,8,1,39)
w(23,25,1,39)
r(14,2,1,39)
r(23,25,1,39)
r(95,46,2,40)
w(2,38,2,40)
w(84,36,2,40)
w(74,32,2,40)
r(36,16,2,40)
w(116,42,2,40)
w(10,38,2,40)
w(65,37,2,40)
w(21,40,2,40)
r(21,40,2,40)
r(16,69,2,40)
w(83,30,2,40)
r(40,73,2,40)
w(16,39,2,40)
w(59,32,2,40)
r(56,56,2,40)
r(110,46,2,40)
r(46,0,2,40)
r(10,38,2,40)
r(108,0,2,40)
r(69,62,2,41)
w(15,40,2,41)
r(115,18,2,41)
w(5,38,2,41)
w(23,48,2,41)
r(105,42,2,41)
w(112,23,2,41)
w(0,45,2,41)
r(94,55,2,41)
r(39,49,2,41)
r(12,2,2,41)
r(69,62,2,41)
w(61,37,2,41)
r(106,67,2,41)
w(90,35,2,41)
w(42,28,2,41)
w(37,31,2,41)
w(31,32,2,41)
r(24,50,2,41)
w(87,29,2,41)
w(39,33,2,42)
w(106,42,2,42)
r(85,77,2,42)
w(55,38,2,42)
w(45,41,2,42)
w(95,29,2,42)
w(111,34,2,42)
w(86,37,2,42)
r(59,14,2,42)
r(70,71,2,42)
w(61,38,2,42)
w(116,43,2,42)
w(10,39,2,42)
w(80,37,2,42)
w(75,38,2,42)
w(36,36,2,42)
r(58,49,2,42)
w(78,36,2,42)
r(27,52,2,42)
w(108,33,2,42)
w(45,42,2,43)
w(42,29,2,43)
r(21,63,2,43)
w(4,32,2,43)
w(108,34,2,43)
w(5,39,2,43)
r(97,1,2,43)
w(9,34,2,43)
w(73,28,2,43)
r(81,19,2,43)
w(36,37,2,43)
w(45,43,2,43)
r(17,20,2,43)
r(52,72,2,43)
r(111,34,2,43)
r(117,15,2,43)
r(2,16,2,43)
w(78,37,2,43)
r(59,14,2,43)
w(65,38,2,43)
w(86,38,2,44)
w(78,38,2,44)
w(37,32,2,44)
w(45,44,2,44)
w(30,33,2,44)
r(94,66,2,44)
r(119,58,2,44)
r(6,62,2,44)
w(102,33,2,44)
r(84,17,2,44)
w(54,26,2,44)
r(52,72,2,44)
w(58,28,2,44)
r(105,55,2,44)
r(83,2,2,44)
w(96,39,2,44)
w(37,33,2,44)
r(114,21,2,44)
r(100,1,2,44)
r(46,49,2,44)
r(49,15,2,45)
r(30,33,2,45)
w(49,25,2,45)
r(104,11,2,45)
w(24,36,2,45)
w(82,34,2,45)
r(9,34,2,45)
r(85,1,2,45)
r(103,17,2,45)
r(53,2,2,45)
r(103,17,2,45)
w(67,36,2,45)
r(11,16,2,45)
r(111,34,2,45)
r(67,36,2,45)
w(20,29,2,45)
r(90,1,2,45)
r(104,11,2,45)
w(75,39,2,45)
w(16,40,2,45)
w(33,29,2,46)
r(105,1,2,46)
w(51,28,2,46)
w(10,40,2,46)
r(77,12,2,46)
w(37,34,2,46)
w(111,35,2,46)
w(31,33,2,46)
r(60,18,2,46)
w(3,21,2,46)
w(62,40,2,46)
w(61,39,2,46)
w(13,46,2,46)
r(40,23,2,46)
w(117,35,2,46)
r(106,1,2,46)
w(92,34,2,46)
w(86,39,2,46)
w(34,46,2,46)
w(90,36,2,46)
r(17,2,2,47)
w(97,35,2,47)
r(78,38,2,47)
r(63,3,2,47)
r(69,1,2,47)
r(69,1,2,47)
r(17,2,2,47)
r(25,43,2,47)
w(47,32,2,47)
r(1,1,2,47)
r(57,4,2,47)
r(75,1,2,47)
r(67,3,2,47)
w(44,28,2,47)
r(19,1,2,47)
r(98,3,2,47)
w(18,29,2,47)
w(32,31,2,47)
r(25,43,2,47)
w(9,35,2,47)
w(52,36,2,48)
r(60,18,2,48)
r(1,1,2,48)
w(108,35,2,48)
r(10,40,2,48)
w(73,29,2,48)
r(14,1,2,48)
w(55,39,2,48)
w(116,44,2,48)
w(4,33,2,48)
r(71,15,2,48)
r(29,1,2,48)
r(6,19,2,48)
w(23,49,2,48)
w(13,47,2,48)
r(104,11,2,48)
w(118,40,2,48)
w(65,39,2,48)
r(15,40,2,48)
w(63,33,2,48)
r(55,39,2,49)
r(13,47,2,49)
w(60,40,2,49)
w(105,24,2,49)
w(102,34,2,49)
r(86,39,2,49)
r(44,28,2,49)
r(81,19,2,49)
w(38,36,2,49)
r(58,50,2,49)
w(63,34,2,49)
w(112,24,2,49)
w(56,42,2,49)
r(108,35,2,49)
r(17,2,2,49)
r(82,34,2,49)
r(91,2,2,49)
r(95,1,2,49)
r(63,34,2,49)
w(63,35,2,49)
w(32,32,2,50)
r(22,2,2,50)
w(72,37,2,50)
w(14,24,2,50)
r(51,28,2,50)
w(5,40,2,50)
w(83,31,2,50)
w(13,48,2,50)
w(9,36,2,50)
w(38,37,2,50)
w(33,30,2,50)
w(90,37,2,50)
r(27,1,2,50)
r(112,24,2,50)
r(61,78,2,50)
w(69,29,2,50)
w(89,31,2,50)
w(45,45,2,50)
r(33,30,2,50)
w(10,41,2,50)
w(2,39,2,51)
w(82,35,2,51)
r(39,2,2,51)
w(25,33,2,51)
r(73,29,2,51)
w(29,30,2,51)
w(32,33,2,51)
r(73,29,2,51)
r(79,2,2,51)
w(99,37,2,51)
w(77,29,2,51)
r(107,67,2,51)
w(108,36,2,51)
w(0,46,2,51)
r(57,23,2,51)
r(112,24,2,51)
w(96,40,2,51)
r(27,2,2,51)
w(49,26,2,51)
w(86,40,2,51)
w(104,22,2,52)
w(30,34,2,52)
r(72,7,2,52)
w(72,38,2,52)
r(82,35,2,52)
r(67,73,2,52)
w(18,30,2,52)
w(26,44,2,52)
r(26,44,2,52)
w(49,27,2,52)
r(23,49,2,52)
r(75,1,2,52)
r(32,33,2,52)
r(114,2,2,52)
w(44,29,2,52)
w(35,27,2,52)
r(115,21,2,52)
w(38,38,2,52)
r(107,67,2,52)
w(106,43,2,52)
w(104,23,2,53)
w(114,37,2,53)
r(46,68,2,53)
r(8,58,2,53)
r(72,38,2,53)
w(71,36,2,53)
r(108,36,2,53)
r(51,28,2,53)
r(97,35,2,53)
w(112,25,2,53)
w(104,24,2,53)
r(29,30,2,53)
w(20,30,2,53)
w(90,38,2,53)
w(36,38,2,53)
r(77,29,2,53)
w(100,35,2,53)
r(56,42,2,53)
w(16,41,2,53)
r(117,35,2,53)
r(5,40,2,54)
r(25,53,2,54)
r(92,62,2,54)
r(116,4,2,54)
w(86,41,2,54)
w(28,40,2,54)
w(94,32,2,54)
r(57,70,2,54)
w(52,37,2,54)
r(25,53,2,54)
r(11,61,2,54)
w(116,45,2,54)
w(98,34,2,54)
r(113,45,2,54)
r(18,30,2,54)
r(74,65,2,54)
w(4,34,2,54)
w(69,30,2,54)
w(74,33,2,54)
r(50,3,2,54)
r(115,21,2,55)
r(118,40,2,55)
r(13,6,2,55)
r(92,62,2,55)
r(96,40,2,55)
r(3,8,2,55)
w(32,34,2,55)
r(47,1,2,55)
w(59,33,2,55)
w(14,25,2,55)
w(6,30,2,55)
w(113,30,2,55)
w(39,34,2,55)
w(79,35,2,55)
w(48,43,2,55)
w(67,37,2,55)
r(42,66,2,55)
w(87,30,2,55)
w(37,35,2,55)
w(2,40,2,55)
r(56,42,2,56)
w(109,38,2,56)
w(88,36,2,56)
w(74,34,2,56)
w(60,41,2,56)
r(76,71,2,56)
r(76,71,2,56)
w(106,44,2,56)
r(57,70,2,56)
w(18,31,2,56)
r(28,40,2,56)
w(36,39,2,56)
r(17,2,2,56)
w(61,40,2,56)
w(86,42,2,56)
w(23,50,2,56)
w(6,31,2,56)
w(91,37,2,56)
w(21,41,2,56)
w(77,30,2,56)
r(115,21,2,57)
r(96,40,2,57)
r(83,60,2,57)
w(84,37,2,57)
w(15,41,2,57)
r(10,41,2,57)
r(96,40,2,57)
w(88,37,2,57)
r(35,56,2,57)
w(83,32,2,57)
r(9,68,2,57)
w(57,33,2,57)
r(70,17,2,57)
w(69,31,2,57)
w(65,40,2,57)
r(85,3,2,57)
r(56,42,2,57)
r(62,77,2,57)
w(114,38,2,57)
w(33,31,2,57)
r(10,41,2,58)
w(102,35,2,58)
r(90,38,2,58)
w(42,30,2,58)
w(2,41,2,58)
w(63,36,2,58)
r(19,1,2,58)
w(62,41,2,58)
r(116,45,2,58)
w(99,38,2,58)
w(17,34,2,58)
r(4,34,2,58)
w(46,25,2,58)
r(2,41,2,58)
w(110,33,2,58)
r(18,31,2,58)
r(17,34,2,58)
r(39,34,2,58)
r(25,53,2,58)
r(44,29,2,58)
r(105,24,2,59)
r(107,68,2,59)
w(43,28,2,59)
w(78,39,2,59)
r(57,33,2,59)
r(47,1,2,59)
w(96,41,2,59)
w(70,31,2,59)
r(119,59,2,59)
w(61,41,2,59)
r(99,38,2,59)
w(54,27,2,59)
w(108,37,2,59)
r(29,30,2,59)
r(115,21,2,59)
w(22,40,2,59)
w(83,33,2,59)
w(93,33,2,59)
w(87,31,2,59)
r(66,4,2,59)
r(17,0,3,60)
w(83,45,3,60)
w(106,62,3,60)
w(1,49,3,60)
w(113,43,3,60)
w(110,44,3,60)
r(106,62,3,60)
r(88,0,3,60)
w(103,52,3,60)
w(109,52,3,60)
w(19,42,3,60)
r(5,0,3,60)
r(110,44,3,60)
w(2,54,3,60)
r(65,0,3,60)
w(81,46,3,60)
r(39,0,3,60)
r(77,0,3,60)
r(95,0,3,60)
r(106,62,3,60)
w(43,41,3,61)
r(59,0,3,61)
w(18,47,3,61)
r(97,0,3,61)
w(73,41,3,61)
w(89,48,3,61)
w(90,56,3,61)
w(97,49,3,61)
r(110,44,3,61)
w(91,48,3,61)
r(34,0,3,61)
w(34,66,3,61)
w(3,36,3,61)
w(36,53,3,61)
r(94,0,3,61)
w(26,55,3,61)
w(38,55,3,61)
r(23,0,3,61)
w(17,45,3,61)
r(97,49,3,61)
r(17,45,3,62)
w(35,40,3,62)
w(82,59,3,62)
r(66,1,3,62)
w(54,42,3,62)
r(1,49,3,62)
r(118,0,3,62)
r(48,0,3,62)
w(32,52,3,62)
r(28,71,3,62)
w(10,57,3,62)
w(68,51,3,62)
r(90,56,3,62)
r(20,0,3,62)
r(99,69,3,62)
r(38,55,3,62)
w(33,48,3,62)
r(1,49,3,62)
w(78,50,3,62)
r(12,64,3,62)
w(61,60,3,63)
r(2,54,3,63)
r(97,69,3,63)
w(1,50,3,63)
r(1,50,3,63)
w(31,49,3,63)
r(78,50,3,63)
r(68,70,3,63)
w(94,53,3,63)
r(106,62,3,63)
r(52,0,3,63)
r(39,0,3,63)
r(9,0,3,63)
r(70,0,3,63)
w(61,61,3,63)
r(114,61,3,63)
r(60,65,3,63)
r(100,0,3,63)
w(83,46,3,63)
r(97,69,3,63)
r(88,69,3,64)
r(83,46,3,64)
w(74,46,3,64)
w(68,52,3,64)
r(108,0,3,64)
w(69,48,3,64)
r(14,0,3,64)
w(52,54,3,64)
r(62,0,3,64)
r(30,0,3,64)
r(50,0,3,64)
w(12,49,3,64)
r(23,0,3,64)
r(51,0,3,64)
r(34,19,3,64)
w(118,59,3,64)
w(87,39,3,64)
r(7,69,3,64)
r(47,65,3,64)
r(40,0,3,64)
r(34,19,3,65)
w(41,47,3,65)
w(109,53,3,65)
w(63,48,3,65)
w(59,56,3,65)
w(106,63,3,65)
w(42,45,3,65)
w(113,44,3,65)
r(15,72,3,65)
r(69,48,3,65)
w(38,56,3,65)
r(45,0,3,65)
r(76,0,3,65)
w(66,58,3,65)
w(78,51,3,65)
w(23,63,3,65)
r(3,36,3,65)
w(95,46,3,65)
w(17,46,3,65)
w(71,52,3,65)
r(109,53,3,66)
w(28,51,3,66)
r(88,69,3,66)
w(96,58,3,66)
r(101,64,3,66)
w(93,49,3,66)
r(56,0,3,66)
w(31,50,3,66)
r(94,53,3,66)
r(52,54,3,66)
r(103,16,3,66)
r(25,0,3,66)
w(3,37,3,66)
r(91,48,3,66)
w(78,52,3,66)
r(81,69,3,66)
r(13,1,3,66)
r(41,47,3,66)
w(85,57,3,66)
w(66,59,3,66)
w(112,47,3,67)
w(32,53,3,67)
r(112,47,3,67)
w(22,61,3,67)
w(39,49,3,67)
r(84,16,3,67)
r(94,53,3,67)
r(62,26,3,67)
r(75,66,3,67)
r(1,14,3,67)
r(69,48,3,67)
w(7,55,3,67)
w(118,60,3,67)
r(76,0,3,67)
w(14,42,3,67)
r(70,0,3,67)
r(75,66,3,67)
r(75,66,3,67)
r(62,26,3,67)
w(24,49,3,67)
r(68,52,3,68)
w(37,50,3,68)
w(106,64,3,68)
r(102,0,3,68)
w(56,56,3,68)
w(19,43,3,68)
r(109,53,3,68)
w(41,48,3,68)
w(21,62,3,68)
w(86,60,3,68)
w(110,45,3,68)
w(110,46,3,68)
r(6,16,3,68)
r(97,69,3,68)
r(101,64,3,68)
w(101,41,3,68)
w(82,60,3,68)
w(103,53,3,68)
r(97,69,3,68)
r(29,0,3,68)
r(49,13,3,69)
w(106,65,3,69)
w(94,54,3,69)
w(25,42,3,69)
r(10,57,3,69)
w(10,58,3,69)
w(80,55,3,69)
r(56,56,3,69)
w(111,48,3,69)
r(62,26,3,69)
w(106,66,3,69)
w(14,43,3,69)
r(25,42,3,69)
r(83,46,3,69)
w(84,54,3,69)
r(14,43,3,69)
w(76,48,3,69)
w(77,50,3,69)
w(55,57,3,69)
r(72,2,3,69)
r(68,52,3,70)
r(43,11,3,70)
w(106,67,3,70)
w(24,50,3,70)
r(22,61,3,70)
w(57,55,3,70)
r(30,1,3,70)
w(66,60,3,70)
w(107,49,3,70)
r(52,54,3,70)
r(3,37,3,70)
w(13,65,3,70)
r(9,0,3,70)
r(106,67,3,70)
w(46,49,3,70)
r(118,60,3,70)
r(14,43,3,70)
w(105,40,3,70)
r(1,14,3,70)
w(31,51,3,70)
w(22,62,3,71)
r(61,61,3,71)
r(60,65,3,71)
r(34,19,3,71)
r(79,23,3,71)
w(26,56,3,71)
r(71,52,3,71)
w(103,54,3,71)
w(90,57,3,71)
w(28,52,3,71)
w(109,54,3,71)
r(70,0,3,71)
r(117,73,3,71)
w(58,41,3,71)
w(77,51,3,71)
r(29,0,3,71)
w(25,43,3,71)
r(9,0,3,71)
r(28,52,3,71)
w(4,53,3,71)
r(3,37,3,72)
r(74,32,3,72)
r(91,48,3,72)
r(96,58,3,72)
w(64,48,3,72)
w(65,54,3,72)
r(86,60,3,72)
r(98,65,3,72)
w(101,42,3,72)
w(94,55,3,72)
r(81,69,3,72)
w(17,47,3,72)
r(69,48,3,72)
r(61,61,3,72)
r(57,55,3,72)
w(89,49,3,72)
w(90,58,3,72)
r(36,16,3,72)
w(3,38,3,72)
w(78,53,3,72)
w(101,43,3,73)
r(26,56,3,73)
w(51,42,3,73)
r(83,30,3,73)
r(48,0,3,73)
w(32,54,3,73)
w(65,55,3,73)
w(66,61,3,73)
w(89,50,3,73)
w(42,46,3,73)
r(49,13,3,73)
r(56,56,3,73)
w(54,43,3,73)
r(6,16,3,73)
r(65,55,3,73)
r(27,13,3,73)
w(56,57,3,73)
w(83,47,3,73)
r(36,16,3,73)
w(112,48,3,73)
r(14,43,3,74)
r(64,48,3,74)
w(72,57,3,74)
r(61,61,3,74)
r(103,54,3,74)
r(40,73,3,74)
r(53,53,3,74)
w(105,41,3,74)
r(30,1,3,74)
w(12,50,3,74)
w(89,51,3,74)
w(105,42,3,74)
r(98,65,3,74)
r(11,59,3,74)
r(36,16,3,74)
w(30,49,3,74)
w(66,62,3,74)
w(9,53,3,74)
r(5,0,3,74)
r(84,36,3,74)
r(5,0,3,75)
r(54,43,3,75)
r(4,53,3,75)
w(66,63,3,75)
w(30,50,3,75)
r(1,14,3,75)
w(85,58,3,75)
r(39,49,3,75)
w(6,42,3,75)
r(41,1,3,75)
r(44,1,3,75)
r(66,63,3,75)
w(8,42,3,75)
r(33,18,3,75)
w(35,41,3,75)
w(66,64,3,75)
r(19,43,3,75)
w(96,59,3,75)
r(5,0,3,75)
r(73,57,3,75)
r(49,13,3,76)
w(51,43,3,76)
w(11,40,3,76)
r(61,2,3,76)
r(33,18,3,76)
r(54,43,3,76)
w(82,61,3,76)
r(57,3,3,76)
w(113,45,3,76)
r(102,1,3,76)
r(96,59,3,76)
w(86,61,3,76)
r(16,1,3,76)
w(37,51,3,76)
r(111,48,3,76)
r(33,18,3,76)
r(74,32,3,76)
r(26,56,3,76)
r(42,46,3,76)
r(12,2,3,76)
r(100,1,3,77)
r(110,46,3,77)
r(34,1,3,77)
w(110,47,3,77)
w(74,47,3,77)
r(19,43,3,77)
w(18,48,3,77)
w(54,44,3,77)
r(60,65,3,77)
r(54,44,3,77)
w(57,56,3,77)
r(51,43,3,77)
w(80,56,3,77)
r(7,55,3,77)
r(104,47,3,77)
w(35,42,3,77)
r(66,2,3,77)
r(6,1,3,77)
w(77,52,3,77)
r(7,55,3,77)
r(79,1,3,78)
r(76,2,3,78)
w(21,63,3,78)
w(7,56,3,78)
w(99,52,3,78)
r(101,43,3,78)
w(4,54,3,78)
w(26,57,3,78)
r(4,54,3,78)
r(23,48,3,78)
r(23,48,3,78)
w(28,53,3,78)
w(5,63,3,78)
w(71,53,3,78)
r(74,47,3,78)
w(111,49,3,78)
r(9,2,3,78)
r(0,45,3,78)
w(69,49,3,78)
r(110,47,3,78)
r(2,2,3,79)
r(36,1,3,79)
r(21,63,3,79)
w(59,57,3,79)
w(1,51,3,79)
w(99,53,3,79)
r(61,37,3,79)
r(36,1,3,79)
r(8,42,3,79)
w(22,63,3,79)
w(51,44,3,79)
w(106,68,3,79)
r(83,2,3,79)
w(116,58,3,79)
w(31,52,3,79)
r(75,66,3,79)
r(99,53,3,79)
r(40,73,3,79)
w(57,57,3,79)
w(78,54,3,79)
r(28,0,4,80)
r(26,0,4,80)
r(30,0,4,80)
r(70,0,4,80)
r(115,0,4,80)
w(54,55,4,80)
w(106,82,4,80)
r(37,0,4,80)
w(12,64,4,80)
w(28,70,4,80)
r(57,0,4,80)
r(89,0,4,80)
r(59,0,4,80)
r(58,0,4,80)
r(115,0,4,80)
w(114,61,4,80)
r(31,0,4,80)
w(99,69,4,80)
r(56,0,4,80)
r(115,0,4,80)
r(13,0,4,81)
w(31,63,4,81)
r(101,0,4,81)
r(3,0,4,81)
r(26,0,4,81)
r(104,0,4,81)
w(116,67,4,81)
r(119,0,4,81)
r(26,0,4,81)
r(26,0,4,81)
r(113,0,4,81)
r(27,0,4,81)
r(67,0,4,81)
r(95,0,4,81)
w(116,68,4,81)
w(41,68,4,81)
r(61,0,4,81)
w(86,75,4,81)
r(21,0,4,81)
r(64,0,4,81)
w(67,71,4,82)
r(28,70,4,82)
r(91,0,4,82)
w(38,70,4,82)
w(110,58,4,82)
r(67,71,4,82)
r(60,0,4,82)
w(28,71,4,82)
w(83,59,4,82)
r(46,0,4,82)
w(7,69,4,82)
w(101,64,4,82)
r(113,0,4,82)
r(33,0,4,82)
r(96,0,4,82)
w(90,74,4,82)
w(47,65,4,82)
w(119,56,4,82)
w(86,76,4,82)
r(22,0,4,82)
r(34,66,4,83)
w(42,63,4,83)
r(10,0,4,83)
r(108,0,4,83)
w(103,74,4,83)
w(17,65,4,83)
r(104,0,4,83)
r(72,0,4,83)
r(86,76,4,83)
w(59,74,4,83)
w(49,64,4,83)
r(34,66,4,83)
w(60,65,4,83)
r(31,63,4,83)
w(73,56,4,83)
r(9,0,4,83)
w(24,70,4,83)
w(99,70,4,83)
r(62,0,4,83)
w(79,68,4,83)
w(97,69,4,84)
r(20,0,4,84)
r(68,51,4,84)
w(53,53,4,84)
r(113,43,4,84)
w(37,71,4,84)
w(12,65,4,84)
w(81,69,4,84)
w(20,62,4,84)
w(68,70,4,84)
r(59,74,4,84)
r(32,52,4,84)
r(39,0,4,84)
w(15,72,4,84)
w(21,73,4,84)
w(117,73,4,84)
r(31,63,4,84)
r(14,0,4,84)
w(37,72,4,84)
r(97,69,4,84)
w(2,75,4,85)
w(35,55,4,85)
w(118,71,4,85)
w(88,69,4,85)
w(69,61,4,85)
w(75,66,4,85)
w(52,71,4,85)
r(113,43,4,85)
r(51,0,4,85)
r(48,0,4,85)
w(119,57,4,85)
r(74,0,4,85)
r(56,0,4,85)
w(68,71,4,85)
w(71,72,4,85)
r(1,49,4,85)
r(12,65,4,85)
w(21,74,4,85)
r(25,0,4,85)
w(6,61,4,85)
w(111,61,4,86)
w(16,69,4,86)
r(103,16,4,86)
w(98,65,4,86)
w(72,77,4,86)
r(31,16,4,86)
w(40,73,4,86)
r(23,0,4,86)
r(106,62,4,86)
r(17,65,4,86)
w(58,48,4,86)
w(114,62,4,86)
r(79,23,4,86)
r(93,0,4,86)
w(119,58,4,86)
r(43,41,4,86)
r(74,46,4,86)
r(67,71,4,86)
w(11,59,4,86)
w(14,58,4,86)
r(22,62,4,87)
w(73,57,4,87)
r(109,54,4,87)
r(101,43,4,87)
r(114,19,4,87)
r(86,60,4,87)
r(56,57,4,87)
r(13,65,4,87)
w(104,47,4,87)
r(27,13,4,87)
w(77,75,4,87)
r(9,0,4,87)
w(3,54,4,87)
r(112,48,4,87)
w(52,72,4,87)
w(27,52,4,87)
r(21,40,4,87)
w(69,62,4,87)
r(46,49,4,87)
w(81,70,4,87)
r(102,1,4,88)
w(7,70,4,88)
r(95,46,4,88)
w(38,71,4,88)
w(86,77,4,88)
w(90,75,4,88)
w(82,72,4,88)
r(71,53,4,88)
w(11,60,4,88)
r(2,2,4,88)
r(106,68,4,88)
w(85,77,4,88)
w(79,69,4,88)
w(70,71,4,88)
r(40,73,4,88)
r(96,59,4,88)
w(37,73,4,88)
r(53,1,4,88)
w(48,75,4,88)
w(42,64,4,88)
w(57,69,4,89)
r(42,64,4,89)
r(111,49,4,89)
w(92,61,4,89)
w(78,73,4,89)
w(105,54,4,89)
r(106,68,4,89)
r(28,53,4,89)
w(107,66,4,89)
w(58,49,4,89)
w(105,55,4,89)
r(89,51,4,89)
r(17,47,4,89)
w(9,67,4,89)
r(117,14,4,89)
r(90,75,4,89)
w(12,66,4,89)
w(45,76,4,89)
w(68,72,4,89)
r(92,61,4,89)
r(1,51,4,90)
w(91,62,4,90)
r(94,16,4,90)
w(37,74,4,90)
w(94,66,4,90)
r(64,4,4,90)
r(47,19,4,90)
w(70,72,4,90)
r(40,22,4,90)
r(8,42,4,90)
r(46,49,4,90)
r(22,18,4,90)
w(61,77,4,90)
r(45,43,4,90)
w(6,62,4,90)
w(32,68,4,90)
r(94,66,4,90)
w(107,67,4,90)
w(69,63,4,90)
r(101,12,4,90)
r(55,38,4,91)
r(93,20,4,91)
r(111,34,4,91)
w(76,70,4,91)
r(0,45,4,91)
r(69,63,4,91)
r(85,77,4,91)
w(2,76,4,91)
r(12,21,4,91)
r(118,18,4,91)
r(21,63,4,91)
r(115,20,4,91)
w(106,83,4,91)
r(83,2,4,91)
r(103,17,4,91)
r(49,14,4,91)
w(102,62,4,91)
r(13,26,4,91)
r(34,21,4,91)
r(102,62,4,91)
r(79,69,4,92)
w(73,58,4,92)
r(53,1,4,92)
w(47,66,4,92)
r(44,14,4,92)
r(84,17,4,92)
w(49,65,4,92)
r(112,12,4,92)
w(44,61,4,92)
r(52,72,4,92)
r(33,1,4,92)
r(99,53,4,92)
r(104,11,4,92)
w(86,78,4,92)
w(0,76,4,92)
w(8,57,4,92)
r(119,58,4,92)
r(75,38,4,92)
r(38,22,4,92)
w(82,73,4,92)
r(66,3,4,93)
w(39,68,4,93)
w(80,76,4,93)
w(46,68,4,93)
r(57,4,4,93)
r(37,34,4,93)
w(63,69,4,93)
r(98,3,4,93)
w(111,62,4,93)
w(37,75,4,93)
w(67,72,4,93)
r(32,31,4,93)
r(85,2,4,93)
w(103,75,4,93)
r(42,15,4,93)
w(5,82,4,93)
r(3,21,4,93)
r(79,2,4,93)
r(39,68,4,93)
w(62,77,4,93)
r(63,69,4,94)
w(20,63,4,94)
r(108,34,4,94)
r(60,18,4,94)
w(39,69,4,94)
w(119,59,4,94)
r(46,68,4,94)
r(63,69,4,94)
r(74,47,4,94)
w(42,65,4,94)
r(58,1,4,94)
r(6,19,4,94)
r(14,1,4,94)
w(58,50,4,94)
r(78,38,4,94)
w(70,73,4,94)
w(61,78,4,94)
w(16,70,4,94)
r(28,24,4,94)
r(77,12,4,94)
r(105,24,4,95)
r(98,3,4,95)
r(63,35,4,95)
w(8,58,4,95)
r(119,59,4,95)
r(96,39,4,95)
r(50,3,4,95)
w(57,70,4,95)
r(34,22,4,95)
w(12,67,4,95)
w(48,76,4,95)
w(83,60,4,95)
w(54,56,4,95)
w(3,55,4,95)
r(104,11,4,95)
r(20,63,4,95)
r(24,1,4,95)
r(64,5,4,95)
w(67,73,4,95)
r(32,32,4,95)
r(13,6,4,96)
r(37,75,4,96)
w(60,66,4,96)
w(42,66,4,96)
w(37,76,4,96)
w(92,62,4,96)
w(78,74,4,96)
w(6,63,4,96)
r(107,67,4,96)
r(47,1,4,96)
r(98,3,4,96)
r(30,33,4,96)
r(8,58,4,96)
r(81,19,4,96)
w(12,68,4,96)
r(97,35,4,96)
w(20,64,4,96)
w(84,76,4,96)
r(44,28,4,96)
r(41,24,4,96)
r(19,1,4,97)
w(9,68,4,97)
r(56,42,4,97)
r(25,33,4,97)
r(59,1,4,97)
r(111,62,4,97)
w(11,61,4,97)
r(51,28,4,97)
w(74,65,4,97)
w(41,69,4,97)
w(78,75,4,97)
w(76,71,4,97)
r(57,70,4,97)
r(42,66,4,97)
w(97,70,4,97)
r(93,22,4,97)
r(30,34,4,97)
w(84,77,4,97)
w(25,52,4,97)
w(55,71,4,97)
w(72,78,4,98)
r(79,2,4,98)
w(112,63,4,98)
w(12,69,4,98)
r(104,12,4,98)
w(58,51,4,98)
w(100,74,4,98)
r(38,38,4,98)
r(37,76,4,98)
w(35,56,4,98)
r(32,33,4,98)
w(25,53,4,98)
r(87,1,4,98)
r(86,40,4,98)
w(67,74,4,98)
r(2,39,4,98)
r(117,16,4,98)
w(107,68,4,98)
r(56,42,4,98)
r(70,17,4,98)
w(64,60,4,99)
r(32,33,4,99)
r(82,18,4,99)
r(1,2,4,99)
w(65,72,4,99)
r(22,2,4,99)
r(52,19,4,99)
w(94,67,4,99)
w(104,48,4,99)
w(73,59,4,99)
r(118,40,4,99)
w(79,70,4,99)
r(72,78,4,99)
w(55,72,4,99)
r(115,21,4,99)
r(68,18,4,99)
w(28,72,4,99)
w(32,69,4,99)
r(37,76,4,99)
r(102,34,4,99)
