w(78,1,0,0)
r(26,9,0,0)
w(100,1,0,0)
r(85,0,0,0)
w(75,1,0,0)
r(112,21,0,0)
r(97,0,0,0)
w(96,1,0,0)
w(76,1,0,0)
w(49,1,0,0)
r(71,0,0,0)
r(109,0,0,0)
w(3,1,0,0)
w(62,1,0,0)
w(30,1,0,0)
w(33,1,0,0)
r(114,0,0,0)
w(75,2,0,0)
r(96,1,0,0)
r(2,77,0,0)
r(34,52,0,1)
w(35,1,0,1)
w(91,1,0,1)
r(62,1,0,1)
r(35,1,0,1)
w(108,1,0,1)
w(20,1,0,1)
w(109,1,0,1)
w(24,1,0,1)
w(61,1,0,1)
r(101,77,0,1)
r(81,0,0,1)
w(61,2,0,1)
r(21,19,0,1)
r(96,1,0,1)
w(71,1,0,1)
w(18,1,0,1)
r(67,0,0,1)
r(35,1,0,1)
r(71,1,0,1)
w(81,1,0,2)
w(40,1,0,2)
w(85,1,0,2)
w(84,1,0,2)
r(45,18,0,2)
r(31,41,0,2)
r(110,0,0,2)
w(65,1,0,2)
w(55,1,0,2)
w(83,1,0,2)
r(48,0,0,2)
r(25,49,0,2)
r(75,2,0,2)
w(13,1,0,2)
r(58,17,0,2)
r(55,1,0,2)
r(17,0,0,2)
r(113,0,0,2)
w(0,1,0,2)
w(83,2,0,2)
r(4,63,0,3)
w(57,1,0,3)
r(34,52,0,3)
w(52,1,0,3)
w(88,1,0,3)
r(56,19,0,3)
r(5,30,0,3)
w(47,1,0,3)
w(84,2,0,3)
w(4,1,0,3)
w(1,1,0,3)
w(25,1,0,3)
w(89,1,0,3)
w(58,1,0,3)
w(86,1,0,3)
r(42,0,0,3)
w(43,1,0,3)
r(81,1,0,3)
w(2,1,0,3)
w(57,2,0,3)
r(17,0,0,4)
w(77,1,0,4)
r(118,37,0,4)
r(4,1,0,4)
r(9,40,0,4)
r(47,1,0,4)
w(52,2,0,4)
r(15,65,0,4)
w(115,1,0,4)
w(99,1,0,4)
w(9,1,0,4)
w(89,2,0,4)
r(95,51,0,4)
r(19,0,0,4)
r(13,1,0,4)
w(93,1,0,4)
w(85,2,0,4)
w(41,1,0,4)
w(10,1,0,4)
r(25,1,0,4)
w(111,1,0,5)
w(44,1,0,5)
r(27,71,0,5)
r(84,74,0,5)
r(45,18,0,5)
w(85,3,0,5)
w(113,1,0,5)
r(34,71,0,5)
r(33,65,0,5)
w(53,1,0,5)
r(56,20,0,5)
r(72,51,0,5)
r(50,17,0,5)
w(12,1,0,5)
w(29,1,0,5)
r(30,21,0,5)
r(15,65,0,5)
r(101,15,0,5)
r(23,43,0,5)
r(114,60,0,5)
r(12,1,0,6)
w(56,1,0,6)
r(96,1,0,6)
w(49,2,0,6)
r(59,21,0,6)
w(40,2,0,6)
r(61,2,0,6)
w(90,1,0,6)
r(81,1,0,6)
w(13,2,0,6)
w(68,1,0,6)
r(106,66,0,6)
r(54,22,0,6)
w(35,2,0,6)
w(111,2,0,6)
r(6,0,0,6)
w(44,2,0,6)
r(48,0,0,6)
r(41,16,0,6)
r(58,18,0,6)
r(51,18,0,7)
w(91,2,0,7)
w(35,3,0,7)
w(58,2,0,7)
r(4,1,0,7)
r(56,1,0,7)
r(85,3,0,7)
w(105,1,0,7)
w(36,1,0,7)
r(55,17,0,7)
r(112,22,0,7)
r(92,0,0,7)
r(53,1,0,7)
r(6,0,0,7)
w(115,2,0,7)
r(18,1,0,7)
r(36,1,0,7)
r(70,65,0,7)
w(112,1,0,7)
w(11,1,0,7)
r(57,85,0,8)
r(11,1,0,8)
w(85,4,0,8)
r(48,0,0,8)
r(29,71,0,8)
r(19,63,0,8)
w(28,1,0,8)
w(49,3,0,8)
w(22,1,0,8)
w(113,2,0,8)
r(111,37,0,8)
r(21,37,0,8)
w(87,1,0,8)
r(10,1,0,8)
w(92,1,0,8)
w(53,2,0,8)
w(90,2,0,8)
r(37,60,0,8)
w(112,2,0,8)
r(93,18,0,8)
w(48,1,0,9)
r(29,71,0,9)
w(21,1,0,9)
w(57,3,0,9)
w(83,3,0,9)
w(99,2,0,9)
r(69,59,0,9)
w(54,1,0,9)
r(78,30,0,9)
w(24,2,0,9)
r(103,13,0,9)
w(88,2,0,9)
r(7,17,0,9)
w(73,1,0,9)
w(46,1,0,9)
w(31,1,0,9)
w(32,1,0,9)
r(113,2,0,9)
r(74,27,0,9)
r(97,0,0,9)
r(2,78,0,10)
w(72,1,0,10)
r(49,3,0,10)
r(116,33,0,10)
w(100,2,0,10)
w(106,1,0,10)
r(107,0,0,10)
r(44,2,0,10)
r(37,60,0,10)
r(94,27,0,10)
w(67,1,0,10)
w(71,2,0,10)
w(63,1,0,10)
r(98,31,0,10)
w(105,2,0,10)
w(51,1,0,10)
r(4,41,0,10)
w(42,1,0,10)
w(39,1,0,10)
w(90,3,0,10)
r(118,24,0,11)
r(49,3,0,11)
w(81,2,0,11)
w(35,4,0,11)
w(99,3,0,11)
w(82,1,0,11)
w(103,1,0,11)
w(109,2,0,11)
w(11,2,0,11)
r(110,9,0,11)
r(42,1,0,11)
w(81,3,0,11)
w(104,1,0,11)
w(111,3,0,11)
r(13,65,0,11)
r(5,72,0,11)
r(31,1,0,11)
w(108,2,0,11)
w(10,2,0,11)
r(14,0,0,11)
r(109,2,0,12)
r(3,32,0,12)
r(66,18,0,12)
w(91,3,0,12)
r(26,9,0,12)
w(2,2,0,12)
r(101,16,0,12)
r(88,2,0,12)
w(47,2,0,12)
w(49,4,0,12)
w(41,2,0,12)
w(88,3,0,12)
r(11,2,0,12)
r(62,55,0,12)
r(47,2,0,12)
r(110,9,0,12)
r(98,31,0,12)
r(10,2,0,12)
r(33,65,0,12)
r(68,20,0,12)
w(79,1,0,13)
r(20,23,0,13)
w(95,1,0,13)
w(53,3,0,13)
r(49,4,0,13)
w(109,3,0,13)
r(112,2,0,13)
r(66,18,0,13)
r(112,2,0,13)
w(71,3,0,13)
w(86,2,0,13)
w(104,2,0,13)
w(67,2,0,13)
r(8,0,0,13)
w(96,2,0,13)
r(11,2,0,13)
w(14,1,0,13)
r(50,54,0,13)
w(57,4,0,13)
w(101,1,0,13)
w(108,3,0,14)
w(26,1,0,14)
r(18,31,0,14)
r(95,1,0,14)
w(39,2,0,14)
r(89,22,0,14)
w(1,2,0,14)
w(54,2,0,14)
r(98,31,0,14)
r(112,2,0,14)
r(82,1,0,14)
w(10,3,0,14)
w(119,1,0,14)
r(56,60,0,14)
r(8,0,0,14)
r(96,2,0,14)
r(99,3,0,14)
w(7,1,0,14)
r(96,2,0,14)
w(65,2,0,14)
w(21,2,0,15)
w(83,4,0,15)
r(53,59,0,15)
r(6,73,0,15)
r(118,24,0,15)
w(74,1,0,15)
r(118,24,0,15)
r(68,52,0,15)
w(60,1,0,15)
w(1,3,0,15)
w(13,3,0,15)
w(104,3,0,15)
r(107,0,0,15)
r(89,22,0,15)
r(101,43,0,15)
w(7,2,0,15)
r(91,42,0,15)
r(92,29,0,15)
r(58,31,0,15)
w(46,2,0,15)
w(87,2,0,16)
r(6,73,0,16)
w(64,1,0,16)
r(37,60,0,16)
r(91,42,0,16)
w(93,2,0,16)
r(13,3,0,16)
r(110,55,0,16)
w(89,3,0,16)
r(1,3,0,16)
r(104,3,0,16)
r(56,61,0,16)
r(118,24,0,16)
w(25,2,0,16)
w(114,1,0,16)
r(67,73,0,16)
w(20,2,0,16)
r(63,46,0,16)
w(61,3,0,16)
w(95,2,0,16)
w(65,3,0,17)
w(98,1,0,17)
w(49,5,0,17)
r(30,37,0,17)
w(5,1,0,17)
r(33,34,0,17)
r(29,71,0,17)
w(59,1,0,17)
r(106,37,0,17)
r(109,46,0,17)
w(53,4,0,17)
w(64,2,0,17)
r(116,46,0,17)
r(96,2,0,17)
r(88,63,0,17)
w(23,1,0,17)
r(51,73,0,17)
w(89,4,0,17)
r(86,28,0,17)
r(11,35,0,17)
w(33,2,0,18)
r(32,72,0,18)
r(38,87,0,18)
w(44,3,0,18)
r(56,61,0,18)
w(74,2,0,18)
w(119,2,0,18)
w(75,3,0,18)
r(47,88,0,18)
w(54,3,0,18)
w(116,1,0,18)
w(6,1,0,18)
r(20,2,0,18)
r(117,67,0,18)
w(99,4,0,18)
r(105,56,0,18)
w(35,5,0,18)
w(32,2,0,18)
w(76,2,0,18)
w(50,1,0,18)
w(108,4,0,19)
r(43,30,0,19)
r(113,33,0,19)
w(119,3,0,19)
w(21,3,0,19)
w(58,3,0,19)
w(9,2,0,19)
r(29,71,0,19)
w(75,4,0,19)
w(62,2,0,19)
r(18,32,0,19)
w(8,1,0,19)
w(104,4,0,19)
r(26,27,0,19)
r(82,34,0,19)
w(60,2,0,19)
r(51,73,0,19)
w(74,3,0,19)
r(44,3,0,19)
r(48,25,0,19)
w(53,23,1,20)
r(14,0,1,20)
w(50,16,1,20)
r(36,75,1,20)
w(41,15,1,20)
r(11,0,1,20)
w(58,17,1,20)
r(114,0,1,20)
r(21,0,1,20)
w(74,25,1,20)
r(61,0,1,20)
w(94,26,1,20)
r(82,33,1,20)
w(54,22,1,20)
w(30,20,1,20)
r(87,0,1,20)
r(57,0,1,20)
w(45,18,1,20)
w(32,16,1,20)
r(31,41,1,20)
r(88,0,1,21)
r(72,51,1,21)
w(43,17,1,21)
r(57,0,1,21)
r(100,0,1,21)
r(6,0,1,21)
r(107,0,1,21)
w(51,18,1,21)
w(24,18,1,21)
w(43,18,1,21)
r(27,0,1,21)
w(24,19,1,21)
w(112,21,1,21)
r(65,71,1,21)
r(44,72,1,21)
r(3,75,1,21)
r(55,65,1,21)
r(52,36,1,21)
w(47,20,1,21)
r(44,72,1,21)
r(53,23,1,22)
w(56,19,1,22)
w(98,13,1,22)
r(25,75,1,22)
w(77,11,1,22)
w(21,19,1,22)
r(61,70,1,22)
w(44,19,1,22)
w(102,10,1,22)
r(99,0,1,22)
r(24,19,1,22)
w(28,19,1,22)
w(52,19,1,22)
r(61,70,1,22)
r(110,0,1,22)
r(21,19,1,22)
r(77,11,1,22)
w(96,20,1,22)
r(7,0,1,22)
w(26,9,1,22)
r(17,0,1,23)
r(13,1,1,23)
r(84,2,1,23)
w(44,20,1,23)
r(37,0,1,23)
w(55,16,1,23)
w(35,23,1,23)
r(55,16,1,23)
w(47,21,1,23)
r(110,54,1,23)
r(47,21,1,23)
r(116,66,1,23)
r(119,0,1,23)
r(19,0,1,23)
r(106,66,1,23)
r(27,0,1,23)
w(20,23,1,23)
r(38,85,1,23)
w(83,12,1,23)
w(102,11,1,23)
w(41,16,1,24)
r(38,85,1,24)
w(9,20,1,24)
w(78,18,1,24)
w(56,20,1,24)
r(35,23,1,24)
w(91,15,1,24)
r(81,1,1,24)
w(64,9,1,24)
r(64,9,1,24)
w(110,9,1,24)
r(70,35,1,24)
w(63,22,1,24)
r(107,0,1,24)
w(55,17,1,24)
r(90,49,1,24)
r(41,16,1,24)
r(47,21,1,24)
w(50,17,1,24)
w(27,22,1,24)
r(110,9,1,25)
w(40,18,1,25)
w(73,18,1,25)
w(101,15,1,25)
w(44,21,1,25)
w(32,17,1,25)
w(30,21,1,25)
r(115,1,1,25)
r(116,66,1,25)
r(101,15,1,25)
w(85,20,1,25)
r(33,65,1,25)
r(107,0,1,25)
w(112,22,1,25)
w(88,21,1,25)
r(58,1,1,25)
w(38,25,1,25)
w(100,22,1,25)
r(103,47,1,25)
w(70,18,1,25)
r(63,22,1,26)
r(7,0,1,26)
w(100,23,1,26)
r(48,0,1,26)
r(111,55,1,26)
w(94,27,1,26)
r(119,66,1,26)
w(98,14,1,26)
w(47,22,1,26)
w(108,22,1,26)
r(35,23,1,26)
r(47,22,1,26)
r(43,1,1,26)
r(61,2,1,26)
w(58,18,1,26)
w(79,13,1,26)
r(79,13,1,26)
w(21,20,1,26)
w(66,18,1,26)
w(100,24,1,26)
w(28,20,1,27)
r(39,0,1,27)
w(116,16,1,27)
r(119,66,1,27)
w(92,13,1,27)
w(9,21,1,27)
r(0,1,1,27)
r(63,22,1,27)
w(18,18,1,27)
w(103,12,1,27)
r(106,66,1,27)
r(41,16,1,27)
w(22,22,1,27)
r(78,18,1,27)
w(101,16,1,27)
w(88,22,1,27)
w(30,22,1,27)
r(92,13,1,27)
w(68,19,1,27)
r(47,22,1,27)
w(9,22,1,28)
w(16,17,1,28)
w(39,18,1,28)
r(65,72,1,28)
w(93,18,1,28)
r(116,16,1,28)
w(41,17,1,28)
w(60,22,1,28)
w(74,26,1,28)
r(8,0,1,28)
w(7,17,1,28)
w(80,17,1,28)
w(38,26,1,28)
r(47,22,1,28)
w(113,16,1,28)
w(103,13,1,28)
w(32,18,1,28)
r(22,22,1,28)
r(91,2,1,28)
r(40,2,1,28)
w(80,18,1,29)
w(68,20,1,29)
w(105,22,1,29)
r(75,73,1,29)
r(106,66,1,29)
r(75,73,1,29)
w(75,19,1,29)
w(74,27,1,29)
r(15,66,1,29)
r(61,45,1,29)
w(1,12,1,29)
r(82,67,1,29)
r(81,62,1,29)
w(95,17,1,29)
r(20,23,1,29)
r(70,65,1,29)
w(89,22,1,29)
w(27,23,1,29)
r(65,73,1,29)
w(67,20,1,29)
w(69,15,1,30)
w(73,19,1,30)
r(2,56,1,30)
r(114,1,1,30)
w(57,29,1,30)
w(72,21,1,30)
r(12,39,1,30)
r(68,52,1,30)
w(101,17,1,30)
r(19,35,1,30)
w(54,23,1,30)
w(20,24,1,30)
w(88,23,1,30)
r(44,3,1,30)
r(61,3,1,30)
r(97,65,1,30)
w(104,15,1,30)
w(83,13,1,30)
r(115,35,1,30)
w(75,20,1,30)
r(63,46,1,31)
w(78,19,1,31)
w(112,23,1,31)
r(59,23,1,31)
r(110,55,1,31)
w(85,21,1,31)
w(104,16,1,31)
r(65,3,1,31)
r(105,56,1,31)
r(60,2,1,31)
w(65,17,1,31)
w(16,18,1,31)
r(85,21,1,31)
w(110,10,1,31)
w(76,17,1,31)
w(51,19,1,31)
w(8,12,1,31)
w(57,30,1,31)
w(3,14,1,31)
w(57,31,1,31)
r(2,56,1,32)
w(27,24,1,32)
r(13,3,1,32)
r(26,27,1,32)
w(106,17,1,32)
r(117,34,1,32)
w(107,18,1,32)
w(45,19,1,32)
r(92,59,1,32)
w(69,16,1,32)
w(105,23,1,32)
r(40,37,1,32)
w(35,24,1,32)
r(56,61,1,32)
w(3,15,1,32)
w(103,14,1,32)
r(47,41,1,32)
w(96,21,1,32)
r(87,2,1,32)
r(109,46,1,32)
r(69,16,1,33)
r(27,53,1,33)
w(65,18,1,33)
r(30,38,1,33)
r(3,15,1,33)
w(43,19,1,33)
r(91,29,1,33)
w(1,13,1,33)
r(59,23,1,33)
w(57,32,1,33)
r(21,3,1,33)
w(15,19,1,33)
w(101,18,1,33)
r(113,50,1,33)
w(83,14,1,33)
w(45,20,1,33)
w(105,24,1,33)
w(20,25,1,33)
r(118,25,1,33)
w(32,19,1,33)
w(36,17,1,34)
r(65,18,1,34)
w(106,18,1,34)
w(37,12,1,34)
r(38,48,1,34)
r(77,32,1,34)
w(17,17,1,34)
w(93,19,1,34)
r(84,74,1,34)
r(73,19,1,34)
w(109,18,1,34)
r(79,32,1,34)
r(50,36,1,34)
r(11,36,1,34)
w(100,25,1,34)
w(49,22,1,34)
w(51,20,1,34)
r(80,37,1,34)
w(79,14,1,34)
w(81,17,1,34)
r(50,36,1,35)
r(50,36,1,35)
r(118,25,1,35)
r(48,27,1,35)
w(60,23,1,35)
r(42,55,1,35)
r(25,54,1,35)
r(46,48,1,35)
r(49,22,1,35)
w(72,22,1,35)
r(30,53,1,35)
w(6,23,1,35)
w(38,27,1,35)
r(118,25,1,35)
w(25,19,1,35)
w(91,16,1,35)
w(21,21,1,35)
w(89,23,1,35)
r(36,17,1,35)
w(93,20,1,35)
r(109,18,1,36)
w(114,18,1,36)
r(48,58,1,36)
w(86,14,1,36)
r(60,23,1,36)
r(29,41,1,36)
r(13,66,1,36)
r(66,29,1,36)
r(106,18,1,36)
w(98,15,1,36)
r(87,2,1,36)
w(68,21,1,36)
w(11,19,1,36)
w(88,24,1,36)
r(112,23,1,36)
r(78,19,1,36)
w(108,23,1,36)
w(32,20,1,36)
w(3,16,1,36)
w(78,20,1,36)
w(116,17,1,37)
r(11,19,1,37)
w(70,19,1,37)
w(102,12,1,37)
r(33,66,1,37)
r(117,51,1,37)
r(31,56,1,37)
r(28,57,1,37)
w(15,20,1,37)
r(66,29,1,37)
r(16,32,1,37)
w(42,16,1,37)
r(60,23,1,37)
w(114,19,1,37)
r(107,48,1,37)
w(77,12,1,37)
w(70,20,1,37)
r(46,48,1,37)
r(36,17,1,37)
w(20,26,1,37)
r(46,48,1,38)
w(99,22,1,38)
r(81,17,1,38)
r(104,16,1,38)
r(98,15,1,38)
w(36,18,1,38)
r(77,12,1,38)
r(93,20,1,38)
r(37,12,1,38)
w(112,24,1,38)
w(2,24,1,38)
w(1,14,1,38)
w(83,15,1,38)
w(51,21,1,38)
r(69,16,1,38)
r(11,19,1,38)
w(31,21,1,38)
w(80,19,1,38)
r(116,17,1,38)
r(70,20,1,38)
r(63,69,1,39)
r(52,75,1,39)
r(9,43,1,39)
w(53,24,1,39)
w(21,22,1,39)
r(10,61,1,39)
r(25,19,1,39)
w(52,20,1,39)
w(7,18,1,39)
r(95,34,1,39)
r(1,14,1,39)
w(78,21,1,39)
r(9,43,1,39)
r(102,12,1,39)
w(101,19,1,39)
w(57,33,1,39)
w(94,28,1,39)
w(12,17,1,39)
r(32,20,1,39)
w(110,11,1,39)
r(34,0,2,40)
r(68,0,2,40)
r(24,0,2,40)
r(12,0,2,40)
w(104,31,2,40)
w(32,35,2,40)
w(38,45,2,40)
r(41,0,2,40)
r(39,0,2,40)
r(98,0,2,40)
w(52,36,2,40)
w(117,32,2,40)
r(117,32,2,40)
r(6,0,2,40)
r(88,0,2,40)
w(105,40,2,40)
w(91,28,2,40)
w(108,39,2,40)
w(96,37,2,40)
r(1,0,2,40)
w(117,33,2,41)
r(14,0,2,41)
r(105,40,2,41)
w(64,27,2,41)
r(43,0,2,41)
w(28,37,2,41)
r(73,0,2,41)
r(46,0,2,41)
r(70,0,2,41)
r(50,0,2,41)
w(116,32,2,41)
w(31,41,2,41)
r(90,0,2,41)
w(82,33,2,41)
r(43,0,2,41)
r(93,0,2,41)
w(10,36,2,41)
r(2,0,2,41)
w(103,28,2,41)
w(9,40,2,41)
w(1,37,2,42)
w(18,30,2,42)
w(59,21,2,42)
r(55,65,2,42)
r(40,0,2,42)
w(50,34,2,42)
r(3,77,2,42)
r(33,64,2,42)
r(96,20,2,42)
w(70,35,2,42)
w(36,33,2,42)
w(53,39,2,42)
w(98,30,2,42)
r(96,20,2,42)
r(114,0,2,42)
r(101,77,2,42)
w(109,32,2,42)
r(74,80,2,42)
w(5,30,2,42)
w(64,28,2,42)
w(116,33,2,43)
r(81,1,2,43)
r(63,22,2,43)
r(68,19,2,43)
r(67,0,2,43)
r(101,16,2,43)
r(36,1,2,43)
w(18,31,2,43)
w(111,37,2,43)
w(55,43,2,43)
r(29,1,2,43)
w(109,33,2,43)
r(32,17,2,43)
r(22,22,2,43)
w(54,41,2,43)
r(46,64,2,43)
r(100,24,2,43)
r(58,2,2,43)
w(30,35,2,43)
r(80,71,2,43)
r(81,62,2,44)
w(98,31,2,44)
r(87,0,2,44)
w(45,31,2,44)
r(53,1,2,44)
r(92,13,2,44)
r(81,62,2,44)
r(52,2,2,44)
w(32,36,2,44)
r(9,22,2,44)
w(47,39,2,44)
r(20,23,2,44)
r(60,22,2,44)
w(21,37,2,44)
w(34,27,2,44)
w(46,37,2,44)
w(65,39,2,44)
r(41,17,2,44)
w(23,27,2,44)
r(28,20,2,44)
w(39,34,2,45)
r(76,67,2,45)
w(50,35,2,45)
w(83,31,2,45)
r(103,13,2,45)
w(65,40,2,45)
r(70,65,2,45)
w(30,36,2,45)
w(53,40,2,45)
w(42,35,2,45)
r(36,1,2,45)
r(108,22,2,45)
r(69,59,2,45)
r(9,22,2,45)
r(74,26,2,45)
r(107,0,2,45)
w(71,34,2,45)
r(26,9,2,45)
w(4,41,2,45)
w(28,38,2,45)
w(108,40,2,46)
r(24,1,2,46)
w(118,24,2,46)
w(115,34,2,46)
r(24,1,2,46)
w(58,29,2,46)
r(4,41,2,46)
w(3,32,2,46)
r(93,18,2,46)
r(110,9,2,46)
w(71,35,2,46)
w(78,30,2,46)
w(58,30,2,46)
w(52,37,2,46)
r(40,2,2,46)
w(31,42,2,46)
w(9,41,2,46)
w(52,38,2,46)
w(77,30,2,46)
w(47,40,2,46)
r(92,1,2,47)
w(54,42,2,47)
w(46,38,2,47)
w(55,44,2,47)
w(73,33,2,47)
r(62,34,2,47)
w(83,32,2,47)
r(90,3,2,47)
r(28,54,2,47)
r(25,52,2,47)
w(51,31,2,47)
w(36,34,2,47)
w(82,34,2,47)
r(59,21,2,47)
w(12,38,2,47)
w(6,48,2,47)
w(0,38,2,47)
w(60,41,2,47)
r(69,46,2,47)
w(9,42,2,47)
r(39,51,2,48)
r(112,2,2,48)
w(76,27,2,48)
r(93,43,2,48)
w(33,32,2,48)
r(40,57,2,48)
r(68,52,2,48)
r(64,9,2,48)
w(46,39,2,48)
r(43,47,2,48)
r(8,0,2,48)
r(45,55,2,48)
w(33,33,2,48)
w(26,26,2,48)
r(114,60,2,48)
w(90,37,2,48)
r(101,63,2,48)
r(10,59,2,48)
r(34,53,2,48)
r(69,46,2,48)
w(48,25,2,49)
r(33,33,2,49)
w(33,34,2,49)
w(51,32,2,49)
w(38,46,2,49)
w(7,30,2,49)
w(79,31,2,49)
r(111,3,2,49)
r(21,71,2,49)
w(19,34,2,49)
w(85,40,2,49)
w(106,37,2,49)
w(58,31,2,49)
r(92,1,2,49)
w(43,29,2,49)
w(90,38,2,49)
r(112,2,2,49)
w(92,29,2,49)
r(4,41,2,49)
w(54,43,2,49)
r(61,46,2,50)
r(10,59,2,50)
r(80,52,2,50)
w(34,28,2,50)
r(74,27,2,50)
w(18,32,2,50)
w(12,39,2,50)
w(26,27,2,50)
r(14,56,2,50)
w(39,35,2,50)
r(1,71,2,50)
w(77,31,2,50)
r(87,1,2,50)
r(22,78,2,50)
r(11,2,2,50)
r(100,50,2,50)
r(46,39,2,50)
r(70,53,2,50)
w(16,31,2,50)
w(101,43,2,50)
w(73,34,2,51)
r(111,3,2,51)
w(43,30,2,51)
r(28,54,2,51)
w(74,44,2,51)
w(25,36,2,51)
w(59,22,2,51)
w(54,44,2,51)
w(104,32,2,51)
w(3,33,2,51)
w(28,39,2,51)
r(42,54,2,51)
r(20,55,2,51)
r(112,2,2,51)
w(19,35,2,51)
r(109,46,2,51)
r(24,57,2,51)
r(4,41,2,51)
r(41,50,2,51)
w(79,32,2,51)
r(53,59,2,52)
w(76,28,2,52)
r(93,43,2,52)
w(110,30,2,52)
r(113,49,2,52)
r(30,51,2,52)
r(47,59,2,52)
r(81,52,2,52)
r(0,55,2,52)
w(40,37,2,52)
r(103,1,2,52)
w(95,32,2,52)
w(0,39,2,52)
r(3,33,2,52)
w(34,29,2,52)
w(11,35,2,52)
r(102,47,2,52)
w(36,35,2,52)
r(37,60,2,52)
r(87,1,2,52)
r(61,46,2,53)
r(6,73,2,53)
r(110,30,2,53)
w(119,25,2,53)
w(98,32,2,53)
r(74,1,2,53)
w(17,27,2,53)
r(23,53,2,53)
r(86,2,2,53)
w(113,33,2,53)
w(86,28,2,53)
w(34,30,2,53)
r(12,39,2,53)
r(15,50,2,53)
r(65,2,2,53)
r(102,47,2,53)
w(36,36,2,53)
w(61,30,2,53)
r(10,59,2,53)
w(30,37,2,53)
r(51,73,2,54)
r(51,73,2,54)
r(110,55,2,54)
r(22,78,2,54)
w(5,31,2,54)
r(117,67,2,54)
w(115,35,2,54)
r(118,24,2,54)
w(50,36,2,54)
w(88,43,2,54)
r(84,74,2,54)
r(118,24,2,54)
r(7,2,2,54)
w(48,26,2,54)
w(1,38,2,54)
r(25,2,2,54)
w(59,23,2,54)
r(61,3,2,54)
r(46,2,2,54)
r(102,47,2,54)
r(33,2,2,55)
r(70,53,2,55)
w(70,36,2,55)
r(83,4,2,55)
w(95,33,2,55)
r(68,52,2,55)
r(79,32,2,55)
w(95,34,2,55)
r(12,39,2,55)
r(47,88,2,55)
r(57,73,2,55)
w(17,28,2,55)
w(37,32,2,55)
w(117,34,2,55)
r(108,4,2,55)
r(86,28,2,55)
w(91,29,2,55)
w(34,31,2,55)
w(23,28,2,55)
w(47,41,2,55)
r(74,3,2,56)
w(28,40,2,56)
w(54,45,2,56)
w(118,25,2,56)
w(19,36,2,56)
r(76,17,2,56)
w(43,31,2,56)
w(97,32,2,56)
w(10,37,2,56)
r(87,2,2,56)
w(49,43,2,56)
w(48,27,2,56)
r(79,32,2,56)
r(37,32,2,56)
r(49,43,2,56)
r(38,87,2,56)
r(12,39,2,56)
w(16,32,2,56)
r(34,31,2,56)
r(49,43,2,56)
r(87,2,2,57)
w(77,32,2,57)
r(113,33,2,57)
r(102,47,2,57)
w(29,41,2,57)
w(24,37,2,57)
w(9,43,2,57)
w(41,35,2,57)
r(31,55,2,57)
r(5,31,2,57)
w(38,47,2,57)
r(57,31,2,57)
r(100,50,2,57)
w(38,48,2,57)
w(44,36,2,57)
r(34,31,2,57)
r(50,36,2,57)
r(104,16,2,57)
w(72,33,2,57)
w(22,39,2,57)
w(22,40,2,58)
r(70,36,2,58)
r(107,18,2,58)
r(69,16,2,58)
r(60,2,2,58)
r(16,32,2,58)
w(98,33,2,58)
r(13,3,2,58)
w(33,35,2,58)
w(66,29,2,58)
r(112,23,2,58)
w(119,26,2,58)
w(18,33,2,58)
w(111,38,2,58)
r(32,2,2,58)
r(17,28,2,58)
w(80,37,2,58)
r(76,17,2,58)
w(30,38,2,58)
w(41,36,2,58)
r(35,24,2,59)
r(58,3,2,59)
r(99,4,2,59)
r(32,2,2,59)
r(39,35,2,59)
r(104,16,2,59)
r(108,4,2,59)
w(1,39,2,59)
w(40,38,2,59)
r(2,56,2,59)
w(58,32,2,59)
w(35,44,2,59)
r(70,36,2,59)
w(53,41,2,59)
w(71,36,2,59)
w(26,28,2,59)
w(11,36,2,59)
w(5,32,2,59)
r(48,27,2,59)
w(119,27,2,59)
r(95,0,3,60)
r(87,0,3,60)
w(90,49,3,60)
w(108,54,3,60)
r(14,0,3,60)
w(35,59,3,60)
w(34,51,3,60)
r(32,16,3,60)
w(111,54,3,60)
r(88,0,3,60)
w(104,50,3,60)
r(79,67,3,60)
w(103,47,3,60)
w(64,48,3,60)
r(61,70,3,60)
w(65,56,3,60)
r(83,74,3,60)
w(23,43,3,60)
r(112,21,3,60)
w(95,51,3,60)
r(70,64,3,61)
w(34,52,3,61)
w(118,37,3,61)
r(9,40,3,61)
r(104,50,3,61)
w(111,55,3,61)
w(25,49,3,61)
r(82,66,3,61)
r(114,0,3,61)
w(35,60,3,61)
r(77,11,3,61)
r(33,64,3,61)
r(21,19,3,61)
r(66,58,3,61)
w(57,72,3,61)
r(31,41,3,61)
r(90,49,3,61)
r(108,54,3,61)
w(91,41,3,61)
r(99,0,3,61)
w(108,55,3,62)
w(73,50,3,62)
w(61,45,3,62)
r(24,1,3,62)
w(95,52,3,62)
r(7,17,3,62)
w(55,59,3,62)
w(3,50,3,62)
w(85,52,3,62)
r(30,35,3,62)
r(56,1,3,62)
w(35,61,3,62)
w(17,37,3,62)
r(22,22,3,62)
w(2,55,3,62)
w(16,47,3,62)
w(9,57,3,62)
r(100,24,3,62)
r(2,55,3,62)
r(116,33,3,62)
r(71,35,3,63)
r(53,40,3,63)
r(31,42,3,63)
r(113,16,3,63)
w(12,61,3,63)
w(25,50,3,63)
r(69,59,3,63)
w(106,52,3,63)
w(22,59,3,63)
r(78,30,3,63)
r(57,85,3,63)
r(106,52,3,63)
w(41,48,3,63)
r(13,65,3,63)
r(71,35,3,63)
r(81,62,3,63)
w(50,54,3,63)
r(108,40,3,63)
w(40,57,3,63)
r(109,33,3,63)
w(0,54,3,64)
w(105,55,3,64)
r(105,55,3,64)
r(68,20,3,64)
r(100,2,3,64)
w(52,54,3,64)
w(80,51,3,64)
r(94,27,3,64)
w(113,49,3,64)
r(51,1,3,64)
w(49,57,3,64)
r(101,1,3,64)
w(93,43,3,64)
w(47,59,3,64)
w(68,52,3,64)
w(31,55,3,64)
r(72,1,3,64)
r(84,74,3,64)
w(77,47,3,64)
r(106,1,3,64)
r(80,51,3,65)
w(81,51,3,65)
w(28,54,3,65)
r(41,2,3,65)
w(53,56,3,65)
w(41,49,3,65)
w(30,50,3,65)
w(70,53,3,65)
w(100,50,3,65)
r(102,11,3,65)
r(31,55,3,65)
r(118,24,3,65)
r(53,56,3,65)
r(45,31,3,65)
w(53,57,3,65)
r(35,4,3,65)
w(14,56,3,65)
w(12,62,3,65)
w(17,38,3,65)
r(112,2,3,65)
w(50,55,3,66)
w(34,53,3,66)
w(51,50,3,66)
w(45,54,3,66)
r(90,3,3,66)
r(62,55,3,66)
r(92,1,3,66)
w(115,55,3,66)
r(4,41,3,66)
r(26,1,3,66)
r(109,3,3,66)
w(52,55,3,66)
w(83,53,3,66)
w(105,56,3,66)
r(80,51,3,66)
r(69,59,3,66)
r(47,59,3,66)
w(76,50,3,66)
r(87,1,3,66)
r(108,3,3,66)
w(5,52,3,67)
r(14,56,3,67)
r(55,66,3,67)
r(62,55,3,67)
w(22,60,3,67)
w(106,53,3,67)
r(84,74,3,67)
w(69,46,3,67)
r(57,4,3,67)
w(53,58,3,67)
r(43,70,3,67)
r(71,3,3,67)
r(80,51,3,67)
r(8,0,3,67)
r(80,51,3,67)
w(76,51,3,67)
w(62,34,3,67)
w(97,48,3,67)
r(52,55,3,67)
r(30,50,3,67)
r(55,66,3,68)
w(25,51,3,68)
w(98,45,3,68)
r(72,52,3,68)
w(10,59,3,68)
r(42,1,3,68)
w(33,49,3,68)
w(16,48,3,68)
r(65,2,3,68)
r(30,50,3,68)
r(69,46,3,68)
w(43,47,3,68)
r(23,27,3,68)
w(50,56,3,68)
r(37,60,3,68)
w(6,72,3,68)
r(81,51,3,68)
r(104,64,3,68)
r(35,4,3,68)
r(48,1,3,68)
r(105,56,3,69)
r(114,60,3,69)
r(28,54,3,69)
w(58,42,3,69)
w(24,55,3,69)
r(13,65,3,69)
w(25,52,3,69)
w(39,51,3,69)
r(80,51,3,69)
w(109,46,3,69)
r(16,48,3,69)
r(116,33,3,69)
r(42,1,3,69)
w(7,46,3,69)
w(97,49,3,69)
w(20,55,3,69)
w(18,47,3,69)
w(24,56,3,69)
r(58,42,3,69)
r(100,50,3,69)
r(86,2,3,70)
r(18,47,3,70)
w(53,59,3,70)
r(15,66,3,70)
w(67,52,3,70)
r(59,21,3,70)
r(81,51,3,70)
w(41,50,3,70)
w(13,46,3,70)
r(90,3,3,70)
w(45,55,3,70)
r(2,2,3,70)
w(2,56,3,70)
r(18,47,3,70)
r(92,1,3,70)
r(52,55,3,70)
w(17,39,3,70)
r(14,56,3,70)
r(45,55,3,70)
r(72,52,3,70)
r(22,60,3,71)
w(38,67,3,71)
w(62,35,3,71)
w(102,46,3,71)
w(42,54,3,71)
w(12,63,3,71)
r(64,9,3,71)
w(6,73,3,71)
w(24,57,3,71)
w(101,62,3,71)
w(80,52,3,71)
r(5,52,3,71)
r(23,27,3,71)
r(70,53,3,71)
w(57,73,3,71)
r(48,1,3,71)
r(40,57,3,71)
w(108,56,3,71)
w(91,42,3,71)
w(101,63,3,71)
r(83,32,3,72)
w(56,47,3,72)
r(51,31,3,72)
r(104,64,3,72)
w(3,51,3,72)
r(84,74,3,72)
w(3,52,3,72)
w(78,42,3,72)
r(19,64,3,72)
w(83,54,3,72)
w(63,45,3,72)
w(30,51,3,72)
r(114,60,3,72)
r(60,41,3,72)
r(6,73,3,72)
w(13,47,3,72)
r(102,46,3,72)
w(61,46,3,72)
w(102,47,3,72)
w(48,38,3,72)
w(9,58,3,73)
r(8,0,3,73)
r(10,59,3,73)
w(0,55,3,73)
w(116,46,3,73)
w(58,43,3,73)
w(35,62,3,73)
r(6,73,3,73)
r(59,21,3,73)
r(65,2,3,73)
r(28,54,3,73)
w(66,44,3,73)
r(0,55,3,73)
w(88,63,3,73)
w(81,52,3,73)
w(63,46,3,73)
r(34,53,3,73)
r(51,31,3,73)
w(15,50,3,73)
r(66,44,3,73)
w(0,56,3,74)
w(46,47,3,74)
w(34,54,3,74)
w(115,56,3,74)
w(63,47,3,74)
w(15,51,3,74)
r(31,55,3,74)
r(53,4,3,74)
r(97,32,3,74)
r(108,4,3,74)
w(45,56,3,74)
w(25,53,3,74)
r(48,27,3,74)
r(39,35,3,74)
w(117,50,3,74)
w(10,60,3,74)
w(25,54,3,74)
r(49,43,3,74)
w(28,55,3,74)
r(13,3,3,74)
w(20,56,3,75)
r(50,36,3,75)
w(56,48,3,75)
r(73,19,3,75)
r(76,17,3,75)
w(42,55,3,75)
r(51,19,3,75)
r(110,10,3,75)
r(30,38,3,75)
w(37,47,3,75)
w(82,47,3,75)
r(88,23,3,75)
w(2,57,3,75)
w(47,60,3,75)
w(22,61,3,75)
w(113,50,3,75)
w(27,53,3,75)
r(85,21,3,75)
r(46,47,3,75)
r(31,55,3,75)
w(41,51,3,76)
w(82,48,3,76)
r(106,17,3,76)
r(105,23,3,76)
w(47,61,3,76)
r(115,56,3,76)
r(58,32,3,76)
w(111,56,3,76)
w(30,52,3,76)
r(17,28,3,76)
w(46,48,3,76)
w(30,53,3,76)
r(58,32,3,76)
r(114,1,3,76)
r(114,1,3,76)
r(8,12,3,76)
w(28,56,3,76)
r(57,31,3,76)
r(19,36,3,76)
r(97,32,3,76)
w(53,60,3,77)
r(16,32,3,77)
r(72,33,3,77)
r(15,19,3,77)
w(51,51,3,77)
r(9,43,3,77)
r(61,3,3,77)
w(59,40,3,77)
w(115,57,3,77)
r(119,27,3,77)
w(105,57,3,77)
w(15,52,3,77)
w(85,53,3,77)
r(23,28,3,77)
w(108,57,3,77)
w(10,61,3,77)
r(17,17,3,77)
r(76,17,3,77)
r(69,16,3,77)
r(56,48,3,77)
r(75,20,3,78)
r(14,69,3,78)
r(94,74,3,78)
w(20,57,3,78)
w(28,57,3,78)
w(54,61,3,78)
w(113,51,3,78)
r(11,36,3,78)
w(41,52,3,78)
r(27,53,3,78)
w(105,58,3,78)
r(59,40,3,78)
r(34,54,3,78)
r(70,36,3,78)
r(40,38,3,78)
w(105,59,3,78)
r(107,67,3,78)
r(62,2,3,78)
w(59,41,3,78)
w(107,48,3,78)
r(76,17,3,79)
r(4,41,3,79)
w(19,47,3,79)
w(18,48,3,79)
w(58,44,3,79)
w(92,45,3,79)
r(75,20,3,79)
w(11,58,3,79)
r(27,53,3,79)
w(119,49,3,79)
w(31,56,3,79)
r(88,23,3,79)
r(53,60,3,79)
r(15,52,3,79)
w(39,52,3,79)
w(117,51,3,79)
w(20,58,3,79)
r(90,38,3,79)
r(84,74,3,79)
w(6,74,3,79)
r(45,0,4,80)
r(117,0,4,80)
r(43,0,4,80)
r(31,0,4,80)
w(72,51,4,80)
r(115,0,4,80)
r(74,0,4,80)
r(101,0,4,80)
w(115,67,4,80)
r(101,0,4,80)
w(55,65,4,80)
r(92,0,4,80)
w(4,61,4,80)
w(79,67,4,80)
w(13,64,4,80)
r(57,0,4,80)
r(84,0,4,80)
w(22,76,4,80)
r(1,0,4,80)
w(83,74,4,80)
w(1,68,4,81)
w(63,67,4,81)
w(89,70,4,81)
r(37,0,4,81)
w(33,62,4,81)
r(100,0,4,81)
w(65,70,4,81)
r(26,0,4,81)
r(107,0,4,81)
w(0,74,4,81)
w(98,57,4,81)
r(52,36,4,81)
w(50,79,4,81)
w(62,53,4,81)
w(36,75,4,81)
r(16,0,4,81)
r(71,0,4,81)
w(2,76,4,81)
w(44,72,4,81)
w(106,66,4,81)
w(4,62,4,82)
r(67,0,4,82)
r(44,72,4,82)
r(58,0,4,82)
w(16,65,4,82)
r(97,0,4,82)
w(25,75,4,82)
r(112,0,4,82)
w(76,66,4,82)
w(43,69,4,82)
r(0,74,4,82)
w(66,58,4,82)
w(60,72,4,82)
r(0,74,4,82)
r(36,75,4,82)
r(59,0,4,82)
w(65,71,4,82)
r(98,57,4,82)
r(104,31,4,82)
r(13,64,4,82)
r(8,0,4,83)
w(115,68,4,83)
r(21,0,4,83)
r(48,0,4,83)
r(85,0,4,83)
w(75,72,4,83)
r(6,0,4,83)
r(55,65,4,83)
w(15,65,4,83)
r(87,0,4,83)
r(61,0,4,83)
r(107,0,4,83)
w(73,67,4,83)
r(19,0,4,83)
r(62,53,4,83)
r(106,66,4,83)
w(20,79,4,83)
w(51,69,4,83)
r(105,40,4,83)
w(70,63,4,83)
r(13,64,4,84)
w(61,70,4,84)
r(114,0,4,84)
w(10,75,4,84)
r(6,0,4,84)
r(117,33,4,84)
r(55,65,4,84)
w(33,63,4,84)
r(80,0,4,84)
w(103,67,4,84)
w(82,66,4,84)
r(66,58,4,84)
w(3,75,4,84)
r(71,0,4,84)
r(78,0,4,84)
w(116,66,4,84)
r(72,51,4,84)
w(51,70,4,84)
w(2,77,4,84)
w(56,59,4,84)
r(96,37,4,85)
r(1,68,4,85)
r(45,18,4,85)
r(72,51,4,85)
w(38,84,4,85)
w(38,85,4,85)
r(40,0,4,85)
w(86,65,4,85)
w(33,64,4,85)
r(27,0,4,85)
w(1,69,4,85)
r(112,0,4,85)
r(0,74,4,85)
w(98,58,4,85)
r(68,0,4,85)
w(101,77,4,85)
r(74,25,4,85)
r(26,0,4,85)
w(1,70,4,85)
r(89,70,4,85)
r(115,68,4,86)
r(92,0,4,86)
r(16,65,4,86)
w(74,80,4,86)
r(5,0,4,86)
w(77,61,4,86)
w(80,71,4,86)
r(9,40,4,86)
r(116,66,4,86)
r(52,36,4,86)
r(30,20,4,86)
r(96,37,4,86)
r(66,58,4,86)
r(59,0,4,86)
r(96,37,4,86)
r(78,0,4,86)
w(22,77,4,86)
r(71,0,4,86)
r(97,0,4,86)
w(0,75,4,86)
r(43,18,4,87)
w(4,63,4,87)
w(11,73,4,87)
r(9,40,4,87)
r(115,68,4,87)
r(100,0,4,87)
w(70,64,4,87)
r(115,68,4,87)
r(76,66,4,87)
w(3,76,4,87)
r(76,66,4,87)
r(78,0,4,87)
w(89,71,4,87)
r(44,72,4,87)
w(46,64,4,87)
r(34,0,4,87)
r(102,0,4,87)
r(102,0,4,87)
r(44,72,4,87)
w(3,77,4,87)
w(105,71,4,88)
w(110,54,4,88)
r(8,0,4,88)
r(98,30,4,88)
w(63,68,4,88)
w(82,67,4,88)
w(33,65,4,88)
r(52,19,4,88)
r(99,0,4,88)
r(60,72,4,88)
r(88,0,4,88)
r(56,19,4,88)
w(64,65,4,88)
r(8,0,4,88)
r(32,16,4,88)
r(24,1,4,88)
w(5,70,4,88)
w(115,69,4,88)
r(75,2,4,88)
w(117,67,4,88)
w(69,59,4,89)
w(65,72,4,89)
r(115,1,4,89)
r(41,16,4,89)
w(5,71,4,89)
r(28,19,4,89)
r(55,17,4,89)
r(24,1,4,89)
w(114,60,4,89)
w(76,67,4,89)
r(110,9,4,89)
w(17,54,4,89)
w(70,65,4,89)
w(109,65,4,89)
r(9,20,4,89)
w(34,71,4,89)
w(84,74,4,89)
r(73,18,4,89)
r(72,51,4,89)
r(83,12,4,89)
w(47,86,4,90)
r(113,0,4,90)
r(2,1,4,90)
r(60,72,4,90)
r(71,1,4,90)
w(91,63,4,90)
w(27,70,4,90)
w(113,75,4,90)
w(66,59,4,90)
w(5,72,4,90)
w(27,71,4,90)
w(37,59,4,90)
w(83,75,4,90)
r(100,22,4,90)
r(74,80,4,90)
r(68,0,4,90)
r(37,59,4,90)
r(0,1,4,90)
r(96,1,4,90)
w(119,66,4,90)
w(15,66,4,91)
r(70,65,4,91)
r(18,18,4,91)
r(116,16,4,91)
r(24,1,4,91)
r(18,18,4,91)
r(54,22,4,91)
w(67,70,4,91)
w(37,60,4,91)
w(81,62,4,91)
w(57,85,4,91)
w(51,71,4,91)
r(26,9,4,91)
w(13,65,4,91)
r(75,2,4,91)
w(47,87,4,91)
w(43,70,4,91)
r(40,2,4,91)
r(100,24,4,91)
r(22,22,4,91)
r(51,71,4,92)
r(50,35,4,92)
r(103,13,4,92)
w(40,73,4,92)
w(2,78,4,92)
w(24,78,4,92)
r(18,31,4,92)
r(80,17,4,92)
w(92,58,4,92)
w(56,60,4,92)
r(7,17,4,92)
w(75,73,4,92)
w(19,62,4,92)
w(95,72,4,92)
w(29,71,4,92)
w(65,73,4,92)
r(15,66,4,92)
r(1,1,4,92)
r(96,1,4,92)
w(51,72,4,92)
r(12,1,4,93)
r(14,0,4,93)
w(32,71,4,93)
r(42,35,4,93)
r(7,17,4,93)
w(55,66,4,93)
r(53,40,4,93)
w(62,54,4,93)
w(88,82,4,93)
w(62,55,4,93)
w(53,71,4,93)
w(16,66,4,93)
w(60,73,4,93)
w(35,79,4,93)
w(96,83,4,93)
w(19,63,4,93)
r(1,1,4,93)
w(60,74,4,93)
r(37,60,4,93)
w(16,67,4,93)
w(61,71,4,94)
r(64,9,4,94)
r(32,1,4,94)
w(67,71,4,94)
w(25,76,4,94)
w(101,78,4,94)
r(101,78,4,94)
r(59,21,4,94)
r(57,4,4,94)
r(60,74,4,94)
w(38,86,4,94)
w(72,52,4,94)
r(33,65,4,94)
w(104,64,4,94)
r(1,2,4,94)
w(24,79,4,94)
w(1,71,4,94)
r(3,32,4,94)
w(32,72,4,94)
r(59,21,4,94)
w(22,78,4,95)
r(17,39,4,95)
w(26,66,4,95)
w(30,65,4,95)
r(71,3,4,95)
r(8,0,4,95)
r(47,59,4,95)
r(25,52,4,95)
r(83,32,4,95)
w(21,71,4,95)
r(103,1,4,95)
w(67,72,4,95)
w(7,62,4,95)
r(47,59,4,95)
w(23,53,4,95)
r(73,33,4,95)
w(19,64,4,95)
w(119,67,4,95)
r(1,71,4,95)
w(79,68,4,95)
w(56,61,4,96)
r(67,72,4,96)
r(27,23,4,96)
w(38,87,4,96)
r(38,87,4,96)
r(71,3,4,96)
r(46,39,4,96)
w(14,69,4,96)
r(76,28,4,96)
w(47,88,4,96)
w(25,77,4,96)
w(24,80,4,96)
r(114,60,4,96)
r(35,62,4,96)
w(113,76,4,96)
w(8,58,4,96)
w(78,58,4,96)
r(94,27,4,96)
w(55,67,4,96)
r(94,27,4,96)
r(22,78,4,97)
r(112,2,4,97)
r(111,3,4,97)
w(52,75,4,97)
w(97,65,4,97)
r(59,22,4,97)
r(20,55,4,97)
r(54,44,4,97)
w(67,73,4,97)
r(63,46,4,97)
r(52,75,4,97)
w(51,73,4,97)
w(92,59,4,97)
w(50,80,4,97)
w(15,67,4,97)
w(45,78,4,97)
w(110,55,4,97)
r(73,34,4,97)
r(114,60,4,97)
r(116,46,4,97)
r(81,17,4,98)
w(83,76,4,98)
w(110,56,4,98)
r(13,3,4,98)
r(44,36,4,98)
r(93,19,4,98)
r(42,55,4,98)
r(80,37,4,98)
r(34,54,4,98)
r(88,23,4,98)
w(107,67,4,98)
w(94,74,4,98)
w(74,81,4,98)
w(63,69,4,98)
r(17,17,4,98)
w(0,76,4,98)
w(33,66,4,98)
r(114,1,4,98)
w(74,82,4,98)
w(43,71,4,98)
r(15,52,4,99)
w(13,66,4,99)
w(92,60,4,99)
r(77,32,4,99)
w(82,68,4,99)
w(91,64,4,99)
w(56,62,4,99)
w(101,79,4,99)
r(80,37,4,99)
w(119,68,4,99)
r(51,51,4,99)
r(29,41,4,99)
w(38,88,4,99)
r(67,73,4,99)
w(34,72,4,99)
r(96,21,4,99)
r(90,38,4,99)
w(119,69,4,99)
w(48,58,4,99)
r(59,41,4,99)
