w(96,1,0,0)
r(92,0,0,0)
w(93,1,0,0)
r(76,0,0,0)
w(94,1,0,0)
w(11,1,0,0)
w(65,1,0,0)
w(104,1,0,0)
r(51,0,0,0)
w(70,1,0,0)
r(54,0,0,0)
r(118,0,0,0)
w(26,1,0,0)
w(34,1,0,0)
w(102,1,0,0)
w(111,1,0,0)
w(100,1,0,0)
r(56,0,0,0)
w(33,1,0,0)
r(27,0,0,0)
w(77,1,0,1)
w(113,1,0,1)
w(31,1,0,1)
w(113,2,0,1)
w(18,1,0,1)
r(47,0,0,1)
w(43,1,0,1)
w(81,1,0,1)
w(82,1,0,1)
r(81,1,0,1)
r(19,0,0,1)
r(12,0,0,1)
w(67,1,0,1)
w(55,1,0,1)
r(9,0,0,1)
w(91,1,0,1)
r(51,0,0,1)
r(16,0,0,1)
r(85,53,0,1)
w(72,1,0,1)
r(28,23,0,2)
w(54,1,0,2)
r(26,71,0,2)
r(8,0,0,2)
w(21,1,0,2)
r(26,71,0,2)
r(115,0,0,2)
w(37,1,0,2)
w(49,1,0,2)
r(106,35,0,2)
w(52,1,0,2)
r(3,0,0,2)
r(109,63,0,2)
r(45,0,0,2)
r(36,62,0,2)
w(85,1,0,2)
r(64,0,0,2)
r(69,38,0,2)
r(27,31,0,2)
w(3,1,0,2)
r(111,1,0,3)
r(40,77,0,3)
w(52,2,0,3)
r(51,37,0,3)
r(43,24,0,3)
w(16,1,0,3)
w(33,2,0,3)
r(65,81,0,3)
r(59,77,0,3)
r(80,69,0,3)
w(9,1,0,3)
r(85,1,0,3)
r(106,35,0,3)
w(87,1,0,3)
r(37,1,0,3)
w(72,2,0,3)
r(97,23,0,3)
r(106,35,0,3)
r(53,21,0,3)
r(13,11,0,3)
w(111,2,0,4)
w(112,1,0,4)
w(43,2,0,4)
r(92,18,0,4)
w(38,1,0,4)
w(16,2,0,4)
r(23,19,0,4)
r(88,73,0,4)
w(91,2,0,4)
r(80,70,0,4)
r(107,46,0,4)
r(7,66,0,4)
w(40,1,0,4)
r(47,18,0,4)
r(42,38,0,4)
w(97,1,0,4)
w(91,3,0,4)
r(7,66,0,4)
r(25,37,0,4)
w(27,1,0,4)
w(34,2,0,5)
r(114,16,0,5)
r(103,54,0,5)
r(69,38,0,5)
r(14,85,0,5)
w(90,1,0,5)
r(1,63,0,5)
r(77,1,0,5)
r(59,78,0,5)
r(103,54,0,5)
w(103,1,0,5)
r(52,2,0,5)
r(73,40,0,5)
w(101,1,0,5)
r(119,43,0,5)
w(86,1,0,5)
r(37,1,0,5)
r(40,1,0,5)
w(70,2,0,5)
w(83,1,0,5)
r(66,0,0,6)
w(84,1,0,6)
w(82,2,0,6)
w(54,2,0,6)
r(102,56,0,6)
r(34,2,0,6)
w(18,2,0,6)
w(31,2,0,6)
w(114,1,0,6)
w(35,1,0,6)
w(7,1,0,6)
w(4,1,0,6)
w(0,1,0,6)
w(14,1,0,6)
r(83,1,0,6)
w(97,2,0,6)
r(101,1,0,6)
w(99,1,0,6)
w(106,1,0,6)
r(74,19,0,6)
w(77,2,0,7)
r(82,67,0,7)
r(45,79,0,7)
r(40,38,0,7)
w(39,1,0,7)
r(104,29,0,7)
r(94,76,0,7)
r(18,71,0,7)
r(27,1,0,7)
w(7,2,0,7)
w(31,3,0,7)
w(70,3,0,7)
r(81,72,0,7)
r(0,1,0,7)
w(116,1,0,7)
r(112,18,0,7)
r(30,39,0,7)
w(99,2,0,7)
w(90,2,0,7)
w(6,1,0,7)
w(104,2,0,8)
w(63,1,0,8)
r(39,1,0,8)
r(113,14,0,8)
w(107,1,0,8)
w(97,3,0,8)
w(6,2,0,8)
w(93,2,0,8)
w(12,1,0,8)
r(5,0,0,8)
w(97,4,0,8)
w(90,3,0,8)
w(86,2,0,8)
w(108,1,0,8)
r(119,57,0,8)
w(5,1,0,8)
r(39,1,0,8)
r(60,14,0,8)
r(88,17,0,8)
w(61,1,0,8)
w(109,1,0,9)
w(113,3,0,9)
r(3,50,0,9)
w(71,1,0,9)
r(68,35,0,9)
r(116,39,0,9)
r(18,39,0,9)
r(108,52,0,9)
w(59,1,0,9)
r(19,19,0,9)
r(94,64,0,9)
r(97,4,0,9)
w(32,1,0,9)
r(19,19,0,9)
r(93,2,0,9)
w(20,1,0,9)
r(63,30,0,9)
r(39,43,0,9)
w(114,2,0,9)
r(33,17,0,9)
r(118,19,0,10)
r(66,33,0,10)
w(36,1,0,10)
w(0,2,0,10)
w(28,1,0,10)
w(39,2,0,10)
r(108,38,0,10)
w(31,4,0,10)
w(94,2,0,10)
w(55,2,0,10)
w(66,1,0,10)
r(116,77,0,10)
r(25,38,0,10)
w(4,2,0,10)
r(74,31,0,10)
r(19,38,0,10)
w(53,1,0,10)
w(66,2,0,10)
r(46,38,0,10)
r(2,43,0,10)
w(60,1,0,11)
w(63,2,0,11)
w(52,3,0,11)
w(79,1,0,11)
w(93,3,0,11)
r(66,2,0,11)
r(7,49,0,11)
r(112,35,0,11)
r(55,2,0,11)
r(22,44,0,11)
r(24,74,0,11)
r(116,77,0,11)
w(103,2,0,11)
w(93,4,0,11)
r(20,34,0,11)
r(58,36,0,11)
r(27,71,0,11)
r(35,1,0,11)
w(11,2,0,11)
r(22,44,0,11)
w(118,1,0,12)
r(107,47,0,12)
r(80,21,0,12)
w(68,1,0,12)
w(74,1,0,12)
r(107,47,0,12)
w(93,5,0,12)
w(37,2,0,12)
w(53,2,0,12)
w(16,3,0,12)
w(71,2,0,12)
w(44,1,0,12)
r(32,61,0,12)
r(96,16,0,12)
r(65,59,0,12)
w(43,3,0,12)
r(41,18,0,12)
w(40,2,0,12)
r(62,33,0,12)
w(53,3,0,12)
r(17,39,0,13)
w(107,2,0,13)
r(118,1,0,13)
w(108,2,0,13)
r(83,32,0,13)
w(103,3,0,13)
r(61,32,0,13)
w(84,2,0,13)
w(21,2,0,13)
w(3,2,0,13)
w(70,4,0,13)
w(30,1,0,13)
w(66,3,0,13)
r(19,56,0,13)
r(90,43,0,13)
w(51,1,0,13)
r(119,57,0,13)
r(30,1,0,13)
w(102,2,0,13)
w(59,2,0,13)
w(79,2,0,14)
w(96,2,0,14)
r(118,1,0,14)
r(99,31,0,14)
w(97,5,0,14)
r(103,3,0,14)
r(46,52,0,14)
w(70,5,0,14)
r(46,52,0,14)
r(28,1,0,14)
w(19,1,0,14)
r(54,30,0,14)
w(16,4,0,14)
r(66,3,0,14)
r(77,23,0,14)
r(84,2,0,14)
w(21,3,0,14)
w(105,1,0,14)
r(92,60,0,14)
w(21,4,0,14)
w(38,2,0,15)
w(18,3,0,15)
w(62,1,0,15)
r(69,12,0,15)
w(99,3,0,15)
r(3,2,0,15)
r(31,22,0,15)
w(98,1,0,15)
r(7,49,0,15)
w(99,4,0,15)
w(100,2,0,15)
r(22,44,0,15)
w(37,3,0,15)
w(88,1,0,15)
r(73,26,0,15)
w(22,1,0,15)
w(20,2,0,15)
w(82,3,0,15)
r(110,50,0,15)
r(89,12,0,15)
w(94,3,0,16)
r(87,60,0,16)
r(77,23,0,16)
w(59,3,0,16)
w(88,2,0,16)
w(74,2,0,16)
r(65,59,0,16)
w(75,1,0,16)
w(53,4,0,16)
w(104,3,0,16)
w(48,1,0,16)
r(80,21,0,16)
r(55,29,0,16)
r(22,1,0,16)
w(102,3,0,16)
r(83,32,0,16)
r(57,48,0,16)
r(93,5,0,16)
r(75,1,0,16)
r(26,51,0,16)
w(15,1,0,17)
w(76,1,0,17)
r(62,1,0,17)
w(64,1,0,17)
w(30,2,0,17)
r(3,60,0,17)
r(12,46,0,17)
w(89,1,0,17)
w(94,4,0,17)
r(85,16,0,17)
r(50,80,0,17)
r(7,49,0,17)
r(9,43,0,17)
r(29,31,0,17)
w(48,2,0,17)
w(90,4,0,17)
w(40,3,0,17)
r(59,79,0,17)
w(84,3,0,17)
w(55,3,0,17)
w(34,3,0,18)
w(48,3,0,18)
r(46,52,0,18)
w(86,3,0,18)
r(57,61,0,18)
w(97,6,0,18)
r(58,65,0,18)
w(3,3,0,18)
w(36,2,0,18)
w(84,4,0,18)
w(21,5,0,18)
w(88,3,0,18)
w(111,3,0,18)
w(60,2,0,18)
w(106,2,0,18)
w(3,4,0,18)
r(32,62,0,18)
w(61,2,0,18)
w(1,1,0,18)
r(83,58,0,18)
w(79,3,0,19)
w(31,5,0,19)
w(100,3,0,19)
w(15,2,0,19)
w(51,2,0,19)
r(38,63,0,19)
w(12,2,0,19)
w(77,3,0,19)
r(26,51,0,19)
r(75,1,0,19)
r(93,74,0,19)
w(4,3,0,19)
r(30,2,0,19)
r(33,17,0,19)
r(13,50,0,19)
r(63,38,0,19)
w(75,2,0,19)
r(56,49,0,19)
w(78,1,0,19)
w(60,3,0,19)
w(118,16,1,20)
r(117,0,1,20)
r(0,57,1,20)
w(114,16,1,20)
w(97,23,1,20)
w(94,22,1,20)
r(13,48,1,20)
r(108,73,1,20)
r(107,46,1,20)
r(103,54,1,20)
r(68,34,1,20)
w(53,21,1,20)
r(46,36,1,20)
r(29,0,1,20)
r(72,42,1,20)
r(23,37,1,20)
w(7,18,1,20)
w(118,17,1,20)
r(96,1,1,20)
r(106,35,1,20)
r(21,59,1,21)
r(35,56,1,21)
w(33,15,1,21)
r(17,72,1,21)
r(23,37,1,21)
r(17,72,1,21)
w(20,20,1,21)
r(41,61,1,21)
w(61,17,1,21)
w(41,16,1,21)
w(14,19,1,21)
w(78,19,1,21)
w(25,16,1,21)
r(72,42,1,21)
r(23,37,1,21)
r(97,23,1,21)
w(50,31,1,21)
w(92,17,1,21)
r(66,0,1,21)
r(78,19,1,21)
w(50,32,1,22)
w(98,18,1,22)
w(43,24,1,22)
r(115,0,1,22)
r(69,38,1,22)
r(77,1,1,22)
w(74,19,1,22)
r(38,35,1,22)
w(44,16,1,22)
w(83,15,1,22)
r(28,23,1,22)
w(13,11,1,22)
w(12,12,1,22)
w(76,20,1,22)
w(20,21,1,22)
r(39,0,1,22)
r(33,15,1,22)
w(7,19,1,22)
w(92,18,1,22)
w(68,16,1,22)
w(35,14,1,23)
r(31,42,1,23)
w(115,13,1,23)
r(91,32,1,23)
w(84,21,1,23)
r(74,19,1,23)
w(63,13,1,23)
r(61,17,1,23)
w(116,22,1,23)
w(23,19,1,23)
w(73,21,1,23)
w(22,24,1,23)
r(56,46,1,23)
w(47,18,1,23)
w(36,16,1,23)
r(75,33,1,23)
r(65,81,1,23)
w(65,23,1,23)
r(86,47,1,23)
w(36,17,1,23)
w(75,19,1,24)
w(65,24,1,24)
w(19,19,1,24)
w(107,14,1,24)
r(76,35,1,24)
r(19,19,1,24)
w(108,23,1,24)
r(50,78,1,24)
w(112,18,1,24)
r(43,38,1,24)
w(34,20,1,24)
r(20,21,1,24)
w(20,22,1,24)
r(11,55,1,24)
w(65,25,1,24)
r(60,58,1,24)
r(20,22,1,24)
r(70,2,1,24)
w(71,20,1,24)
w(73,22,1,24)
w(70,23,1,25)
r(51,37,1,25)
w(94,23,1,25)
w(31,21,1,25)
r(36,63,1,25)
w(59,22,1,25)
w(11,12,1,25)
r(32,42,1,25)
r(26,29,1,25)
w(59,23,1,25)
w(23,20,1,25)
w(50,33,1,25)
w(73,23,1,25)
w(73,24,1,25)
w(58,14,1,25)
w(99,20,1,25)
r(93,37,1,25)
w(76,21,1,25)
r(27,1,1,25)
w(118,18,1,25)
r(99,20,1,26)
w(58,15,1,26)
r(45,41,1,26)
w(17,18,1,26)
w(65,26,1,26)
r(10,57,1,26)
w(52,23,1,26)
w(32,17,1,26)
r(33,32,1,26)
r(27,1,1,26)
w(21,20,1,26)
w(17,19,1,26)
w(9,16,1,26)
w(10,14,1,26)
r(26,29,1,26)
w(22,25,1,26)
w(24,23,1,26)
r(41,62,1,26)
r(55,82,1,26)
r(55,82,1,26)
w(92,19,1,27)
r(77,1,1,27)
w(33,16,1,27)
r(22,25,1,27)
r(22,25,1,27)
w(92,20,1,27)
w(52,24,1,27)
w(70,24,1,27)
w(60,14,1,27)
w(106,18,1,27)
r(107,14,1,27)
r(60,14,1,27)
r(96,1,1,27)
r(89,0,1,27)
w(68,17,1,27)
w(101,13,1,27)
r(42,38,1,27)
r(2,41,1,27)
r(24,23,1,27)
w(34,21,1,27)
r(18,2,1,28)
w(84,22,1,28)
w(106,19,1,28)
w(90,26,1,28)
r(58,15,1,28)
r(95,41,1,28)
w(111,19,1,28)
w(7,20,1,28)
r(20,22,1,28)
r(67,66,1,28)
w(87,23,1,28)
w(61,18,1,28)
w(51,15,1,28)
r(72,2,1,28)
w(9,17,1,28)
w(93,20,1,28)
w(68,18,1,28)
w(44,17,1,28)
r(29,0,1,28)
w(57,16,1,28)
w(47,19,1,29)
r(53,41,1,29)
r(18,2,1,29)
w(52,25,1,29)
r(52,25,1,29)
w(103,23,1,29)
r(59,23,1,29)
w(114,17,1,29)
r(44,17,1,29)
w(50,34,1,29)
r(47,19,1,29)
r(91,3,1,29)
w(114,18,1,29)
w(57,17,1,29)
r(105,61,1,29)
w(10,15,1,29)
r(10,15,1,29)
r(21,20,1,29)
w(58,16,1,29)
w(97,24,1,29)
w(73,25,1,30)
w(63,14,1,30)
r(39,62,1,30)
r(30,39,1,30)
r(69,38,1,30)
r(109,63,1,30)
w(33,17,1,30)
w(88,17,1,30)
r(17,19,1,30)
r(6,46,1,30)
r(17,19,1,30)
r(46,36,1,30)
w(96,15,1,30)
w(29,12,1,30)
w(55,27,1,30)
w(56,14,1,30)
r(80,70,1,30)
r(96,15,1,30)
r(59,23,1,30)
r(95,41,1,30)
r(57,17,1,31)
r(90,86,1,31)
w(48,13,1,31)
r(63,60,1,31)
w(10,16,1,31)
w(49,16,1,31)
w(64,17,1,31)
r(82,67,1,31)
w(30,20,1,31)
r(73,25,1,31)
w(102,18,1,31)
w(11,13,1,31)
r(54,2,1,31)
w(98,19,1,31)
r(117,70,1,31)
w(93,21,1,31)
w(101,14,1,31)
w(80,20,1,31)
w(113,14,1,31)
w(17,20,1,31)
w(118,19,1,32)
r(113,14,1,32)
w(59,24,1,32)
w(2,12,1,32)
w(36,18,1,32)
r(23,20,1,32)
r(31,3,1,32)
w(45,16,1,32)
w(85,14,1,32)
w(11,14,1,32)
r(99,2,1,32)
w(77,22,1,32)
r(103,40,1,32)
r(49,16,1,32)
w(63,15,1,32)
w(89,11,1,32)
r(10,16,1,32)
w(49,17,1,32)
w(85,15,1,32)
r(89,11,1,32)
r(25,38,1,33)
w(11,15,1,33)
r(68,35,1,33)
r(21,20,1,33)
w(114,19,1,33)
r(42,38,1,33)
w(35,15,1,33)
w(37,13,1,33)
r(46,38,1,33)
w(25,17,1,33)
w(25,18,1,33)
w(3,24,1,33)
r(90,43,1,33)
r(106,68,1,33)
r(25,18,1,33)
w(36,19,1,33)
r(6,2,1,33)
w(76,22,1,33)
r(19,38,1,33)
r(25,18,1,33)
w(69,11,1,34)
r(86,34,1,34)
r(68,35,1,34)
w(9,18,1,34)
r(5,17,1,34)
r(23,39,1,34)
w(14,20,1,34)
w(105,8,1,34)
w(58,17,1,34)
r(57,17,1,34)
r(97,4,1,34)
w(8,11,1,34)
r(81,39,1,34)
w(16,17,1,34)
r(27,71,1,34)
w(49,18,1,34)
w(20,23,1,34)
r(85,37,1,34)
w(70,25,1,34)
r(21,20,1,34)
w(96,16,1,35)
w(56,15,1,35)
w(116,23,1,35)
r(53,1,1,35)
w(86,18,1,35)
r(48,13,1,35)
w(18,19,1,35)
w(95,23,1,35)
r(109,32,1,35)
r(114,19,1,35)
w(41,17,1,35)
r(112,35,1,35)
r(4,2,1,35)
r(107,31,1,35)
w(44,18,1,35)
w(6,19,1,35)
r(114,19,1,35)
r(99,31,1,35)
w(70,26,1,35)
w(80,21,1,35)
w(57,18,1,36)
r(97,4,1,36)
w(97,25,1,36)
r(68,35,1,36)
w(19,20,1,36)
r(7,49,1,36)
r(38,37,1,36)
w(69,12,1,36)
w(105,9,1,36)
r(90,43,1,36)
w(2,13,1,36)
r(64,43,1,36)
r(1,29,1,36)
w(92,21,1,36)
w(3,25,1,36)
w(98,20,1,36)
w(115,14,1,36)
w(66,19,1,36)
w(31,22,1,36)
r(54,30,1,36)
w(1,18,1,37)
r(59,1,1,37)
r(24,74,1,37)
w(11,16,1,37)
r(28,1,1,37)
w(94,24,1,37)
w(109,18,1,37)
w(100,17,1,37)
w(37,14,1,37)
w(77,23,1,37)
w(58,18,1,37)
r(82,68,1,37)
w(41,18,1,37)
r(113,3,1,37)
r(115,14,1,37)
w(74,20,1,37)
r(60,1,1,37)
r(83,32,1,37)
r(58,18,1,37)
w(68,19,1,37)
r(91,35,1,38)
w(100,18,1,38)
w(113,15,1,38)
r(29,30,1,38)
w(55,28,1,38)
r(30,1,1,38)
w(30,21,1,38)
r(22,44,1,38)
w(34,22,1,38)
w(38,14,1,38)
w(35,16,1,38)
r(41,18,1,38)
w(74,21,1,38)
r(67,67,1,38)
w(24,24,1,38)
w(89,12,1,38)
w(18,20,1,38)
w(58,19,1,38)
w(104,15,1,38)
w(112,19,1,38)
r(55,28,1,39)
w(73,26,1,39)
w(95,24,1,39)
r(62,33,1,39)
r(94,24,1,39)
r(94,24,1,39)
w(55,29,1,39)
r(15,55,1,39)
r(69,12,1,39)
w(37,15,1,39)
r(85,37,1,39)
r(103,3,1,39)
r(81,39,1,39)
r(91,35,1,39)
w(116,24,1,39)
w(63,16,1,39)
w(85,16,1,39)
w(47,20,1,39)
r(112,19,1,39)
w(52,26,1,39)
r(115,0,2,40)
w(38,34,2,40)
r(49,0,2,40)
w(92,35,2,40)
r(30,0,2,40)
w(98,40,2,40)
r(29,0,2,40)
r(59,0,2,40)
r(36,0,2,40)
w(110,26,2,40)
w(90,40,2,40)
r(41,0,2,40)
r(86,0,2,40)
r(29,0,2,40)
w(86,33,2,40)
r(66,0,2,40)
r(89,0,2,40)
w(112,33,2,40)
r(26,0,2,40)
r(82,0,2,40)
r(116,0,2,41)
r(63,0,2,41)
w(94,40,2,41)
r(104,1,2,41)
w(48,29,2,41)
r(76,0,2,41)
w(75,33,2,41)
w(73,38,2,41)
r(108,0,2,41)
r(108,0,2,41)
r(90,40,2,41)
r(42,0,2,41)
r(59,0,2,41)
w(23,37,2,41)
r(29,0,2,41)
r(107,46,2,41)
r(5,0,2,41)
w(49,34,2,41)
w(87,40,2,41)
r(50,0,2,41)
w(95,41,2,42)
w(106,35,2,42)
w(20,32,2,42)
r(101,0,2,42)
r(78,51,2,42)
w(30,38,2,42)
w(9,28,2,42)
r(84,0,2,42)
r(25,0,2,42)
w(27,31,2,42)
r(53,60,2,42)
w(40,35,2,42)
r(41,0,2,42)
r(105,0,2,42)
w(68,33,2,42)
w(74,30,2,42)
w(90,41,2,42)
r(61,0,2,42)
r(68,33,2,42)
w(1,28,2,42)
w(85,34,2,43)
r(117,0,2,43)
r(26,1,2,43)
r(95,41,2,43)
r(64,0,2,43)
w(26,28,2,43)
r(102,55,2,43)
w(14,46,2,43)
w(51,37,2,43)
w(65,44,2,43)
w(91,32,2,43)
r(31,1,2,43)
w(38,35,2,43)
w(41,36,2,43)
r(43,1,2,43)
r(36,0,2,43)
w(11,27,2,43)
r(5,0,2,43)
r(112,33,2,43)
w(102,35,2,43)
r(114,0,2,44)
r(76,0,2,44)
r(64,0,2,44)
r(81,1,2,44)
r(56,46,2,44)
r(1,28,2,44)
w(31,42,2,44)
w(53,39,2,44)
w(46,36,2,44)
r(101,0,2,44)
w(109,31,2,44)
w(42,38,2,44)
w(32,41,2,44)
r(78,51,2,44)
r(51,37,2,44)
w(68,34,2,44)
r(56,46,2,44)
w(50,43,2,44)
w(2,41,2,44)
r(91,32,2,44)
r(48,29,2,45)
w(79,30,2,45)
w(72,42,2,45)
w(112,34,2,45)
r(50,43,2,45)
r(38,35,2,45)
w(50,44,2,45)
w(57,33,2,45)
r(95,41,2,45)
r(57,33,2,45)
r(58,0,2,45)
w(28,23,2,45)
w(24,40,2,45)
w(79,31,2,45)
r(48,29,2,45)
w(97,39,2,45)
w(44,37,2,45)
w(87,41,2,45)
r(110,26,2,45)
r(40,35,2,45)
r(104,49,2,46)
w(62,33,2,46)
w(73,39,2,46)
w(101,28,2,46)
r(105,61,2,46)
r(98,18,2,46)
r(58,0,2,46)
w(87,42,2,46)
w(16,40,2,46)
w(90,42,2,46)
w(13,27,2,46)
w(76,35,2,46)
w(32,42,2,46)
w(25,37,2,46)
r(26,71,2,46)
w(30,39,2,46)
r(40,77,2,46)
w(8,24,2,46)
r(117,0,2,46)
w(104,29,2,46)
r(105,61,2,47)
r(82,66,2,47)
r(106,67,2,47)
r(15,72,2,47)
r(115,58,2,47)
r(10,57,2,47)
w(106,36,2,47)
w(93,37,2,47)
w(73,40,2,47)
w(48,30,2,47)
w(38,36,2,47)
w(111,44,2,47)
w(113,34,2,47)
w(45,40,2,47)
w(92,36,2,47)
w(26,29,2,47)
r(19,76,2,47)
w(25,38,2,47)
r(65,23,2,47)
r(81,72,2,47)
r(24,40,2,48)
w(59,44,2,48)
w(53,40,2,48)
w(53,41,2,48)
w(43,38,2,48)
w(98,41,2,48)
r(86,63,2,48)
w(13,28,2,48)
w(47,36,2,48)
r(102,56,2,48)
r(82,66,2,48)
r(48,30,2,48)
w(45,41,2,48)
r(0,57,2,48)
r(1,63,2,48)
r(115,58,2,48)
r(88,74,2,48)
w(85,35,2,48)
r(27,1,2,48)
w(40,36,2,48)
r(88,74,2,49)
r(67,66,2,49)
w(63,29,2,49)
r(34,2,2,49)
r(90,1,2,49)
r(108,73,2,49)
r(13,28,2,49)
w(40,37,2,49)
r(71,0,2,49)
r(68,67,2,49)
r(73,40,2,49)
r(97,1,2,49)
w(83,31,2,49)
r(20,21,2,49)
w(33,32,2,49)
r(76,35,2,49)
r(110,26,2,49)
w(1,29,2,49)
w(34,35,2,49)
r(44,47,2,49)
r(112,18,2,50)
r(37,58,2,50)
w(98,42,2,50)
w(75,34,2,50)
r(83,31,2,50)
r(112,18,2,50)
r(38,62,2,50)
r(102,56,2,50)
w(105,21,2,50)
r(62,33,2,50)
w(70,41,2,50)
w(40,38,2,50)
r(32,17,2,50)
w(37,30,2,50)
r(115,58,2,50)
w(59,45,2,50)
w(78,34,2,50)
r(81,72,2,50)
w(103,40,2,50)
r(27,1,2,50)
r(102,18,2,51)
w(36,33,2,51)
r(70,3,2,51)
r(30,20,2,51)
w(96,35,2,51)
w(99,31,2,51)
r(98,19,2,51)
w(31,43,2,51)
w(22,44,2,51)
r(70,3,2,51)
w(92,37,2,51)
w(75,35,2,51)
w(68,35,2,51)
r(111,62,2,51)
w(97,40,2,51)
w(58,34,2,51)
r(0,1,2,51)
r(60,14,2,51)
w(76,36,2,51)
w(102,36,2,51)
r(46,50,2,52)
w(79,32,2,52)
r(54,2,2,52)
w(66,31,2,52)
w(51,38,2,52)
r(80,20,2,52)
w(18,39,2,52)
w(55,41,2,52)
w(84,33,2,52)
w(110,27,2,52)
r(85,15,2,52)
r(110,27,2,52)
w(27,32,2,52)
r(107,14,2,52)
r(82,53,2,52)
r(45,16,2,52)
w(58,35,2,52)
r(19,19,2,52)
r(59,24,2,52)
w(14,47,2,52)
r(81,72,2,53)
r(93,21,2,53)
w(91,33,2,53)
w(31,44,2,53)
r(34,72,2,53)
w(89,19,2,53)
r(73,62,2,53)
r(17,20,2,53)
w(71,42,2,53)
w(47,37,2,53)
r(29,12,2,53)
r(71,42,2,53)
r(113,14,2,53)
r(45,16,2,53)
r(74,47,2,53)
r(5,0,2,53)
w(79,33,2,53)
r(14,47,2,53)
w(3,49,2,53)
r(116,1,2,53)
r(94,64,2,54)
w(71,43,2,54)
w(49,35,2,54)
w(15,41,2,54)
w(85,36,2,54)
r(111,62,2,54)
r(116,1,2,54)
w(40,39,2,54)
r(75,35,2,54)
w(112,35,2,54)
r(66,31,2,54)
w(5,17,2,54)
w(83,32,2,54)
w(3,50,2,54)
w(46,37,2,54)
r(96,35,2,54)
w(46,38,2,54)
w(116,39,2,54)
w(63,30,2,54)
w(85,37,2,54)
r(116,39,2,55)
r(2,56,2,55)
w(2,42,2,55)
r(88,17,2,55)
w(66,32,2,55)
r(75,35,2,55)
w(98,43,2,55)
w(86,34,2,55)
w(14,48,2,55)
r(55,41,2,55)
w(16,41,2,55)
r(86,34,2,55)
w(26,30,2,55)
w(13,29,2,55)
r(64,43,2,55)
r(112,35,2,55)
w(66,33,2,55)
w(11,28,2,55)
r(22,44,2,55)
w(91,34,2,55)
r(109,1,2,56)
r(104,2,2,56)
w(54,29,2,56)
w(55,42,2,56)
w(92,38,2,56)
w(38,37,2,56)
w(90,43,2,56)
r(98,43,2,56)
w(23,38,2,56)
w(65,45,2,56)
r(90,43,2,56)
w(23,39,2,56)
r(41,63,2,56)
w(2,43,2,56)
w(20,33,2,56)
w(104,30,2,56)
w(108,38,2,56)
r(108,38,2,56)
w(17,39,2,56)
r(75,75,2,56)
r(86,34,2,57)
r(36,33,2,57)
w(101,29,2,57)
w(28,24,2,57)
r(69,38,2,57)
w(95,42,2,57)
w(50,45,2,57)
r(115,58,2,57)
w(31,45,2,57)
r(98,43,2,57)
r(83,32,2,57)
r(74,67,2,57)
r(88,75,2,57)
w(75,36,2,57)
w(44,38,2,57)
r(34,46,2,57)
r(42,38,2,57)
w(20,34,2,57)
w(10,29,2,57)
w(28,25,2,57)
w(81,39,2,58)
w(36,34,2,58)
r(79,33,2,58)
w(16,42,2,58)
w(73,41,2,58)
r(75,36,2,58)
r(98,43,2,58)
w(9,29,2,58)
r(50,45,2,58)
w(37,31,2,58)
w(61,32,2,58)
r(86,34,2,58)
w(19,38,2,58)
r(10,29,2,58)
w(74,31,2,58)
w(60,31,2,58)
r(30,74,2,58)
r(27,71,2,58)
r(45,61,2,58)
r(111,77,2,58)
r(107,1,2,59)
r(16,42,2,59)
w(104,31,2,59)
r(24,74,2,59)
r(16,42,2,59)
r(56,14,2,59)
r(64,43,2,59)
r(76,65,2,59)
r(61,32,2,59)
w(58,36,2,59)
r(88,75,2,59)
w(54,30,2,59)
r(34,46,2,59)
w(91,35,2,59)
w(107,31,2,59)
w(8,25,2,59)
w(109,32,2,59)
w(43,39,2,59)
r(60,31,2,59)
r(41,63,2,59)
r(23,0,3,60)
w(37,46,3,60)
r(10,0,3,60)
w(78,51,3,60)
r(5,0,3,60)
r(37,46,3,60)
r(3,0,3,60)
r(109,0,3,60)
w(43,57,3,60)
w(107,46,3,60)
w(55,58,3,60)
r(31,0,3,60)
w(55,59,3,60)
r(80,0,3,60)
r(117,0,3,60)
r(64,0,3,60)
r(65,0,3,60)
w(48,41,3,60)
w(0,57,3,60)
r(29,0,3,60)
r(56,0,3,61)
w(103,54,3,61)
r(14,0,3,61)
r(21,0,3,61)
w(87,58,3,61)
w(20,50,3,61)
w(69,38,3,61)
r(108,0,3,61)
r(69,38,3,61)
w(48,42,3,61)
w(56,46,3,61)
r(19,0,3,61)
r(45,0,3,61)
r(22,0,3,61)
w(86,47,3,61)
w(77,60,3,61)
r(89,0,3,61)
r(1,0,3,61)
r(59,0,3,61)
w(65,56,3,61)
r(87,58,3,62)
w(73,61,3,62)
w(74,45,3,62)
r(31,0,3,62)
r(109,0,3,62)
r(34,1,3,62)
w(30,54,3,62)
w(85,53,3,62)
w(93,50,3,62)
r(90,40,3,62)
r(92,35,3,62)
w(53,60,3,62)
w(102,55,3,62)
w(74,46,3,62)
w(95,56,3,62)
w(83,46,3,62)
r(52,0,3,62)
w(22,72,3,62)
r(84,0,3,62)
w(75,55,3,62)
r(114,16,3,63)
w(94,62,3,63)
w(61,48,3,63)
r(43,24,3,63)
w(102,56,3,63)
r(4,58,3,63)
r(42,38,3,63)
r(74,19,3,63)
w(44,47,3,63)
w(61,49,3,63)
r(5,0,3,63)
r(52,1,3,63)
w(59,60,3,63)
w(119,43,3,63)
w(6,46,3,63)
w(17,54,3,63)
w(39,42,3,63)
r(24,40,3,63)
w(25,55,3,63)
w(45,60,3,63)
w(43,58,3,64)
w(32,60,3,64)
r(35,1,3,64)
r(32,60,3,64)
w(94,63,3,64)
r(66,0,3,64)
w(86,48,3,64)
r(7,20,3,64)
w(79,51,3,64)
w(16,57,3,64)
r(13,49,3,64)
r(48,30,3,64)
w(111,62,3,64)
r(77,1,3,64)
r(62,33,3,64)
r(34,72,3,64)
r(12,60,3,64)
w(73,62,3,64)
w(74,47,3,64)
w(65,57,3,64)
w(44,48,3,65)
w(87,59,3,65)
w(51,60,3,65)
w(43,59,3,65)
r(96,15,3,65)
w(94,64,3,65)
w(7,49,3,65)
w(110,48,3,65)
r(30,20,3,65)
w(64,43,3,65)
w(82,53,3,65)
r(67,67,3,65)
r(48,13,3,65)
w(96,48,3,65)
r(57,17,3,65)
r(64,43,3,65)
r(82,53,3,65)
w(46,50,3,65)
r(48,13,3,65)
r(27,1,3,65)
w(84,55,3,66)
w(51,61,3,66)
r(116,1,3,66)
r(59,24,3,66)
w(9,42,3,66)
r(19,19,3,66)
r(86,48,3,66)
w(34,46,3,66)
r(5,0,3,66)
r(77,22,3,66)
r(0,1,3,66)
r(42,38,3,66)
r(75,35,3,66)
w(2,56,3,66)
r(51,61,3,66)
r(111,62,3,66)
r(48,13,3,66)
r(5,0,3,66)
r(112,18,3,66)
w(114,47,3,66)
w(74,48,3,67)
r(113,14,3,67)
w(77,61,3,67)
r(1,29,3,67)
w(39,43,3,67)
w(26,49,3,67)
r(96,35,3,67)
w(110,49,3,67)
w(87,60,3,67)
r(69,38,3,67)
r(42,38,3,67)
r(108,23,3,67)
w(37,47,3,67)
w(101,51,3,67)
r(118,19,3,67)
w(45,61,3,67)
r(91,33,3,67)
r(32,60,3,67)
r(90,2,3,67)
r(92,37,3,67)
w(110,50,3,68)
w(13,39,3,68)
r(61,1,3,68)
r(116,1,3,68)
r(40,38,3,68)
w(70,57,3,68)
r(96,35,3,68)
r(51,61,3,68)
r(42,38,3,68)
r(39,43,3,68)
w(26,50,3,68)
w(111,63,3,68)
r(30,20,3,68)
w(47,59,3,68)
w(61,50,3,68)
w(114,48,3,68)
r(111,63,3,68)
r(76,36,3,68)
r(71,42,3,68)
w(108,52,3,68)
w(58,53,3,69)
w(88,52,3,69)
w(0,58,3,69)
w(44,49,3,69)
w(105,38,3,69)
w(93,51,3,69)
r(6,2,3,69)
r(55,2,3,69)
w(42,50,3,69)
r(62,33,3,69)
w(46,51,3,69)
r(64,43,3,69)
r(1,29,3,69)
w(102,57,3,69)
w(2,57,3,69)
r(23,39,3,69)
w(10,44,3,69)
w(117,56,3,69)
r(10,44,3,69)
r(115,58,3,69)
r(90,43,3,70)
r(14,20,3,70)
w(114,49,3,70)
w(15,55,3,70)
w(95,57,3,70)
r(101,29,3,70)
w(30,55,3,70)
w(50,67,3,70)
w(75,56,3,70)
w(107,47,3,70)
r(8,11,3,70)
w(95,58,3,70)
w(56,47,3,70)
r(78,34,3,70)
r(114,49,3,70)
w(5,29,3,70)
w(65,58,3,70)
r(105,9,3,70)
r(84,55,3,70)
r(62,33,3,70)
w(74,49,3,71)
w(53,61,3,71)
r(58,18,3,71)
r(16,17,3,71)
r(64,43,3,71)
w(75,57,3,71)
r(57,18,3,71)
w(65,59,3,71)
r(29,12,3,71)
r(46,51,3,71)
r(9,18,3,71)
r(12,1,3,71)
r(95,58,3,71)
r(5,29,3,71)
w(116,58,3,71)
r(98,20,3,71)
r(50,67,3,71)
w(73,63,3,71)
r(68,19,3,71)
r(44,18,3,71)
r(7,49,3,72)
w(56,48,3,72)
r(32,1,3,72)
w(9,43,3,72)
w(92,60,3,72)
r(33,17,3,72)
r(80,21,3,72)
w(27,47,3,72)
r(4,2,3,72)
w(32,61,3,72)
w(26,51,3,72)
w(51,62,3,72)
r(21,20,3,72)
r(44,18,3,72)
w(115,39,3,72)
r(52,3,3,72)
r(110,50,3,72)
w(108,53,3,72)
r(83,32,3,72)
w(74,50,3,72)
w(19,56,3,73)
r(40,78,3,73)
r(101,29,3,73)
w(70,58,3,73)
w(16,58,3,73)
r(86,18,3,73)
w(34,47,3,73)
r(87,60,3,73)
r(83,32,3,73)
r(104,31,3,73)
w(21,47,3,73)
r(117,56,3,73)
w(29,30,3,73)
w(46,52,3,73)
w(118,45,3,73)
w(57,48,3,73)
w(48,43,3,73)
w(84,56,3,73)
w(45,62,3,73)
w(48,44,3,73)
r(78,34,3,74)
r(35,16,3,74)
r(41,18,3,74)
r(11,16,3,74)
r(63,16,3,74)
w(93,52,3,74)
w(57,49,3,74)
r(44,69,3,74)
r(31,22,3,74)
w(111,64,3,74)
w(100,65,3,74)
r(40,2,3,74)
r(37,3,3,74)
r(43,3,3,74)
r(35,16,3,74)
r(49,18,3,74)
r(59,3,3,74)
r(4,2,3,74)
r(54,30,3,74)
w(106,43,3,74)
w(29,31,3,75)
r(116,24,3,75)
r(26,51,3,75)
r(108,2,3,75)
r(60,1,3,75)
w(113,49,3,75)
w(57,50,3,75)
r(36,19,3,75)
r(53,4,3,75)
r(32,61,3,75)
r(55,85,3,75)
w(14,68,3,75)
w(51,63,3,75)
w(100,66,3,75)
r(97,73,3,75)
r(13,50,3,75)
r(99,4,3,75)
w(79,52,3,75)
w(56,49,3,75)
w(63,38,3,75)
w(53,62,3,76)
w(42,51,3,76)
r(44,69,3,76)
w(72,54,3,76)
w(90,63,3,76)
r(21,4,3,76)
w(77,62,3,76)
r(97,73,3,76)
r(112,19,3,76)
r(59,79,3,76)
w(32,62,3,76)
w(20,51,3,76)
w(12,46,3,76)
r(105,1,3,76)
r(4,2,3,76)
r(5,38,3,76)
r(88,2,3,76)
w(3,60,3,76)
w(51,64,3,76)
r(84,2,3,76)
r(39,2,3,77)
w(99,54,3,77)
w(65,60,3,77)
r(57,50,3,77)
r(100,66,3,77)
r(64,43,3,77)
r(19,1,3,77)
w(61,51,3,77)
r(65,60,3,77)
r(116,24,3,77)
w(106,44,3,77)
w(69,39,3,77)
w(70,59,3,77)
w(37,48,3,77)
r(49,18,3,77)
w(54,37,3,77)
r(41,18,3,77)
r(51,64,3,77)
w(112,53,3,77)
r(49,18,3,77)
r(89,12,3,78)
w(91,52,3,78)
r(19,1,3,78)
w(0,59,3,78)
w(31,70,3,78)
w(35,44,3,78)
w(74,51,3,78)
w(98,53,3,78)
r(69,39,3,78)
r(113,49,3,78)
r(102,3,3,78)
r(1,18,3,78)
w(55,60,3,78)
r(66,3,3,78)
w(48,45,3,78)
r(42,51,3,78)
r(42,51,3,78)
w(114,50,3,78)
r(47,70,3,78)
r(11,16,3,78)
r(27,47,3,79)
r(7,49,3,79)
r(109,18,3,79)
r(72,54,3,79)
r(33,17,3,79)
w(90,64,3,79)
w(11,42,3,79)
w(4,44,3,79)
w(20,52,3,79)
w(44,50,3,79)
r(88,3,3,79)
w(99,55,3,79)
r(79,3,3,79)
w(114,51,3,79)
w(44,51,3,79)
w(114,52,3,79)
r(115,39,3,79)
r(109,18,3,79)
w(22,73,3,79)
w(67,46,3,79)
r(118,0,4,80)
w(49,67,4,80)
w(36,62,4,80)
w(60,58,4,80)
r(44,0,4,80)
w(104,49,4,80)
w(82,64,4,80)
w(85,69,4,80)
w(54,52,4,80)
w(11,55,4,80)
w(47,69,4,80)
r(119,0,4,80)
w(83,56,4,80)
w(80,69,4,80)
r(11,55,4,80)
r(88,0,4,80)
w(48,56,4,80)
r(27,31,4,80)
r(36,62,4,80)
r(113,2,4,80)
w(82,65,4,81)
w(34,70,4,81)
r(63,0,4,81)
r(24,40,4,81)
r(83,56,4,81)
w(70,74,4,81)
r(63,0,4,81)
r(14,46,4,81)
r(13,0,4,81)
w(67,65,4,81)
r(49,67,4,81)
w(108,72,4,81)
w(59,77,4,81)
w(112,66,4,81)
r(82,65,4,81)
w(82,66,4,81)
w(108,73,4,81)
w(10,57,4,81)
r(4,0,4,81)
r(84,0,4,81)
r(61,0,4,82)
w(41,61,4,82)
r(87,41,4,82)
w(73,80,4,82)
w(109,63,4,82)
r(25,0,4,82)
w(21,59,4,82)
w(4,58,4,82)
r(109,63,4,82)
r(58,0,4,82)
w(94,73,4,82)
r(31,42,4,82)
w(40,77,4,82)
r(7,0,4,82)
w(94,74,4,82)
w(119,56,4,82)
w(13,48,4,82)
w(79,68,4,82)
r(82,66,4,82)
w(20,61,4,82)
w(113,62,4,83)
w(85,70,4,83)
r(46,36,4,83)
w(100,83,4,83)
w(35,56,4,83)
r(52,0,4,83)
r(8,0,4,83)
r(48,56,4,83)
r(96,1,4,83)
w(14,84,4,83)
r(43,1,4,83)
r(25,0,4,83)
w(17,72,4,83)
r(34,70,4,83)
r(89,0,4,83)
r(119,56,4,83)
w(26,71,4,83)
w(65,81,4,83)
w(55,81,4,83)
w(74,66,4,83)
r(0,57,4,84)
r(43,24,4,84)
w(1,63,4,84)
w(35,57,4,84)
r(82,66,4,84)
w(53,81,4,84)
r(60,58,4,84)
w(81,72,4,84)
w(7,66,4,84)
w(45,78,4,84)
w(80,70,4,84)
w(78,63,4,84)
r(68,16,4,84)
w(59,78,4,84)
r(66,0,4,84)
r(60,58,4,84)
r(9,1,4,84)
r(109,63,4,84)
w(39,62,4,84)
r(12,12,4,84)
w(50,77,4,85)
w(115,58,4,85)
r(50,77,4,85)
w(62,65,4,85)
r(44,47,4,85)
w(68,67,4,85)
r(105,0,4,85)
w(106,67,4,85)
r(100,83,4,85)
r(7,66,4,85)
r(20,21,4,85)
r(52,2,4,85)
w(14,85,4,85)
w(34,71,4,85)
r(86,47,4,85)
w(55,82,4,85)
w(67,66,4,85)
w(63,58,4,85)
w(36,63,4,85)
r(30,38,4,85)
r(112,66,4,86)
w(105,61,4,86)
r(27,31,4,86)
w(56,74,4,86)
w(76,64,4,86)
w(15,72,4,86)
w(116,76,4,86)
r(52,2,4,86)
r(8,0,4,86)
w(70,75,4,86)
r(88,0,4,86)
w(41,62,4,86)
w(78,64,4,86)
r(76,64,4,86)
w(83,57,4,86)
r(70,75,4,86)
w(48,57,4,86)
w(88,73,4,86)
w(50,78,4,86)
w(94,75,4,86)
r(50,78,4,87)
r(59,78,4,87)
r(81,72,4,87)
r(50,78,4,87)
w(12,60,4,87)
r(4,58,4,87)
w(88,74,4,87)
r(73,39,4,87)
r(27,31,4,87)
w(23,67,4,87)
r(26,71,4,87)
w(49,68,4,87)
r(90,42,4,87)
r(72,2,4,87)
r(20,21,4,87)
w(19,76,4,87)
w(86,63,4,87)
w(28,60,4,87)
r(2,41,4,87)
r(67,66,4,87)
w(94,76,4,88)
w(37,58,4,88)
r(45,41,4,88)
w(117,70,4,88)
w(90,86,4,88)
r(113,34,4,88)
w(99,76,4,88)
w(93,72,4,88)
r(41,62,4,88)
r(21,20,4,88)
r(98,41,4,88)
w(93,73,4,88)
w(113,63,4,88)
w(18,71,4,88)
r(24,23,4,88)
w(92,76,4,88)
w(45,79,4,88)
r(30,39,4,88)
r(33,16,4,88)
w(109,64,4,88)
w(31,84,4,89)
r(18,71,4,89)
w(119,57,4,89)
w(31,85,4,89)
w(82,67,4,89)
r(6,46,4,89)
w(98,70,4,89)
r(10,15,4,89)
w(78,65,4,89)
w(28,61,4,89)
r(118,18,4,89)
r(92,76,4,89)
w(34,72,4,89)
r(111,19,4,89)
r(4,1,4,89)
r(67,66,4,89)
w(38,62,4,89)
w(9,64,4,89)
r(17,19,4,89)
r(90,86,4,89)
w(13,49,4,90)
r(74,19,4,90)
w(58,64,4,90)
w(55,83,4,90)
r(70,24,4,90)
w(67,67,4,90)
w(3,70,4,90)
r(70,24,4,90)
w(63,59,4,90)
w(63,60,4,90)
r(52,25,4,90)
w(106,68,4,90)
w(15,73,4,90)
r(37,58,4,90)
w(85,71,4,90)
r(111,19,4,90)
r(119,57,4,90)
r(32,17,4,90)
w(100,84,4,90)
w(41,63,4,90)
w(76,65,4,91)
w(88,75,4,91)
w(37,59,4,91)
r(84,55,4,91)
r(104,2,4,91)
r(14,48,4,91)
w(27,71,4,91)
w(111,77,4,91)
r(22,44,4,91)
w(89,59,4,91)
r(12,1,4,91)
w(50,79,4,91)
r(26,30,4,91)
r(17,20,4,91)
w(40,78,4,91)
r(56,14,4,91)
r(60,14,4,91)
w(30,74,4,91)
w(105,62,4,91)
w(74,67,4,91)
r(100,84,4,92)
r(44,48,4,92)
w(55,84,4,92)
r(80,20,4,92)
r(51,61,4,92)
r(15,41,4,92)
r(35,1,4,92)
r(46,38,4,92)
w(13,50,4,92)
w(75,75,4,92)
r(25,38,4,92)
r(68,35,4,92)
r(55,84,4,92)
r(22,44,4,92)
r(95,41,4,92)
w(77,73,4,92)
w(105,63,4,92)
w(77,74,4,92)
w(43,80,4,92)
w(52,75,4,92)
r(28,61,4,93)
r(97,4,4,93)
w(116,77,4,93)
w(9,65,4,93)
r(104,2,4,93)
w(39,63,4,93)
w(2,71,4,93)
r(14,48,4,93)
r(10,16,4,93)
w(82,68,4,93)
r(37,59,4,93)
w(23,68,4,93)
w(108,74,4,93)
w(24,74,4,93)
r(35,1,4,93)
r(63,30,4,93)
r(66,33,4,93)
w(3,71,4,93)
r(57,17,4,93)
r(41,63,4,93)
w(53,82,4,94)
w(42,69,4,94)
r(38,14,4,94)
r(4,2,4,94)
w(97,73,4,94)
w(44,69,4,94)
r(110,50,4,94)
r(21,4,4,94)
r(92,60,4,94)
w(47,70,4,94)
w(58,65,4,94)
r(63,16,4,94)
r(21,4,4,94)
r(49,18,4,94)
w(100,85,4,94)
w(104,50,4,94)
r(61,32,4,94)
w(91,68,4,94)
w(79,69,4,94)
w(81,73,4,94)
r(105,1,4,95)
w(92,77,4,95)
r(44,69,4,95)
r(63,16,4,95)
w(118,60,4,95)
r(88,2,4,95)
w(5,38,4,95)
w(45,80,4,95)
w(80,71,4,95)
r(20,2,4,95)
w(59,79,4,95)
r(32,61,4,95)
w(55,85,4,95)
w(22,91,4,95)
r(86,18,4,95)
w(35,58,4,95)
r(19,1,4,95)
r(71,2,4,95)
r(40,2,4,95)
w(70,76,4,95)
w(107,65,4,96)
w(24,75,4,96)
w(83,58,4,96)
w(82,69,4,96)
w(1,64,4,96)
w(104,51,4,96)
w(103,72,4,96)
w(41,64,4,96)
r(25,18,4,96)
r(98,1,4,96)
w(1,65,4,96)
w(118,61,4,96)
w(38,63,4,96)
r(71,2,4,96)
w(50,80,4,96)
r(118,61,4,96)
w(79,70,4,96)
r(12,46,4,96)
r(87,60,4,96)
w(108,75,4,96)
w(57,61,4,97)
w(12,61,4,97)
w(29,44,4,97)
r(117,56,4,97)
r(43,3,4,97)
w(103,73,4,97)
r(24,75,4,97)
r(72,54,4,97)
w(4,59,4,97)
w(18,72,4,97)
w(116,78,4,97)
w(80,72,4,97)
r(53,62,4,97)
r(56,49,4,97)
r(109,18,4,97)
w(34,73,4,97)
r(65,60,4,97)
r(86,18,4,97)
r(11,16,4,97)
w(93,74,4,97)
r(1,1,4,98)
w(75,76,4,98)
r(64,1,4,98)
r(11,16,4,98)
r(84,4,4,98)
r(12,2,4,98)
w(110,67,4,98)
w(41,65,4,98)
r(93,74,4,98)
r(43,3,4,98)
r(113,49,4,98)
r(35,44,4,98)
w(55,86,4,98)
r(71,2,4,98)
w(57,62,4,98)
w(41,66,4,98)
r(18,72,4,98)
w(112,67,4,98)
w(42,70,4,98)
r(35,44,4,98)
w(98,71,4,99)
r(12,2,4,99)
w(92,78,4,99)
r(44,69,4,99)
w(28,62,4,99)
w(26,72,4,99)
r(63,38,4,99)
r(80,72,4,99)
r(38,63,4,99)
r(38,63,4,99)
r(16,4,4,99)
r(34,3,4,99)
r(34,3,4,99)
r(63,38,4,99)
r(52,26,4,99)
r(26,72,4,99)
w(64,55,4,99)
w(87,76,4,99)
r(117,56,4,99)
w(88,76,4,99)
