r(98,60,0,0)
r(36,37,0,0)
w(96,1,0,0)
w(38,1,0,0)
r(110,19,0,0)
w(26,1,0,0)
r(65,62,0,0)
r(118,0,0,0)
w(39,1,0,0)
w(91,1,0,0)
w(69,1,0,0)
r(40,48,0,0)
r(29,66,0,0)
r(34,52,0,0)
w(38,2,0,0)
w(55,1,0,0)
r(97,24,0,0)
r(26,1,0,0)
r(104,39,0,0)
w(56,1,0,0)
w(0,1,0,1)
w(11,1,0,1)
w(11,2,0,1)
w(93,1,0,1)
w(62,1,0,1)
w(25,1,0,1)
r(68,50,0,1)
w(87,1,0,1)
r(61,0,0,1)
r(38,35,0,1)
r(1,42,0,1)
w(84,1,0,1)
r(116,16,0,1)
r(99,51,0,1)
w(27,1,0,1)
w(37,1,0,1)
w(106,1,0,1)
r(111,63,0,1)
w(62,2,0,1)
w(54,1,0,1)
w(3,1,0,2)
r(107,60,0,2)
r(78,52,0,2)
r(83,67,0,2)
r(66,51,0,2)
w(39,2,0,2)
r(52,0,0,2)
w(6,1,0,2)
w(2,1,0,2)
w(49,1,0,2)
w(20,1,0,2)
r(98,60,0,2)
r(16,52,0,2)
r(64,63,0,2)
r(32,82,0,2)
r(23,56,0,2)
r(47,0,0,2)
r(45,57,0,2)
r(115,0,0,2)
w(16,1,0,2)
r(92,50,0,3)
w(52,1,0,3)
r(90,45,0,3)
r(77,36,0,3)
w(81,1,0,3)
r(61,21,0,3)
r(19,52,0,3)
r(114,0,0,3)
w(95,1,0,3)
w(102,1,0,3)
w(59,1,0,3)
w(53,1,0,3)
w(53,2,0,3)
r(19,52,0,3)
w(50,1,0,3)
w(100,1,0,3)
r(66,51,0,3)
w(71,1,0,3)
w(71,2,0,3)
w(63,1,0,3)
r(34,52,0,4)
w(6,2,0,4)
w(46,1,0,4)
w(8,1,0,4)
w(72,1,0,4)
w(84,2,0,4)
w(115,1,0,4)
r(5,13,0,4)
w(108,1,0,4)
r(116,18,0,4)
w(80,1,0,4)
w(47,1,0,4)
r(94,25,0,4)
w(109,1,0,4)
r(14,30,0,4)
r(73,31,0,4)
w(4,1,0,4)
r(15,50,0,4)
r(55,43,0,4)
w(41,1,0,4)
w(10,1,0,5)
r(61,21,0,5)
r(64,63,0,5)
r(2,42,0,5)
w(105,1,0,5)
r(111,63,0,5)
w(18,1,0,5)
w(113,1,0,5)
w(31,1,0,5)
w(87,2,0,5)
r(58,25,0,5)
r(93,1,0,5)
w(57,1,0,5)
r(48,0,0,5)
r(97,24,0,5)
r(83,67,0,5)
w(112,1,0,5)
r(16,1,0,5)
r(0,30,0,5)
w(92,1,0,5)
w(107,1,0,6)
w(35,1,0,6)
w(23,1,0,6)
w(34,1,0,6)
w(63,2,0,6)
r(0,15,0,6)
w(23,2,0,6)
w(14,1,0,6)
r(19,52,0,6)
r(103,12,0,6)
r(10,1,0,6)
r(37,34,0,6)
w(9,1,0,6)
w(2,2,0,6)
w(110,1,0,6)
r(80,45,0,6)
w(78,1,0,6)
r(59,57,0,6)
w(27,2,0,6)
w(58,1,0,6)
r(29,67,0,7)
w(97,1,0,7)
w(71,3,0,7)
w(101,1,0,7)
w(13,1,0,7)
w(72,2,0,7)
w(29,1,0,7)
r(0,32,0,7)
r(102,57,0,7)
w(37,2,0,7)
w(15,1,0,7)
r(13,1,0,7)
r(47,13,0,7)
w(88,1,0,7)
r(50,71,0,7)
w(7,1,0,7)
r(41,31,0,7)
w(111,1,0,7)
r(28,59,0,7)
r(91,31,0,7)
w(68,1,0,8)
r(49,48,0,8)
r(112,32,0,8)
w(50,2,0,8)
r(99,31,0,8)
r(51,50,0,8)
w(69,2,0,8)
w(110,2,0,8)
w(101,2,0,8)
r(106,53,0,8)
w(109,2,0,8)
w(45,1,0,8)
w(55,2,0,8)
w(9,2,0,8)
w(30,1,0,8)
w(108,2,0,8)
r(93,52,0,8)
r(69,2,0,8)
r(13,1,0,8)
r(52,1,0,8)
r(92,54,0,9)
r(4,33,0,9)
r(35,1,0,9)
r(55,2,0,9)
r(119,41,0,9)
w(4,2,0,9)
w(119,1,0,9)
r(96,41,0,9)
r(41,31,0,9)
w(83,1,0,9)
w(51,1,0,9)
r(44,40,0,9)
w(83,2,0,9)
w(80,2,0,9)
r(20,60,0,9)
r(3,17,0,9)
r(4,2,0,9)
r(67,25,0,9)
r(85,75,0,9)
r(72,2,0,9)
r(28,59,0,10)
w(49,2,0,10)
r(105,67,0,10)
r(79,10,0,10)
w(83,3,0,10)
r(107,1,0,10)
w(70,1,0,10)
w(38,3,0,10)
r(81,66,0,10)
r(104,67,0,10)
r(21,36,0,10)
r(12,69,0,10)
r(109,2,0,10)
r(23,32,0,10)
w(114,1,0,10)
w(64,1,0,10)
w(53,3,0,10)
r(102,57,0,10)
r(8,28,0,10)
r(95,69,0,10)
r(44,40,0,11)
r(11,35,0,11)
w(95,2,0,11)
w(63,3,0,11)
r(68,1,0,11)
w(28,1,0,11)
w(23,3,0,11)
r(100,61,0,11)
w(51,2,0,11)
r(113,48,0,11)
r(10,1,0,11)
w(33,1,0,11)
w(31,2,0,11)
w(111,2,0,11)
r(80,2,0,11)
w(27,3,0,11)
w(57,2,0,11)
w(101,3,0,11)
w(86,1,0,11)
w(9,3,0,11)
w(30,2,0,12)
w(2,3,0,12)
r(74,30,0,12)
r(10,1,0,12)
r(67,25,0,12)
w(54,2,0,12)
r(107,1,0,12)
r(9,3,0,12)
w(30,3,0,12)
r(14,31,0,12)
w(4,3,0,12)
w(12,1,0,12)
r(42,50,0,12)
w(45,2,0,12)
w(83,4,0,12)
r(89,27,0,12)
r(46,70,0,12)
r(20,30,0,12)
w(79,1,0,12)
w(104,1,0,12)
r(112,32,0,13)
r(58,1,0,13)
w(40,1,0,13)
r(33,1,0,13)
r(9,3,0,13)
w(58,2,0,13)
w(59,2,0,13)
r(99,31,0,13)
w(36,1,0,13)
r(103,31,0,13)
w(78,2,0,13)
r(118,32,0,13)
r(0,32,0,13)
w(93,2,0,13)
w(6,3,0,13)
w(58,3,0,13)
r(75,63,0,13)
w(41,2,0,13)
r(80,2,0,13)
r(104,1,0,13)
w(26,2,0,14)
w(68,2,0,14)
w(66,1,0,14)
w(44,1,0,14)
r(65,23,0,14)
r(54,2,0,14)
r(114,1,0,14)
r(54,2,0,14)
r(101,3,0,14)
r(66,1,0,14)
r(49,2,0,14)
w(55,3,0,14)
w(80,3,0,14)
r(104,1,0,14)
w(54,3,0,14)
w(100,2,0,14)
r(88,35,0,14)
w(10,2,0,14)
w(67,1,0,14)
r(74,30,0,14)
r(53,3,0,15)
w(99,1,0,15)
w(81,2,0,15)
w(112,2,0,15)
r(107,1,0,15)
r(12,1,0,15)
r(39,22,0,15)
w(32,1,0,15)
r(43,19,0,15)
r(60,29,0,15)
w(119,2,0,15)
w(113,2,0,15)
r(25,24,0,15)
w(92,2,0,15)
w(98,1,0,15)
w(16,2,0,15)
r(18,56,0,15)
r(76,42,0,15)
r(116,18,0,15)
r(112,2,0,15)
r(97,1,0,16)
r(8,28,0,16)
w(6,4,0,16)
w(58,4,0,16)
w(76,1,0,16)
w(1,1,0,16)
r(33,1,0,16)
w(60,1,0,16)
r(45,2,0,16)
r(62,80,0,16)
r(64,1,0,16)
r(26,2,0,16)
w(30,4,0,16)
w(11,3,0,16)
r(67,1,0,16)
r(68,2,0,16)
r(61,71,0,16)
w(42,1,0,16)
r(96,43,0,16)
r(89,27,0,16)
w(32,2,0,17)
r(110,2,0,17)
r(110,2,0,17)
r(63,3,0,17)
r(101,3,0,17)
w(24,1,0,17)
r(96,43,0,17)
r(89,27,0,17)
w(52,2,0,17)
w(108,3,0,17)
w(33,2,0,17)
r(53,3,0,17)
w(10,3,0,17)
r(52,2,0,17)
r(76,1,0,17)
w(21,1,0,17)
r(13,1,0,17)
w(54,4,0,17)
r(98,1,0,17)
r(118,32,0,17)
w(34,2,0,18)
r(114,1,0,18)
w(43,1,0,18)
r(55,3,0,18)
r(118,32,0,18)
w(90,1,0,18)
w(117,1,0,18)
w(67,2,0,18)
w(10,4,0,18)
r(24,1,0,18)
r(51,2,0,18)
r(10,4,0,18)
r(40,1,0,18)
w(38,4,0,18)
r(20,30,0,18)
w(71,4,0,18)
w(101,4,0,18)
w(118,1,0,18)
r(37,2,0,18)
r(73,33,0,18)
r(63,3,0,19)
w(7,2,0,19)
w(8,2,0,19)
r(87,21,0,19)
w(108,4,0,19)
r(1,1,0,19)
w(3,2,0,19)
r(23,3,0,19)
r(56,30,0,19)
w(13,2,0,19)
r(10,4,0,19)
w(116,1,0,19)
r(108,4,0,19)
r(53,3,0,19)
w(84,3,0,19)
w(33,3,0,19)
w(16,3,0,19)
w(20,2,0,19)
r(54,4,0,19)
w(66,2,0,19)
r(55,0,1,20)
r(0,0,1,20)
w(81,23,1,20)
w(32,24,1,20)
w(91,28,1,20)
r(9,0,1,20)
r(109,0,1,20)
w(29,12,1,20)
r(70,0,1,20)
w(46,21,1,20)
r(118,0,1,20)
r(23,0,1,20)
r(44,0,1,20)
w(27,25,1,20)
r(49,0,1,20)
w(107,19,1,20)
w(70,11,1,20)
w(84,22,1,20)
w(30,19,1,20)
w(54,18,1,20)
r(72,0,1,21)
w(66,16,1,21)
r(53,0,1,21)
w(55,22,1,21)
w(108,24,1,21)
r(8,0,1,21)
r(45,0,1,21)
w(109,20,1,21)
w(15,17,1,21)
w(110,18,1,21)
r(91,28,1,21)
r(112,0,1,21)
r(31,0,1,21)
r(6,0,1,21)
r(19,0,1,21)
w(78,18,1,21)
r(109,20,1,21)
r(70,11,1,21)
r(31,0,1,21)
w(80,16,1,21)
r(101,0,1,22)
w(43,18,1,22)
w(18,24,1,22)
r(24,0,1,22)
w(22,12,1,22)
r(78,18,1,22)
r(62,0,1,22)
w(21,19,1,22)
w(71,20,1,22)
w(62,26,1,22)
w(56,12,1,22)
r(4,0,1,22)
w(93,19,1,22)
r(69,0,1,22)
w(93,20,1,22)
w(94,13,1,22)
r(36,0,1,22)
r(99,0,1,22)
r(2,0,1,22)
w(101,19,1,22)
r(17,0,1,23)
w(46,22,1,23)
r(109,20,1,23)
r(50,0,1,23)
r(35,0,1,23)
w(57,21,1,23)
w(31,13,1,23)
w(95,24,1,23)
w(101,20,1,23)
w(2,16,1,23)
w(4,17,1,23)
r(65,0,1,23)
r(109,20,1,23)
r(5,0,1,23)
w(35,21,1,23)
r(51,0,1,23)
w(107,20,1,23)
w(110,19,1,23)
r(94,13,1,23)
r(78,18,1,23)
r(84,22,1,24)
w(5,12,1,24)
w(4,18,1,24)
w(85,20,1,24)
w(60,16,1,24)
w(44,17,1,24)
r(26,0,1,24)
r(54,18,1,24)
r(116,0,1,24)
w(93,21,1,24)
r(119,0,1,24)
w(68,18,1,24)
r(4,18,1,24)
r(59,0,1,24)
w(20,12,1,24)
w(86,23,1,24)
w(92,16,1,24)
r(14,0,1,24)
r(7,0,1,24)
w(42,21,1,24)
w(9,15,1,25)
w(51,15,1,25)
w(73,15,1,25)
r(89,0,1,25)
w(24,21,1,25)
r(117,0,1,25)
r(61,0,1,25)
r(99,0,1,25)
w(53,20,1,25)
w(62,27,1,25)
r(111,0,1,25)
w(44,18,1,25)
w(82,19,1,25)
w(84,23,1,25)
r(76,0,1,25)
r(72,0,1,25)
w(45,13,1,25)
w(116,16,1,25)
r(4,18,1,25)
w(105,16,1,25)
r(92,16,1,26)
r(91,79,1,26)
w(77,19,1,26)
w(72,16,1,26)
r(33,0,1,26)
r(80,16,1,26)
r(9,15,1,26)
w(64,19,1,26)
r(73,15,1,26)
w(40,16,1,26)
w(94,14,1,26)
r(80,16,1,26)
r(28,0,1,26)
w(59,16,1,26)
w(104,18,1,26)
r(88,52,1,26)
r(47,0,1,26)
r(32,24,1,26)
r(86,23,1,26)
w(37,18,1,26)
w(26,18,1,27)
w(40,17,1,27)
w(81,24,1,27)
w(42,22,1,27)
r(97,0,1,27)
r(11,0,1,27)
w(9,16,1,27)
r(22,12,1,27)
r(28,0,1,27)
w(119,18,1,27)
r(116,16,1,27)
r(91,79,1,27)
r(68,18,1,27)
w(69,20,1,27)
w(59,17,1,27)
w(74,16,1,27)
w(74,17,1,27)
r(86,23,1,27)
r(66,16,1,27)
r(5,12,1,27)
r(83,67,1,28)
r(31,48,1,28)
r(11,0,1,28)
r(108,71,1,28)
w(96,20,1,28)
r(11,0,1,28)
r(13,0,1,28)
w(63,18,1,28)
r(37,68,1,28)
w(109,21,1,28)
w(58,24,1,28)
r(54,18,1,28)
w(80,17,1,28)
r(118,0,1,28)
w(100,17,1,28)
w(39,21,1,28)
r(61,0,1,28)
r(30,19,1,28)
r(39,21,1,28)
w(92,17,1,28)
w(29,13,1,29)
r(74,61,1,29)
r(61,0,1,29)
w(5,13,1,29)
r(70,32,1,29)
w(61,21,1,29)
w(23,19,1,29)
r(106,1,1,29)
r(114,0,1,29)
r(103,28,1,29)
r(52,0,1,29)
r(25,1,1,29)
w(78,19,1,29)
w(91,29,1,29)
r(119,41,1,29)
w(59,18,1,29)
r(68,50,1,29)
r(34,52,1,29)
w(45,14,1,29)
w(44,19,1,29)
r(8,27,1,30)
w(49,18,1,30)
r(106,1,1,30)
w(57,22,1,30)
w(54,19,1,30)
w(7,20,1,30)
w(24,22,1,30)
w(6,22,1,30)
r(46,52,1,30)
r(56,1,1,30)
w(24,23,1,30)
r(57,22,1,30)
r(91,29,1,30)
w(118,17,1,30)
r(42,49,1,30)
r(94,14,1,30)
r(5,13,1,30)
r(31,49,1,30)
w(116,17,1,30)
r(88,54,1,30)
w(6,23,1,31)
w(94,15,1,31)
r(52,0,1,31)
w(91,30,1,31)
r(15,50,1,31)
r(6,23,1,31)
r(100,17,1,31)
w(58,25,1,31)
r(108,57,1,31)
r(16,1,1,31)
w(20,13,1,31)
r(108,57,1,31)
w(21,20,1,31)
w(116,18,1,31)
w(68,19,1,31)
w(26,19,1,31)
w(72,17,1,31)
w(50,13,1,31)
r(1,42,1,31)
r(78,19,1,31)
r(53,43,1,32)
w(32,25,1,32)
r(43,62,1,32)
r(47,0,1,32)
w(29,14,1,32)
r(99,51,1,32)
r(109,51,1,32)
r(94,15,1,32)
w(21,21,1,32)
w(22,13,1,32)
r(42,49,1,32)
r(71,78,1,32)
w(41,14,1,32)
w(33,20,1,32)
w(6,24,1,32)
r(117,42,1,32)
r(116,18,1,32)
w(72,18,1,32)
r(3,1,1,32)
w(4,19,1,32)
r(2,1,1,33)
r(51,26,1,33)
w(60,17,1,33)
w(62,28,1,33)
w(100,18,1,33)
w(67,14,1,33)
r(62,28,1,33)
w(47,12,1,33)
w(118,18,1,33)
r(99,51,1,33)
w(44,20,1,33)
w(67,15,1,33)
r(68,19,1,33)
w(82,20,1,33)
r(87,1,1,33)
r(41,14,1,33)
r(77,36,1,33)
r(38,35,1,33)
w(4,20,1,33)
r(75,0,1,33)
r(58,25,1,34)
w(67,16,1,34)
r(3,1,1,34)
r(65,47,1,34)
w(38,20,1,34)
w(41,15,1,34)
r(21,21,1,34)
w(83,20,1,34)
w(9,17,1,34)
r(82,20,1,34)
w(108,25,1,34)
w(112,17,1,34)
w(106,16,1,34)
r(25,1,1,34)
r(24,23,1,34)
r(85,37,1,34)
r(117,42,1,34)
w(87,21,1,34)
w(13,24,1,34)
r(8,1,1,34)
w(99,17,1,35)
r(103,28,1,35)
r(6,2,1,35)
r(34,52,1,35)
w(86,24,1,35)
w(25,11,1,35)
w(38,21,1,35)
r(76,57,1,35)
r(53,2,1,35)
r(58,25,1,35)
r(14,30,1,35)
r(53,2,1,35)
w(72,19,1,35)
w(6,25,1,35)
r(112,17,1,35)
w(40,18,1,35)
w(69,21,1,35)
w(33,21,1,35)
w(88,21,1,35)
r(66,31,1,35)
w(0,15,1,36)
w(103,12,1,36)
r(109,52,1,36)
r(102,81,1,36)
r(18,56,1,36)
w(73,16,1,36)
w(20,14,1,36)
w(88,22,1,36)
r(58,60,1,36)
r(18,56,1,36)
w(23,20,1,36)
w(15,18,1,36)
r(97,50,1,36)
w(72,20,1,36)
r(39,66,1,36)
w(48,7,1,36)
r(43,62,1,36)
w(14,14,1,36)
r(55,81,1,36)
r(57,1,1,36)
w(50,14,1,37)
w(63,19,1,37)
w(57,23,1,37)
w(59,19,1,37)
w(22,14,1,37)
r(2,61,1,37)
r(21,21,1,37)
w(84,24,1,37)
r(42,50,1,37)
r(14,14,1,37)
w(62,29,1,37)
w(33,22,1,37)
r(23,20,1,37)
w(84,25,1,37)
w(97,9,1,37)
w(55,23,1,37)
w(24,24,1,37)
r(96,40,1,37)
r(86,24,1,37)
r(55,23,1,37)
w(3,17,1,38)
w(8,12,1,38)
r(44,20,1,38)
w(43,19,1,38)
r(70,71,1,38)
r(33,22,1,38)
r(29,67,1,38)
r(94,34,1,38)
r(112,57,1,38)
w(114,15,1,38)
w(34,17,1,38)
r(38,21,1,38)
r(67,44,1,38)
w(62,30,1,38)
r(7,44,1,38)
r(81,65,1,38)
r(21,21,1,38)
w(65,13,1,38)
w(70,12,1,38)
r(72,20,1,38)
w(47,13,1,39)
w(83,21,1,39)
r(39,66,1,39)
w(91,31,1,39)
w(110,20,1,39)
r(4,1,1,39)
w(28,17,1,39)
r(41,71,1,39)
r(73,16,1,39)
w(58,26,1,39)
r(93,52,1,39)
r(60,29,1,39)
w(14,15,1,39)
w(39,22,1,39)
r(117,42,1,39)
w(101,21,1,39)
r(119,41,1,39)
w(35,22,1,39)
w(79,10,1,39)
w(40,19,1,39)
r(33,77,2,40)
r(35,21,2,40)
w(38,34,2,40)
w(1,42,2,40)
w(51,26,2,40)
w(8,27,2,40)
w(77,36,2,40)
r(17,56,2,40)
r(110,19,2,40)
r(76,72,2,40)
w(5,22,2,40)
w(72,39,2,40)
r(46,50,2,40)
r(46,50,2,40)
w(18,39,2,40)
w(70,32,2,40)
r(8,27,2,40)
w(6,42,2,40)
w(6,43,2,40)
w(67,24,2,40)
w(5,23,2,41)
w(117,42,2,41)
w(2,41,2,41)
r(102,0,2,41)
r(116,16,2,41)
w(104,39,2,41)
r(76,72,2,41)
w(36,37,2,41)
r(79,0,2,41)
w(97,24,2,41)
r(27,71,2,41)
w(103,28,2,41)
w(89,27,2,41)
r(97,24,2,41)
w(86,40,2,41)
r(34,52,2,41)
r(66,50,2,41)
r(81,63,2,41)
w(14,30,2,41)
w(41,29,2,41)
r(33,77,2,42)
r(29,66,2,42)
r(45,57,2,42)
w(110,41,2,42)
w(3,37,2,42)
r(59,70,2,42)
w(41,30,2,42)
w(87,42,2,42)
r(59,70,2,42)
r(23,55,2,42)
w(40,36,2,42)
r(9,16,2,42)
w(55,43,2,42)
r(29,66,2,42)
r(106,0,2,42)
r(16,52,2,42)
w(87,43,2,42)
w(27,45,2,42)
r(41,30,2,42)
w(38,35,2,42)
w(118,31,2,43)
w(109,37,2,43)
r(97,24,2,43)
r(75,0,2,43)
r(103,28,2,43)
r(81,54,2,43)
w(66,31,2,43)
r(49,18,2,43)
r(98,60,2,43)
r(11,2,2,43)
r(24,23,2,43)
w(44,39,2,43)
w(18,40,2,43)
r(60,46,2,43)
w(86,41,2,43)
w(96,39,2,43)
w(9,32,2,43)
r(14,30,2,43)
w(37,34,2,43)
r(97,24,2,43)
w(33,39,2,44)
w(85,37,2,44)
r(34,52,2,44)
w(22,32,2,44)
r(102,1,2,44)
r(51,26,2,44)
w(2,42,2,44)
r(19,52,2,44)
r(35,21,2,44)
r(17,56,2,44)
r(27,1,2,44)
w(0,30,2,44)
r(38,35,2,44)
r(60,46,2,44)
r(44,39,2,44)
w(11,34,2,44)
r(75,0,2,44)
r(1,42,2,44)
r(74,61,2,44)
r(74,61,2,44)
r(87,1,2,45)
w(35,37,2,45)
w(106,29,2,45)
r(103,28,2,45)
w(32,39,2,45)
r(86,41,2,45)
r(74,61,2,45)
w(74,28,2,45)
w(81,38,2,45)
r(16,1,2,45)
r(117,42,2,45)
w(95,35,2,45)
r(19,52,2,45)
w(79,22,2,45)
r(48,0,2,45)
w(113,32,2,45)
w(81,39,2,45)
w(59,40,2,45)
w(63,34,2,45)
w(68,32,2,45)
r(97,24,2,46)
w(115,36,2,46)
w(28,38,2,46)
r(47,12,2,46)
w(6,44,2,46)
w(87,44,2,46)
r(54,19,2,46)
w(109,38,2,46)
r(34,52,2,46)
w(94,25,2,46)
r(71,2,2,46)
r(0,30,2,46)
w(40,37,2,46)
r(70,32,2,46)
r(54,19,2,46)
w(73,31,2,46)
w(102,41,2,46)
w(108,38,2,46)
w(50,33,2,46)
r(11,34,2,46)
w(100,36,2,47)
w(1,43,2,47)
r(81,39,2,47)
r(101,73,2,47)
w(107,40,2,47)
r(100,36,2,47)
w(46,37,2,47)
r(17,56,2,47)
w(84,46,2,47)
w(71,38,2,47)
w(74,29,2,47)
r(104,39,2,47)
w(100,37,2,47)
r(33,39,2,47)
r(0,30,2,47)
r(87,2,2,47)
r(68,32,2,47)
w(97,25,2,47)
r(74,29,2,47)
r(2,42,2,47)
r(105,1,2,48)
r(92,1,2,48)
r(41,15,2,48)
r(94,25,2,48)
r(13,24,2,48)
r(80,1,2,48)
w(106,30,2,48)
r(91,30,2,48)
w(61,39,2,48)
r(34,52,2,48)
r(48,0,2,48)
r(109,1,2,48)
r(15,50,2,48)
w(84,47,2,48)
w(51,27,2,48)
w(73,32,2,48)
r(54,19,2,48)
w(45,29,2,48)
w(115,37,2,48)
r(77,36,2,48)
w(7,28,2,49)
r(85,37,2,49)
r(9,17,2,49)
r(108,25,2,49)
r(75,0,2,49)
r(46,37,2,49)
r(96,39,2,49)
r(55,43,2,49)
r(13,24,2,49)
w(33,40,2,49)
w(96,40,2,49)
w(65,22,2,49)
w(0,31,2,49)
r(34,52,2,49)
w(9,33,2,49)
w(60,29,2,49)
w(70,33,2,49)
w(76,41,2,49)
r(43,62,2,49)
w(68,33,2,49)
w(26,33,2,50)
w(23,32,2,50)
r(64,67,2,50)
r(118,54,2,50)
w(14,31,2,50)
r(71,38,2,50)
r(63,2,2,50)
w(65,23,2,50)
r(61,71,2,50)
r(25,42,2,50)
w(74,30,2,50)
r(99,17,2,50)
r(75,63,2,50)
r(94,34,2,50)
w(21,36,2,50)
w(94,26,2,50)
w(88,34,2,50)
w(17,27,2,50)
w(22,33,2,50)
w(19,36,2,50)
r(13,66,2,51)
r(54,44,2,51)
r(95,69,2,51)
w(114,29,2,51)
w(0,32,2,51)
r(40,67,2,51)
r(61,71,2,51)
r(115,51,2,51)
r(49,48,2,51)
r(37,69,2,51)
w(56,30,2,51)
r(69,80,2,51)
r(36,63,2,51)
w(112,32,2,51)
r(96,40,2,51)
w(67,25,2,51)
w(70,34,2,51)
r(73,72,2,51)
w(101,41,2,51)
w(41,31,2,51)
w(36,38,2,52)
w(8,28,2,52)
r(106,53,2,52)
r(59,57,2,52)
w(31,30,2,52)
r(22,33,2,52)
r(48,61,2,52)
r(34,1,2,52)
r(14,31,2,52)
w(9,34,2,52)
r(9,34,2,52)
r(102,57,2,52)
r(36,38,2,52)
w(99,31,2,52)
w(24,32,2,52)
r(52,1,2,52)
r(70,34,2,52)
r(98,62,2,52)
w(30,31,2,52)
r(102,57,2,52)
r(118,54,2,53)
r(83,21,2,53)
r(49,48,2,53)
w(96,41,2,53)
w(73,33,2,53)
r(17,27,2,53)
r(97,44,2,53)
w(69,39,2,53)
w(97,26,2,53)
w(71,39,2,53)
w(11,35,2,53)
w(118,32,2,53)
w(44,40,2,53)
r(35,1,2,53)
r(28,59,2,53)
w(25,24,2,53)
r(47,13,2,53)
r(35,1,2,53)
w(4,33,2,53)
w(103,29,2,53)
w(105,34,2,54)
w(101,42,2,54)
w(76,42,2,54)
w(106,31,2,54)
w(34,35,2,54)
w(96,42,2,54)
r(116,18,2,54)
w(106,32,2,54)
r(25,24,2,54)
w(106,33,2,54)
w(88,35,2,54)
w(71,40,2,54)
w(21,37,2,54)
w(23,33,2,54)
w(103,30,2,54)
w(96,43,2,54)
r(72,2,2,54)
r(115,51,2,54)
r(102,57,2,54)
r(88,35,2,54)
w(24,33,2,55)
r(6,82,2,55)
w(6,45,2,55)
r(62,80,2,55)
w(23,34,2,55)
w(78,31,2,55)
r(33,22,2,55)
w(104,40,2,55)
r(47,13,2,55)
r(33,22,2,55)
w(20,29,2,55)
r(68,1,2,55)
w(20,30,2,55)
r(66,52,2,55)
r(107,1,2,55)
r(85,75,2,55)
w(45,30,2,55)
r(109,2,2,55)
w(103,31,2,55)
w(54,30,2,55)
r(94,26,2,56)
r(60,1,2,56)
w(48,30,2,56)
r(93,2,2,56)
r(33,3,2,56)
w(40,38,2,56)
r(54,4,2,56)
r(77,68,2,56)
w(98,34,2,56)
w(85,38,2,56)
w(71,41,2,56)
r(77,68,2,56)
w(56,31,2,56)
r(113,2,2,56)
w(32,40,2,56)
w(67,26,2,56)
w(42,35,2,56)
w(63,35,2,56)
r(7,2,2,56)
r(115,51,2,56)
r(105,34,2,57)
r(1,1,2,57)
w(63,36,2,57)
w(54,31,2,57)
w(102,42,2,57)
w(100,38,2,57)
w(65,24,2,57)
w(68,34,2,57)
w(1,44,2,57)
w(91,60,2,57)
r(22,33,2,57)
r(64,1,2,57)
w(18,41,2,57)
w(99,32,2,57)
w(109,39,2,57)
r(84,3,2,57)
r(28,1,2,57)
r(16,3,2,57)
w(10,31,2,57)
w(28,39,2,57)
w(34,36,2,58)
r(1,44,2,58)
w(76,43,2,58)
r(34,36,2,58)
w(48,31,2,58)
w(0,33,2,58)
w(62,49,2,58)
r(5,59,2,58)
r(66,2,2,58)
w(93,38,2,58)
r(40,38,2,58)
r(31,2,2,58)
w(78,32,2,58)
r(69,2,2,58)
w(33,41,2,58)
w(59,41,2,58)
r(105,34,2,58)
w(33,42,2,58)
r(60,1,2,58)
r(31,2,2,58)
r(98,34,2,59)
r(69,2,2,59)
w(54,32,2,59)
w(25,25,2,59)
w(99,33,2,59)
w(36,39,2,59)
r(72,2,2,59)
r(88,35,2,59)
w(39,45,2,59)
w(108,39,2,59)
w(46,38,2,59)
w(46,39,2,59)
r(77,68,2,59)
r(64,1,2,59)
w(4,34,2,59)
r(100,38,2,59)
w(83,32,2,59)
w(99,34,2,59)
r(75,63,2,59)
w(51,28,2,59)
r(69,0,3,60)
w(19,50,3,60)
w(46,49,3,60)
w(15,47,3,60)
w(77,49,3,60)
w(23,54,3,60)
r(75,0,3,60)
r(80,16,3,60)
w(88,52,3,60)
r(84,22,3,60)
r(33,0,3,60)
r(81,23,3,60)
r(29,12,3,60)
r(104,0,3,60)
r(13,0,3,60)
w(91,79,3,60)
w(46,50,3,60)
r(88,52,3,60)
w(74,45,3,60)
w(31,47,3,60)
w(31,48,3,61)
r(69,20,3,61)
r(67,0,3,61)
w(15,48,3,61)
w(107,60,3,61)
w(68,47,3,61)
w(108,56,3,61)
r(54,18,3,61)
w(87,60,3,61)
r(77,19,3,61)
r(20,12,3,61)
r(31,48,3,61)
r(82,19,3,61)
r(95,24,3,61)
w(77,50,3,61)
w(96,54,3,61)
w(113,46,3,61)
w(65,46,3,61)
w(80,43,3,61)
w(26,49,3,61)
r(115,0,3,62)
r(1,0,3,62)
w(55,57,3,62)
w(15,49,3,62)
r(59,70,3,62)
w(36,52,3,62)
r(0,59,3,62)
w(8,42,3,62)
r(81,63,3,62)
w(28,57,3,62)
r(20,12,3,62)
r(91,79,3,62)
w(19,51,3,62)
w(31,49,3,62)
w(69,57,3,62)
w(103,45,3,62)
w(68,48,3,62)
r(13,0,3,62)
r(82,19,3,62)
r(47,0,3,62)
r(26,69,3,63)
w(57,57,3,63)
r(6,0,3,63)
r(1,0,3,63)
r(113,46,3,63)
w(13,65,3,63)
r(83,67,3,63)
w(23,55,3,63)
r(41,70,3,63)
r(118,0,3,63)
r(77,50,3,63)
r(22,12,3,63)
w(16,52,3,63)
w(85,52,3,63)
r(119,18,3,63)
r(50,68,3,63)
r(25,59,3,63)
r(110,19,3,63)
r(32,82,3,63)
w(67,42,3,63)
r(108,71,3,64)
w(20,41,3,64)
r(11,0,3,64)
r(116,16,3,64)
r(100,17,3,64)
r(63,18,3,64)
r(4,18,3,64)
w(58,59,3,64)
r(27,71,3,64)
w(55,58,3,64)
w(54,42,3,64)
w(96,55,3,64)
r(40,66,3,64)
r(45,13,3,64)
r(93,21,3,64)
w(112,55,3,64)
w(34,52,3,64)
w(66,50,3,64)
r(113,46,3,64)
r(39,21,3,64)
r(33,77,3,65)
r(107,60,3,65)
r(41,70,3,65)
w(55,59,3,65)
w(14,48,3,65)
w(68,49,3,65)
r(100,17,3,65)
r(31,49,3,65)
w(40,48,3,65)
w(88,53,3,65)
r(38,63,3,65)
w(19,52,3,65)
r(37,68,3,65)
r(74,61,3,65)
r(6,0,3,65)
w(6,59,3,65)
w(54,43,3,65)
w(45,57,3,65)
r(52,0,3,65)
r(63,18,3,65)
r(76,72,3,66)
w(42,49,3,66)
w(60,46,3,66)
r(54,43,3,66)
r(48,0,3,66)
r(115,0,3,66)
r(74,61,3,66)
r(62,79,3,66)
r(9,16,3,66)
w(69,58,3,66)
w(73,52,3,66)
w(41,49,3,66)
r(45,57,3,66)
r(27,71,3,66)
r(101,73,3,66)
r(56,61,3,66)
r(14,48,3,66)
r(87,60,3,66)
r(102,0,3,66)
r(110,19,3,66)
r(27,71,3,67)
r(64,63,3,67)
r(119,58,3,67)
r(11,0,3,67)
r(111,63,3,67)
w(81,54,3,67)
r(55,80,3,67)
r(35,21,3,67)
r(40,48,3,67)
r(67,24,3,67)
w(65,47,3,67)
w(7,41,3,67)
w(5,40,3,67)
w(88,54,3,67)
w(66,51,3,67)
r(24,57,3,67)
r(39,1,3,67)
w(38,48,3,67)
w(108,57,3,67)
w(99,51,3,67)
w(53,43,3,68)
r(27,71,3,68)
r(53,43,3,68)
w(78,52,3,68)
r(32,82,3,68)
r(28,76,3,68)
w(90,45,3,68)
r(80,62,3,68)
r(30,19,3,68)
w(119,41,3,68)
w(4,49,3,68)
r(19,52,3,68)
w(57,58,3,68)
w(20,42,3,68)
r(61,0,3,68)
r(53,43,3,68)
w(109,51,3,68)
w(68,50,3,68)
w(57,59,3,68)
w(11,52,3,68)
r(65,47,3,69)
w(102,56,3,69)
r(48,0,3,69)
w(23,56,3,69)
r(68,50,3,69)
w(92,50,3,69)
w(7,42,3,69)
r(16,52,3,69)
w(15,50,3,69)
w(46,51,3,69)
w(46,52,3,69)
r(73,52,3,69)
r(26,1,3,69)
r(31,49,3,69)
w(76,57,3,69)
r(37,68,3,69)
r(69,1,3,69)
r(14,30,3,69)
w(63,49,3,69)
r(1,42,3,69)
r(113,1,3,70)
r(115,37,3,70)
w(115,50,3,70)
r(103,28,3,70)
r(58,25,3,70)
r(42,49,3,70)
w(27,57,3,70)
w(18,56,3,70)
w(93,51,3,70)
w(3,55,3,70)
w(6,60,3,70)
r(35,37,3,70)
w(93,52,3,70)
r(18,56,3,70)
w(113,47,3,70)
w(67,43,3,70)
w(39,65,3,70)
r(36,37,3,70)
w(17,42,3,70)
w(32,60,3,70)
r(61,39,3,71)
r(36,37,3,71)
w(35,49,3,71)
r(91,30,3,71)
w(65,48,3,71)
r(80,1,3,71)
r(61,39,3,71)
w(114,46,3,71)
w(105,46,3,71)
w(2,60,3,71)
r(53,2,3,71)
r(9,33,3,71)
r(55,43,3,71)
r(27,57,3,71)
r(28,38,3,71)
w(7,43,3,71)
w(77,51,3,71)
w(83,47,3,71)
w(82,52,3,71)
r(37,34,3,71)
w(112,56,3,72)
w(67,44,3,72)
w(92,51,3,72)
w(15,51,3,72)
r(55,43,3,72)
w(26,50,3,72)
r(28,38,3,72)
w(2,61,3,72)
r(74,62,3,72)
r(106,30,3,72)
w(58,60,3,72)
w(17,43,3,72)
w(45,58,3,72)
r(105,46,3,72)
w(1,51,3,72)
r(77,51,3,72)
r(72,19,3,72)
w(53,44,3,72)
w(113,48,3,72)
r(96,40,3,72)
r(70,71,3,73)
w(85,53,3,73)
w(109,52,3,73)
r(103,60,3,73)
r(15,51,3,73)
w(92,52,3,73)
w(69,59,3,73)
r(106,30,3,73)
r(64,64,3,73)
w(39,66,3,73)
r(86,24,3,73)
w(28,58,3,73)
r(37,34,3,73)
r(9,66,3,73)
r(73,32,3,73)
w(63,50,3,73)
r(109,52,3,73)
r(47,1,3,73)
r(0,31,3,73)
r(106,30,3,73)
r(108,73,3,74)
r(91,30,3,74)
r(8,53,3,74)
w(92,53,3,74)
w(112,57,3,74)
r(109,52,3,74)
w(75,44,3,74)
w(88,55,3,74)
w(48,46,3,74)
w(7,44,3,74)
w(84,59,3,74)
r(23,70,3,74)
w(42,50,3,74)
w(80,44,3,74)
w(30,48,3,74)
w(75,45,3,74)
r(69,59,3,74)
w(59,56,3,74)
r(82,52,3,74)
r(114,60,3,74)
w(94,34,3,75)
w(49,48,3,75)
r(77,51,3,75)
w(111,44,3,75)
r(75,45,3,75)
r(29,67,3,75)
w(115,51,3,75)
w(26,51,3,75)
r(11,34,3,75)
r(6,82,3,75)
w(74,46,3,75)
r(92,53,3,75)
r(31,1,3,75)
w(58,61,3,75)
r(42,50,3,75)
w(54,44,3,75)
r(112,57,3,75)
r(82,52,3,75)
r(87,21,3,75)
r(3,55,3,75)
r(102,81,3,76)
r(98,62,3,76)
w(102,57,3,76)
w(66,52,3,76)
w(78,53,3,76)
w(17,44,3,76)
w(106,52,3,76)
w(34,53,3,76)
w(31,50,3,76)
r(18,56,3,76)
w(53,45,3,76)
r(69,80,3,76)
w(80,45,3,76)
r(111,44,3,76)
r(34,53,3,76)
r(27,57,3,76)
w(97,44,3,76)
r(39,66,3,76)
r(22,14,3,76)
r(89,27,3,76)
r(1,51,3,77)
r(113,48,3,77)
w(118,52,3,77)
w(63,51,3,77)
w(21,54,3,77)
r(54,44,3,77)
w(82,53,3,77)
w(12,48,3,77)
w(8,43,3,77)
r(117,42,3,77)
w(92,54,3,77)
w(59,57,3,77)
r(20,14,3,77)
r(81,65,3,77)
r(37,34,3,77)
w(55,60,3,77)
w(104,67,3,77)
w(77,52,3,77)
w(25,42,3,77)
w(58,62,3,77)
r(2,61,3,78)
w(118,53,3,78)
r(77,52,3,78)
r(114,15,3,78)
r(51,60,3,78)
w(105,47,3,78)
w(22,45,3,78)
r(94,34,3,78)
r(59,57,3,78)
w(28,59,3,78)
w(4,50,3,78)
r(108,73,3,78)
r(1,51,3,78)
w(105,48,3,78)
r(108,73,3,78)
w(118,54,3,78)
w(35,50,3,78)
r(107,76,3,78)
w(114,47,3,78)
r(72,20,3,78)
r(94,34,3,79)
r(57,23,3,79)
r(72,20,3,79)
w(86,60,3,79)
r(19,52,3,79)
r(8,43,3,79)
r(53,45,3,79)
w(13,66,3,79)
w(51,50,3,79)
r(70,12,3,79)
w(106,53,3,79)
r(99,17,3,79)
r(33,22,3,79)
w(21,55,3,79)
r(5,59,3,79)
r(53,45,3,79)
r(55,60,3,79)
r(94,34,3,79)
w(107,61,3,79)
r(91,31,3,79)
r(96,0,4,80)
w(74,61,4,80)
w(27,71,4,80)
w(5,57,4,80)
r(1,0,4,80)
r(34,0,4,80)
w(83,66,4,80)
r(67,0,4,80)
w(31,64,4,80)
w(37,68,4,80)
r(70,11,4,80)
w(111,63,4,80)
w(59,69,4,80)
w(26,67,4,80)
w(101,73,4,80)
r(96,0,4,80)
w(16,66,4,80)
w(26,68,4,80)
w(73,68,4,80)
r(10,0,4,80)
r(52,0,4,81)
w(42,71,4,81)
r(35,21,4,81)
w(55,77,4,81)
r(6,0,4,81)
r(3,0,4,81)
r(55,77,4,81)
w(105,65,4,81)
w(81,63,4,81)
w(98,60,4,81)
w(33,77,4,81)
w(63,70,4,81)
w(36,61,4,81)
w(66,68,4,81)
w(36,62,4,81)
r(3,0,4,81)
w(84,80,4,81)
w(41,70,4,81)
w(17,56,4,81)
r(108,24,4,81)
r(62,27,4,82)
r(15,48,4,82)
r(76,0,4,82)
w(18,72,4,82)
r(113,46,4,82)
r(3,0,4,82)
r(87,60,4,82)
w(24,57,4,82)
w(55,78,4,82)
r(43,18,4,82)
w(32,82,4,82)
r(48,0,4,82)
r(41,70,4,82)
r(85,20,4,82)
r(35,21,4,82)
r(18,72,4,82)
r(54,18,4,82)
r(57,21,4,82)
r(13,0,4,82)
r(17,56,4,82)
w(78,72,4,83)
r(93,21,4,83)
w(108,71,4,83)
r(41,70,4,83)
w(71,78,4,83)
r(50,0,4,83)
w(53,61,4,83)
w(68,65,4,83)
r(76,0,4,83)
r(108,71,4,83)
r(11,0,4,83)
r(49,0,4,83)
r(94,14,4,83)
w(90,63,4,83)
r(95,24,4,83)
r(107,60,4,83)
r(59,69,4,83)
w(15,64,4,83)
r(9,16,4,83)
w(26,69,4,83)
r(117,0,4,84)
w(50,67,4,84)
w(76,72,4,84)
r(96,54,4,84)
w(99,70,4,84)
w(23,69,4,84)
r(112,0,4,84)
r(43,18,4,84)
w(2,77,4,84)
w(73,69,4,84)
r(48,0,4,84)
w(70,68,4,84)
w(100,60,4,84)
w(56,61,4,84)
r(11,0,4,84)
w(29,66,4,84)
w(96,68,4,84)
r(76,72,4,84)
r(90,63,4,84)
w(80,61,4,84)
w(65,62,4,85)
w(85,73,4,85)
r(24,57,4,85)
r(8,0,4,85)
w(83,67,4,85)
r(71,78,4,85)
w(50,68,4,85)
w(25,59,4,85)
w(0,59,4,85)
r(67,0,4,85)
r(11,0,4,85)
r(40,17,4,85)
r(40,17,4,85)
r(14,0,4,85)
w(109,68,4,85)
w(62,79,4,85)
r(70,68,4,85)
r(77,50,4,85)
w(59,70,4,85)
w(70,69,4,85)
w(16,67,4,86)
w(18,73,4,86)
w(43,62,4,86)
w(72,81,4,86)
w(38,63,4,86)
w(40,66,4,86)
r(59,70,4,86)
r(49,0,4,86)
r(96,68,4,86)
r(115,0,4,86)
r(34,0,4,86)
w(60,65,4,86)
w(99,71,4,86)
r(8,0,4,86)
r(45,13,4,86)
r(83,67,4,86)
r(72,81,4,86)
r(110,19,4,86)
r(32,82,4,86)
r(79,0,4,86)
r(83,67,4,87)
w(84,81,4,87)
w(63,71,4,87)
w(108,72,4,87)
r(33,77,4,87)
w(68,66,4,87)
r(98,60,4,87)
w(81,64,4,87)
r(41,29,4,87)
r(64,19,4,87)
w(63,72,4,87)
w(72,82,4,87)
w(119,58,4,87)
r(31,49,4,87)
r(24,57,4,87)
w(54,59,4,87)
r(75,0,4,87)
w(64,63,4,87)
w(118,65,4,87)
r(22,12,4,87)
w(10,60,4,88)
r(15,49,4,88)
r(106,0,4,88)
w(80,62,4,88)
w(55,79,4,88)
r(80,62,4,88)
r(93,21,4,88)
r(119,58,4,88)
r(46,50,4,88)
r(45,57,4,88)
r(107,60,4,88)
r(11,0,4,88)
w(28,76,4,88)
r(50,68,4,88)
r(54,59,4,88)
r(111,63,4,88)
w(55,80,4,88)
w(5,58,4,88)
w(113,61,4,88)
r(72,82,4,88)
r(52,1,4,89)
w(23,70,4,89)
r(42,49,4,89)
w(9,66,4,89)
r(90,45,4,89)
r(118,18,4,89)
w(64,64,4,89)
w(46,69,4,89)
w(78,73,4,89)
r(86,24,4,89)
w(95,69,4,89)
r(15,50,4,89)
r(49,18,4,89)
w(68,67,4,89)
r(104,39,4,89)
w(108,73,4,89)
w(84,82,4,89)
w(85,74,4,89)
r(24,23,4,89)
w(1,73,4,89)
r(75,0,4,90)
w(61,70,4,90)
w(50,69,4,90)
w(22,54,4,90)
r(109,1,4,90)
r(30,19,4,90)
r(7,43,4,90)
w(61,71,4,90)
r(68,67,4,90)
r(21,21,4,90)
r(110,41,4,90)
w(6,80,4,90)
w(80,63,4,90)
w(42,72,4,90)
r(104,39,4,90)
w(2,78,4,90)
r(58,25,4,90)
w(12,68,4,90)
w(20,57,4,90)
w(6,81,4,90)
w(5,59,4,91)
w(98,61,4,91)
r(25,11,4,91)
r(75,0,4,91)
w(63,73,4,91)
w(54,60,4,91)
r(80,63,4,91)
r(98,61,4,91)
w(70,70,4,91)
w(70,71,4,91)
r(56,1,4,91)
w(6,82,4,91)
r(103,28,4,91)
r(8,1,4,91)
r(53,2,4,91)
r(92,1,4,91)
r(3,55,4,91)
w(107,76,4,91)
w(112,76,4,91)
w(22,55,4,91)
r(60,29,4,92)
w(84,83,4,92)
r(67,43,4,92)
r(0,31,4,92)
w(67,63,4,92)
w(74,62,4,92)
r(109,1,4,92)
w(97,50,4,92)
r(45,29,4,92)
w(53,62,4,92)
r(36,37,4,92)
w(103,60,4,92)
w(114,59,4,92)
r(32,60,4,92)
r(57,1,4,92)
w(90,64,4,92)
r(51,27,4,92)
r(80,63,4,92)
r(64,64,4,92)
r(31,1,4,92)
r(91,30,4,93)
w(8,53,4,93)
w(115,61,4,93)
r(75,0,4,93)
w(63,74,4,93)
r(39,65,4,93)
w(20,58,4,93)
r(113,47,4,93)
w(114,60,4,93)
r(7,43,4,93)
w(20,59,4,93)
r(28,38,4,93)
r(106,30,4,93)
r(44,20,4,93)
r(56,1,4,93)
r(114,60,4,93)
r(45,29,4,93)
w(102,81,4,93)
w(75,61,4,93)
w(118,66,4,93)
r(17,43,4,94)
w(36,63,4,94)
w(63,75,4,94)
r(96,40,4,94)
r(66,31,4,94)
r(96,40,4,94)
r(92,52,4,94)
w(55,81,4,94)
r(89,27,4,94)
w(63,76,4,94)
w(101,74,4,94)
r(22,55,4,94)
w(29,67,4,94)
r(104,39,4,94)
w(81,65,4,94)
w(114,61,4,94)
r(64,64,4,94)
r(87,21,4,94)
w(17,57,4,94)
r(42,72,4,94)
r(114,61,4,95)
w(51,60,4,95)
r(106,30,4,95)
w(50,70,4,95)
w(69,80,4,95)
r(78,73,4,95)
r(36,63,4,95)
w(46,70,4,95)
w(31,65,4,95)
r(94,25,4,95)
w(105,66,4,95)
w(41,71,4,95)
w(79,51,4,95)
r(6,82,4,95)
w(106,69,4,95)
r(23,70,4,95)
w(98,62,4,95)
r(107,76,4,95)
w(106,70,4,95)
r(3,55,4,95)
w(117,69,4,96)
r(42,50,4,96)
w(85,75,4,96)
r(98,62,4,96)
w(20,60,4,96)
r(107,61,4,96)
r(69,80,4,96)
r(29,67,4,96)
r(72,20,4,96)
r(74,46,4,96)
w(100,61,4,96)
r(44,20,4,96)
w(68,68,4,96)
r(60,29,4,96)
w(114,62,4,96)
w(31,66,4,96)
r(56,1,4,96)
r(38,21,4,96)
w(80,64,4,96)
r(49,48,4,96)
w(11,73,4,97)
r(46,70,4,97)
w(1,74,4,97)
w(37,69,4,97)
w(75,62,4,97)
r(112,57,4,97)
r(115,51,4,97)
r(32,60,4,97)
r(119,41,4,97)
w(81,66,4,97)
r(90,64,4,97)
w(62,80,4,97)
w(64,65,4,97)
w(64,66,4,97)
r(84,25,4,97)
r(97,44,4,97)
r(13,66,4,97)
r(102,57,4,97)
r(76,41,4,97)
r(100,61,4,97)
w(50,71,4,98)
r(72,20,4,98)
w(73,70,4,98)
r(63,2,4,98)
w(14,61,4,98)
r(23,2,4,98)
w(12,69,4,98)
r(26,51,4,98)
r(90,64,4,98)
w(40,67,4,98)
w(75,63,4,98)
w(70,72,4,98)
r(9,1,4,98)
w(82,70,4,98)
w(73,71,4,98)
w(31,67,4,98)
w(64,67,4,98)
w(48,61,4,98)
r(101,21,4,98)
r(11,73,4,98)
r(18,56,4,99)
w(9,67,4,99)
w(14,62,4,99)
w(73,72,4,99)
r(73,72,4,99)
r(10,1,4,99)
r(81,66,4,99)
w(38,64,4,99)
r(91,31,4,99)
w(105,67,4,99)
r(15,18,4,99)
w(76,73,4,99)
w(26,70,4,99)
r(19,52,4,99)
w(41,72,4,99)
r(80,64,4,99)
w(27,72,4,99)
w(111,64,4,99)
w(77,68,4,99)
r(69,80,4,99)
