r(56,0,0,0)
r(103,0,0,0)
w(81,1,0,0)
w(76,1,0,0)
r(85,0,0,0)
w(102,1,0,0)
w(36,1,0,0)
r(8,0,0,0)
r(2,0,0,0)
w(81,2,0,0)
w(28,1,0,0)
w(71,1,0,0)
w(0,1,0,0)
w(96,1,0,0)
w(15,1,0,0)
r(79,0,0,0)
w(43,1,0,0)
w(101,1,0,0)
w(28,2,0,0)
w(61,1,0,0)
w(116,1,0,1)
r(25,70,0,1)
r(33,28,0,1)
r(4,60,0,1)
r(66,0,0,1)
w(63,1,0,1)
r(93,0,0,1)
w(39,1,0,1)
r(55,0,0,1)
r(57,60,0,1)
w(29,1,0,1)
r(25,70,0,1)
w(27,1,0,1)
w(29,2,0,1)
w(51,1,0,1)
w(111,1,0,1)
w(67,1,0,1)
r(8,52,0,1)
r(31,36,0,1)
r(55,0,0,1)
r(95,59,0,2)
w(8,1,0,2)
w(39,2,0,2)
w(47,1,0,2)
w(38,1,0,2)
w(15,2,0,2)
r(119,44,0,2)
r(104,51,0,2)
w(16,1,0,2)
w(17,1,0,2)
w(90,1,0,2)
r(16,1,0,2)
r(3,13,0,2)
r(1,47,0,2)
w(67,2,0,2)
w(24,1,0,2)
w(33,1,0,2)
w(91,1,0,2)
w(31,1,0,2)
r(17,1,0,2)
r(44,11,0,3)
r(68,0,0,3)
r(94,52,0,3)
w(30,1,0,3)
r(106,0,0,3)
r(78,40,0,3)
r(60,56,0,3)
w(10,1,0,3)
r(106,0,0,3)
w(8,2,0,3)
r(82,0,0,3)
r(54,0,0,3)
w(102,2,0,3)
w(83,1,0,3)
r(35,0,0,3)
w(53,1,0,3)
w(22,1,0,3)
w(55,1,0,3)
w(50,1,0,3)
w(89,1,0,3)
r(94,52,0,4)
r(15,2,0,4)
r(100,25,0,4)
r(41,69,0,4)
w(95,1,0,4)
w(54,1,0,4)
w(84,1,0,4)
r(8,2,0,4)
w(71,2,0,4)
w(115,1,0,4)
r(32,68,0,4)
w(96,2,0,4)
w(12,1,0,4)
w(40,1,0,4)
r(83,1,0,4)
r(5,36,0,4)
r(63,39,0,4)
r(71,2,0,4)
w(114,1,0,4)
r(61,24,0,4)
w(67,3,0,5)
w(103,1,0,5)
w(85,1,0,5)
r(116,37,0,5)
w(15,3,0,5)
r(67,3,0,5)
r(67,3,0,5)
r(80,49,0,5)
r(37,63,0,5)
r(11,0,0,5)
w(80,1,0,5)
r(70,0,0,5)
r(93,51,0,5)
r(106,0,0,5)
r(0,30,0,5)
w(55,2,0,5)
w(69,1,0,5)
r(42,59,0,5)
w(111,2,0,5)
w(9,1,0,5)
r(105,47,0,6)
w(36,2,0,6)
w(34,1,0,6)
r(92,22,0,6)
r(24,60,0,6)
w(22,2,0,6)
w(33,2,0,6)
r(8,19,0,6)
w(13,1,0,6)
w(111,3,0,6)
w(109,1,0,6)
w(98,1,0,6)
r(46,14,0,6)
w(65,1,0,6)
w(88,1,0,6)
r(14,41,0,6)
w(80,2,0,6)
r(33,2,0,6)
r(19,29,0,6)
w(2,1,0,6)
w(6,1,0,7)
w(97,1,0,7)
w(102,3,0,7)
w(95,2,0,7)
w(100,1,0,7)
r(113,19,0,7)
w(32,1,0,7)
r(49,34,0,7)
w(59,1,0,7)
w(106,1,0,7)
w(118,1,0,7)
w(72,1,0,7)
r(12,15,0,7)
w(69,2,0,7)
r(46,14,0,7)
r(63,14,0,7)
w(114,2,0,7)
w(33,3,0,7)
w(95,3,0,7)
r(102,3,0,7)
w(81,3,0,8)
w(113,1,0,8)
w(47,2,0,8)
r(40,38,0,8)
r(43,50,0,8)
w(113,2,0,8)
w(106,2,0,8)
w(42,1,0,8)
r(4,16,0,8)
w(6,2,0,8)
r(57,40,0,8)
w(92,1,0,8)
r(0,31,0,8)
w(79,1,0,8)
w(105,1,0,8)
r(30,35,0,8)
w(33,4,0,8)
w(56,1,0,8)
w(55,3,0,8)
w(4,1,0,8)
w(70,1,0,9)
w(30,2,0,9)
w(102,4,0,9)
w(54,2,0,9)
r(24,61,0,9)
w(18,1,0,9)
w(4,2,0,9)
r(50,44,0,9)
w(100,2,0,9)
w(111,4,0,9)
r(115,23,0,9)
r(27,54,0,9)
w(48,1,0,9)
r(19,51,0,9)
w(96,3,0,9)
r(105,1,0,9)
r(67,3,0,9)
w(11,1,0,9)
w(60,1,0,9)
r(7,49,0,9)
r(9,20,0,10)
r(22,57,0,10)
r(9,20,0,10)
r(58,43,0,10)
w(82,1,0,10)
w(16,2,0,10)
w(53,2,0,10)
r(90,70,0,10)
r(11,1,0,10)
r(59,54,0,10)
r(51,35,0,10)
w(21,1,0,10)
w(59,2,0,10)
w(101,2,0,10)
r(47,20,0,10)
r(104,32,0,10)
w(37,1,0,10)
w(106,3,0,10)
r(79,57,0,10)
w(22,3,0,10)
w(118,2,0,11)
w(26,1,0,11)
w(52,1,0,11)
r(100,2,0,11)
w(24,2,0,11)
r(47,20,0,11)
w(58,1,0,11)
w(87,1,0,11)
r(74,14,0,11)
w(32,2,0,11)
w(16,3,0,11)
w(6,3,0,11)
r(29,18,0,11)
r(36,65,0,11)
r(24,2,0,11)
w(85,2,0,11)
w(41,1,0,11)
r(119,46,0,11)
r(82,1,0,11)
r(77,25,0,11)
r(41,1,0,12)
r(27,55,0,12)
w(23,1,0,12)
w(99,1,0,12)
w(113,3,0,12)
w(43,2,0,12)
r(53,2,0,12)
r(50,44,0,12)
w(38,2,0,12)
w(115,2,0,12)
w(32,3,0,12)
r(2,51,0,12)
w(55,4,0,12)
w(30,3,0,12)
w(96,4,0,12)
w(49,1,0,12)
w(15,4,0,12)
w(29,3,0,12)
w(43,3,0,12)
w(33,5,0,12)
w(109,2,0,13)
w(13,2,0,13)
w(68,1,0,13)
w(32,4,0,13)
r(117,34,0,13)
r(20,18,0,13)
r(103,34,0,13)
r(69,21,0,13)
r(100,2,0,13)
w(41,2,0,13)
w(44,1,0,13)
w(45,1,0,13)
r(75,52,0,13)
w(76,2,0,13)
w(10,2,0,13)
w(16,4,0,13)
r(40,56,0,13)
w(97,2,0,13)
r(108,45,0,13)
r(33,5,0,13)
r(105,1,0,14)
w(101,3,0,14)
w(6,4,0,14)
r(17,45,0,14)
r(115,2,0,14)
w(114,3,0,14)
r(30,3,0,14)
w(78,1,0,14)
w(21,2,0,14)
r(44,1,0,14)
r(52,1,0,14)
w(56,2,0,14)
r(113,3,0,14)
w(58,2,0,14)
w(70,2,0,14)
w(88,2,0,14)
r(13,2,0,14)
r(6,4,0,14)
w(14,1,0,14)
w(50,2,0,14)
w(18,2,0,15)
r(66,20,0,15)
r(93,32,0,15)
r(90,70,0,15)
w(39,3,0,15)
w(55,5,0,15)
w(75,1,0,15)
r(10,2,0,15)
r(85,2,0,15)
r(94,52,0,15)
r(37,1,0,15)
r(2,51,0,15)
r(54,2,0,15)
w(24,3,0,15)
r(117,34,0,15)
r(13,2,0,15)
r(17,45,0,15)
r(38,2,0,15)
w(105,2,0,15)
r(101,3,0,15)
r(56,2,0,16)
r(74,14,0,16)
r(28,31,0,16)
w(74,1,0,16)
w(89,2,0,16)
w(86,1,0,16)
w(56,3,0,16)
r(69,21,0,16)
r(75,1,0,16)
w(23,2,0,16)
w(104,1,0,16)
r(103,34,0,16)
r(3,14,0,16)
w(91,2,0,16)
w(103,2,0,16)
r(73,42,0,16)
r(100,2,0,16)
r(95,62,0,16)
r(117,34,0,16)
r(18,2,0,16)
w(22,4,0,17)
w(5,1,0,17)
r(87,1,0,17)
w(5,2,0,17)
w(24,4,0,17)
w(90,2,0,17)
r(29,3,0,17)
w(75,2,0,17)
r(58,2,0,17)
w(59,3,0,17)
r(8,55,0,17)
r(99,1,0,17)
w(88,3,0,17)
w(49,2,0,17)
r(67,23,0,17)
w(53,3,0,17)
w(100,3,0,17)
r(107,19,0,17)
w(74,2,0,17)
r(16,4,0,17)
w(102,5,0,18)
w(112,1,0,18)
r(28,31,0,18)
w(103,3,0,18)
w(45,2,0,18)
w(33,6,0,18)
w(41,3,0,18)
w(5,3,0,18)
w(79,2,0,18)
r(27,55,0,18)
w(115,3,0,18)
r(20,18,0,18)
r(73,42,0,18)
r(6,4,0,18)
r(24,4,0,18)
r(83,50,0,18)
r(112,1,0,18)
r(15,4,0,18)
w(24,5,0,18)
r(77,25,0,18)
r(15,4,0,19)
w(26,2,0,19)
w(5,4,0,19)
w(4,3,0,19)
r(102,5,0,19)
w(53,4,0,19)
w(97,3,0,19)
w(41,4,0,19)
r(34,57,0,19)
w(38,3,0,19)
w(14,2,0,19)
r(70,2,0,19)
w(114,4,0,19)
w(65,2,0,19)
r(37,1,0,19)
w(16,5,0,19)
r(24,5,0,19)
r(5,4,0,19)
r(96,4,0,19)
r(56,3,0,19)
r(35,0,1,20)
w(63,13,1,20)
r(92,0,1,20)
r(59,0,1,20)
w(38,16,1,20)
r(24,0,1,20)
w(111,14,1,20)
r(46,0,1,20)
w(30,17,1,20)
r(29,0,1,20)
w(62,12,1,20)
w(44,11,1,20)
r(49,0,1,20)
w(13,19,1,20)
r(42,0,1,20)
r(81,2,1,20)
w(112,20,1,20)
r(118,0,1,20)
w(27,18,1,20)
r(4,0,1,20)
r(36,1,1,21)
r(62,12,1,21)
w(84,20,1,21)
w(28,19,1,21)
r(112,48,1,21)
w(113,19,1,21)
w(108,14,1,21)
w(17,20,1,21)
r(69,0,1,21)
r(56,0,1,21)
r(34,55,1,21)
w(90,25,1,21)
w(105,17,1,21)
r(112,48,1,21)
r(7,58,1,21)
r(108,14,1,21)
w(107,18,1,21)
r(73,55,1,21)
w(89,19,1,21)
w(12,14,1,21)
r(47,39,1,22)
w(61,24,1,22)
w(102,19,1,22)
w(8,18,1,22)
r(104,0,1,22)
w(71,18,1,22)
r(100,25,1,22)
w(76,22,1,22)
w(114,18,1,22)
r(81,2,1,22)
w(49,13,1,22)
w(3,13,1,22)
r(107,18,1,22)
r(27,53,1,22)
w(26,18,1,22)
w(17,21,1,22)
r(75,32,1,22)
w(72,7,1,22)
r(52,47,1,22)
r(105,17,1,22)
w(32,15,1,23)
w(29,15,1,23)
w(106,19,1,23)
w(61,25,1,23)
r(51,1,1,23)
r(92,0,1,23)
w(79,18,1,23)
w(31,21,1,23)
w(65,19,1,23)
r(7,58,1,23)
w(46,14,1,23)
r(41,69,1,23)
r(35,0,1,23)
r(84,1,1,23)
w(63,14,1,23)
w(18,19,1,23)
w(117,15,1,23)
w(38,17,1,23)
r(7,58,1,23)
r(28,46,1,23)
w(72,8,1,24)
r(88,48,1,24)
r(79,18,1,24)
w(75,19,1,24)
w(2,14,1,24)
w(29,16,1,24)
r(56,61,1,24)
r(31,21,1,24)
w(74,13,1,24)
w(86,15,1,24)
w(50,20,1,24)
r(94,52,1,24)
w(39,15,1,24)
w(47,19,1,24)
r(117,15,1,24)
w(23,17,1,24)
w(68,16,1,24)
w(56,19,1,24)
r(34,55,1,24)
r(0,30,1,24)
r(95,1,1,25)
w(90,26,1,25)
r(82,0,1,25)
w(96,15,1,25)
r(77,24,1,25)
w(92,22,1,25)
r(31,21,1,25)
w(72,9,1,25)
r(40,37,1,25)
w(28,20,1,25)
r(35,0,1,25)
r(37,63,1,25)
r(22,1,1,25)
w(71,19,1,25)
r(65,35,1,25)
r(29,16,1,25)
r(116,37,1,25)
r(115,1,1,25)
w(81,12,1,25)
w(64,15,1,25)
w(40,19,1,26)
r(63,14,1,26)
w(10,18,1,26)
r(13,19,1,26)
r(2,14,1,26)
w(91,14,1,26)
w(114,19,1,26)
r(71,19,1,26)
r(117,15,1,26)
w(21,28,1,26)
r(108,44,1,26)
r(30,34,1,26)
w(41,23,1,26)
r(81,12,1,26)
r(24,60,1,26)
w(45,23,1,26)
r(105,47,1,26)
w(8,19,1,26)
r(82,0,1,26)
r(62,12,1,26)
r(18,32,1,27)
w(66,19,1,27)
r(52,47,1,27)
r(24,60,1,27)
r(61,42,1,27)
r(33,41,1,27)
r(24,60,1,27)
r(23,17,1,27)
r(82,0,1,27)
r(91,14,1,27)
w(106,20,1,27)
w(79,19,1,27)
w(55,22,1,27)
r(88,48,1,27)
r(9,1,1,27)
w(41,24,1,27)
r(80,1,1,27)
w(12,15,1,27)
w(17,22,1,27)
w(11,13,1,27)
w(57,20,1,28)
w(108,15,1,28)
w(66,20,1,28)
r(9,1,1,28)
w(29,17,1,28)
r(31,53,1,28)
w(36,29,1,28)
r(18,33,1,28)
r(8,33,1,28)
w(96,16,1,28)
w(1,15,1,28)
w(111,15,1,28)
r(16,44,1,28)
r(97,35,1,28)
w(96,17,1,28)
w(62,13,1,28)
w(61,26,1,28)
r(52,47,1,28)
w(96,18,1,28)
r(95,60,1,28)
w(56,20,1,29)
w(70,13,1,29)
w(110,14,1,29)
r(63,48,1,29)
w(86,16,1,29)
r(99,36,1,29)
r(82,0,1,29)
w(110,15,1,29)
w(115,23,1,29)
w(0,10,1,29)
w(80,20,1,29)
w(4,16,1,29)
w(79,20,1,29)
r(53,1,1,29)
r(116,55,1,29)
r(28,31,1,29)
w(21,29,1,29)
w(40,20,1,29)
w(0,11,1,29)
w(74,14,1,29)
w(12,16,1,30)
r(2,1,1,30)
r(28,31,1,30)
r(44,24,1,30)
w(106,21,1,30)
w(56,21,1,30)
r(102,59,1,30)
r(23,38,1,30)
r(97,35,1,30)
w(92,23,1,30)
r(3,33,1,30)
w(72,10,1,30)
r(8,54,1,30)
r(112,49,1,30)
r(68,33,1,30)
r(7,49,1,30)
r(12,16,1,30)
r(77,24,1,30)
r(88,1,1,30)
w(0,12,1,30)
r(108,45,1,31)
w(68,17,1,31)
w(96,19,1,31)
w(86,17,1,31)
w(106,22,1,31)
w(99,20,1,31)
w(107,19,1,31)
w(69,21,1,31)
w(9,20,1,31)
w(63,15,1,31)
w(20,17,1,31)
r(79,1,1,31)
w(67,22,1,31)
w(13,20,1,31)
r(114,58,1,31)
r(118,31,1,31)
r(18,1,1,31)
r(13,20,1,31)
r(84,34,1,31)
r(4,2,1,31)
w(24,25,1,32)
w(39,16,1,32)
r(83,50,1,32)
r(94,52,1,32)
w(21,30,1,32)
r(49,34,1,32)
w(3,14,1,32)
r(113,2,1,32)
r(65,37,1,32)
r(56,1,1,32)
w(29,18,1,32)
w(20,18,1,32)
w(43,18,1,32)
r(81,3,1,32)
r(36,65,1,32)
w(112,21,1,32)
r(70,1,1,32)
r(61,55,1,32)
r(16,59,1,32)
w(88,15,1,32)
w(16,24,1,33)
r(113,2,1,33)
w(60,17,1,33)
w(80,21,1,33)
r(6,2,1,33)
w(46,15,1,33)
r(35,44,1,33)
r(11,1,1,33)
r(108,45,1,33)
r(63,15,1,33)
w(47,20,1,33)
w(111,16,1,33)
r(56,1,1,33)
r(89,55,1,33)
w(67,23,1,33)
r(119,45,1,33)
r(26,41,1,33)
r(97,36,1,33)
r(3,14,1,33)
r(29,18,1,33)
w(80,22,1,34)
w(33,16,1,34)
r(39,3,1,34)
w(5,21,1,34)
w(62,14,1,34)
w(23,18,1,34)
w(116,19,1,34)
w(21,31,1,34)
r(64,32,1,34)
w(102,20,1,34)
w(26,19,1,34)
w(74,15,1,34)
w(110,16,1,34)
w(111,17,1,34)
r(0,31,1,34)
w(82,12,1,34)
w(117,16,1,34)
w(109,16,1,34)
r(116,19,1,34)
w(56,22,1,34)
w(45,24,1,35)
w(21,32,1,35)
w(95,22,1,35)
w(89,20,1,35)
w(77,11,1,35)
w(12,17,1,35)
r(58,59,1,35)
w(81,13,1,35)
w(51,8,1,35)
w(94,10,1,35)
r(18,67,1,35)
w(89,21,1,35)
r(76,2,1,35)
r(50,80,1,35)
w(81,14,1,35)
w(47,21,1,35)
r(0,73,1,35)
w(11,14,1,35)
r(22,70,1,35)
w(63,16,1,35)
r(52,68,1,36)
w(87,16,1,36)
w(31,22,1,36)
w(73,20,1,36)
r(81,14,1,36)
w(34,21,1,36)
r(118,68,1,36)
w(103,17,1,36)
w(15,13,1,36)
w(92,24,1,36)
r(27,73,1,36)
w(10,19,1,36)
w(76,23,1,36)
w(14,21,1,36)
w(14,22,1,36)
r(46,61,1,36)
r(14,22,1,36)
w(39,17,1,36)
r(25,51,1,36)
r(24,5,1,36)
w(57,21,1,37)
w(20,19,1,37)
w(53,19,1,37)
w(15,14,1,37)
r(46,61,1,37)
w(23,19,1,37)
w(103,18,1,37)
w(19,24,1,37)
w(77,12,1,37)
w(76,24,1,37)
r(23,19,1,37)
w(20,20,1,37)
w(30,18,1,37)
w(69,22,1,37)
w(68,18,1,37)
r(57,21,1,37)
w(76,25,1,37)
r(44,58,1,37)
w(22,24,1,37)
w(103,19,1,37)
r(100,3,1,38)
w(42,29,1,38)
w(107,20,1,38)
r(98,75,1,38)
w(39,18,1,38)
r(111,65,1,38)
w(112,22,1,38)
w(36,30,1,38)
w(112,23,1,38)
r(53,19,1,38)
w(53,20,1,38)
w(74,16,1,38)
r(110,62,1,38)
w(21,33,1,38)
w(85,16,1,38)
w(19,25,1,38)
r(19,25,1,38)
w(92,25,1,38)
w(104,18,1,38)
r(94,10,1,38)
r(33,66,1,39)
r(13,76,1,39)
r(37,1,1,39)
r(32,4,1,39)
r(8,69,1,39)
r(119,46,1,39)
r(94,10,1,39)
w(48,18,1,39)
r(49,61,1,39)
r(65,61,1,39)
w(52,19,1,39)
r(98,76,1,39)
r(9,20,1,39)
w(78,15,1,39)
r(83,66,1,39)
w(71,20,1,39)
w(75,20,1,39)
w(82,13,1,39)
w(61,27,1,39)
r(32,4,1,39)
w(21,48,2,40)
r(78,0,2,40)
r(81,0,2,40)
w(31,36,2,40)
w(21,49,2,40)
r(70,0,2,40)
w(75,32,2,40)
w(50,42,2,40)
w(109,32,2,40)
r(45,0,2,40)
r(38,0,2,40)
r(7,0,2,40)
w(100,25,2,40)
w(94,31,2,40)
r(27,0,2,40)
w(114,43,2,40)
w(63,38,2,40)
w(21,50,2,40)
r(17,0,2,40)
w(23,35,2,40)
r(85,0,2,41)
w(67,37,2,41)
r(102,1,2,41)
r(113,0,2,41)
w(33,28,2,41)
w(22,42,2,41)
w(72,27,2,41)
r(103,0,2,41)
r(35,0,2,41)
w(117,32,2,41)
r(53,0,2,41)
w(20,31,2,41)
w(61,41,2,41)
w(37,46,2,41)
w(6,33,2,41)
r(58,0,2,41)
r(6,33,2,41)
r(8,52,2,41)
w(85,32,2,41)
r(1,0,2,41)
w(101,23,2,42)
r(76,1,2,42)
w(6,34,2,42)
w(99,36,2,42)
r(39,1,2,42)
r(62,12,2,42)
r(35,0,2,42)
w(101,24,2,42)
r(116,1,2,42)
w(111,28,2,42)
r(41,0,2,42)
w(64,30,2,42)
w(52,36,2,42)
r(99,36,2,42)
r(67,1,2,42)
r(35,0,2,42)
w(71,39,2,42)
r(74,46,2,42)
w(14,40,2,42)
w(116,37,2,42)
w(42,42,2,43)
r(14,40,2,43)
w(41,44,2,43)
w(114,44,2,43)
r(9,50,2,43)
r(9,50,2,43)
w(5,36,2,43)
r(29,2,2,43)
r(104,0,2,43)
r(111,28,2,43)
w(63,39,2,43)
w(46,30,2,43)
w(19,28,2,43)
w(0,30,2,43)
r(49,46,2,43)
w(37,47,2,43)
r(116,37,2,43)
w(47,39,2,43)
w(53,42,2,43)
r(96,1,2,43)
w(100,26,2,44)
r(22,1,2,44)
r(39,2,2,44)
r(70,0,2,44)
r(66,0,2,44)
w(77,24,2,44)
r(3,48,2,44)
r(55,2,2,44)
w(23,36,2,44)
w(58,29,2,44)
w(38,32,2,44)
r(68,0,2,44)
r(109,45,2,44)
w(84,33,2,44)
w(55,31,2,44)
r(102,2,2,44)
w(106,35,2,44)
w(47,40,2,44)
r(8,2,2,44)
r(70,0,2,44)
r(51,1,2,45)
r(24,1,2,45)
w(24,42,2,45)
r(5,36,2,45)
w(65,35,2,45)
w(118,30,2,45)
w(61,42,2,45)
r(48,0,2,45)
r(8,2,2,45)
r(8,2,2,45)
w(49,34,2,45)
r(41,69,2,45)
r(80,1,2,45)
r(15,3,2,45)
w(1,33,2,45)
r(15,3,2,45)
w(89,37,2,45)
r(69,1,2,45)
w(40,37,2,45)
w(54,26,2,45)
r(92,22,2,46)
w(30,34,2,46)
r(112,49,2,46)
w(14,41,2,46)
w(97,34,2,46)
w(28,29,2,46)
w(68,32,2,46)
r(85,1,2,46)
w(54,27,2,46)
w(5,37,2,46)
r(27,54,2,46)
w(19,29,2,46)
w(34,38,2,46)
w(54,28,2,46)
r(61,42,2,46)
r(52,47,2,46)
w(1,34,2,46)
w(28,30,2,46)
w(18,32,2,46)
r(3,48,2,46)
r(22,1,2,47)
w(16,44,2,47)
w(64,31,2,47)
r(87,0,2,47)
w(96,37,2,47)
r(71,19,2,47)
r(13,19,2,47)
r(60,56,2,47)
w(90,49,2,47)
w(103,33,2,47)
r(75,19,2,47)
w(38,33,2,47)
w(117,33,2,47)
r(7,58,2,47)
w(6,35,2,47)
r(91,1,2,47)
r(78,40,2,47)
r(6,35,2,47)
r(24,60,2,47)
r(17,1,2,47)
w(45,39,2,48)
r(54,28,2,48)
r(108,44,2,48)
r(53,1,2,48)
w(108,30,2,48)
w(23,37,2,48)
r(15,3,2,48)
r(42,59,2,48)
w(70,26,2,48)
w(11,26,2,48)
w(18,33,2,48)
r(96,37,2,48)
r(111,3,2,48)
r(66,19,2,48)
w(60,41,2,48)
r(113,19,2,48)
r(50,67,2,48)
r(0,30,2,48)
r(9,1,2,48)
w(57,39,2,48)
r(24,60,2,49)
w(93,29,2,49)
w(25,29,2,49)
w(89,38,2,49)
r(16,44,2,49)
r(76,22,2,49)
r(119,44,2,49)
w(65,36,2,49)
w(111,29,2,49)
w(13,44,2,49)
r(27,54,2,49)
w(93,30,2,49)
r(23,37,2,49)
r(81,12,2,49)
w(66,32,2,49)
r(50,67,2,49)
r(100,40,2,49)
w(98,33,2,49)
r(74,13,2,49)
w(104,31,2,49)
w(44,24,2,50)
w(91,28,2,50)
r(1,34,2,50)
r(110,45,2,50)
w(55,32,2,50)
w(4,37,2,50)
r(75,19,2,50)
r(84,33,2,50)
r(79,19,2,50)
r(26,18,2,50)
w(74,31,2,50)
w(74,32,2,50)
w(22,43,2,50)
w(21,51,2,50)
r(111,29,2,50)
w(13,45,2,50)
w(19,30,2,50)
w(119,25,2,50)
r(110,45,2,50)
r(51,33,2,50)
r(77,24,2,51)
w(35,42,2,51)
w(50,43,2,51)
w(17,45,2,51)
r(114,2,2,51)
r(118,49,2,51)
r(44,24,2,51)
w(28,31,2,51)
w(8,33,2,51)
w(91,29,2,51)
w(35,43,2,51)
w(106,36,2,51)
w(116,38,2,51)
w(101,25,2,51)
w(78,27,2,51)
w(80,36,2,51)
r(40,19,2,51)
r(64,31,2,51)
w(105,31,2,51)
r(10,18,2,51)
w(14,42,2,52)
r(55,32,2,52)
w(68,33,2,52)
w(59,30,2,52)
w(6,36,2,52)
r(41,24,2,52)
w(62,29,2,52)
r(73,55,2,52)
w(35,44,2,52)
w(78,28,2,52)
w(36,43,2,52)
r(81,12,2,52)
r(38,33,2,52)
r(57,39,2,52)
r(4,37,2,52)
w(113,33,2,52)
w(48,35,2,52)
r(72,1,2,52)
r(97,1,2,52)
w(3,33,2,52)
w(56,36,2,53)
r(9,1,2,53)
w(72,28,2,53)
w(97,35,2,53)
r(111,29,2,53)
r(82,0,2,53)
r(108,30,2,53)
r(86,15,2,53)
r(55,32,2,53)
r(93,30,2,53)
r(39,15,2,53)
r(109,1,2,53)
r(110,46,2,53)
w(103,34,2,53)
r(111,29,2,53)
w(76,47,2,53)
r(61,42,2,53)
r(53,1,2,53)
r(68,33,2,53)
w(11,27,2,53)
w(118,31,2,54)
w(93,31,2,54)
r(46,14,2,54)
w(117,34,2,54)
r(44,24,2,54)
r(73,55,2,54)
r(17,45,2,54)
r(106,36,2,54)
r(108,30,2,54)
w(23,38,2,54)
r(32,1,2,54)
w(22,44,2,54)
w(33,29,2,54)
w(76,48,2,54)
r(59,30,2,54)
w(52,37,2,54)
r(13,60,2,54)
w(5,38,2,54)
r(87,0,2,54)
r(86,15,2,54)
r(47,19,2,55)
r(83,50,2,55)
r(61,26,2,55)
w(48,36,2,55)
w(111,30,2,55)
w(90,50,2,55)
w(29,31,2,55)
w(52,38,2,55)
w(95,41,2,55)
r(80,20,2,55)
w(93,32,2,55)
w(104,32,2,55)
w(85,33,2,55)
r(119,25,2,55)
w(57,40,2,55)
r(10,18,2,55)
r(14,42,2,55)
r(91,48,2,55)
r(101,25,2,55)
w(56,37,2,55)
r(40,20,2,56)
r(119,25,2,56)
w(64,32,2,56)
w(119,26,2,56)
w(101,26,2,56)
r(34,56,2,56)
r(12,16,2,56)
w(79,34,2,56)
w(15,28,2,56)
r(51,35,2,56)
w(102,39,2,56)
r(23,38,2,56)
w(40,38,2,56)
r(42,60,2,56)
r(115,23,2,56)
w(3,34,2,56)
w(65,37,2,56)
w(72,29,2,56)
r(118,31,2,56)
r(57,40,2,56)
w(50,44,2,57)
r(71,19,2,57)
r(75,19,2,57)
r(54,28,2,57)
w(86,35,2,57)
r(10,18,2,57)
r(85,33,2,57)
r(28,31,2,57)
r(105,48,2,57)
r(14,42,2,57)
w(73,41,2,57)
r(11,27,2,57)
r(108,15,2,57)
r(39,15,2,57)
r(74,14,2,57)
r(26,65,2,57)
r(91,48,2,57)
w(114,45,2,57)
w(0,31,2,57)
r(85,33,2,57)
r(60,57,2,58)
w(116,39,2,58)
w(45,40,2,58)
w(30,35,2,58)
r(107,45,2,58)
r(44,24,2,58)
w(111,31,2,58)
w(98,34,2,58)
r(13,61,2,58)
w(68,34,2,58)
w(6,37,2,58)
w(42,43,2,58)
w(14,43,2,58)
w(59,31,2,58)
w(38,34,2,58)
w(26,41,2,58)
r(90,50,2,58)
r(107,45,2,58)
w(56,38,2,58)
w(97,36,2,58)
w(73,42,2,59)
w(86,36,2,59)
w(2,31,2,59)
r(90,50,2,59)
r(44,24,2,59)
r(29,31,2,59)
w(75,33,2,59)
r(9,1,2,59)
r(24,61,2,59)
r(102,39,2,59)
r(93,32,2,59)
w(18,34,2,59)
r(71,19,2,59)
r(57,40,2,59)
r(66,20,2,59)
r(19,51,2,59)
w(84,34,2,59)
r(80,20,2,59)
w(113,34,2,59)
w(77,25,2,59)
r(10,0,3,60)
w(9,50,3,60)
r(62,0,3,60)
r(88,0,3,60)
w(38,47,3,60)
r(69,0,3,60)
w(8,52,3,60)
r(91,0,3,60)
r(112,0,3,60)
w(26,64,3,60)
r(76,0,3,60)
w(95,59,3,60)
w(27,52,3,60)
w(80,49,3,60)
r(116,0,3,60)
w(34,55,3,60)
r(93,0,3,60)
w(78,40,3,60)
w(32,55,3,60)
w(30,58,3,60)
w(2,49,3,61)
r(37,46,3,61)
r(54,0,3,61)
r(64,0,3,61)
r(76,1,3,61)
w(119,44,3,61)
r(111,14,3,61)
r(13,19,3,61)
w(74,46,3,61)
r(101,1,3,61)
r(102,1,3,61)
w(12,57,3,61)
w(14,64,3,61)
w(57,51,3,61)
w(15,43,3,61)
r(24,0,3,61)
w(1,47,3,61)
w(101,40,3,61)
r(57,51,3,61)
w(49,46,3,61)
w(46,41,3,62)
r(96,1,3,62)
w(60,55,3,62)
r(93,0,3,62)
r(97,0,3,62)
r(78,40,3,62)
w(117,50,3,62)
w(12,58,3,62)
w(112,48,3,62)
w(73,55,3,62)
r(116,1,3,62)
w(8,53,3,62)
w(10,54,3,62)
w(37,62,3,62)
r(1,47,3,62)
r(100,25,3,62)
w(22,54,3,62)
r(62,12,3,62)
r(36,1,3,62)
w(20,44,3,62)
w(53,52,3,63)
r(63,1,3,63)
r(80,49,3,63)
w(84,45,3,63)
r(52,36,3,63)
w(63,47,3,63)
r(58,0,3,63)
w(79,56,3,63)
w(22,55,3,63)
r(114,43,3,63)
r(24,0,3,63)
w(53,53,3,63)
w(64,42,3,63)
w(23,58,3,63)
w(24,58,3,63)
w(24,59,3,63)
w(109,45,3,63)
r(103,0,3,63)
w(38,48,3,63)
r(65,0,3,63)
w(25,50,3,64)
r(11,0,3,64)
r(32,68,3,64)
r(48,0,3,64)
r(118,66,3,64)
r(11,0,3,64)
r(4,60,3,64)
w(21,71,3,64)
r(6,34,3,64)
r(38,48,3,64)
w(76,63,3,64)
r(52,36,3,64)
w(88,47,3,64)
w(88,48,3,64)
w(20,45,3,64)
r(32,68,3,64)
w(110,45,3,64)
r(7,58,3,64)
r(59,0,3,64)
w(18,50,3,64)
r(17,0,3,65)
w(29,46,3,65)
w(64,43,3,65)
r(53,53,3,65)
w(83,49,3,65)
w(27,53,3,65)
w(21,72,3,65)
w(21,73,3,65)
w(22,56,3,65)
r(79,56,3,65)
w(31,52,3,65)
w(97,47,3,65)
r(96,1,3,65)
r(54,0,3,65)
w(52,47,3,65)
w(60,56,3,65)
w(115,55,3,65)
w(77,36,3,65)
w(55,48,3,65)
r(2,49,3,65)
r(113,19,3,66)
w(111,49,3,66)
r(82,0,3,66)
r(46,30,3,66)
w(104,51,3,66)
r(96,1,3,66)
w(94,52,3,66)
w(56,61,3,66)
w(85,46,3,66)
w(59,50,3,66)
w(28,46,3,66)
w(93,51,3,66)
w(15,44,3,66)
r(41,44,3,66)
w(112,49,3,66)
r(93,51,3,66)
r(44,11,3,66)
w(37,63,3,66)
r(66,0,3,66)
r(107,18,3,66)
r(111,49,3,67)
r(91,0,3,67)
w(27,54,3,67)
w(19,49,3,67)
r(96,1,3,67)
w(105,47,3,67)
r(75,32,3,67)
w(19,50,3,67)
w(3,48,3,67)
r(67,1,3,67)
r(54,0,3,67)
w(42,59,3,67)
w(50,66,3,67)
r(77,36,3,67)
r(69,0,3,67)
w(2,50,3,67)
r(18,50,3,67)
r(21,73,3,67)
w(41,69,3,67)
r(107,18,3,67)
r(108,14,3,68)
w(108,43,3,68)
w(31,53,3,68)
r(110,45,3,68)
r(47,19,3,68)
w(106,57,3,68)
w(66,43,3,68)
r(2,14,3,68)
w(38,49,3,68)
w(59,51,3,68)
w(51,33,3,68)
r(15,3,3,68)
r(100,26,3,68)
w(4,47,3,68)
w(24,60,3,68)
w(5,53,3,68)
w(104,52,3,68)
r(76,22,3,68)
w(83,50,3,68)
r(113,19,3,68)
r(96,15,3,69)
w(102,58,3,69)
r(30,1,3,69)
r(59,51,3,69)
w(48,49,3,69)
w(55,49,3,69)
r(51,33,3,69)
r(35,0,3,69)
r(107,18,3,69)
w(108,44,3,69)
r(88,48,3,69)
r(80,1,3,69)
r(22,1,3,69)
w(50,67,3,69)
w(33,41,3,69)
r(113,19,3,69)
r(3,48,3,69)
r(27,54,3,69)
w(65,46,3,69)
w(100,40,3,69)
w(17,70,3,70)
r(39,15,3,70)
w(118,48,3,70)
w(21,74,3,70)
r(18,33,3,70)
r(57,39,3,70)
r(105,47,3,70)
r(87,0,3,70)
r(56,19,3,70)
w(62,36,3,70)
w(110,46,3,70)
r(12,15,3,70)
r(29,16,3,70)
w(63,48,3,70)
w(102,59,3,70)
w(30,59,3,70)
w(80,50,3,70)
w(118,49,3,70)
r(21,74,3,70)
r(41,24,3,70)
r(27,54,3,71)
r(118,49,3,71)
w(7,49,3,71)
r(109,1,3,71)
w(81,48,3,71)
r(20,45,3,71)
r(43,1,3,71)
r(33,3,3,71)
w(116,54,3,71)
w(114,55,3,71)
r(65,36,3,71)
w(51,34,3,71)
w(13,60,3,71)
w(34,56,3,71)
r(9,1,3,71)
w(60,57,3,71)
r(89,38,3,71)
w(116,55,3,71)
r(30,59,3,71)
w(95,60,3,71)
w(98,51,3,72)
r(15,3,3,72)
r(35,44,3,72)
r(21,74,3,72)
w(19,51,3,72)
r(22,44,3,72)
r(57,20,3,72)
r(72,28,3,72)
w(98,52,3,72)
w(8,54,3,72)
w(107,44,3,72)
r(13,60,3,72)
w(58,43,3,72)
w(16,58,3,72)
w(26,65,3,72)
r(18,33,3,72)
w(107,45,3,72)
w(95,61,3,72)
r(88,1,3,72)
r(105,31,3,72)
r(117,34,3,73)
w(93,52,3,73)
w(91,48,3,73)
w(8,55,3,73)
w(59,52,3,73)
w(42,60,3,73)
r(30,59,3,73)
r(62,13,3,73)
r(52,37,3,73)
r(3,33,3,73)
w(18,51,3,73)
w(48,50,3,73)
r(88,1,3,73)
r(44,24,3,73)
w(114,56,3,73)
w(105,48,3,73)
w(3,49,3,73)
w(51,35,3,73)
w(100,41,3,73)
w(59,53,3,73)
w(25,51,3,74)
r(44,24,3,74)
w(15,45,3,74)
r(81,48,3,74)
r(25,51,3,74)
r(102,39,3,74)
r(103,34,3,74)
r(18,51,3,74)
w(41,70,3,74)
r(75,19,3,74)
w(73,56,3,74)
r(25,51,3,74)
w(56,62,3,74)
w(63,49,3,74)
w(61,53,3,74)
w(23,59,3,74)
r(60,57,3,74)
w(68,54,3,74)
w(61,54,3,74)
w(81,49,3,74)
r(34,56,3,75)
r(56,62,3,75)
w(119,45,3,75)
r(54,28,3,75)
w(10,55,3,75)
w(13,61,3,75)
w(76,64,3,75)
w(63,50,3,75)
w(98,53,3,75)
r(111,30,3,75)
w(16,59,3,75)
w(55,50,3,75)
w(5,54,3,75)
r(55,50,3,75)
w(116,56,3,75)
r(57,40,3,75)
r(20,45,3,75)
w(10,56,3,75)
r(36,29,3,75)
w(1,48,3,75)
w(18,52,3,76)
w(69,53,3,76)
w(37,64,3,76)
w(24,61,3,76)
w(36,65,3,76)
r(35,44,3,76)
r(31,53,3,76)
r(69,53,3,76)
r(102,39,3,76)
w(20,46,3,76)
r(50,44,3,76)
r(2,1,3,76)
r(88,1,3,76)
r(106,21,3,76)
w(108,45,3,76)
r(56,62,3,76)
w(46,42,3,76)
r(72,29,3,76)
r(2,1,3,76)
w(43,50,3,76)
w(114,57,3,77)
r(52,38,3,77)
w(78,41,3,77)
r(113,34,3,77)
w(44,40,3,77)
r(90,50,3,77)
w(1,49,3,77)
w(22,57,3,77)
r(33,29,3,77)
w(90,70,3,77)
r(25,51,3,77)
r(77,25,3,77)
w(114,58,3,77)
w(52,48,3,77)
r(4,16,3,77)
w(68,55,3,77)
w(89,55,3,77)
w(29,47,3,77)
r(15,45,3,77)
w(27,55,3,77)
r(100,2,3,78)
r(106,2,3,78)
r(37,64,3,78)
w(34,57,3,78)
w(61,55,3,78)
r(26,41,3,78)
r(95,41,3,78)
r(118,31,3,78)
r(54,2,3,78)
w(95,62,3,78)
r(28,31,3,78)
w(102,60,3,78)
w(31,54,3,78)
w(46,43,3,78)
r(71,19,3,78)
w(45,58,3,78)
w(79,57,3,78)
w(23,60,3,78)
w(75,52,3,78)
w(40,56,3,78)
r(47,2,3,79)
r(70,1,3,79)
r(14,43,3,79)
w(112,50,3,79)
w(114,59,3,79)
w(62,37,3,79)
r(47,2,3,79)
w(109,46,3,79)
w(19,52,3,79)
r(5,54,3,79)
r(90,70,3,79)
r(88,15,3,79)
w(119,46,3,79)
r(13,20,3,79)
w(89,56,3,79)
r(110,15,3,79)
w(19,53,3,79)
w(59,54,3,79)
w(2,51,3,79)
r(75,52,3,79)
w(7,58,4,80)
r(36,1,4,80)
w(118,66,4,80)
r(7,58,4,80)
w(57,60,4,80)
w(25,70,4,80)
w(10,80,4,80)
w(67,67,4,80)
r(48,0,4,80)
w(40,72,4,80)
r(22,42,4,80)
r(79,0,4,80)
w(4,60,4,80)
w(88,65,4,80)
w(77,48,4,80)
r(65,0,4,80)
r(72,27,4,80)
r(15,1,4,80)
w(109,59,4,80)
w(32,68,4,80)
w(84,56,4,81)
w(39,58,4,81)
w(45,75,4,81)
r(48,1,4,81)
w(80,67,4,81)
w(78,59,4,81)
r(29,3,4,81)
r(54,2,4,81)
r(106,3,4,81)
w(90,85,4,81)
w(39,59,4,81)
w(11,65,4,81)
r(8,55,4,81)
w(40,73,4,81)
w(16,73,4,81)
w(6,66,4,81)
r(48,1,4,81)
w(92,73,4,81)
r(42,1,4,81)
r(43,3,4,81)
w(60,78,4,82)
r(62,14,4,82)
r(57,40,4,82)
r(61,55,4,82)
r(44,1,4,82)
r(98,34,4,82)
r(64,32,4,82)
r(96,4,4,82)
w(58,58,4,82)
w(55,64,4,82)
r(2,51,4,82)
r(16,73,4,82)
w(71,77,4,82)
r(111,17,4,82)
w(54,56,4,82)
r(17,45,4,82)
w(109,60,4,82)
r(47,20,4,82)
r(40,73,4,82)
w(29,61,4,82)
r(16,73,4,83)
w(21,92,4,83)
r(25,51,4,83)
r(54,56,4,83)
w(54,57,4,83)
r(28,31,4,83)
w(53,65,4,83)
w(99,68,4,83)
r(10,2,4,83)
w(92,74,4,83)
r(82,12,4,83)
r(54,57,4,83)
r(103,3,4,83)
r(61,55,4,83)
r(110,16,4,83)
w(22,68,4,83)
r(17,45,4,83)
r(92,74,4,83)
r(50,2,4,83)
r(25,51,4,83)
r(45,75,4,84)
r(84,56,4,84)
r(68,1,4,84)
w(62,53,4,84)
r(29,61,4,84)
w(48,61,4,84)
r(20,18,4,84)
r(15,4,4,84)
r(5,21,4,84)
r(59,3,4,84)
w(12,73,4,84)
w(23,80,4,84)
r(67,23,4,84)
w(57,61,4,84)
w(3,67,4,84)
r(81,3,4,84)
r(8,55,4,84)
r(112,1,4,84)
w(86,65,4,84)
r(61,55,4,84)
r(8,55,4,85)
w(22,69,4,85)
w(118,67,4,85)
w(0,73,4,85)
w(47,75,4,85)
r(44,1,4,85)
w(111,65,4,85)
w(28,62,4,85)
r(78,59,4,85)
w(67,68,4,85)
r(104,1,4,85)
w(33,65,4,85)
w(99,69,4,85)
w(115,68,4,85)
r(76,2,4,85)
w(27,72,4,85)
r(84,56,4,85)
r(85,2,4,85)
r(49,2,4,85)
w(117,61,4,85)
w(69,69,4,86)
w(26,86,4,86)
w(95,74,4,86)
r(17,45,4,86)
r(99,69,4,86)
r(52,1,4,86)
r(39,59,4,86)
r(103,3,4,86)
r(74,15,4,86)
w(113,75,4,86)
r(81,3,4,86)
r(5,21,4,86)
r(83,50,4,86)
w(1,70,4,86)
w(108,67,4,86)
w(58,59,4,86)
r(9,20,4,86)
r(116,19,4,86)
w(105,67,4,86)
r(43,3,4,86)
r(39,59,4,87)
r(76,2,4,87)
r(44,1,4,87)
w(12,74,4,87)
w(110,61,4,87)
r(35,44,4,87)
w(82,64,4,87)
r(68,1,4,87)
r(35,44,4,87)
r(84,56,4,87)
w(31,66,4,87)
r(31,66,4,87)
r(40,73,4,87)
r(85,2,4,87)
w(44,58,4,87)
w(50,79,4,87)
w(51,45,4,87)
w(105,68,4,87)
w(55,65,4,87)
w(102,73,4,87)
w(11,66,4,88)
w(101,52,4,88)
w(11,67,4,88)
w(83,66,4,88)
r(64,32,4,88)
r(33,65,4,88)
w(107,55,4,88)
r(69,69,4,88)
w(85,64,4,88)
r(104,1,4,88)
w(108,68,4,88)
r(111,65,4,88)
r(45,75,4,88)
w(29,62,4,88)
r(99,69,4,88)
r(63,15,4,88)
r(77,25,4,88)
w(74,59,4,88)
w(13,76,4,88)
r(114,4,4,88)
w(102,74,4,89)
r(16,73,4,89)
w(27,73,4,89)
r(93,32,4,89)
w(63,65,4,89)
w(21,93,4,89)
w(46,61,4,89)
r(37,1,4,89)
r(67,68,4,89)
w(79,71,4,89)
r(70,2,4,89)
r(100,3,4,89)
w(97,65,4,89)
w(91,60,4,89)
r(105,68,4,89)
w(50,80,4,89)
w(14,83,4,89)
w(82,65,4,89)
r(78,59,4,89)
w(112,67,4,89)
r(81,3,4,90)
w(10,81,4,90)
r(24,5,4,90)
r(111,65,4,90)
r(38,3,4,90)
r(92,74,4,90)
w(20,60,4,90)
r(42,1,4,90)
r(43,3,4,90)
w(57,62,4,90)
r(43,3,4,90)
w(18,67,4,90)
w(65,60,4,90)
w(66,58,4,90)
r(37,1,4,90)
r(10,81,4,90)
w(55,66,4,90)
w(10,82,4,90)
r(105,68,4,90)
r(96,4,4,90)
r(115,68,4,91)
r(72,29,4,91)
r(77,25,4,91)
w(33,66,4,91)
w(61,71,4,91)
r(78,59,4,91)
w(49,61,4,91)
w(54,58,4,91)
w(11,68,4,91)
r(80,67,4,91)
r(3,67,4,91)
r(0,73,4,91)
w(31,67,4,91)
r(3,67,4,91)
r(59,3,4,91)
w(35,72,4,91)
w(59,75,4,91)
r(73,42,4,91)
r(117,61,4,91)
w(98,75,4,91)
r(91,60,4,92)
w(84,57,4,92)
r(7,49,4,92)
w(97,66,4,92)
r(119,46,4,92)
w(45,76,4,92)
w(30,73,4,92)
w(88,66,4,92)
w(3,68,4,92)
r(33,66,4,92)
w(52,68,4,92)
r(0,73,4,92)
w(64,57,4,92)
w(8,69,4,92)
r(20,60,4,92)
r(20,60,4,92)
r(27,73,4,92)
w(99,70,4,92)
w(36,84,4,92)
r(63,65,4,92)
w(87,71,4,93)
r(42,1,4,93)
w(19,67,4,93)
w(90,86,4,93)
r(105,68,4,93)
r(61,71,4,93)
w(22,70,4,93)
r(21,93,4,93)
r(98,75,4,93)
r(46,61,4,93)
r(38,3,4,93)
w(82,66,4,93)
r(37,1,4,93)
w(117,62,4,93)
r(102,74,4,93)
w(110,62,4,93)
w(71,78,4,93)
r(15,4,4,93)
w(30,74,4,93)
r(117,62,4,93)
r(91,60,4,94)
w(99,71,4,94)
r(38,3,4,94)
r(13,76,4,94)
w(109,61,4,94)
r(91,60,4,94)
w(72,62,4,94)
r(110,62,4,94)
r(45,76,4,94)
w(26,87,4,94)
w(105,69,4,94)
r(21,93,4,94)
w(118,68,4,94)
r(21,93,4,94)
w(40,74,4,94)
r(32,4,4,94)
r(109,61,4,94)
r(92,74,4,94)
w(65,61,4,94)
w(23,81,4,94)
r(88,66,4,95)
w(95,75,4,95)
r(20,60,4,95)
r(81,14,4,95)
r(62,53,4,95)
r(7,49,4,95)
r(82,66,4,95)
w(84,58,4,95)
r(86,65,4,95)
r(17,45,4,95)
r(111,65,4,95)
r(74,59,4,95)
r(18,67,4,95)
w(116,73,4,95)
w(34,68,4,95)
r(10,19,4,95)
r(67,68,4,95)
w(98,76,4,95)
r(46,61,4,95)
w(59,76,4,95)
w(36,85,4,96)
r(56,22,4,96)
w(101,53,4,96)
r(117,62,4,96)
w(112,68,4,96)
w(46,62,4,96)
w(94,65,4,96)
w(109,62,4,96)
r(36,85,4,96)
w(74,60,4,96)
w(97,67,4,96)
w(19,68,4,96)
w(13,77,4,96)
w(5,68,4,96)
w(32,69,4,96)
r(74,60,4,96)
r(107,20,4,96)
w(91,61,4,96)
w(92,75,4,96)
r(62,53,4,96)
r(25,51,4,97)
w(89,75,4,97)
r(40,74,4,97)
r(116,73,4,97)
w(68,68,4,97)
w(110,63,4,97)
r(0,73,4,97)
w(3,69,4,97)
w(56,82,4,97)
w(15,64,4,97)
w(25,71,4,97)
r(9,20,4,97)
w(112,69,4,97)
r(47,21,4,97)
w(86,66,4,97)
r(91,61,4,97)
r(46,62,4,97)
w(65,62,4,97)
w(98,77,4,97)
r(68,68,4,97)
r(9,20,4,98)
r(34,68,4,98)
w(62,54,4,98)
r(84,58,4,98)
r(6,66,4,98)
r(66,58,4,98)
w(97,68,4,98)
w(26,88,4,98)
r(104,18,4,98)
w(37,82,4,98)
w(51,46,4,98)
r(46,62,4,98)
r(17,45,4,98)
w(116,74,4,98)
r(94,65,4,98)
r(54,58,4,98)
r(44,58,4,98)
w(8,70,4,98)
w(11,69,4,98)
r(78,15,4,98)
r(107,20,4,99)
w(73,70,4,99)
r(28,62,4,99)
w(42,74,4,99)
w(118,69,4,99)
r(10,19,4,99)
r(17,45,4,99)
r(7,49,4,99)
r(110,63,4,99)
r(83,66,4,99)
r(64,57,4,99)
r(4,3,4,99)
w(111,66,4,99)
w(90,87,4,99)
r(9,20,4,99)
w(110,64,4,99)
r(0,73,4,99)
w(107,56,4,99)
w(60,79,4,99)
r(6,66,4,99)
