r(46,0,0,0)
w(146,1,0,0)
w(233,1,0,0)
r(95,0,0,0)
r(134,0,0,0)
w(165,1,0,0)
r(23,0,0,0)
r(251,0,0,0)
r(36,0,0,0)
r(82,0,0,0)
w(26,1,0,0)
r(60,0,0,0)
w(3,1,0,0)
w(248,1,0,0)
w(251,1,0,0)
r(213,0,0,0)
w(287,1,0,0)
r(60,0,0,0)
r(78,0,0,0)
r(21,0,0,0)
w(165,2,0,1)
r(17,0,0,1)
r(75,0,0,1)
w(210,1,0,1)
r(206,0,0,1)
w(275,1,0,1)
w(56,1,0,1)
r(19,0,0,1)
r(259,0,0,1)
w(225,1,0,1)
w(160,1,0,1)
r(329,0,0,1)
w(231,1,0,1)
r(330,0,0,1)
w(100,1,0,1)
r(277,0,0,1)
r(291,0,0,1)
r(188,0,0,1)
w(121,1,0,1)
w(43,1,0,1)
r(30,0,0,2)
w(111,1,0,2)
r(201,0,0,2)
r(161,0,0,2)
w(212,1,0,2)
r(325,0,0,2)
r(213,0,0,2)
r(229,0,0,2)
w(26,2,0,2)
w(172,1,0,2)
w(230,1,0,2)
w(58,1,0,2)
r(327,0,0,2)
w(141,1,0,2)
w(248,2,0,2)
w(195,1,0,2)
w(124,1,0,2)
w(263,1,0,2)
r(91,0,0,2)
w(228,1,0,2)
r(19,0,0,3)
w(120,1,0,3)
w(109,1,0,3)
w(319,1,0,3)
w(308,1,0,3)
w(347,1,0,3)
w(313,1,0,3)
r(312,8,0,3)
w(91,1,0,3)
r(244,0,0,3)
w(114,1,0,3)
w(67,1,0,3)
r(345,0,0,3)
w(141,2,0,3)
r(75,0,0,3)
w(259,1,0,3)
w(195,2,0,3)
w(180,1,0,3)
r(188,0,0,3)
w(289,1,0,3)
w(264,1,0,4)
r(194,0,0,4)
w(295,1,0,4)
w(34,1,0,4)
w(96,1,0,4)
w(103,1,0,4)
r(31,0,0,4)
w(50,1,0,4)
r(311,0,0,4)
r(158,0,0,4)
r(42,0,0,4)
w(297,1,0,4)
w(23,1,0,4)
w(189,1,0,4)
r(96,1,0,4)
w(107,1,0,4)
w(53,1,0,4)
w(234,1,0,4)
w(201,1,0,4)
r(146,1,0,4)
r(328,0,0,5)
w(149,1,0,5)
w(24,1,0,5)
w(278,1,0,5)
r(1,0,0,5)
w(192,1,0,5)
r(211,0,0,5)
r(323,0,0,5)
w(55,1,0,5)
w(195,3,0,5)
r(67,1,0,5)
r(243,0,0,5)
w(315,1,0,5)
w(278,2,0,5)
w(0,1,0,5)
r(19,0,0,5)
w(333,1,0,5)
r(14,0,0,5)
r(217,10,0,5)
r(260,0,0,5)
w(2,1,0,6)
w(357,1,0,6)
r(300,20,0,6)
r(264,1,0,6)
r(270,8,0,6)
r(265,0,0,6)
r(270,8,0,6)
r(180,1,0,6)
r(333,1,0,6)
w(145,1,0,6)
w(39,1,0,6)
w(136,1,0,6)
r(271,0,0,6)
r(243,0,0,6)
r(299,0,0,6)
w(256,1,0,6)
r(83,0,0,6)
w(91,2,0,6)
w(149,2,0,6)
w(301,1,0,6)
r(97,15,0,7)
r(195,3,0,7)
r(146,5,0,7)
r(79,8,0,7)
w(160,2,0,7)
r(2,1,0,7)
r(358,0,0,7)
r(142,0,0,7)
w(6,1,0,7)
r(55,1,0,7)
w(162,1,0,7)
r(149,2,0,7)
r(302,0,0,7)
w(271,1,0,7)
r(349,0,0,7)
w(209,1,0,7)
w(91,3,0,7)
w(189,2,0,7)
w(282,1,0,7)
r(126,0,0,7)
r(131,5,0,8)
r(22,0,0,8)
r(234,1,0,8)
r(345,0,0,8)
r(278,2,0,8)
r(311,12,0,8)
w(181,1,0,8)
r(38,0,0,8)
w(216,1,0,8)
r(203,0,0,8)
w(62,1,0,8)
r(27,0,0,8)
r(185,0,0,8)
w(29,1,0,8)
w(231,2,0,8)
r(210,1,0,8)
w(96,2,0,8)
w(71,1,0,8)
w(218,1,0,8)
r(318,0,0,8)
r(178,0,0,9)
w(49,1,0,9)
w(348,1,0,9)
w(248,3,0,9)
w(179,1,0,9)
r(247,0,0,9)
r(347,1,0,9)
w(86,1,0,9)
w(30,1,0,9)
w(136,2,0,9)
w(48,1,0,9)
r(280,40,0,9)
w(354,1,0,9)
w(288,1,0,9)
r(137,0,0,9)
r(212,11,0,9)
w(90,1,0,9)
w(163,1,0,9)
r(316,0,0,9)
r(334,0,0,9)
r(92,0,0,10)
r(313,1,0,10)
w(185,1,0,10)
w(24,2,0,10)
w(311,1,0,10)
r(287,1,0,10)
w(168,1,0,10)
r(256,1,0,10)
r(151,0,0,10)
w(194,1,0,10)
w(37,1,0,10)
r(276,0,0,10)
r(303,0,0,10)
r(328,7,0,10)
w(307,1,0,10)
w(181,2,0,10)
w(53,2,0,10)
w(331,1,0,10)
r(298,12,0,10)
w(84,1,0,10)
w(281,1,0,11)
r(348,1,0,11)
r(330,0,0,11)
r(123,0,0,11)
w(340,1,0,11)
r(40,0,0,11)
w(331,2,0,11)
r(12,0,0,11)
w(143,1,0,11)
r(223,0,0,11)
r(339,0,0,11)
r(2,51,0,11)
w(324,1,0,11)
w(311,2,0,11)
r(92,0,0,11)
w(261,1,0,11)
r(219,0,0,11)
w(129,1,0,11)
w(87,1,0,11)
w(10,1,0,11)
r(191,12,0,12)
r(209,1,0,12)
r(262,40,0,12)
r(7,0,0,12)
r(141,2,0,12)
w(214,1,0,12)
r(49,1,0,12)
w(73,1,0,12)
r(103,1,0,12)
w(153,1,0,12)
r(125,5,0,12)
w(14,1,0,12)
w(88,1,0,12)
w(156,1,0,12)
r(56,7,0,12)
w(345,1,0,12)
r(139,0,0,12)
r(175,0,0,12)
r(25,0,0,12)
w(295,2,0,12)
r(342,0,0,13)
w(19,1,0,13)
w(75,1,0,13)
r(30,1,0,13)
w(65,1,0,13)
w(334,1,0,13)
w(182,1,0,13)
r(341,47,0,13)
r(69,0,0,13)
r(154,10,0,13)
r(124,32,0,13)
r(270,8,0,13)
r(131,5,0,13)
w(220,1,0,13)
r(330,0,0,13)
w(109,2,0,13)
r(346,0,0,13)
r(149,2,0,13)
r(13,0,0,13)
r(287,1,0,13)
r(20,6,0,14)
r(158,0,0,14)
w(330,1,0,14)
w(108,1,0,14)
w(3,2,0,14)
r(269,0,0,14)
w(269,1,0,14)
r(110,30,0,14)
r(37,1,0,14)
r(185,44,0,14)
w(230,2,0,14)
r(134,0,0,14)
w(96,3,0,14)
r(198,0,0,14)
r(256,1,0,14)
w(1,1,0,14)
r(217,10,0,14)
r(3,2,0,14)
w(132,1,0,14)
r(307,1,0,14)
w(343,1,0,15)
r(72,0,0,15)
w(201,2,0,15)
r(164,0,0,15)
w(278,3,0,15)
w(204,1,0,15)
w(329,1,0,15)
r(295,2,0,15)
r(76,19,0,15)
r(350,0,0,15)
w(304,1,0,15)
r(193,7,0,15)
w(261,2,0,15)
r(317,22,0,15)
r(5,0,0,15)
r(201,2,0,15)
w(233,2,0,15)
w(350,1,0,15)
r(358,0,0,15)
w(118,1,0,15)
r(251,11,0,16)
r(79,8,0,16)
r(105,24,0,16)
w(277,1,0,16)
r(302,29,0,16)
w(128,1,0,16)
r(305,10,0,16)
w(174,1,0,16)
w(263,2,0,16)
w(241,1,0,16)
w(186,1,0,16)
w(161,1,0,16)
w(125,1,0,16)
w(134,1,0,16)
r(286,19,0,16)
w(160,3,0,16)
w(159,1,0,16)
w(282,2,0,16)
w(62,2,0,16)
w(268,1,0,16)
w(7,1,0,17)
r(49,1,0,17)
w(248,4,0,17)
w(222,1,0,17)
w(318,1,0,17)
w(132,2,0,17)
w(118,2,0,17)
r(306,27,0,17)
w(62,3,0,17)
r(38,0,0,17)
w(62,4,0,17)
r(246,0,0,17)
w(241,2,0,17)
r(287,1,0,17)
w(56,2,0,17)
w(77,1,0,17)
w(91,4,0,17)
r(283,9,0,17)
r(292,0,0,17)
r(15,10,0,17)
r(205,45,0,18)
r(173,13,0,18)
r(163,12,0,18)
w(318,2,0,18)
r(40,0,0,18)
r(123,0,0,18)
r(200,18,0,18)
r(119,7,0,18)
r(172,55,0,18)
w(308,2,0,18)
w(354,2,0,18)
r(61,0,0,18)
w(132,3,0,18)
r(40,0,0,18)
r(142,40,0,18)
w(19,2,0,18)
w(97,1,0,18)
w(161,2,0,18)
r(211,0,0,18)
w(82,1,0,18)
w(1,2,0,19)
r(222,1,0,19)
w(194,2,0,19)
r(202,0,0,19)
w(92,1,0,19)
r(58,1,0,19)
w(213,1,0,19)
w(348,2,0,19)
w(53,3,0,19)
w(123,1,0,19)
w(127,1,0,19)
r(195,11,0,19)
w(314,1,0,19)
w(138,1,0,19)
w(201,3,0,19)
r(188,35,0,19)
r(54,0,0,19)
w(103,2,0,19)
w(32,1,0,19)
r(202,0,0,19)
r(140,0,0,20)
w(170,1,0,20)
w(227,1,0,20)
w(38,1,0,20)
w(290,1,0,20)
w(301,2,0,20)
r(238,9,0,20)
w(216,2,0,20)
r(338,45,0,20)
r(318,2,0,20)
r(92,1,0,20)
w(122,1,0,20)
r(129,1,0,20)
r(142,35,0,20)
r(283,9,0,20)
r(335,0,0,20)
w(16,1,0,20)
r(133,0,0,20)
w(352,1,0,20)
r(127,8,0,20)
w(209,2,0,21)
w(157,1,0,21)
w(239,1,0,21)
w(259,2,0,21)
r(107,31,0,21)
r(35,40,0,21)
w(96,4,0,21)
w(36,1,0,21)
w(135,1,0,21)
r(211,0,0,21)
r(239,1,0,21)
r(98,0,0,21)
w(258,1,0,21)
r(212,11,0,21)
r(183,0,0,21)
w(259,3,0,21)
w(100,2,0,21)
w(217,1,0,21)
r(179,9,0,21)
r(321,31,0,21)
r(350,14,0,22)
w(213,2,0,22)
r(335,0,0,22)
r(149,32,0,22)
w(258,2,0,22)
r(267,0,0,22)
w(163,2,0,22)
w(92,2,0,22)
w(128,2,0,22)
r(343,1,0,22)
r(150,24,0,22)
w(145,2,0,22)
w(132,4,0,22)
r(255,0,0,22)
w(199,1,0,22)
r(75,29,0,22)
w(328,1,0,22)
r(329,1,0,22)
r(236,0,0,22)
r(212,11,0,22)
r(225,9,0,23)
r(305,11,0,23)
w(27,1,0,23)
w(70,1,0,23)
w(99,1,0,23)
r(94,0,0,23)
r(104,53,0,23)
w(98,1,0,23)
r(78,39,0,23)
r(6,1,0,23)
w(140,1,0,23)
w(231,3,0,23)
r(136,30,0,23)
r(184,10,0,23)
w(66,1,0,23)
r(174,1,0,23)
r(188,7,0,23)
r(77,1,0,23)
r(192,13,0,23)
r(212,11,0,23)
r(61,34,0,24)
w(108,2,0,24)
w(13,1,0,24)
w(15,1,0,24)
w(50,2,0,24)
r(175,55,0,24)
w(220,2,0,24)
w(313,2,0,24)
r(256,1,0,24)
w(134,2,0,24)
r(251,17,0,24)
w(28,1,0,24)
w(321,1,0,24)
w(156,2,0,24)
w(120,2,0,24)
w(311,3,0,24)
r(337,30,0,24)
w(212,2,0,24)
r(13,1,0,24)
w(57,1,0,24)
w(81,1,0,25)
r(322,23,0,25)
r(308,21,0,25)
w(92,3,0,25)
w(146,2,0,25)
r(91,23,0,25)
w(218,2,0,25)
r(124,32,0,25)
w(27,2,0,25)
w(358,1,0,25)
w(299,1,0,25)
r(9,34,0,25)
w(323,1,0,25)
w(188,1,0,25)
w(243,1,0,25)
r(237,31,0,25)
w(273,1,0,25)
w(158,1,0,25)
r(200,33,0,25)
w(93,1,0,25)
r(314,1,0,26)
w(32,2,0,26)
w(205,1,0,26)
r(30,1,0,26)
w(58,2,0,26)
w(42,1,0,26)
r(157,1,0,26)
w(44,1,0,26)
r(21,39,0,26)
r(205,1,0,26)
w(137,1,0,26)
w(82,2,0,26)
r(301,2,0,26)
w(214,2,0,26)
w(149,3,0,26)
w(323,2,0,26)
r(220,2,0,26)
r(306,27,0,26)
w(28,2,0,26)
r(332,13,0,26)
w(210,2,0,27)
r(349,32,0,27)
r(285,42,0,27)
r(279,34,0,27)
r(116,14,0,27)
r(222,1,0,27)
w(250,1,0,27)
r(55,30,0,27)
r(252,9,0,27)
r(293,12,0,27)
w(200,1,0,27)
w(301,3,0,27)
r(89,16,0,27)
r(276,29,0,27)
w(110,1,0,27)
w(234,2,0,27)
w(165,3,0,27)
w(98,2,0,27)
r(308,28,0,27)
r(343,19,0,27)
w(341,1,0,28)
r(239,10,0,28)
r(52,37,0,28)
w(46,1,0,28)
w(316,1,0,28)
r(122,13,0,28)
w(345,2,0,28)
w(175,1,0,28)
w(31,1,0,28)
r(88,45,0,28)
w(19,3,0,28)
w(216,3,0,28)
r(148,11,0,28)
r(127,20,0,28)
r(119,16,0,28)
r(128,15,0,28)
w(115,1,0,28)
w(100,3,0,28)
r(13,1,0,28)
r(83,32,0,28)
r(90,30,0,29)
r(345,2,0,29)
r(94,22,0,29)
r(34,38,0,29)
w(247,1,0,29)
r(80,39,0,29)
r(223,17,0,29)
r(108,54,0,29)
r(208,33,0,29)
w(152,1,0,29)
w(4,1,0,29)
w(318,3,0,29)
w(305,1,0,29)
r(211,19,0,29)
r(265,26,0,29)
w(120,3,0,29)
w(290,2,0,29)
r(66,36,0,29)
r(231,34,0,29)
w(88,2,0,29)
w(20,6,1,30)
r(139,0,1,30)
r(236,0,1,30)
r(10,0,1,30)
w(312,8,1,30)
r(80,0,1,30)
w(97,5,1,30)
r(4,0,1,30)
w(162,13,1,30)
r(129,0,1,30)
w(125,5,1,30)
r(289,0,1,30)
w(112,10,1,30)
w(68,7,1,30)
w(34,8,1,30)
r(27,0,1,30)
r(8,0,1,30)
r(214,0,1,30)
r(221,0,1,30)
w(90,10,1,30)
w(48,8,1,31)
w(300,12,1,31)
r(109,1,1,31)
r(186,0,1,31)
r(58,1,1,31)
w(131,5,1,31)
r(351,0,1,31)
w(154,9,1,31)
w(192,12,1,31)
w(353,6,1,31)
w(217,10,1,31)
r(185,0,1,31)
r(148,0,1,31)
w(188,6,1,31)
w(191,12,1,31)
w(284,9,1,31)
w(357,9,1,31)
w(34,9,1,31)
w(199,7,1,31)
r(49,0,1,31)
r(338,0,1,32)
w(338,11,1,32)
r(164,0,1,32)
r(334,0,1,32)
w(91,13,1,32)
r(83,0,1,32)
w(258,10,1,32)
w(56,7,1,32)
w(305,10,1,32)
w(119,7,1,32)
w(10,10,1,32)
r(159,0,1,32)
w(118,7,1,32)
w(32,12,1,32)
r(155,0,1,32)
w(311,12,1,32)
r(220,0,1,32)
r(317,0,1,32)
w(113,6,1,32)
w(28,10,1,32)
r(7,0,1,33)
w(355,7,1,33)
r(194,0,1,33)
w(79,8,1,33)
w(146,5,1,33)
w(14,11,1,33)
r(206,0,1,33)
w(237,9,1,33)
r(43,1,1,33)
r(359,0,1,33)
w(187,7,1,33)
r(95,14,1,33)
w(270,8,1,33)
w(325,16,1,33)
w(196,15,1,33)
r(192,1,1,33)
r(287,1,1,33)
w(215,7,1,33)
w(288,10,1,33)
r(349,0,1,33)
w(283,8,1,34)
w(16,7,1,34)
r(355,7,1,34)
w(104,8,1,34)
r(10,10,1,34)
w(161,9,1,34)
r(69,0,1,34)
r(41,0,1,34)
w(165,9,1,34)
w(83,8,1,34)
w(328,7,1,34)
w(298,12,1,34)
r(196,15,1,34)
w(226,13,1,34)
r(144,0,1,34)
r(359,0,1,34)
r(300,20,1,34)
r(71,0,1,34)
w(172,13,1,34)
r(68,7,1,34)
w(193,7,1,35)
w(135,7,1,35)
w(301,11,1,35)
r(94,0,1,35)
w(293,12,1,35)
r(26,2,1,35)
r(120,1,1,35)
r(94,0,1,35)
r(60,0,1,35)
r(159,0,1,35)
w(85,3,1,35)
r(237,9,1,35)
r(337,0,1,35)
w(212,11,1,35)
r(240,0,1,35)
r(129,58,1,35)
r(343,0,1,35)
r(81,0,1,35)
w(83,9,1,35)
r(288,10,1,35)
r(54,0,1,36)
w(281,11,1,36)
w(282,14,1,36)
r(167,11,1,36)
w(296,9,1,36)
w(343,9,1,36)
w(154,10,1,36)
w(4,10,1,36)
r(8,10,1,36)
w(1,14,1,36)
r(247,0,1,36)
r(166,0,1,36)
r(40,0,1,36)
w(0,8,1,36)
r(134,0,1,36)
w(178,6,1,36)
r(197,0,1,36)
r(94,0,1,36)
w(36,10,1,36)
r(87,0,1,36)
r(212,11,1,37)
r(357,51,1,37)
r(322,0,1,37)
w(155,9,1,37)
r(346,0,1,37)
r(274,0,1,37)
w(126,9,1,37)
r(103,1,1,37)
w(201,17,1,37)
r(330,0,1,37)
r(95,14,1,37)
r(348,1,1,37)
w(163,11,1,37)
r(169,0,1,37)
w(258,11,1,37)
w(345,9,1,37)
r(146,5,1,37)
r(350,0,1,37)
r(185,0,1,37)
w(261,11,1,37)
w(329,9,1,38)
r(316,0,1,38)
r(141,2,1,38)
w(283,9,1,38)
r(341,47,1,38)
r(341,47,1,38)
w(251,11,1,38)
w(143,11,1,38)
r(124,1,1,38)
w(200,3,1,38)
w(252,9,1,38)
r(60,0,1,38)
r(204,0,1,38)
w(218,6,1,38)
w(184,10,1,38)
w(26,11,1,38)
r(233,1,1,38)
w(214,13,1,38)
r(77,18,1,38)
w(8,8,1,38)
w(234,16,1,39)
w(238,9,1,39)
w(163,12,1,39)
r(55,1,1,39)
w(194,12,1,39)
w(195,11,1,39)
r(72,0,1,39)
w(192,13,1,39)
r(353,6,1,39)
r(302,29,1,39)
r(249,0,1,39)
w(120,9,1,39)
w(115,9,1,39)
r(358,0,1,39)
w(232,5,1,39)
r(313,1,1,39)
r(280,40,1,39)
r(136,2,1,39)
r(204,1,1,39)
w(354,9,1,39)
r(161,1,1,40)
r(190,0,1,40)
r(109,2,1,40)
r(40,0,1,40)
r(76,41,1,40)
r(228,1,1,40)
w(230,6,1,40)
r(347,1,1,40)
r(95,14,1,40)
r(116,49,1,40)
w(316,10,1,40)
r(21,0,1,40)
w(121,14,1,40)
w(226,14,1,40)
r(150,24,1,40)
w(111,11,1,40)
w(266,7,1,40)
r(134,1,1,40)
w(303,12,1,40)
w(87,9,1,40)
w(70,12,1,41)
w(114,12,1,41)
r(231,33,1,41)
w(235,3,1,41)
w(9,11,1,41)
r(10,1,1,41)
w(40,5,1,41)
r(339,0,1,41)
w(350,14,1,41)
w(258,12,1,41)
r(70,12,1,41)
w(120,10,1,41)
r(118,2,1,41)
r(91,4,1,41)
w(51,9,1,41)
r(103,1,1,41)
w(109,12,1,41)
w(32,13,1,41)
w(351,9,1,41)
r(211,0,1,41)
w(127,8,1,42)
r(334,28,1,42)
w(155,10,1,42)
w(320,8,1,42)
w(225,9,1,42)
r(209,1,1,42)
w(223,10,1,42)
w(26,12,1,42)
r(134,1,1,42)
w(322,8,1,42)
w(346,9,1,42)
w(26,13,1,42)
w(97,6,1,42)
r(253,37,1,42)
r(121,14,1,42)
r(349,31,1,42)
r(42,0,1,42)
w(305,11,1,42)
r(158,0,1,42)
r(241,2,1,42)
r(2,51,1,43)
w(146,6,1,43)
r(66,0,1,43)
w(308,10,1,43)
w(179,9,1,43)
r(344,23,1,43)
r(351,9,1,43)
w(42,12,1,43)
w(199,8,1,43)
r(259,1,1,43)
r(36,10,1,43)
w(122,12,1,43)
r(280,40,1,43)
r(202,0,1,43)
w(159,6,1,43)
r(267,0,1,43)
w(72,9,1,43)
w(152,11,1,43)
w(162,14,1,43)
r(316,10,1,43)
r(255,0,1,44)
r(29,1,1,44)
r(205,45,1,44)
r(71,1,1,44)
w(188,7,1,44)
w(224,8,1,44)
w(221,8,1,44)
w(239,9,1,44)
w(142,11,1,44)
r(269,1,1,44)
r(18,34,1,44)
r(335,0,1,44)
r(261,2,1,44)
r(250,0,1,44)
w(178,7,1,44)
r(258,1,1,44)
r(44,12,1,44)
r(232,5,1,44)
w(103,10,1,44)
r(265,26,1,44)
r(300,50,1,45)
w(300,13,1,45)
w(213,9,1,45)
r(162,14,1,45)
r(355,7,1,45)
r(353,35,1,45)
w(105,11,1,45)
w(242,8,1,45)
r(267,0,1,45)
r(47,38,1,45)
w(4,11,1,45)
r(274,0,1,45)
w(177,12,1,45)
w(242,9,1,45)
w(156,13,1,45)
r(298,12,1,45)
r(9,11,1,45)
r(116,27,1,45)
r(232,5,1,45)
w(357,10,1,45)
w(183,6,1,46)
w(352,10,1,46)
r(108,38,1,46)
w(272,7,1,46)
w(61,6,1,46)
r(99,1,1,46)
r(288,1,1,46)
w(47,6,1,46)
w(169,6,1,46)
w(352,11,1,46)
r(94,0,1,46)
w(239,10,1,46)
r(133,14,1,46)
w(84,10,1,46)
w(5,7,1,46)
w(5,8,1,46)
w(93,6,1,46)
w(28,11,1,46)
w(27,8,1,46)
r(219,0,1,46)
w(217,11,1,47)
r(150,24,1,47)
r(30,1,1,47)
r(319,17,1,47)
r(231,20,1,47)
w(96,13,1,47)
w(97,7,1,47)
w(300,14,1,47)
r(118,22,1,47)
r(130,0,1,47)
r(21,0,1,47)
w(50,7,1,47)
w(143,12,1,47)
r(118,22,1,47)
r(194,24,1,47)
r(266,28,1,47)
r(126,27,1,47)
w(77,8,1,47)
w(254,12,1,47)
r(211,19,1,47)
w(122,13,1,48)
r(104,53,1,48)
w(161,10,1,48)
w(106,6,1,48)
w(111,12,1,48)
r(227,22,1,48)
w(158,9,1,48)
w(241,10,1,48)
r(238,9,1,48)
w(345,10,1,48)
w(206,9,1,48)
w(148,11,1,48)
w(37,11,1,48)
w(128,15,1,48)
r(140,1,1,48)
r(347,1,1,48)
w(216,14,1,48)
r(239,10,1,48)
r(254,12,1,48)
w(173,4,1,48)
w(159,7,1,49)
w(183,7,1,49)
r(253,20,1,49)
w(181,14,1,49)
r(136,30,1,49)
r(30,1,1,49)
w(180,8,1,49)
r(127,20,1,49)
w(312,9,1,49)
r(234,16,1,49)
w(251,12,1,49)
r(74,0,1,49)
w(78,10,1,49)
r(347,1,1,49)
r(358,31,1,49)
r(223,17,1,49)
r(313,2,1,49)
w(96,14,1,49)
w(329,10,1,49)
r(284,28,1,49)
r(66,36,1,50)
r(36,1,1,50)
w(244,9,1,50)
r(332,13,1,50)
r(141,18,1,50)
w(192,14,1,50)
w(93,7,1,50)
w(197,5,1,50)
w(219,5,1,50)
w(125,6,1,50)
r(192,14,1,50)
w(5,9,1,50)
w(62,10,1,50)
w(32,14,1,50)
w(5,10,1,50)
r(106,21,1,50)
w(249,5,1,50)
r(326,33,1,50)
w(218,7,1,50)
r(178,7,1,50)
r(282,2,1,51)
r(11,0,1,51)
r(98,2,1,51)
w(44,9,1,51)
r(281,38,1,51)
w(112,11,1,51)
r(8,11,1,51)
r(281,38,1,51)
w(299,14,1,51)
w(240,9,1,51)
w(276,8,1,51)
w(161,11,1,51)
w(21,10,1,51)
w(47,7,1,51)
r(257,41,1,51)
w(164,7,1,51)
r(195,11,1,51)
r(8,11,1,51)
r(305,1,1,51)
r(130,41,1,51)
w(174,10,1,52)
r(223,17,1,52)
w(156,14,1,52)
w(282,15,1,52)
w(79,9,1,52)
w(325,17,1,52)
r(148,29,1,52)
r(100,3,1,52)
r(144,29,1,52)
r(6,33,1,52)
r(294,16,1,52)
r(34,38,1,52)
w(182,10,1,52)
w(231,11,1,52)
w(13,11,1,52)
r(62,23,1,52)
r(163,23,1,52)
r(229,24,1,52)
w(123,12,1,52)
r(218,18,1,52)
w(81,12,1,53)
r(272,26,1,53)
w(85,4,1,53)
w(156,15,1,53)
r(282,15,1,53)
w(100,11,1,53)
r(14,33,1,53)
w(314,11,1,53)
w(184,11,1,53)
w(60,13,1,53)
r(226,24,1,53)
r(120,20,1,53)
r(31,1,1,53)
r(278,25,1,53)
w(197,6,1,53)
w(117,9,1,53)
w(99,12,1,53)
w(203,10,1,53)
w(236,9,1,53)
r(4,1,1,53)
r(55,30,1,54)
w(92,8,1,54)
r(237,23,1,54)
r(78,30,1,54)
r(20,25,1,54)
w(211,7,1,54)
w(73,7,1,54)
r(251,29,1,54)
w(183,8,1,54)
r(112,30,1,54)
w(291,11,1,54)
r(294,16,1,54)
r(203,10,1,54)
w(299,15,1,54)
r(263,2,1,54)
w(14,12,1,54)
w(25,5,1,54)
w(287,6,1,54)
w(207,6,1,54)
w(67,10,1,54)
w(12,12,1,55)
w(218,8,1,55)
r(66,37,1,55)
r(90,30,1,55)
w(323,13,1,55)
r(175,34,1,55)
r(156,15,1,55)
w(344,9,1,55)
r(20,25,1,55)
w(355,8,1,55)
w(164,8,1,55)
r(93,15,1,55)
r(245,0,1,55)
r(290,27,1,55)
r(306,27,1,55)
w(22,11,1,55)
r(92,8,1,55)
w(94,13,1,55)
w(34,10,1,55)
r(199,18,1,55)
r(275,31,1,56)
w(216,15,1,56)
w(231,12,1,56)
w(100,12,1,56)
w(238,10,1,56)
w(19,10,1,56)
w(128,16,1,56)
r(10,1,1,56)
r(323,13,1,56)
r(36,1,1,56)
w(29,7,1,56)
w(327,9,1,56)
w(199,9,1,56)
w(326,11,1,56)
w(117,10,1,56)
r(10,1,1,56)
w(266,8,1,56)
w(211,8,1,56)
w(51,10,1,56)
r(238,10,1,56)
w(23,12,1,57)
w(97,8,1,57)
w(243,11,1,57)
r(257,19,1,57)
r(259,17,1,57)
w(260,7,1,57)
r(142,20,1,57)
r(195,34,1,57)
r(85,32,1,57)
w(69,10,1,57)
w(161,12,1,57)
w(200,4,1,57)
r(63,13,1,57)
w(297,9,1,57)
w(217,12,1,57)
w(34,11,1,57)
w(202,12,1,57)
r(186,12,1,57)
r(322,23,1,57)
w(203,11,1,57)
w(56,8,1,58)
w(355,9,1,58)
r(269,1,1,58)
w(34,12,1,58)
w(204,9,1,58)
w(152,12,1,58)
w(210,9,1,58)
w(41,9,1,58)
w(146,7,1,58)
w(101,10,1,58)
r(16,1,1,58)
r(155,10,1,58)
w(253,8,1,58)
w(355,10,1,58)
r(72,27,1,58)
r(31,1,1,58)
w(251,13,1,58)
r(17,36,1,58)
r(307,20,1,58)
w(139,9,1,58)
r(352,52,1,59)
w(174,11,1,59)
r(187,40,1,59)
r(208,33,1,59)
r(278,48,1,59)
r(98,27,1,59)
r(146,7,1,59)
w(233,10,1,59)
r(63,13,1,59)
w(90,11,1,59)
r(23,29,1,59)
w(0,9,1,59)
w(261,12,1,59)
r(335,30,1,59)
r(194,41,1,59)
r(71,44,1,59)
w(295,19,1,59)
r(49,49,1,59)
r(145,31,1,59)
w(68,8,1,59)
r(131,5,2,60)
w(199,17,2,60)
w(315,22,2,60)
w(4,17,2,60)
r(99,0,2,60)
r(95,0,2,60)
w(8,10,2,60)
w(95,14,2,60)
r(317,0,2,60)
w(18,14,2,60)
w(44,12,2,60)
w(165,23,2,60)
r(143,0,2,60)
r(252,0,2,60)
r(254,0,2,60)
w(172,22,2,60)
w(196,19,2,60)
r(201,1,2,60)
r(13,0,2,60)
r(179,0,2,60)
r(283,0,2,61)
w(102,20,2,61)
w(97,15,2,61)
r(232,0,2,61)
w(344,23,2,61)
r(62,0,2,61)
r(344,23,2,61)
w(89,16,2,61)
r(273,0,2,61)
w(300,20,2,61)
w(154,22,2,61)
w(314,18,2,61)
r(298,0,2,61)
w(262,16,2,61)
r(234,1,2,61)
r(293,0,2,61)
r(340,0,2,61)
r(20,6,2,61)
w(167,11,2,61)
w(70,20,2,61)
w(200,18,2,62)
w(286,19,2,62)
r(309,26,2,62)
w(108,17,2,62)
r(48,1,2,62)
w(317,22,2,62)
w(70,21,2,62)
r(256,1,2,62)
w(191,19,2,62)
r(331,2,2,62)
w(201,22,2,62)
w(167,12,2,62)
r(264,1,2,62)
w(319,17,2,62)
r(41,0,2,62)
w(341,17,2,62)
w(272,14,2,62)
r(239,0,2,62)
r(172,55,2,62)
r(308,1,2,62)
r(292,0,2,63)
w(273,20,2,63)
w(39,24,2,63)
w(173,13,2,63)
r(341,17,2,63)
w(57,11,2,63)
r(207,0,2,63)
r(218,6,2,63)
w(15,10,2,63)
w(23,20,2,63)
r(47,0,2,63)
w(127,19,2,63)
r(202,0,2,63)
w(289,14,2,63)
w(264,15,2,63)
w(20,15,2,63)
w(264,16,2,63)
w(75,19,2,63)
r(265,26,2,63)
r(178,6,2,63)
r(73,21,2,64)
r(64,44,2,64)
w(332,13,2,64)
w(248,19,2,64)
r(329,1,2,64)
r(93,0,2,64)
w(338,18,2,64)
w(153,23,2,64)
w(84,17,2,64)
r(51,9,2,64)
w(103,17,2,64)
w(125,17,2,64)
w(61,12,2,64)
w(133,14,2,64)
w(178,21,2,64)
r(230,6,2,64)
w(119,16,2,64)
w(295,26,2,64)
w(7,11,2,64)
r(325,16,2,64)
r(159,6,2,65)
w(33,14,2,65)
w(216,22,2,65)
w(35,16,2,65)
r(141,2,2,65)
r(276,29,2,65)
w(209,12,2,65)
r(62,4,2,65)
w(335,13,2,65)
r(49,1,2,65)
w(91,23,2,65)
w(145,23,2,65)
w(127,20,2,65)
w(273,21,2,65)
r(216,22,2,65)
r(170,43,2,65)
w(323,25,2,65)
w(95,15,2,65)
r(64,44,2,65)
r(228,1,2,65)
w(308,20,2,66)
w(217,23,2,66)
r(286,19,2,66)
r(211,0,2,66)
r(93,46,2,66)
r(223,10,2,66)
w(191,20,2,66)
r(57,11,2,66)
r(92,2,2,66)
w(194,24,2,66)
r(167,38,2,66)
w(34,21,2,66)
w(231,18,2,66)
r(318,2,2,66)
w(290,19,2,66)
r(230,6,2,66)
w(303,25,2,66)
w(228,17,2,66)
w(75,20,2,66)
r(317,22,2,66)
r(298,12,2,67)
r(108,38,2,67)
w(231,19,2,67)
w(231,20,2,67)
w(38,15,2,67)
r(191,20,2,67)
r(332,13,2,67)
r(84,10,2,67)
w(223,17,2,67)
r(200,39,2,67)
r(69,0,2,67)
w(357,21,2,67)
w(251,17,2,67)
w(8,11,2,67)
r(238,9,2,67)
w(258,21,2,67)
w(206,22,2,67)
r(139,28,2,67)
r(167,38,2,67)
w(163,22,2,67)
w(13,22,2,68)
w(172,23,2,68)
w(115,17,2,68)
w(236,22,2,68)
r(155,10,2,68)
w(83,16,2,68)
r(62,4,2,68)
r(318,2,2,68)
r(288,1,2,68)
w(121,23,2,68)
w(340,15,2,68)
w(152,21,2,68)
r(84,10,2,68)
r(281,37,2,68)
r(189,47,2,68)
w(309,12,2,68)
r(222,1,2,68)
r(248,19,2,68)
w(253,20,2,68)
r(1,2,2,68)
w(229,12,2,69)
w(116,14,2,69)
w(134,20,2,69)
r(256,1,2,69)
w(186,12,2,69)
w(160,21,2,69)
r(306,27,2,69)
r(341,27,2,69)
r(215,7,2,69)
r(156,13,2,69)
w(308,21,2,69)
r(92,34,2,69)
r(349,32,2,69)
w(297,17,2,69)
w(170,19,2,69)
w(226,24,2,69)
w(229,13,2,69)
r(126,27,2,69)
r(133,14,2,69)
w(133,15,2,69)
w(141,18,2,70)
r(117,0,2,70)
w(112,18,2,70)
r(194,24,2,70)
w(79,17,2,70)
r(220,2,2,70)
r(73,28,2,70)
r(128,15,2,70)
w(179,15,2,70)
w(342,21,2,70)
r(187,39,2,70)
w(135,13,2,70)
w(196,20,2,70)
w(112,19,2,70)
w(131,15,2,70)
r(140,1,2,70)
w(320,21,2,70)
r(68,7,2,70)
r(23,20,2,70)
r(250,0,2,70)
r(126,27,2,71)
w(210,22,2,71)
w(54,21,2,71)
r(309,12,2,71)
w(27,15,2,71)
w(104,20,2,71)
w(84,18,2,71)
r(279,34,2,71)
w(280,11,2,71)
w(179,16,2,71)
r(182,1,2,71)
r(211,33,2,71)
r(183,7,2,71)
r(286,19,2,71)
w(97,16,2,71)
w(321,8,2,71)
w(77,14,2,71)
w(274,10,2,71)
w(110,13,2,71)
r(215,7,2,71)
w(218,18,2,72)
r(130,41,2,72)
r(292,24,2,72)
r(156,33,2,72)
w(84,19,2,72)
r(181,14,2,72)
r(23,20,2,72)
w(53,16,2,72)
w(219,15,2,72)
w(147,13,2,72)
w(235,7,2,72)
w(335,14,2,72)
w(334,17,2,72)
r(263,2,2,72)
r(220,2,2,72)
w(259,17,2,72)
w(108,18,2,72)
w(308,22,2,72)
r(31,1,2,72)
r(177,12,2,72)
w(170,20,2,73)
r(69,35,2,73)
r(173,4,2,73)
r(3,22,2,73)
r(191,28,2,73)
w(64,19,2,73)
w(206,23,2,73)
r(235,7,2,73)
r(295,26,2,73)
r(5,10,2,73)
w(79,18,2,73)
w(21,16,2,73)
r(43,27,2,73)
r(358,39,2,73)
r(341,1,2,73)
w(37,23,2,73)
w(64,20,2,73)
w(142,19,2,73)
w(227,14,2,73)
r(92,42,2,73)
w(39,25,2,74)
r(290,2,2,74)
w(316,17,2,74)
r(340,15,2,74)
w(174,26,2,74)
w(151,15,2,74)
w(182,20,2,74)
r(178,7,2,74)
w(311,21,2,74)
w(138,15,2,74)
w(292,13,2,74)
r(125,24,2,74)
r(81,47,2,74)
w(320,22,2,74)
w(324,8,2,74)
w(278,25,2,74)
w(323,26,2,74)
w(199,18,2,74)
r(113,40,2,74)
r(139,28,2,74)
r(356,25,2,75)
r(356,25,2,75)
w(302,21,2,75)
r(296,45,2,75)
w(129,19,2,75)
r(93,7,2,75)
r(292,13,2,75)
w(344,24,2,75)
r(295,26,2,75)
r(321,8,2,75)
r(48,1,2,75)
r(326,23,2,75)
w(129,20,2,75)
r(70,1,2,75)
r(246,29,2,75)
r(132,25,2,75)
w(203,20,2,75)
r(230,6,2,75)
r(331,37,2,75)
w(179,17,2,75)
w(114,24,2,76)
r(152,44,2,76)
w(75,21,2,76)
w(146,17,2,76)
w(109,22,2,76)
w(93,15,2,76)
r(52,28,2,76)
r(346,9,2,76)
r(59,27,2,76)
r(286,19,2,76)
r(6,33,2,76)
w(85,9,2,76)
w(215,17,2,76)
r(346,9,2,76)
r(217,11,2,76)
w(113,14,2,76)
r(337,31,2,76)
w(334,18,2,76)
w(63,13,2,76)
r(192,14,2,76)
w(348,16,2,77)
w(235,8,2,77)
r(274,10,2,77)
r(244,9,2,77)
r(206,23,2,77)
r(311,21,2,77)
w(179,18,2,77)
w(188,17,2,77)
w(21,17,2,77)
r(133,15,2,77)
r(276,8,2,77)
r(31,1,2,77)
r(81,47,2,77)
r(323,26,2,77)
w(167,13,2,77)
r(254,36,2,77)
w(7,12,2,77)
r(145,31,2,77)
r(183,7,2,77)
w(163,23,2,77)
r(277,24,2,78)
r(35,29,2,78)
r(116,14,2,78)
r(35,29,2,78)
r(8,31,2,78)
r(34,38,2,78)
r(66,37,2,78)
r(139,28,2,78)
r(13,45,2,78)
w(26,24,2,78)
w(89,17,2,78)
r(159,26,2,78)
w(214,23,2,78)
w(129,21,2,78)
r(241,57,2,78)
r(108,18,2,78)
w(287,10,2,78)
w(30,22,2,78)
w(207,15,2,78)
w(242,13,2,78)
r(143,39,2,79)
w(257,19,2,79)
r(191,28,2,79)
w(240,13,2,79)
r(135,13,2,79)
r(121,23,2,79)
r(111,12,2,79)
r(82,25,2,79)
w(123,18,2,79)
r(160,21,2,79)
r(109,22,2,79)
r(57,1,2,79)
w(293,21,2,79)
w(46,12,2,79)
w(341,18,2,79)
r(133,15,2,79)
r(133,15,2,79)
r(297,31,2,79)
r(83,33,2,79)
w(96,20,2,79)
r(190,19,2,80)
w(157,17,2,80)
w(204,20,2,80)
w(243,17,2,80)
r(114,24,2,80)
r(229,49,2,80)
r(263,2,2,80)
w(142,20,2,80)
r(168,40,2,80)
w(18,15,2,80)
r(162,14,2,80)
r(117,9,2,80)
r(347,27,2,80)
r(264,36,2,80)
w(303,26,2,80)
w(159,15,2,80)
w(248,20,2,80)
w(82,14,2,80)
r(119,22,2,80)
r(319,17,2,80)
r(50,24,2,81)
r(33,33,2,81)
r(197,36,2,81)
w(84,20,2,81)
w(117,14,2,81)
w(327,14,2,81)
r(176,47,2,81)
w(263,18,2,81)
r(320,22,2,81)
r(285,43,2,81)
r(347,27,2,81)
r(169,25,2,81)
w(65,13,2,81)
r(62,23,2,81)
w(297,18,2,81)
w(123,19,2,81)
r(171,35,2,81)
w(69,19,2,81)
w(122,25,2,81)
w(178,22,2,81)
r(306,27,2,82)
w(33,15,2,82)
r(342,45,2,82)
r(222,31,2,82)
r(336,32,2,82)
w(234,19,2,82)
r(89,17,2,82)
w(357,22,2,82)
r(113,41,2,82)
r(24,2,2,82)
r(95,29,2,82)
r(328,1,2,82)
r(280,11,2,82)
w(229,14,2,82)
w(258,22,2,82)
r(316,17,2,82)
r(43,28,2,82)
w(131,16,2,82)
w(207,16,2,82)
w(99,23,2,82)
r(300,14,2,83)
w(295,27,2,83)
w(311,22,2,83)
r(346,9,2,83)
r(207,16,2,83)
r(354,30,2,83)
r(17,20,2,83)
w(36,17,2,83)
r(330,20,2,83)
r(49,49,2,83)
w(176,8,2,83)
r(357,22,2,83)
r(151,15,2,83)
w(43,16,2,83)
w(74,18,2,83)
r(320,22,2,83)
w(166,14,2,83)
w(116,15,2,83)
w(357,23,2,83)
w(46,13,2,83)
w(123,20,2,84)
r(34,12,2,84)
r(240,13,2,84)
w(81,18,2,84)
r(180,21,2,84)
r(280,11,2,84)
w(306,18,2,84)
r(177,42,2,84)
r(308,29,2,84)
r(42,33,2,84)
w(176,9,2,84)
w(323,27,2,84)
w(296,22,2,84)
r(110,13,2,84)
w(245,13,2,84)
r(329,34,2,84)
w(298,19,2,84)
w(119,17,2,84)
w(137,17,2,84)
w(301,21,2,84)
w(241,23,2,85)
r(329,34,2,85)
r(342,45,2,85)
r(52,28,2,85)
r(141,18,2,85)
r(343,33,2,85)
r(138,15,2,85)
w(288,18,2,85)
r(53,26,2,85)
w(245,14,2,85)
r(5,10,2,85)
r(129,61,2,85)
w(258,23,2,85)
w(154,23,2,85)
w(101,21,2,85)
w(89,18,2,85)
r(357,23,2,85)
w(324,9,2,85)
w(201,23,2,85)
r(114,24,2,85)
r(98,27,2,86)
r(49,49,2,86)
w(18,16,2,86)
r(18,16,2,86)
r(293,21,2,86)
w(274,11,2,86)
r(345,28,2,86)
r(229,50,2,86)
w(287,11,2,86)
r(314,30,2,86)
r(207,16,2,86)
w(232,14,2,86)
w(255,19,2,86)
r(315,1,2,86)
r(156,15,2,86)
w(85,10,2,86)
w(344,25,2,86)
r(182,28,2,86)
r(226,24,2,86)
w(114,25,2,86)
r(41,9,2,87)
r(144,29,2,87)
w(102,21,2,87)
w(214,24,2,87)
w(5,17,2,87)
w(338,19,2,87)
w(55,19,2,87)
w(36,18,2,87)
w(336,20,2,87)
w(358,13,2,87)
r(3,22,2,87)
w(96,21,2,87)
w(11,12,2,87)
r(45,30,2,87)
r(99,23,2,87)
r(52,28,2,87)
r(345,28,2,87)
r(159,15,2,87)
r(244,9,2,87)
r(20,25,2,87)
w(333,17,2,88)
w(45,16,2,88)
r(255,19,2,88)
w(247,15,2,88)
w(157,18,2,88)
r(221,8,2,88)
w(351,15,2,88)
r(104,55,2,88)
r(115,1,2,88)
w(47,17,2,88)
w(95,16,2,88)
r(269,1,2,88)
w(346,17,2,88)
r(78,30,2,88)
w(288,19,2,88)
r(108,18,2,88)
r(184,11,2,88)
w(231,21,2,88)
w(7,13,2,88)
r(38,24,2,88)
w(152,22,2,89)
w(229,15,2,89)
r(65,40,2,89)
r(48,1,2,89)
r(352,33,2,89)
r(202,12,2,89)
w(198,9,2,89)
r(153,23,2,89)
w(50,16,2,89)
w(41,15,2,89)
r(89,18,2,89)
r(178,22,2,89)
w(187,18,2,89)
r(223,17,2,89)
w(263,19,2,89)
r(153,23,2,89)
w(247,16,2,89)
w(320,23,2,89)
w(177,22,2,89)
w(272,15,2,89)
r(319,1,3,90)
w(75,28,3,90)
r(33,0,3,90)
w(77,18,3,90)
r(156,53,3,90)
r(288,1,3,90)
r(307,30,3,90)
r(270,8,3,90)
r(73,0,3,90)
w(320,30,3,90)
w(289,22,3,90)
r(26,52,3,90)
r(144,0,3,90)
w(229,23,3,90)
r(285,0,3,90)
w(105,24,3,90)
w(265,25,3,90)
w(242,16,3,90)
w(318,26,3,90)
w(294,16,3,90)
r(104,8,3,91)
r(72,0,3,91)
r(198,0,3,91)
w(302,29,3,91)
w(169,16,3,91)
r(178,6,3,91)
w(306,27,3,91)
w(150,24,3,91)
w(265,26,3,91)
r(7,0,3,91)
r(202,0,3,91)
w(231,33,3,91)
r(288,1,3,91)
r(206,47,3,91)
w(284,28,3,91)
r(61,0,3,91)
w(124,32,3,91)
w(76,19,3,91)
r(295,47,3,91)
r(132,42,3,91)
r(306,27,3,92)
w(307,20,3,92)
r(108,53,3,92)
w(180,20,3,92)
w(4,28,3,92)
w(185,25,3,92)
w(72,25,3,92)
w(246,29,3,92)
r(275,1,3,92)
w(55,30,3,92)
w(334,28,3,92)
w(125,22,3,92)
w(342,30,3,92)
w(165,28,3,92)
r(127,19,3,92)
w(172,35,3,92)
r(125,22,3,92)
r(159,1,3,92)
w(297,27,3,92)
r(211,0,3,92)
w(75,29,3,93)
r(255,0,3,93)
w(14,22,3,93)
r(131,5,3,93)
r(222,1,3,93)
w(73,21,3,93)
w(52,26,3,93)
r(151,0,3,93)
r(128,1,3,93)
w(116,27,3,93)
w(147,20,3,93)
r(283,9,3,93)
r(287,1,3,93)
r(331,37,3,93)
r(120,10,3,93)
w(4,29,3,93)
w(322,23,3,93)
r(299,0,3,93)
w(235,18,3,93)
r(79,40,3,93)
r(212,11,3,94)
r(175,55,3,94)
r(333,1,3,94)
r(169,16,3,94)
w(190,19,3,94)
r(59,0,3,94)
w(325,33,3,94)
w(35,27,3,94)
r(143,38,3,94)
w(34,30,3,94)
w(60,28,3,94)
r(169,16,3,94)
r(8,8,3,94)
r(296,9,3,94)
r(210,44,3,94)
r(307,20,3,94)
r(15,10,3,94)
w(118,22,3,94)
r(103,17,3,94)
w(84,26,3,94)
r(81,0,3,95)
w(90,30,3,95)
r(278,3,3,95)
w(101,28,3,95)
r(142,11,3,95)
r(90,30,3,95)
w(335,21,3,95)
r(94,0,3,95)
w(313,23,3,95)
r(62,4,3,95)
w(4,30,3,95)
w(354,30,3,95)
w(31,32,3,95)
w(218,27,3,95)
w(243,30,3,95)
r(283,9,3,95)
r(329,1,3,95)
w(279,16,3,95)
w(292,24,3,95)
w(341,27,3,95)
r(346,9,3,96)
r(156,13,3,96)
r(309,26,3,96)
w(132,25,3,96)
w(313,24,3,96)
r(2,51,3,96)
w(52,27,3,96)
r(137,0,3,96)
w(98,23,3,96)
w(192,33,3,96)
w(266,28,3,96)
w(325,34,3,96)
r(180,20,3,96)
r(51,9,3,96)
r(315,1,3,96)
r(345,1,3,96)
r(225,9,3,96)
r(269,1,3,96)
r(234,16,3,96)
r(297,27,3,96)
r(23,20,3,97)
w(356,25,3,97)
r(37,1,3,97)
r(124,32,3,97)
w(116,28,3,97)
w(212,26,3,97)
r(214,1,3,97)
w(174,32,3,97)
r(31,32,3,97)
r(101,28,3,97)
w(211,19,3,97)
r(352,11,3,97)
r(245,0,3,97)
w(49,30,3,97)
r(293,12,3,97)
w(349,21,3,97)
w(143,23,3,97)
r(57,11,3,97)
r(208,0,3,97)
r(83,9,3,97)
w(337,30,3,98)
r(241,2,3,98)
w(227,22,3,98)
w(81,29,3,98)
r(21,0,3,98)
w(21,24,3,98)
r(355,7,3,98)
r(205,45,3,98)
w(3,22,3,98)
r(334,28,3,98)
w(291,22,3,98)
r(252,9,3,98)
w(205,22,3,98)
w(95,23,3,98)
w(325,35,3,98)
r(187,39,3,98)
r(208,0,3,98)
w(160,31,3,98)
r(93,6,3,98)
w(113,23,3,98)
w(140,29,3,99)
r(55,30,3,99)
r(70,1,3,99)
r(340,15,3,99)
w(290,26,3,99)
w(244,25,3,99)
w(308,28,3,99)
r(56,2,3,99)
r(116,14,3,99)
r(234,16,3,99)
w(231,34,3,99)
w(50,23,3,99)
w(270,29,3,99)
r(27,2,3,99)
r(359,0,3,99)
w(71,33,3,99)
r(276,29,3,99)
r(211,19,3,99)
w(106,21,3,99)
w(251,29,3,99)
w(241,34,3,100)
r(357,21,3,100)
w(31,33,3,100)
w(353,26,3,100)
r(345,10,3,100)
r(193,31,3,100)
w(144,29,3,100)
w(229,24,3,100)
r(312,9,3,100)
r(354,30,3,100)
w(94,22,3,100)
r(190,19,3,100)
w(6,20,3,100)
r(106,21,3,100)
w(156,33,3,100)
w(253,33,3,100)
w(283,30,3,100)
w(47,32,3,100)
r(159,7,3,100)
r(231,34,3,100)
r(42,12,3,101)
r(259,3,3,101)
w(129,30,3,101)
w(343,19,3,101)
w(31,34,3,101)
r(191,28,3,101)
r(101,28,3,101)
r(104,54,3,101)
w(161,33,3,101)
r(244,25,3,101)
r(164,0,3,101)
w(35,28,3,101)
w(200,26,3,101)
w(259,24,3,101)
r(231,34,3,101)
w(225,28,3,101)
r(167,38,3,101)
w(272,26,3,101)
r(321,1,3,101)
w(233,27,3,101)
w(228,25,3,102)
r(112,38,3,102)
r(80,39,3,102)
r(107,31,3,102)
w(337,31,3,102)
w(74,25,3,102)
r(72,34,3,102)
w(25,23,3,102)
r(135,13,3,102)
w(82,23,3,102)
w(18,25,3,102)
w(196,25,3,102)
r(236,22,3,102)
w(345,19,3,102)
w(100,26,3,102)
w(163,31,3,102)
w(161,34,3,102)
r(196,25,3,102)
w(291,23,3,102)
w(274,22,3,102)
r(8,11,3,103)
r(189,47,3,103)
w(358,21,3,103)
w(82,24,3,103)
w(158,25,3,103)
r(246,29,3,103)
w(296,30,3,103)
r(192,33,3,103)
w(59,27,3,103)
r(168,40,3,103)
w(357,33,3,103)
r(320,21,3,103)
r(24,2,3,103)
r(348,28,3,103)
w(296,31,3,103)
w(20,25,3,103)
r(335,13,3,103)
r(190,19,3,103)
w(280,19,3,103)
w(119,22,3,103)
w(259,25,3,104)
r(190,19,3,104)
w(278,35,3,104)
r(254,36,3,104)
w(44,23,3,104)
w(148,29,3,104)
r(229,24,3,104)
w(198,19,3,104)
w(316,23,3,104)
w(65,20,3,104)
w(114,37,3,104)
r(339,0,3,104)
w(145,31,3,104)
w(43,27,3,104)
r(190,19,3,104)
r(40,5,3,104)
w(163,32,3,104)
r(201,3,3,104)
r(197,5,3,104)
r(305,1,3,104)
w(82,25,3,105)
r(314,37,3,105)
r(141,18,3,105)
w(15,20,3,105)
r(115,1,3,105)
w(77,19,3,105)
w(120,19,3,105)
r(301,3,3,105)
w(52,28,3,105)
w(51,26,3,105)
w(45,28,3,105)
w(125,23,3,105)
r(72,34,3,105)
w(37,29,3,105)
w(102,28,3,105)
r(214,2,3,105)
r(70,1,3,105)
w(125,24,3,105)
r(275,1,3,105)
w(196,26,3,105)
r(144,29,3,106)
w(318,27,3,106)
w(43,28,3,106)
r(338,18,3,106)
r(26,13,3,106)
r(58,2,3,106)
w(273,30,3,106)
w(72,26,3,106)
w(80,22,3,106)
w(330,20,3,106)
w(120,20,3,106)
w(9,27,3,106)
r(176,47,3,106)
w(104,31,3,106)
r(46,1,3,106)
r(227,14,3,106)
w(130,25,3,106)
w(129,31,3,106)
w(42,33,3,106)
w(326,23,3,106)
w(203,29,3,107)
r(123,1,3,107)
r(205,1,3,107)
w(189,29,3,107)
w(275,31,3,107)
w(96,29,3,107)
w(347,27,3,107)
r(190,19,3,107)
w(312,26,3,107)
r(144,29,3,107)
r(141,18,3,107)
r(33,33,3,107)
w(45,29,3,107)
w(290,27,3,107)
r(126,27,3,107)
w(180,21,3,107)
r(44,23,3,107)
r(120,20,3,107)
r(102,28,3,107)
w(249,20,3,107)
r(275,31,3,108)
r(168,40,3,108)
w(51,27,3,108)
w(261,28,3,108)
r(17,36,3,108)
w(210,29,3,108)
w(35,29,3,108)
w(281,32,3,108)
r(124,32,3,108)
r(281,32,3,108)
r(340,15,3,108)
r(133,15,3,108)
r(91,23,3,108)
w(242,17,3,108)
r(336,38,3,108)
w(277,24,3,108)
w(74,26,3,108)
r(341,1,3,108)
r(280,11,3,108)
w(62,23,3,108)
r(194,24,3,109)
r(38,15,3,109)
w(45,30,3,109)
r(306,27,3,109)
w(159,26,3,109)
r(15,20,3,109)
r(115,1,3,109)
r(85,9,3,109)
w(201,31,3,109)
r(291,23,3,109)
w(210,30,3,109)
w(132,26,3,109)
r(225,28,3,109)
r(214,2,3,109)
w(265,27,3,109)
r(229,24,3,109)
w(270,30,3,109)
r(146,17,3,109)
w(72,27,3,109)
r(23,20,3,109)
w(64,27,3,110)
r(157,1,3,110)
w(94,23,3,110)
r(190,19,3,110)
r(148,29,3,110)
r(132,26,3,110)
r(236,44,3,110)
r(274,10,3,110)
w(250,26,3,110)
r(103,28,3,110)
w(308,29,3,110)
r(183,7,3,110)
w(112,30,3,110)
r(153,23,3,110)
r(72,27,3,110)
w(35,30,3,110)
w(214,34,3,110)
w(237,23,3,110)
r(359,0,3,110)
r(38,15,3,110)
w(124,33,3,111)
w(323,35,3,111)
r(233,27,3,111)
w(121,30,3,111)
r(68,7,3,111)
w(215,25,3,111)
r(29,1,3,111)
r(155,10,3,111)
w(231,35,3,111)
w(313,25,3,111)
w(148,30,3,111)
w(339,23,3,111)
w(261,29,3,111)
w(305,21,3,111)
w(345,20,3,111)
r(295,26,3,111)
r(284,28,3,111)
w(54,30,3,111)
w(175,34,3,111)
r(111,12,3,111)
r(53,16,3,112)
w(122,32,3,112)
r(208,33,3,112)
r(147,13,3,112)
w(182,27,3,112)
w(51,28,3,112)
r(109,22,3,112)
r(8,31,3,112)
r(302,21,3,112)
r(280,11,3,112)
w(337,32,3,112)
r(55,30,3,112)
r(237,23,3,112)
w(130,26,3,112)
w(53,26,3,112)
r(244,9,3,112)
r(201,31,3,112)
w(50,24,3,112)
w(147,21,3,112)
r(303,26,3,112)
w(311,33,3,113)
r(249,20,3,113)
r(276,8,3,113)
r(161,11,3,113)
r(138,15,3,113)
r(54,30,3,113)
r(64,27,3,113)
r(197,6,3,113)
r(246,29,3,113)
r(92,8,3,113)
r(148,30,3,113)
r(21,17,3,113)
w(182,28,3,113)
w(266,29,3,113)
w(157,26,3,113)
w(220,27,3,113)
r(2,51,3,113)
r(321,8,3,113)
w(215,26,3,113)
r(53,26,3,113)
w(102,29,3,114)
r(314,30,3,114)
w(323,36,3,114)
r(293,21,3,114)
r(209,12,3,114)
w(117,25,3,114)
w(74,27,3,114)
r(14,34,3,114)
r(334,18,3,114)
r(204,20,3,114)
w(229,25,3,114)
r(145,31,3,114)
r(101,28,3,114)
w(288,33,3,114)
r(185,46,3,114)
w(131,31,3,114)
w(23,29,3,114)
w(160,32,3,114)
w(9,28,3,114)
r(8,31,3,114)
r(298,12,3,115)
r(158,25,3,115)
w(152,27,3,115)
r(174,10,3,115)
r(14,34,3,115)
w(319,26,3,115)
w(16,31,3,115)
w(135,23,3,115)
w(17,20,3,115)
w(313,26,3,115)
r(188,27,3,115)
w(66,30,3,115)
w(54,31,3,115)
r(188,27,3,115)
w(102,30,3,115)
r(284,28,3,115)
r(210,9,3,115)
w(224,22,3,115)
r(210,9,3,115)
r(1,34,3,115)
r(107,31,3,116)
r(295,27,3,116)
w(51,29,3,116)
r(66,30,3,116)
w(1,25,3,116)
r(302,21,3,116)
r(110,13,3,116)
w(21,25,3,116)
r(185,46,3,116)
r(340,15,3,116)
w(353,27,3,116)
w(26,34,3,116)
r(351,9,3,116)
w(38,24,3,116)
w(105,25,3,116)
w(103,20,3,116)
r(137,1,3,116)
w(29,21,3,116)
w(179,24,3,116)
r(299,15,3,116)
r(233,10,3,117)
r(124,45,3,117)
w(11,25,3,117)
r(146,7,3,117)
r(150,45,3,117)
r(323,27,3,117)
w(301,25,3,117)
r(9,28,3,117)
r(56,8,3,117)
r(96,20,3,117)
r(306,18,3,117)
w(352,33,3,117)
r(155,10,3,117)
w(66,31,3,117)
w(349,22,3,117)
w(137,23,3,117)
r(232,5,3,117)
r(265,27,3,117)
r(106,21,3,117)
w(280,20,3,117)
w(195,27,3,118)
w(284,29,3,118)
r(134,46,3,118)
r(168,40,3,118)
w(343,20,3,118)
w(235,19,3,118)
w(168,23,3,118)
w(27,25,3,118)
r(30,22,3,118)
w(337,33,3,118)
w(9,29,3,118)
r(42,33,3,118)
w(116,29,3,118)
w(75,30,3,118)
w(143,24,3,118)
r(258,23,3,118)
r(167,39,3,118)
w(177,33,3,118)
w(358,22,3,118)
w(68,24,3,118)
w(213,28,3,119)
r(151,15,3,119)
r(223,17,3,119)
r(32,14,3,119)
w(91,31,3,119)
w(96,30,3,119)
w(230,17,3,119)
w(92,26,3,119)
r(12,12,3,119)
r(30,22,3,119)
w(178,30,3,119)
w(358,23,3,119)
w(150,25,3,119)
w(184,31,3,119)
r(219,15,3,119)
w(55,31,3,119)
w(5,29,3,119)
r(106,29,3,119)
r(324,9,3,119)
r(307,20,3,119)
w(28,27,4,120)
w(253,37,4,120)
r(192,13,4,120)
w(331,37,4,120)
r(15,10,4,120)
w(163,40,4,120)
r(63,39,4,120)
w(290,37,4,120)
r(273,20,4,120)
w(257,32,4,120)
w(35,40,4,120)
r(154,10,4,120)
w(332,31,4,120)
r(322,0,4,120)
r(4,10,4,120)
r(225,1,4,120)
r(60,0,4,120)
w(341,37,4,120)
r(240,0,4,120)
w(3,30,4,120)
r(202,0,4,121)
w(88,45,4,121)
w(142,35,4,121)
w(136,30,4,121)
w(126,27,4,121)
r(325,16,4,121)
w(139,28,4,121)
r(167,12,4,121)
w(276,29,4,121)
w(18,34,4,121)
w(349,31,4,121)
r(345,1,4,121)
w(207,35,4,121)
r(335,0,4,121)
r(66,0,4,121)
r(202,0,4,121)
w(47,38,4,121)
w(323,40,4,121)
r(23,20,4,121)
w(13,38,4,121)
w(92,33,4,122)
w(156,42,4,122)
w(114,40,4,122)
r(275,1,4,122)
r(233,2,4,122)
w(3,31,4,122)
r(137,0,4,122)
w(213,45,4,122)
w(149,32,4,122)
w(108,38,4,122)
r(329,1,4,122)
r(166,41,4,122)
r(63,39,4,122)
r(165,28,4,122)
w(353,35,4,122)
r(2,51,4,122)
r(223,10,4,122)
w(310,32,4,122)
w(118,33,4,122)
r(158,0,4,122)
r(71,1,4,123)
w(358,31,4,123)
r(196,43,4,123)
w(280,29,4,123)
w(308,38,4,123)
w(61,33,4,123)
r(163,22,4,123)
w(9,34,4,123)
w(69,35,4,123)
r(114,40,4,123)
w(191,28,4,123)
w(349,32,4,123)
r(109,12,4,123)
w(159,30,4,123)
w(261,39,4,123)
w(281,37,4,123)
r(19,38,4,123)
w(92,34,4,123)
w(47,39,4,123)
r(264,16,4,123)
w(72,34,4,124)
r(97,7,4,124)
w(326,33,4,124)
w(19,34,4,124)
w(52,36,4,124)
w(205,30,4,124)
w(61,34,4,124)
r(340,15,4,124)
r(149,32,4,124)
w(52,37,4,124)
w(200,33,4,124)
w(34,38,4,124)
w(334,33,4,124)
r(30,1,4,124)
r(264,16,4,124)
w(197,35,4,124)
r(0,8,4,124)
w(329,33,4,124)
r(29,1,4,124)
w(73,28,4,124)
r(194,24,4,125)
r(180,8,4,125)
w(14,33,4,125)
r(148,11,4,125)
r(160,21,4,125)
r(196,20,4,125)
w(205,31,4,125)
r(159,7,4,125)
r(194,24,4,125)
r(210,44,4,125)
r(100,2,4,125)
r(48,1,4,125)
r(113,23,4,125)
w(112,38,4,125)
r(225,9,4,125)
w(82,35,4,125)
r(193,31,4,125)
r(255,43,4,125)
w(83,32,4,125)
r(167,38,4,125)
r(254,36,4,126)
w(41,28,4,126)
w(66,36,4,126)
r(323,1,4,126)
r(58,1,4,126)
r(212,2,4,126)
r(223,17,4,126)
r(146,2,4,126)
w(208,33,4,126)
r(285,42,4,126)
w(95,29,4,126)
r(188,1,4,126)
w(289,29,4,126)
r(146,2,4,126)
w(203,42,4,126)
r(15,1,4,126)
r(53,3,4,126)
w(289,30,4,126)
r(319,17,4,126)
w(244,33,4,126)
w(59,41,4,127)
w(348,28,4,127)
r(283,30,4,127)
r(70,1,4,127)
r(335,13,4,127)
r(256,44,4,127)
r(193,31,4,127)
w(287,30,4,127)
r(325,35,4,127)
w(290,38,4,127)
r(321,1,4,127)
w(78,30,4,127)
w(318,32,4,127)
w(243,37,4,127)
w(64,40,4,127)
r(206,9,4,127)
w(271,41,4,127)
w(281,38,4,127)
w(169,25,4,127)
r(179,15,4,127)
r(282,2,4,128)
w(343,33,4,128)
r(19,3,4,128)
w(164,34,4,128)
r(349,32,4,128)
w(138,31,4,128)
r(324,1,4,128)
r(0,8,4,128)
w(335,29,4,128)
r(95,29,4,128)
r(337,31,4,128)
w(0,43,4,128)
r(192,14,4,128)
r(21,16,4,128)
w(311,39,4,128)
r(62,10,4,128)
w(8,31,4,128)
w(195,34,4,128)
r(294,16,4,128)
r(320,21,4,128)
r(17,36,4,129)
w(308,39,4,129)
r(95,29,4,129)
w(33,33,4,129)
w(149,33,4,129)
r(191,28,4,129)
w(66,37,4,129)
r(348,28,4,129)
r(293,12,4,129)
r(212,2,4,129)
w(60,34,4,129)
r(332,13,4,129)
w(89,35,4,129)
w(266,38,4,129)
r(63,39,4,129)
w(87,29,4,129)
r(181,14,4,129)
w(83,33,4,129)
w(249,27,4,129)
r(282,2,4,129)
w(202,29,4,130)
r(245,0,4,130)
r(57,1,4,130)
w(71,44,4,130)
w(103,28,4,130)
r(92,42,4,130)
r(330,20,4,130)
r(104,31,4,130)
r(318,27,4,130)
w(252,27,4,130)
w(99,41,4,130)
r(237,31,4,130)
r(109,12,4,130)
w(40,31,4,130)
w(236,44,4,130)
r(198,19,4,130)
w(297,31,4,130)
r(313,2,4,130)
w(98,27,4,130)
w(304,25,4,130)
r(74,26,4,131)
w(234,39,4,131)
w(329,34,4,131)
r(93,15,4,131)
w(182,34,4,131)
r(236,9,4,131)
r(10,1,4,131)
r(230,6,4,131)
r(30,22,4,131)
w(358,32,4,131)
r(315,1,4,131)
w(285,29,4,131)
w(91,37,4,131)
r(267,29,4,131)
w(26,44,4,131)
w(146,37,4,131)
r(5,10,4,131)
r(241,57,4,131)
w(287,31,4,131)
w(314,30,4,131)
r(243,17,4,132)
r(295,26,4,132)
w(194,39,4,132)
r(335,29,4,132)
r(137,1,4,132)
r(21,17,4,132)
r(185,46,4,132)
w(28,28,4,132)
w(303,40,4,132)
w(14,34,4,132)
r(123,18,4,132)
r(31,1,4,132)
r(244,9,4,132)
r(145,31,4,132)
w(104,40,4,132)
r(289,39,4,132)
w(23,38,4,132)
r(38,15,4,132)
r(196,26,4,132)
w(313,32,4,132)
w(188,27,4,133)
r(235,8,4,133)
r(254,36,4,133)
w(92,35,4,133)
w(279,23,4,133)
w(103,29,4,133)
r(13,11,4,133)
w(319,39,4,133)
w(260,25,4,133)
w(118,34,4,133)
w(210,38,4,133)
w(76,29,4,133)
r(307,20,4,133)
w(136,31,4,133)
r(61,34,4,133)
r(316,17,4,133)
r(146,37,4,133)
r(274,10,4,133)
w(276,30,4,133)
w(130,33,4,133)
r(297,31,4,134)
w(61,35,4,134)
r(162,14,4,134)
w(194,40,4,134)
r(80,22,4,134)
r(335,29,4,134)
r(17,36,4,134)
w(278,48,4,134)
r(187,40,4,134)
r(331,37,4,134)
w(335,30,4,134)
r(154,10,4,134)
w(336,32,4,134)
w(1,34,4,134)
w(222,31,4,134)
w(345,28,4,134)
r(157,26,4,134)
w(331,38,4,134)
w(332,32,4,134)
w(51,38,4,134)
w(58,32,4,135)
r(167,13,4,135)
r(330,20,4,135)
r(197,6,4,135)
w(177,42,4,135)
w(258,41,4,135)
r(50,24,4,135)
w(245,25,4,135)
w(40,32,4,135)
w(64,41,4,135)
r(320,22,4,135)
r(25,5,4,135)
w(197,36,4,135)
r(78,30,4,135)
w(283,38,4,135)
r(188,27,4,135)
r(6,33,4,135)
w(310,33,4,135)
w(194,41,4,135)
r(309,12,4,135)
r(266,8,4,136)
w(198,25,4,136)
r(174,11,4,136)
r(104,55,4,136)
r(236,9,4,136)
r(80,22,4,136)
w(125,29,4,136)
r(38,24,4,136)
w(156,43,4,136)
w(301,35,4,136)
r(323,27,4,136)
w(168,31,4,136)
r(87,29,4,136)
w(292,33,4,136)
w(102,36,4,136)
w(183,39,4,136)
w(131,40,4,136)
w(333,30,4,136)
w(310,34,4,136)
w(33,34,4,136)
w(146,38,4,137)
w(185,35,4,137)
w(183,40,4,137)
r(137,23,4,137)
w(319,40,4,137)
r(104,55,4,137)
w(167,28,4,137)
w(303,41,4,137)
w(263,37,4,137)
r(105,25,4,137)
w(133,29,4,137)
r(272,15,4,137)
w(81,34,4,137)
r(46,13,4,137)
r(286,46,4,137)
r(270,30,4,137)
w(109,39,4,137)
r(110,13,4,137)
r(147,40,4,137)
r(298,19,4,137)
r(324,9,4,138)
r(277,49,4,138)
r(202,12,4,138)
r(185,35,4,138)
w(153,41,4,138)
r(36,18,4,138)
r(318,39,4,138)
w(243,38,4,138)
w(56,26,4,138)
r(314,30,4,138)
r(181,48,4,138)
r(338,19,4,138)
w(259,31,4,138)
r(300,14,4,138)
r(101,21,4,138)
w(313,33,4,138)
w(335,31,4,138)
r(25,38,4,138)
w(253,38,4,138)
w(106,29,4,138)
w(301,36,4,139)
w(347,39,4,139)
w(138,32,4,139)
w(236,45,4,139)
w(9,35,4,139)
r(1,25,4,139)
w(35,41,4,139)
w(81,35,4,139)
w(271,42,4,139)
w(277,36,4,139)
r(71,44,4,139)
w(165,41,4,139)
r(256,44,4,139)
r(103,20,4,139)
r(214,24,4,139)
r(199,9,4,139)
r(203,11,4,139)
r(206,23,4,139)
w(53,33,4,139)
r(1,25,4,139)
r(2,51,4,140)
w(328,29,4,140)
w(247,31,4,140)
w(129,44,4,140)
w(275,42,4,140)
r(237,23,4,140)
w(316,29,4,140)
r(157,18,4,140)
w(356,31,4,140)
w(10,30,4,140)
r(20,25,4,140)
w(189,36,4,140)
w(176,27,4,140)
r(23,29,4,140)
r(209,12,4,140)
r(275,42,4,140)
w(169,26,4,140)
w(250,32,4,140)
r(131,40,4,140)
w(0,44,4,140)
r(125,29,4,141)
r(170,44,4,141)
w(3,32,4,141)
w(7,24,4,141)
w(345,29,4,141)
r(35,41,4,141)
w(259,32,4,141)
w(125,30,4,141)
r(212,2,4,141)
w(48,34,4,141)
w(108,39,4,141)
w(174,45,4,141)
r(129,44,4,141)
r(188,27,4,141)
w(107,24,4,141)
r(311,22,4,141)
w(46,28,4,141)
w(55,42,4,141)
w(86,33,4,141)
r(309,12,4,141)
w(39,42,4,142)
r(5,29,4,142)
r(305,21,4,142)
w(95,30,4,142)
w(254,31,4,142)
w(315,43,4,142)
r(167,28,4,142)
r(100,12,4,142)
w(225,36,4,142)
w(30,37,4,142)
r(246,29,4,142)
r(2,51,4,142)
r(20,25,4,142)
w(12,39,4,142)
r(10,30,4,142)
r(291,11,4,142)
w(302,41,4,142)
r(304,25,4,142)
r(294,16,4,142)
w(211,25,4,142)
r(140,29,4,143)
w(151,36,4,143)
w(123,35,4,143)
w(107,25,4,143)
w(79,33,4,143)
r(196,26,4,143)
w(187,31,4,143)
r(243,38,4,143)
r(56,26,4,143)
r(39,42,4,143)
r(109,39,4,143)
r(74,42,4,143)
r(179,24,4,143)
w(338,38,4,143)
w(333,31,4,143)
r(108,39,4,143)
r(12,39,4,143)
w(44,28,4,143)
r(160,32,4,143)
w(355,37,4,143)
w(350,35,4,144)
w(201,43,4,144)
r(202,12,4,144)
r(209,12,4,144)
w(111,42,4,144)
w(150,33,4,144)
r(198,9,4,144)
r(192,46,4,144)
w(229,36,4,144)
w(152,38,4,144)
r(27,37,4,144)
w(102,37,4,144)
r(3,32,4,144)
r(89,18,4,144)
r(95,30,4,144)
w(341,38,4,144)
r(282,15,4,144)
r(85,10,4,144)
w(356,32,4,144)
r(351,15,4,144)
r(202,12,4,145)
w(206,36,4,145)
w(169,27,4,145)
w(353,36,4,145)
w(208,34,4,145)
r(172,56,4,145)
r(3,32,4,145)
w(11,32,4,145)
w(180,28,4,145)
w(50,31,4,145)
w(357,42,4,145)
r(339,23,4,145)
r(156,54,4,145)
r(208,34,4,145)
r(299,47,4,145)
w(333,32,4,145)
r(283,38,4,145)
w(219,30,4,145)
w(98,28,4,145)
r(159,15,4,145)
w(181,39,4,146)
r(162,45,4,146)
w(282,37,4,146)
r(77,19,4,146)
r(85,10,4,146)
r(309,12,4,146)
r(329,34,4,146)
r(99,23,4,146)
w(262,35,4,146)
r(54,31,4,146)
r(218,8,4,146)
w(344,38,4,146)
r(333,32,4,146)
w(8,32,4,146)
w(308,40,4,146)
r(306,18,4,146)
r(282,37,4,146)
r(289,39,4,146)
w(176,28,4,146)
r(134,46,4,146)
w(294,21,4,147)
r(249,20,4,147)
r(28,43,4,147)
w(304,26,4,147)
w(205,32,4,147)
w(338,39,4,147)
r(81,35,4,147)
r(216,15,4,147)
w(271,43,4,147)
w(52,38,4,147)
w(55,43,4,147)
w(317,32,4,147)
r(321,8,4,147)
r(291,11,4,147)
r(313,33,4,147)
w(58,33,4,147)
r(298,19,4,147)
r(136,44,4,147)
r(119,41,4,147)
r(74,42,4,147)
r(145,31,4,148)
r(135,23,4,148)
r(106,29,4,148)
r(316,29,4,148)
r(345,29,4,148)
r(105,25,4,148)
r(225,36,4,148)
w(323,41,4,148)
w(329,35,4,148)
r(242,13,4,148)
r(165,41,4,148)
w(278,49,4,148)
r(327,14,4,148)
r(127,20,4,148)
w(300,43,4,148)
w(108,40,4,148)
r(100,12,4,148)
r(124,45,4,148)
r(260,7,4,148)
r(46,28,4,148)
r(208,34,4,149)
w(186,26,4,149)
r(195,45,4,149)
w(79,34,4,149)
r(231,21,4,149)
r(261,51,4,149)
w(291,30,4,149)
r(77,19,4,149)
r(37,23,4,149)
r(201,43,4,149)
r(307,20,4,149)
w(70,37,4,149)
w(199,30,4,149)
w(17,31,4,149)
w(66,38,4,149)
w(163,41,4,149)
r(67,10,4,149)
w(138,33,4,149)
r(126,34,4,149)
w(191,29,4,149)
w(129,58,5,150)
w(116,49,5,150)
w(341,47,5,150)
w(265,41,5,150)
w(312,44,5,150)
r(109,1,5,150)
w(71,56,5,150)
w(50,40,5,150)
w(262,40,5,150)
r(358,0,5,150)
w(52,51,5,150)
r(312,44,5,150)
r(181,0,5,150)
r(133,0,5,150)
w(107,31,5,150)
r(240,0,5,150)
r(245,0,5,150)
r(340,0,5,150)
w(156,53,5,150)
w(321,31,5,150)
r(260,0,5,151)
w(2,51,5,151)
r(126,0,5,151)
r(121,1,5,151)
w(28,41,5,151)
r(182,0,5,151)
r(172,13,5,151)
w(195,43,5,151)
w(261,48,5,151)
r(163,0,5,151)
r(37,0,5,151)
r(144,0,5,151)
r(30,0,5,151)
r(29,0,5,151)
r(299,0,5,151)
w(64,44,5,151)
w(142,40,5,151)
r(349,0,5,151)
r(193,7,5,151)
r(87,0,5,151)
w(338,45,5,152)
r(36,0,5,152)
r(338,45,5,152)
w(280,40,5,152)
r(41,0,5,152)
w(210,44,5,152)
w(76,40,5,152)
w(90,46,5,152)
r(209,1,5,152)
w(205,45,5,152)
w(188,34,5,152)
r(86,0,5,152)
r(249,0,5,152)
w(288,47,5,152)
r(318,0,5,152)
w(357,51,5,152)
w(63,39,5,152)
r(352,0,5,152)
r(215,7,5,152)
w(307,30,5,152)
w(238,41,5,153)
r(65,0,5,153)
r(50,40,5,153)
w(309,26,5,153)
w(132,42,5,153)
r(285,0,5,153)
w(50,41,5,153)
r(240,0,5,153)
r(273,0,5,153)
r(209,1,5,153)
w(172,55,5,153)
w(324,26,5,153)
w(10,37,5,153)
r(346,0,5,153)
r(331,0,5,153)
r(297,1,5,153)
w(194,48,5,153)
w(26,52,5,153)
w(188,35,5,153)
r(56,7,5,153)
w(237,31,5,154)
w(206,47,5,154)
w(80,39,5,154)
w(168,39,5,154)
w(169,37,5,154)
r(208,0,5,154)
w(129,59,5,154)
r(10,37,5,154)
r(248,3,5,154)
r(252,0,5,154)
w(295,47,5,154)
r(145,1,5,154)
w(238,42,5,154)
w(22,42,5,154)
r(120,1,5,154)
w(65,39,5,154)
r(22,42,5,154)
w(138,42,5,154)
w(162,43,5,154)
w(300,50,5,154)
r(55,1,5,155)
r(158,0,5,155)
w(231,48,5,155)
w(265,42,5,155)
r(156,53,5,155)
r(118,7,5,155)
w(285,41,5,155)
w(354,42,5,155)
r(152,0,5,155)
w(213,50,5,155)
r(171,0,5,155)
w(357,52,5,155)
r(108,0,5,155)
w(204,47,5,155)
w(185,44,5,155)
w(110,30,5,155)
w(166,41,5,155)
r(67,1,5,155)
r(304,0,5,155)
w(128,48,5,155)
w(292,42,5,156)
r(295,2,5,156)
w(336,38,5,156)
r(183,0,5,156)
w(168,40,5,156)
r(106,0,5,156)
w(351,42,5,156)
r(73,1,5,156)
w(337,49,5,156)
r(333,1,5,156)
r(155,9,5,156)
r(43,1,5,156)
r(80,39,5,156)
r(215,7,5,156)
r(164,0,5,156)
r(343,1,5,156)
w(108,53,5,156)
w(152,43,5,156)
w(76,41,5,156)
r(286,19,5,156)
w(160,45,5,157)
r(216,1,5,157)
w(125,35,5,157)
w(12,44,5,157)
r(315,1,5,157)
w(187,39,5,157)
r(274,0,5,157)
r(309,26,5,157)
r(26,11,5,157)
r(301,11,5,157)
w(349,41,5,157)
w(104,53,5,157)
w(207,41,5,157)
w(268,40,5,157)
r(142,40,5,157)
w(308,51,5,157)
r(229,23,5,157)
w(196,43,5,157)
w(19,38,5,157)
w(189,47,5,157)
r(335,0,5,158)
w(159,35,5,158)
w(46,36,5,158)
w(285,42,5,158)
r(11,0,5,158)
w(85,31,5,158)
r(181,2,5,158)
r(164,0,5,158)
w(132,43,5,158)
r(180,20,5,158)
r(279,0,5,158)
r(39,24,5,158)
w(175,55,5,158)
r(152,43,5,158)
r(112,10,5,158)
r(94,0,5,158)
w(308,52,5,158)
w(102,45,5,158)
w(79,40,5,158)
r(175,55,5,158)
r(236,0,5,159)
r(297,27,5,159)
r(230,6,5,159)
r(292,42,5,159)
r(152,43,5,159)
r(68,7,5,159)
r(329,1,5,159)
w(240,33,5,159)
w(170,43,5,159)
r(310,32,5,159)
w(330,40,5,159)
w(270,49,5,159)
r(57,11,5,159)
w(340,32,5,159)
r(354,2,5,159)
w(171,34,5,159)
w(143,38,5,159)
r(176,0,5,159)
r(248,19,5,159)
w(167,38,5,159)
w(254,35,5,160)
w(93,46,5,160)
w(129,60,5,160)
w(78,39,5,160)
r(318,2,5,160)
w(358,38,5,160)
r(88,45,5,160)
w(213,51,5,160)
r(233,2,5,160)
w(67,38,5,160)
r(79,40,5,160)
w(200,39,5,160)
r(319,17,5,160)
r(93,46,5,160)
w(193,31,5,160)
r(194,2,5,160)
r(224,8,5,160)
w(277,48,5,160)
r(330,40,5,160)
r(333,1,5,160)
r(169,6,5,161)
w(352,51,5,161)
w(104,54,5,161)
r(163,22,5,161)
r(82,1,5,161)
r(141,18,5,161)
r(263,2,5,161)
r(76,41,5,161)
r(9,34,5,161)
w(150,44,5,161)
r(302,29,5,161)
r(340,15,5,161)
w(151,45,5,161)
w(227,36,5,161)
r(284,28,5,161)
r(34,38,5,161)
w(254,36,5,161)
w(83,38,5,161)
r(68,7,5,161)
r(52,37,5,161)
w(176,47,5,162)
r(155,10,5,162)
r(241,10,5,162)
w(108,54,5,162)
w(255,43,5,162)
r(253,20,5,162)
r(7,11,5,162)
w(21,39,5,162)
w(185,45,5,162)
w(256,44,5,162)
r(150,44,5,162)
w(110,31,5,162)
r(300,14,5,162)
w(130,41,5,162)
r(17,0,5,162)
r(138,1,5,162)
r(71,1,5,162)
r(43,1,5,162)
w(342,44,5,162)
w(279,34,5,162)
r(106,21,5,163)
w(264,36,5,163)
w(7,32,5,163)
r(67,38,5,163)
w(174,50,5,163)
r(283,30,5,163)
r(114,40,5,163)
r(231,34,5,163)
r(89,16,5,163)
w(257,41,5,163)
w(54,53,5,163)
r(153,23,5,163)
w(199,41,5,163)
r(243,37,5,163)
r(120,2,5,163)
r(111,12,5,163)
w(241,57,5,163)
w(228,43,5,163)
w(166,42,5,163)
w(310,39,5,163)
w(204,48,5,164)
r(1,2,5,164)
w(92,42,5,164)
w(76,42,5,164)
r(146,2,5,164)
w(17,36,5,164)
r(145,23,5,164)
w(316,42,5,164)
w(125,36,5,164)
r(82,24,5,164)
w(196,44,5,164)
r(126,27,5,164)
w(185,46,5,164)
r(137,1,5,164)
w(28,42,5,164)
r(203,42,5,164)
w(6,33,5,164)
w(195,44,5,164)
w(211,33,5,164)
w(112,45,5,164)
w(13,45,5,165)
r(165,3,5,165)
r(202,0,5,165)
w(321,32,5,165)
w(77,34,5,165)
w(355,44,5,165)
w(274,33,5,165)
w(30,45,5,165)
r(169,25,5,165)
w(128,49,5,165)
r(145,23,5,165)
w(296,44,5,165)
r(197,5,5,165)
w(355,45,5,165)
r(246,29,5,165)
r(196,44,5,165)
w(134,46,5,165)
w(352,52,5,165)
w(196,45,5,165)
r(24,2,5,165)
r(107,31,5,166)
w(296,45,5,166)
r(322,23,5,166)
r(115,1,5,166)
w(239,41,5,166)
w(236,51,5,166)
w(314,37,5,166)
w(152,44,5,166)
r(143,12,5,166)
w(261,49,5,166)
w(215,40,5,166)
r(72,34,5,166)
r(133,15,5,166)
r(63,39,5,166)
r(174,50,5,166)
r(110,13,5,166)
w(149,41,5,166)
r(105,11,5,166)
w(249,34,5,166)
r(237,31,5,166)
r(74,25,5,167)
r(79,17,5,167)
r(125,36,5,167)
r(18,25,5,167)
r(302,29,5,167)
w(143,39,5,167)
r(264,36,5,167)
r(197,5,5,167)
w(358,39,5,167)
r(293,12,5,167)
w(187,40,5,167)
r(44,23,5,167)
r(299,14,5,167)
r(168,40,5,167)
w(165,50,5,167)
r(137,1,5,167)
r(278,35,5,167)
r(188,1,5,167)
w(113,40,5,167)
w(81,47,5,167)
w(234,47,5,168)
w(267,29,5,168)
r(89,17,5,168)
r(287,10,5,168)
r(227,14,5,168)
r(19,3,5,168)
w(143,40,5,168)
r(200,1,5,168)
w(229,49,5,168)
w(170,44,5,168)
w(342,45,5,168)
w(182,44,5,168)
r(229,49,5,168)
r(261,28,5,168)
r(125,24,5,168)
r(65,20,5,168)
w(243,50,5,168)
w(171,35,5,168)
w(318,39,5,168)
r(62,23,5,168)
r(267,29,5,169)
w(188,36,5,169)
r(196,26,5,169)
w(181,48,5,169)
w(222,39,5,169)
r(188,36,5,169)
w(69,49,5,169)
r(104,31,5,169)
w(312,45,5,169)
r(264,36,5,169)
w(338,46,5,169)
r(45,30,5,169)
w(353,45,5,169)
w(49,49,5,169)
r(88,2,5,169)
w(289,39,5,169)
w(273,47,5,169)
r(142,20,5,169)
r(300,14,5,169)
w(177,51,5,169)
w(222,40,5,170)
w(285,43,5,170)
r(229,49,5,170)
r(76,42,5,170)
w(75,48,5,170)
r(270,30,5,170)
w(126,34,5,170)
w(82,41,5,170)
w(124,45,5,170)
r(121,30,5,170)
w(113,41,5,170)
w(255,44,5,170)
r(183,8,5,170)
w(85,32,5,170)
w(102,46,5,170)
r(64,27,5,170)
r(208,33,5,170)
r(76,42,5,170)
r(271,41,5,170)
w(324,27,5,170)
r(8,31,5,171)
r(324,27,5,171)
w(41,37,5,171)
r(357,33,5,171)
w(132,44,5,171)
r(111,12,5,171)
r(0,43,5,171)
r(155,10,5,171)
w(9,37,5,171)
r(86,1,5,171)
w(150,45,5,171)
r(266,8,5,171)
r(137,1,5,171)
w(251,50,5,171)
w(277,49,5,171)
r(165,50,5,171)
r(109,22,5,171)
w(105,39,5,171)
w(129,61,5,171)
r(353,45,5,171)
r(165,50,5,172)
w(325,52,5,172)
r(236,9,5,172)
r(132,44,5,172)
r(117,25,5,172)
r(268,40,5,172)
w(18,44,5,172)
r(223,17,5,172)
w(47,46,5,172)
w(264,37,5,172)
w(18,45,5,172)
r(102,29,5,172)
r(174,10,5,172)
r(357,33,5,172)
w(38,38,5,172)
w(104,55,5,172)
w(90,47,5,172)
r(123,18,5,172)
w(120,32,5,172)
r(133,15,5,172)
w(344,48,5,173)
w(28,43,5,173)
w(51,48,5,173)
w(261,50,5,173)
w(286,46,5,173)
w(257,42,5,173)
r(202,12,5,173)
w(65,40,5,173)
r(59,27,5,173)
w(189,48,5,173)
r(89,17,5,173)
w(353,46,5,173)
w(172,56,5,173)
w(162,44,5,173)
w(245,33,5,173)
w(189,49,5,173)
w(167,39,5,173)
w(310,40,5,173)
r(120,32,5,173)
w(179,35,5,173)
w(25,38,5,174)
w(229,50,5,174)
w(198,33,5,174)
w(197,52,5,174)
r(210,9,5,174)
r(204,9,5,174)
w(336,39,5,174)
r(255,44,5,174)
r(151,15,5,174)
w(312,46,5,174)
r(193,31,5,174)
w(90,48,5,174)
w(123,41,5,174)
r(32,14,5,174)
w(238,43,5,174)
r(244,9,5,174)
w(19,39,5,174)
r(334,18,5,174)
r(68,8,5,174)
w(40,42,5,174)
w(113,42,5,175)
w(147,40,5,175)
r(42,33,5,175)
w(171,36,5,175)
w(74,42,5,175)
r(262,40,5,175)
r(351,9,5,175)
w(189,50,5,175)
w(66,50,5,175)
r(177,42,5,175)
w(98,36,5,175)
w(136,43,5,175)
w(162,45,5,175)
r(226,24,5,175)
r(105,25,5,175)
w(0,51,5,175)
r(125,24,5,175)
w(107,32,5,175)
r(244,9,5,175)
r(352,33,5,175)
r(242,13,5,176)
r(40,42,5,176)
r(181,48,5,176)
r(342,45,5,176)
w(138,43,5,176)
w(193,32,5,176)
w(119,41,5,176)
w(156,54,5,176)
r(124,45,5,176)
r(177,22,5,176)
r(358,23,5,176)
w(174,51,5,176)
r(94,13,5,176)
r(90,48,5,176)
r(73,7,5,176)
r(329,34,5,176)
r(7,13,5,176)
r(70,1,5,176)
w(223,37,5,176)
w(227,37,5,176)
r(344,25,5,177)
w(336,40,5,177)
w(185,47,5,177)
r(67,10,5,177)
r(132,44,5,177)
w(200,40,5,177)
r(1,25,5,177)
w(232,40,5,177)
w(204,49,5,177)
w(27,37,5,177)
r(277,36,5,177)
w(215,41,5,177)
r(257,42,5,177)
r(59,27,5,177)
w(271,53,5,177)
w(195,45,5,177)
r(164,8,5,177)
r(246,29,5,177)
r(216,15,5,177)
w(15,30,5,177)
r(146,38,5,178)
w(335,42,5,178)
w(117,43,5,178)
w(261,51,5,178)
r(175,34,5,178)
r(17,20,5,178)
r(293,21,5,178)
w(272,45,5,178)
r(181,48,5,178)
w(137,31,5,178)
w(305,38,5,178)
r(217,12,5,178)
w(52,52,5,178)
w(136,44,5,178)
r(41,15,5,178)
r(233,10,5,178)
w(38,39,5,178)
w(192,46,5,178)
r(259,32,5,178)
r(301,36,5,178)
r(204,49,5,179)
r(85,10,5,179)
r(76,29,5,179)
w(30,46,5,179)
r(262,40,5,179)
w(213,52,5,179)
r(345,29,5,179)
r(242,13,5,179)
r(49,49,5,179)
w(18,46,5,179)
r(82,41,5,179)
r(87,29,5,179)
w(299,47,5,179)
w(65,41,5,179)
w(44,37,5,179)
r(147,40,5,179)
r(291,11,5,179)
r(175,34,5,179)
w(183,48,5,179)
w(55,53,5,179)
