r(86,0,0,0)
w(16,1,0,0)
w(26,1,0,0)
w(34,1,0,0)
r(44,14,0,0)
r(60,10,0,0)
w(74,1,0,0)
w(56,1,0,0)
r(51,78,0,0)
r(79,48,0,0)
r(61,0,0,0)
w(11,1,0,0)
r(118,15,0,0)
r(69,22,0,0)
r(58,50,0,0)
w(9,1,0,0)
w(48,1,0,0)
r(25,50,0,0)
r(101,55,0,0)
w(46,1,0,0)
w(50,1,0,1)
w(62,1,0,1)
r(56,1,0,1)
w(51,1,0,1)
r(95,0,0,1)
w(118,1,0,1)
w(76,1,0,1)
r(73,14,0,1)
r(51,1,0,1)
r(29,0,0,1)
w(42,1,0,1)
r(93,0,0,1)
w(88,1,0,1)
r(80,41,0,1)
w(89,1,0,1)
w(5,1,0,1)
w(24,1,0,1)
r(69,22,0,1)
w(35,1,0,1)
r(104,23,0,1)
r(19,72,0,2)
w(107,1,0,2)
r(77,86,0,2)
r(28,70,0,2)
r(35,17,0,2)
w(83,1,0,2)
r(63,16,0,2)
r(7,47,0,2)
w(91,1,0,2)
w(112,1,0,2)
r(55,13,0,2)
w(13,1,0,2)
w(111,1,0,2)
w(46,2,0,2)
r(22,60,0,2)
r(67,18,0,2)
w(92,1,0,2)
r(117,71,0,2)
w(52,1,0,2)
w(32,1,0,2)
w(29,1,0,3)
w(74,2,0,3)
r(14,21,0,3)
w(24,2,0,3)
r(64,20,0,3)
w(117,1,0,3)
r(89,1,0,3)
w(118,2,0,3)
w(20,1,0,3)
w(51,2,0,3)
r(56,1,0,3)
w(105,1,0,3)
r(30,43,0,3)
r(108,18,0,3)
r(9,1,0,3)
w(67,1,0,3)
r(113,0,0,3)
r(33,0,0,3)
w(30,1,0,3)
r(83,1,0,3)
w(113,1,0,4)
r(25,50,0,4)
r(73,14,0,4)
r(115,66,0,4)
w(18,1,0,4)
w(23,1,0,4)
w(29,2,0,4)
r(50,23,0,4)
r(33,0,0,4)
r(103,19,0,4)
r(118,2,0,4)
r(18,1,0,4)
w(46,3,0,4)
w(23,2,0,4)
r(89,1,0,4)
r(34,47,0,4)
w(83,2,0,4)
w(19,1,0,4)
w(72,1,0,4)
r(62,13,0,4)
w(46,4,0,5)
w(0,1,0,5)
w(2,1,0,5)
w(99,1,0,5)
w(57,1,0,5)
r(71,16,0,5)
w(79,1,0,5)
w(70,1,0,5)
w(73,1,0,5)
w(42,2,0,5)
r(105,1,0,5)
w(66,1,0,5)
w(36,1,0,5)
r(30,1,0,5)
r(5,1,0,5)
r(43,48,0,5)
w(45,1,0,5)
w(11,2,0,5)
w(86,1,0,5)
r(54,62,0,5)
w(32,2,0,6)
r(77,87,0,6)
w(111,2,0,6)
w(21,1,0,6)
r(41,14,0,6)
r(49,0,0,6)
w(106,1,0,6)
w(72,2,0,6)
r(55,13,0,6)
r(16,1,0,6)
w(93,1,0,6)
w(77,1,0,6)
w(78,1,0,6)
w(43,1,0,6)
w(83,3,0,6)
r(83,3,0,6)
r(102,70,0,6)
w(37,1,0,6)
r(84,61,0,6)
w(94,1,0,6)
w(92,2,0,7)
w(97,1,0,7)
w(47,1,0,7)
w(66,2,0,7)
w(84,1,0,7)
r(39,56,0,7)
w(26,2,0,7)
w(105,2,0,7)
r(56,17,0,7)
w(16,2,0,7)
r(34,47,0,7)
r(27,0,0,7)
r(78,1,0,7)
r(21,1,0,7)
r(40,19,0,7)
w(64,1,0,7)
r(98,21,0,7)
w(26,3,0,7)
r(6,18,0,7)
r(85,42,0,7)
r(100,16,0,8)
w(55,1,0,8)
w(53,1,0,8)
w(37,2,0,8)
r(44,69,0,8)
w(5,2,0,8)
r(76,57,0,8)
w(100,1,0,8)
w(62,2,0,8)
r(84,1,0,8)
r(72,2,0,8)
w(1,1,0,8)
w(26,4,0,8)
r(115,66,0,8)
r(100,1,0,8)
w(39,1,0,8)
r(1,1,0,8)
w(98,1,0,8)
w(8,1,0,8)
w(103,1,0,8)
w(79,2,0,9)
r(9,1,0,9)
w(22,1,0,9)
r(0,1,0,9)
r(112,1,0,9)
r(94,1,0,9)
w(68,1,0,9)
r(72,2,0,9)
r(100,1,0,9)
r(45,1,0,9)
w(78,2,0,9)
r(80,41,0,9)
r(49,0,0,9)
r(66,2,0,9)
w(78,3,0,9)
w(56,2,0,9)
w(8,2,0,9)
r(108,19,0,9)
r(100,1,0,9)
w(83,4,0,9)
r(5,47,0,10)
w(56,3,0,10)
r(86,65,0,10)
r(52,1,0,10)
w(101,1,0,10)
w(99,2,0,10)
r(4,50,0,10)
w(89,2,0,10)
w(28,1,0,10)
r(32,55,0,10)
w(96,1,0,10)
w(44,1,0,10)
w(74,3,0,10)
w(97,2,0,10)
w(3,1,0,10)
r(64,1,0,10)
w(76,2,0,10)
r(117,1,0,10)
r(109,11,0,10)
r(61,54,0,10)
w(73,2,0,11)
r(67,1,0,11)
r(59,52,0,11)
r(103,54,0,11)
r(96,1,0,11)
r(96,1,0,11)
w(1,2,0,11)
r(60,61,0,11)
r(21,62,0,11)
w(97,3,0,11)
w(69,1,0,11)
w(71,1,0,11)
w(11,3,0,11)
w(21,2,0,11)
r(94,60,0,11)
r(6,68,0,11)
w(91,2,0,11)
w(44,2,0,11)
w(111,3,0,11)
r(111,3,0,11)
w(25,1,0,12)
w(9,2,0,12)
w(112,2,0,12)
r(85,42,0,12)
w(38,1,0,12)
r(74,3,0,12)
r(12,19,0,12)
r(87,68,0,12)
w(81,1,0,12)
r(19,74,0,12)
r(6,68,0,12)
r(57,49,0,12)
r(119,59,0,12)
r(115,67,0,12)
w(114,1,0,12)
r(47,69,0,12)
r(75,73,0,12)
w(86,2,0,12)
r(53,1,0,12)
w(98,2,0,12)
w(88,2,0,13)
w(17,1,0,13)
w(22,2,0,13)
r(84,42,0,13)
w(77,2,0,13)
w(109,1,0,13)
w(91,3,0,13)
w(47,2,0,13)
w(64,2,0,13)
w(62,3,0,13)
w(49,1,0,13)
w(18,2,0,13)
r(46,24,0,13)
w(26,5,0,13)
w(30,2,0,13)
r(43,49,0,13)
w(3,2,0,13)
r(89,2,0,13)
r(61,9,0,13)
w(14,1,0,13)
w(42,3,0,14)
r(42,3,0,14)
r(21,46,0,14)
r(81,1,0,14)
r(18,2,0,14)
w(6,1,0,14)
w(102,1,0,14)
r(52,69,0,14)
r(12,19,0,14)
r(18,2,0,14)
w(38,2,0,14)
r(1,2,0,14)
r(78,47,0,14)
r(102,1,0,14)
r(55,63,0,14)
r(14,68,0,14)
w(99,3,0,14)
w(99,4,0,14)
r(67,1,0,14)
w(118,3,0,14)
r(109,54,0,15)
w(69,2,0,15)
w(113,2,0,15)
r(2,64,0,15)
r(104,24,0,15)
r(17,1,0,15)
r(21,46,0,15)
w(105,3,0,15)
w(75,1,0,15)
w(47,3,0,15)
w(33,1,0,15)
w(77,3,0,15)
w(44,3,0,15)
w(105,4,0,15)
r(17,1,0,15)
w(47,4,0,15)
r(58,51,0,15)
w(29,3,0,15)
w(37,3,0,15)
w(110,1,0,15)
w(61,1,0,16)
r(45,37,0,16)
w(81,2,0,16)
w(22,3,0,16)
w(19,2,0,16)
r(77,45,0,16)
w(72,3,0,16)
r(54,38,0,16)
r(84,29,0,16)
r(8,44,0,16)
w(6,2,0,16)
r(102,72,0,16)
r(35,57,0,16)
r(92,62,0,16)
r(54,38,0,16)
w(115,1,0,16)
r(79,32,0,16)
w(98,3,0,16)
r(62,3,0,16)
w(35,2,0,16)
w(109,2,0,17)
w(31,1,0,17)
w(49,2,0,17)
w(26,6,0,17)
w(80,1,0,17)
w(2,2,0,17)
r(1,58,0,17)
w(41,1,0,17)
w(100,2,0,17)
r(31,1,0,17)
w(104,1,0,17)
w(91,4,0,17)
r(15,16,0,17)
r(113,23,0,17)
w(72,4,0,17)
w(15,1,0,17)
w(77,4,0,17)
w(85,1,0,17)
r(88,18,0,17)
r(55,14,0,17)
r(39,20,0,18)
w(16,3,0,18)
r(112,14,0,18)
w(16,4,0,18)
w(0,2,0,18)
r(56,18,0,18)
r(117,43,0,18)
w(101,2,0,18)
r(75,34,0,18)
r(54,64,0,18)
r(107,21,0,18)
w(63,1,0,18)
r(92,62,0,18)
r(115,15,0,18)
r(48,35,0,18)
r(8,27,0,18)
r(45,37,0,18)
w(18,3,0,18)
w(70,2,0,18)
w(65,1,0,18)
w(112,3,0,19)
r(105,49,0,19)
w(83,5,0,19)
w(73,3,0,19)
r(1,58,0,19)
r(47,4,0,19)
r(78,48,0,19)
w(45,2,0,19)
w(85,2,0,19)
w(119,1,0,19)
r(25,14,0,19)
r(10,58,0,19)
r(69,23,0,19)
r(37,76,0,19)
r(12,20,0,19)
r(16,22,0,19)
w(75,2,0,19)
r(0,2,0,19)
r(70,17,0,19)
r(30,13,0,19)
w(30,12,1,20)
r(112,0,1,20)
w(18,20,1,20)
r(59,0,1,20)
w(52,17,1,20)
w(82,14,1,20)
r(93,0,1,20)
r(105,0,1,20)
r(99,0,1,20)
w(46,23,1,20)
w(44,14,1,20)
r(43,0,1,20)
r(75,0,1,20)
w(41,12,1,20)
r(48,0,1,20)
w(12,16,1,20)
w(14,20,1,20)
r(114,0,1,20)
w(7,10,1,20)
r(39,0,1,20)
w(67,18,1,21)
w(69,22,1,21)
w(117,24,1,21)
w(54,18,1,21)
r(116,0,1,21)
w(104,22,1,21)
r(80,0,1,21)
r(107,0,1,21)
w(4,13,1,21)
r(114,0,1,21)
w(116,12,1,21)
w(60,10,1,21)
r(79,0,1,21)
w(43,13,1,21)
w(104,23,1,21)
r(38,0,1,21)
w(80,14,1,21)
w(118,15,1,21)
w(70,16,1,21)
r(1,0,1,21)
w(47,19,1,22)
w(73,14,1,22)
w(96,19,1,22)
r(63,54,1,22)
w(1,22,1,22)
w(21,12,1,22)
r(64,0,1,22)
r(2,0,1,22)
r(84,0,1,22)
r(24,0,1,22)
r(37,0,1,22)
r(103,0,1,22)
w(64,20,1,22)
w(78,19,1,22)
w(1,23,1,22)
r(41,12,1,22)
w(83,20,1,22)
w(2,19,1,22)
r(45,0,1,22)
r(78,19,1,22)
w(119,18,1,23)
w(103,19,1,23)
r(37,0,1,23)
w(10,13,1,23)
r(74,44,1,23)
w(45,17,1,23)
r(29,0,1,23)
r(56,0,1,23)
r(63,54,1,23)
w(101,20,1,23)
r(53,43,1,23)
r(84,0,1,23)
r(63,54,1,23)
r(31,0,1,23)
r(36,0,1,23)
w(19,18,1,23)
w(0,19,1,23)
w(18,21,1,23)
w(116,13,1,23)
r(32,0,1,23)
w(87,12,1,24)
w(116,14,1,24)
r(58,50,1,24)
w(98,21,1,24)
r(99,79,1,24)
w(12,17,1,24)
w(66,17,1,24)
w(109,11,1,24)
w(40,18,1,24)
w(94,13,1,24)
w(41,13,1,24)
r(98,21,1,24)
w(21,13,1,24)
r(32,0,1,24)
w(37,21,1,24)
r(110,0,1,24)
w(50,23,1,24)
w(14,21,1,24)
w(105,20,1,24)
w(74,20,1,24)
w(100,14,1,25)
r(117,24,1,25)
r(69,22,1,25)
w(42,22,1,25)
r(100,14,1,25)
w(108,18,1,25)
r(31,0,1,25)
r(63,54,1,25)
w(112,13,1,25)
r(37,21,1,25)
w(60,11,1,25)
r(99,79,1,25)
r(90,0,1,25)
r(17,66,1,25)
r(26,1,1,25)
w(6,18,1,25)
w(3,22,1,25)
w(78,20,1,25)
w(99,28,1,25)
w(35,17,1,25)
r(4,13,1,26)
r(45,17,1,26)
w(63,16,1,26)
w(12,18,1,26)
r(14,21,1,26)
w(100,15,1,26)
r(20,46,1,26)
w(62,13,1,26)
w(55,13,1,26)
r(100,15,1,26)
w(12,19,1,26)
r(107,62,1,26)
w(40,19,1,26)
w(53,12,1,26)
r(106,0,1,26)
r(88,1,1,26)
w(100,16,1,26)
r(8,0,1,26)
r(44,44,1,26)
w(45,18,1,26)
w(95,12,1,27)
w(108,19,1,27)
w(71,15,1,27)
r(95,12,1,27)
w(41,14,1,27)
r(89,1,1,27)
w(0,20,1,27)
w(71,16,1,27)
r(15,53,1,27)
w(19,19,1,27)
r(24,71,1,27)
r(45,18,1,27)
r(98,21,1,27)
w(93,15,1,27)
w(56,17,1,27)
r(31,0,1,27)
w(58,16,1,27)
r(52,1,1,27)
w(68,20,1,27)
r(111,1,1,27)
w(2,20,1,28)
r(15,70,1,28)
r(38,1,1,28)
r(81,1,1,28)
w(114,18,1,28)
w(71,17,1,28)
w(24,20,1,28)
r(114,18,1,28)
r(76,2,1,28)
w(108,20,1,28)
w(61,9,1,28)
w(77,22,1,28)
r(7,48,1,28)
w(104,24,1,28)
r(36,1,1,28)
w(4,14,1,28)
r(59,52,1,28)
w(82,15,1,28)
r(36,1,1,28)
w(4,15,1,28)
r(79,61,1,29)
w(76,30,1,29)
r(47,69,1,29)
w(48,14,1,29)
r(97,3,1,29)
r(71,17,1,29)
w(35,18,1,29)
r(60,61,1,29)
r(46,88,1,29)
r(8,2,1,29)
r(74,45,1,29)
r(46,88,1,29)
r(7,48,1,29)
r(18,78,1,29)
r(22,45,1,29)
w(63,17,1,29)
r(12,19,1,29)
r(11,3,1,29)
r(35,18,1,29)
w(75,22,1,29)
w(31,10,1,30)
r(17,66,1,30)
w(24,21,1,30)
r(108,20,1,30)
w(24,22,1,30)
r(105,48,1,30)
w(110,15,1,30)
r(7,48,1,30)
w(14,22,1,30)
r(99,2,1,30)
r(27,40,1,30)
w(0,21,1,30)
w(0,22,1,30)
r(91,2,1,30)
w(46,24,1,30)
w(5,14,1,30)
w(106,23,1,30)
r(65,75,1,30)
r(41,51,1,30)
r(7,48,1,30)
w(8,26,1,31)
w(33,22,1,31)
r(26,5,1,31)
w(27,16,1,31)
r(92,62,1,31)
r(67,1,1,31)
r(69,2,1,31)
w(34,12,1,31)
w(38,17,1,31)
r(24,22,1,31)
w(113,22,1,31)
r(76,30,1,31)
w(1,24,1,31)
w(82,16,1,31)
w(99,29,1,31)
w(74,21,1,31)
r(119,33,1,31)
w(78,21,1,31)
w(78,22,1,31)
r(109,55,1,31)
r(9,29,1,32)
r(47,4,1,32)
r(31,10,1,32)
w(97,16,1,32)
r(119,33,1,32)
r(23,37,1,32)
r(1,24,1,32)
w(77,23,1,32)
r(12,33,1,32)
r(105,4,1,32)
w(105,21,1,32)
w(20,15,1,32)
w(111,12,1,32)
w(88,17,1,32)
w(15,15,1,32)
w(39,19,1,32)
w(57,23,1,32)
r(27,16,1,32)
r(2,64,1,32)
w(69,23,1,32)
r(27,16,1,33)
w(56,18,1,33)
w(66,18,1,33)
r(63,71,1,33)
r(35,2,1,33)
r(35,2,1,33)
w(107,21,1,33)
r(105,21,1,33)
r(45,37,1,33)
w(55,14,1,33)
w(119,19,1,33)
r(10,58,1,33)
r(10,58,1,33)
w(2,21,1,33)
w(113,23,1,33)
r(115,1,1,33)
w(34,13,1,33)
w(43,14,1,33)
w(23,17,1,33)
r(82,16,1,33)
r(60,29,1,34)
w(35,19,1,34)
r(43,14,1,34)
w(25,12,1,34)
w(119,20,1,34)
r(114,18,1,34)
w(15,16,1,34)
r(88,17,1,34)
w(14,23,1,34)
w(59,19,1,34)
r(40,67,1,34)
w(26,33,1,34)
w(46,25,1,34)
w(97,17,1,34)
r(54,38,1,34)
w(4,16,1,34)
r(106,56,1,34)
w(13,22,1,34)
r(83,75,1,34)
w(8,27,1,34)
r(17,42,1,35)
r(12,33,1,35)
r(61,1,1,35)
w(29,24,1,35)
w(22,16,1,35)
w(5,15,1,35)
w(96,20,1,35)
r(56,18,1,35)
w(115,14,1,35)
w(42,23,1,35)
w(96,21,1,35)
w(112,14,1,35)
w(28,26,1,35)
w(44,15,1,35)
r(100,64,1,35)
r(45,37,1,35)
w(88,18,1,35)
r(80,41,1,35)
r(2,21,1,35)
r(32,55,1,35)
w(39,20,1,36)
w(98,22,1,36)
r(13,22,1,36)
r(5,15,1,36)
r(72,3,1,36)
r(115,14,1,36)
r(57,23,1,36)
r(13,22,1,36)
w(18,22,1,36)
w(25,13,1,36)
r(11,28,1,36)
r(10,58,1,36)
w(102,13,1,36)
w(115,15,1,36)
r(41,72,1,36)
w(109,12,1,36)
w(6,19,1,36)
r(30,44,1,36)
w(25,14,1,36)
w(44,16,1,36)
r(0,2,1,37)
r(53,1,1,37)
w(19,20,1,37)
r(30,44,1,37)
r(98,22,1,37)
w(104,25,1,37)
w(67,19,1,37)
w(30,13,1,37)
w(46,26,1,37)
w(3,23,1,37)
r(81,2,1,37)
r(98,22,1,37)
w(16,22,1,37)
r(74,21,1,37)
w(65,18,1,37)
w(6,20,1,37)
w(81,25,1,37)
w(81,26,1,37)
w(39,21,1,37)
w(70,17,1,37)
r(72,4,1,38)
w(17,12,1,38)
w(88,19,1,38)
r(40,67,1,38)
w(117,25,1,38)
w(63,18,1,38)
w(43,15,1,38)
w(35,20,1,38)
r(113,23,1,38)
w(51,24,1,38)
r(38,17,1,38)
w(51,25,1,38)
r(115,15,1,38)
w(110,16,1,38)
r(39,21,1,38)
w(56,19,1,38)
w(57,24,1,38)
w(72,16,1,38)
w(9,15,1,38)
r(66,18,1,38)
r(66,18,1,39)
r(50,56,1,39)
w(26,34,1,39)
w(4,17,1,39)
w(14,24,1,39)
w(61,10,1,39)
r(73,47,1,39)
r(62,44,1,39)
r(66,18,1,39)
w(28,27,1,39)
w(111,13,1,39)
r(12,53,1,39)
w(71,18,1,39)
w(58,17,1,39)
r(103,56,1,39)
w(112,15,1,39)
w(48,15,1,39)
r(117,25,1,39)
w(27,17,1,39)
w(12,20,1,39)
w(12,32,2,40)
w(78,29,2,40)
w(13,36,2,40)
r(82,53,2,40)
r(46,24,2,40)
w(54,38,2,40)
w(88,30,2,40)
w(56,34,2,40)
w(79,32,2,40)
r(42,3,2,40)
w(85,30,2,40)
r(117,1,2,40)
w(117,43,2,40)
r(117,43,2,40)
r(104,24,2,40)
w(15,39,2,40)
w(46,50,2,40)
w(23,36,2,40)
w(91,30,2,40)
w(101,36,2,40)
w(61,20,2,41)
r(69,2,2,41)
r(96,1,2,41)
r(32,55,2,41)
r(35,57,2,41)
w(36,26,2,41)
r(81,1,2,41)
w(55,21,2,41)
w(3,38,2,41)
w(82,31,2,41)
r(26,5,2,41)
r(118,3,2,41)
r(114,18,2,41)
r(44,3,2,41)
w(95,26,2,41)
r(118,3,2,41)
r(103,54,2,41)
w(77,44,2,41)
r(90,71,2,41)
r(38,2,2,41)
w(119,33,2,42)
r(94,60,2,42)
r(20,47,2,42)
r(65,75,2,42)
r(21,46,2,42)
w(95,27,2,42)
w(77,45,2,42)
r(60,48,2,42)
w(7,23,2,42)
w(9,28,2,42)
w(98,38,2,42)
w(89,39,2,42)
r(96,1,2,42)
r(8,2,2,42)
r(101,36,2,42)
w(103,37,2,42)
w(8,44,2,42)
r(7,23,2,42)
w(88,31,2,42)
r(61,20,2,42)
w(102,30,2,43)
w(27,24,2,43)
r(1,57,2,43)
w(81,38,2,43)
r(83,75,2,43)
r(39,67,2,43)
w(104,37,2,43)
w(23,37,2,43)
r(39,67,2,43)
r(92,62,2,43)
r(103,37,2,43)
w(118,37,2,43)
r(66,2,2,43)
w(48,35,2,43)
w(9,29,2,43)
w(20,31,2,43)
r(95,27,2,43)
r(19,74,2,43)
r(70,78,2,43)
w(19,37,2,43)
w(14,40,2,44)
r(36,26,2,44)
w(84,29,2,44)
r(0,22,2,44)
w(103,38,2,44)
r(55,21,2,44)
w(99,44,2,44)
r(52,52,2,44)
w(11,28,2,44)
w(60,29,2,44)
r(87,68,2,44)
r(40,67,2,44)
w(45,37,2,44)
w(18,41,2,44)
r(118,37,2,44)
r(80,41,2,44)
r(88,31,2,44)
r(102,30,2,44)
w(38,32,2,44)
w(86,30,2,44)
r(51,79,2,45)
w(0,31,2,45)
w(44,32,2,45)
w(75,34,2,45)
w(21,25,2,45)
w(44,33,2,45)
w(111,35,2,45)
r(11,28,2,45)
w(0,32,2,45)
w(86,31,2,45)
w(90,32,2,45)
w(52,35,2,45)
w(52,36,2,45)
r(64,2,2,45)
w(12,33,2,45)
r(31,10,2,45)
w(104,38,2,45)
r(3,38,2,45)
r(11,28,2,45)
w(18,42,2,45)
r(76,30,2,46)
r(17,12,2,46)
r(88,68,2,46)
w(53,28,2,46)
r(69,23,2,46)
r(116,52,2,46)
r(103,66,2,46)
w(13,37,2,46)
w(42,43,2,46)
w(91,31,2,46)
w(26,53,2,46)
w(54,39,2,46)
w(51,39,2,46)
r(59,66,2,46)
w(41,28,2,46)
w(90,33,2,46)
r(8,27,2,46)
r(7,49,2,46)
r(68,80,2,46)
r(110,16,2,46)
w(75,35,2,47)
r(35,20,2,47)
r(102,60,2,47)
r(0,2,2,47)
w(10,28,2,47)
w(60,30,2,47)
r(54,39,2,47)
w(68,39,2,47)
r(115,15,2,47)
w(62,27,2,47)
w(15,40,2,47)
w(65,39,2,47)
w(93,32,2,47)
w(14,41,2,47)
r(117,25,2,47)
r(0,2,2,47)
r(105,49,2,47)
w(8,45,2,47)
r(0,2,2,47)
w(95,28,2,47)
r(69,23,2,48)
w(45,38,2,48)
w(90,34,2,48)
w(37,39,2,48)
w(17,26,2,48)
w(62,28,2,48)
w(84,30,2,48)
w(71,36,2,48)
r(30,45,2,48)
w(0,33,2,48)
w(22,32,2,48)
r(33,70,2,48)
r(64,2,2,48)
w(11,29,2,48)
r(4,51,2,48)
w(86,32,2,48)
r(24,50,2,48)
r(57,64,2,48)
w(0,34,2,48)
w(2,36,2,48)
r(0,34,2,49)
w(72,27,2,49)
r(75,35,2,49)
w(24,38,2,49)
r(53,28,2,49)
w(90,35,2,49)
w(43,27,2,49)
w(99,45,2,49)
r(96,55,2,49)
w(40,36,2,49)
w(49,29,2,49)
r(76,30,2,49)
w(43,28,2,49)
r(23,17,2,49)
w(60,31,2,49)
r(99,45,2,49)
r(63,18,2,49)
w(84,31,2,49)
r(29,76,2,49)
r(111,13,2,49)
w(77,46,2,50)
r(10,28,2,50)
w(47,32,2,50)
w(108,33,2,50)
r(81,26,2,50)
r(3,23,2,50)
w(118,38,2,50)
w(41,29,2,50)
w(68,40,2,50)
w(6,37,2,50)
w(53,29,2,50)
r(91,31,2,50)
w(35,38,2,50)
w(63,35,2,50)
w(82,32,2,50)
w(13,38,2,50)
r(23,17,2,50)
r(119,60,2,50)
w(79,33,2,50)
r(3,23,2,50)
w(51,40,2,51)
r(19,51,2,51)
w(77,47,2,51)
w(54,40,2,51)
r(114,71,2,51)
w(18,43,2,51)
w(66,42,2,51)
w(25,27,2,51)
r(35,38,2,51)
w(50,36,2,51)
r(71,36,2,51)
r(37,39,2,51)
w(104,39,2,51)
w(3,39,2,51)
w(68,41,2,51)
w(43,29,2,51)
r(17,26,2,51)
w(34,33,2,51)
r(42,43,2,51)
r(62,28,2,51)
w(75,36,2,52)
r(44,16,2,52)
w(86,33,2,52)
w(67,31,2,52)
r(58,52,2,52)
r(29,76,2,52)
w(16,39,2,52)
w(50,37,2,52)
r(108,33,2,52)
w(87,27,2,52)
r(3,39,2,52)
w(12,34,2,52)
r(78,48,2,52)
r(92,39,2,52)
w(81,39,2,52)
r(39,21,2,52)
w(113,44,2,52)
r(107,77,2,52)
r(41,29,2,52)
w(58,37,2,52)
r(20,73,2,53)
r(1,59,2,53)
w(13,39,2,53)
r(41,29,2,53)
w(97,36,2,53)
w(49,30,2,53)
r(19,51,2,53)
w(34,34,2,53)
w(51,41,2,53)
w(112,43,2,53)
r(38,17,2,53)
w(52,37,2,53)
w(52,38,2,53)
r(1,59,2,53)
r(51,41,2,53)
w(85,31,2,53)
w(75,37,2,53)
w(50,38,2,53)
r(36,26,2,53)
w(40,37,2,53)
w(82,33,2,54)
w(27,25,2,54)
r(19,51,2,54)
w(71,37,2,54)
r(65,39,2,54)
w(32,28,2,54)
w(84,32,2,54)
w(72,28,2,54)
w(26,54,2,54)
r(92,39,2,54)
r(24,38,2,54)
r(38,17,2,54)
w(40,38,2,54)
r(67,31,2,54)
r(85,31,2,54)
r(85,31,2,54)
w(56,35,2,54)
r(99,45,2,54)
r(105,49,2,54)
r(96,55,2,54)
r(84,32,2,55)
w(50,39,2,55)
w(14,42,2,55)
w(81,40,2,55)
r(9,15,2,55)
w(33,37,2,55)
r(56,35,2,55)
w(84,33,2,55)
w(21,26,2,55)
r(114,71,2,55)
r(81,40,2,55)
w(91,32,2,55)
r(50,39,2,55)
r(50,39,2,55)
w(82,34,2,55)
w(7,24,2,55)
r(76,30,2,55)
w(33,38,2,55)
r(0,34,2,55)
r(1,59,2,55)
w(67,32,2,56)
w(19,38,2,56)
r(7,24,2,56)
r(41,52,2,56)
r(36,26,2,56)
w(10,29,2,56)
r(108,53,2,56)
w(69,40,2,56)
w(35,39,2,56)
w(65,40,2,56)
r(76,30,2,56)
w(88,32,2,56)
w(102,31,2,56)
r(107,77,2,56)
r(95,28,2,56)
w(31,24,2,56)
w(105,33,2,56)
r(83,59,2,56)
r(5,15,2,56)
r(43,29,2,56)
w(16,40,2,57)
w(37,40,2,57)
r(33,38,2,57)
r(115,15,2,57)
r(29,76,2,57)
w(80,27,2,57)
w(67,33,2,57)
w(86,34,2,57)
r(49,30,2,57)
r(102,31,2,57)
w(39,38,2,57)
w(102,32,2,57)
w(53,30,2,57)
r(103,66,2,57)
w(57,34,2,57)
r(69,40,2,57)
r(30,45,2,57)
r(14,42,2,57)
w(67,34,2,57)
r(16,40,2,57)
r(58,37,2,58)
w(73,27,2,58)
w(107,37,2,58)
r(54,40,2,58)
w(85,32,2,58)
w(32,29,2,58)
r(7,24,2,58)
r(102,32,2,58)
r(12,34,2,58)
w(75,38,2,58)
w(79,34,2,58)
w(87,28,2,58)
w(15,41,2,58)
r(86,34,2,58)
w(6,38,2,58)
w(43,30,2,58)
r(12,34,2,58)
w(117,44,2,58)
r(31,24,2,58)
r(64,2,2,58)
r(71,37,2,59)
r(54,40,2,59)
w(93,33,2,59)
r(61,55,2,59)
r(19,38,2,59)
w(73,28,2,59)
w(118,39,2,59)
w(109,22,2,59)
r(94,39,2,59)
r(41,52,2,59)
r(33,38,2,59)
r(53,30,2,59)
r(26,66,2,59)
r(111,13,2,59)
w(100,40,2,59)
r(117,44,2,59)
w(40,39,2,59)
r(0,34,2,59)
r(45,38,2,59)
r(114,71,2,59)
r(67,18,3,60)
w(3,55,3,60)
r(3,55,3,60)
w(46,70,3,60)
w(83,55,3,60)
w(13,49,3,60)
r(103,0,3,60)
w(57,48,3,60)
r(66,0,3,60)
w(1,56,3,60)
w(38,44,3,60)
w(3,56,3,60)
w(22,44,3,60)
r(83,55,3,60)
r(98,0,3,60)
r(118,15,3,60)
w(83,56,3,60)
w(73,44,3,60)
w(94,36,3,60)
w(63,54,3,60)
w(66,59,3,61)
r(110,0,3,61)
w(111,46,3,61)
w(11,56,3,61)
w(19,50,3,61)
w(74,44,3,61)
w(17,41,3,61)
w(5,46,3,61)
w(100,63,3,61)
r(45,0,3,61)
w(94,37,3,61)
r(54,18,3,61)
w(53,42,3,61)
w(66,60,3,61)
r(29,0,3,61)
w(53,43,3,61)
w(70,54,3,61)
r(43,13,3,61)
r(85,0,3,61)
w(34,45,3,61)
w(76,56,3,62)
r(50,0,3,62)
r(81,0,3,62)
w(77,62,3,62)
w(80,41,3,62)
r(64,20,3,62)
w(83,57,3,62)
r(96,19,3,62)
r(104,23,3,62)
w(114,50,3,62)
r(98,0,3,62)
w(53,44,3,62)
r(75,0,3,62)
r(23,0,3,62)
w(11,57,3,62)
r(66,60,3,62)
r(33,0,3,62)
w(30,43,3,62)
r(47,19,3,62)
r(62,0,3,62)
w(115,46,3,63)
w(7,39,3,63)
r(106,0,3,63)
w(25,50,3,63)
r(60,10,3,63)
r(9,0,3,63)
w(23,52,3,63)
r(47,19,3,63)
r(66,60,3,63)
w(20,46,3,63)
w(79,48,3,63)
r(110,0,3,63)
r(27,0,3,63)
w(54,61,3,63)
w(102,57,3,63)
w(101,55,3,63)
w(34,46,3,63)
r(63,54,3,63)
w(50,54,3,63)
w(58,50,3,63)
r(32,0,3,64)
r(58,50,3,64)
w(36,41,3,64)
w(54,62,3,64)
w(43,48,3,64)
r(56,1,3,64)
w(34,47,3,64)
w(107,62,3,64)
w(52,51,3,64)
r(94,37,3,64)
w(39,56,3,64)
r(50,68,3,64)
w(115,47,3,64)
w(15,53,3,64)
w(44,44,3,64)
w(55,42,3,64)
w(85,42,3,64)
r(55,42,3,64)
w(78,45,3,64)
w(76,57,3,64)
r(34,47,3,65)
w(41,50,3,65)
r(21,1,3,65)
r(48,1,3,65)
r(72,2,3,65)
w(95,54,3,65)
w(5,47,3,65)
w(41,51,3,65)
r(42,2,3,65)
w(4,37,3,65)
w(43,49,3,65)
w(59,52,3,65)
w(90,49,3,65)
w(102,58,3,65)
r(98,1,3,65)
r(77,1,3,65)
r(45,1,3,65)
w(21,44,3,65)
w(118,64,3,65)
w(99,57,3,65)
r(18,1,3,66)
r(63,16,3,66)
r(12,19,3,66)
w(87,49,3,66)
w(108,51,3,66)
r(93,1,3,66)
r(83,4,3,66)
w(94,38,3,66)
r(57,1,3,66)
r(18,1,3,66)
w(9,40,3,66)
w(32,53,3,66)
w(93,44,3,66)
r(118,64,3,66)
w(93,45,3,66)
w(32,54,3,66)
r(108,51,3,66)
w(57,49,3,66)
r(57,49,3,66)
w(88,51,3,66)
w(44,45,3,67)
w(104,50,3,67)
r(62,2,3,67)
w(78,46,3,67)
r(28,71,3,67)
r(55,1,3,67)
w(84,42,3,67)
r(22,1,3,67)
w(55,43,3,67)
w(118,65,3,67)
r(42,2,3,67)
w(42,58,3,67)
w(18,65,3,67)
w(81,56,3,67)
w(29,59,3,67)
w(38,45,3,67)
r(16,2,3,67)
w(32,55,3,67)
w(56,61,3,67)
r(50,23,3,67)
w(21,45,3,68)
w(88,52,3,68)
r(20,1,3,68)
w(113,64,3,68)
w(103,54,3,68)
r(79,61,3,68)
r(63,16,3,68)
w(47,52,3,68)
w(69,62,3,68)
r(8,2,3,68)
r(113,64,3,68)
r(118,65,3,68)
w(4,38,3,68)
w(68,60,3,68)
w(69,63,3,68)
r(112,77,3,68)
w(45,59,3,68)
r(96,19,3,68)
w(50,55,3,68)
r(8,2,3,68)
w(37,56,3,69)
w(28,62,3,69)
r(45,59,3,69)
w(49,43,3,69)
r(40,19,3,69)
r(62,2,3,69)
r(36,1,3,69)
w(37,57,3,69)
w(83,58,3,69)
w(3,57,3,69)
w(112,58,3,69)
w(3,58,3,69)
r(119,58,3,69)
r(101,69,3,69)
r(95,54,3,69)
w(58,51,3,69)
r(87,49,3,69)
r(51,2,3,69)
w(111,47,3,69)
r(62,2,3,69)
r(3,1,3,70)
r(21,2,3,70)
w(21,46,3,70)
w(69,64,3,70)
w(74,45,3,70)
w(4,39,3,70)
r(35,17,3,70)
r(71,1,3,70)
w(37,58,3,70)
w(93,46,3,70)
r(41,51,3,70)
w(6,54,3,70)
r(113,64,3,70)
w(111,48,3,70)
w(20,47,3,70)
w(48,52,3,70)
w(27,40,3,70)
w(106,55,3,70)
r(108,75,3,70)
r(97,3,3,70)
w(34,48,3,71)
r(71,1,3,71)
r(33,69,3,71)
r(67,1,3,71)
r(39,67,3,71)
r(85,42,3,71)
w(51,57,3,71)
w(78,47,3,71)
w(73,45,3,71)
w(98,57,3,71)
r(67,1,3,71)
w(22,45,3,71)
r(83,75,3,71)
r(101,1,3,71)
w(105,48,3,71)
w(86,51,3,71)
w(102,59,3,71)
w(36,42,3,71)
w(37,59,3,71)
r(32,55,3,71)
w(1,57,3,72)
w(28,63,3,72)
r(13,1,3,72)
w(49,44,3,72)
r(57,49,3,72)
w(82,53,3,72)
r(34,63,3,72)
w(89,56,3,72)
r(109,54,3,72)
r(19,74,3,72)
w(84,43,3,72)
r(38,2,3,72)
w(60,48,3,72)
r(8,2,3,72)
w(72,43,3,72)
r(99,4,3,72)
w(35,57,3,72)
w(17,42,3,72)
r(119,59,3,72)
w(52,52,3,72)
w(52,53,3,73)
r(106,23,3,73)
r(72,3,3,73)
r(104,38,3,73)
w(51,58,3,73)
r(39,67,3,73)
r(48,35,3,73)
r(64,2,3,73)
r(57,63,3,73)
r(5,14,3,73)
w(22,46,3,73)
w(106,56,3,73)
w(13,50,3,73)
w(100,64,3,73)
r(71,17,3,73)
w(4,40,3,73)
w(30,44,3,73)
r(98,3,3,73)
r(18,42,3,73)
r(80,41,3,73)
w(1,58,3,74)
w(67,52,3,74)
w(39,57,3,74)
w(50,56,3,74)
w(73,46,3,74)
r(9,29,3,74)
w(82,54,3,74)
r(44,33,3,74)
r(102,72,3,74)
r(74,21,3,74)
r(16,2,3,74)
r(114,18,3,74)
r(115,1,3,74)
w(62,44,3,74)
r(43,49,3,74)
r(31,10,3,74)
w(42,59,3,74)
w(103,55,3,74)
w(84,44,3,74)
w(91,53,3,74)
r(3,38,3,75)
r(61,1,3,75)
r(80,41,3,75)
w(93,47,3,75)
r(93,47,3,75)
w(95,55,3,75)
w(70,55,3,75)
w(78,48,3,75)
w(54,63,3,75)
w(105,49,3,75)
r(83,75,3,75)
r(101,36,3,75)
w(100,65,3,75)
w(9,41,3,75)
r(110,1,3,75)
r(31,10,3,75)
w(73,47,3,75)
r(5,14,3,75)
w(109,36,3,75)
w(54,64,3,75)
w(103,56,3,76)
r(106,56,3,76)
w(12,53,3,76)
w(102,60,3,76)
w(26,65,3,76)
r(90,32,3,76)
w(109,37,3,76)
w(35,58,3,76)
r(11,28,3,76)
w(92,39,3,76)
w(45,60,3,76)
w(24,50,3,76)
r(47,4,3,76)
r(6,19,3,76)
r(13,22,3,76)
r(41,1,3,76)
w(7,40,3,76)
w(14,53,3,76)
r(96,21,3,76)
r(87,68,3,76)
w(1,59,3,77)
r(18,3,3,77)
w(54,65,3,77)
w(58,52,3,77)
w(113,65,3,77)
r(9,15,3,77)
r(94,60,3,77)
w(100,66,3,77)
w(30,45,3,77)
w(19,51,3,77)
r(24,50,3,77)
r(75,34,3,77)
r(111,13,3,77)
r(15,1,3,77)
w(65,57,3,77)
r(34,13,3,77)
w(94,39,3,77)
w(43,50,3,77)
r(15,1,3,77)
r(49,2,3,77)
w(11,58,3,78)
r(95,55,3,78)
r(77,89,3,78)
r(17,12,3,78)
w(108,52,3,78)
r(33,70,3,78)
w(86,52,3,78)
r(88,68,3,78)
r(29,76,3,78)
w(17,43,3,78)
r(32,55,3,78)
r(92,39,3,78)
r(68,80,3,78)
w(96,55,3,78)
r(84,44,3,78)
w(88,53,3,78)
w(93,48,3,78)
w(116,36,3,78)
w(83,59,3,78)
r(73,3,3,78)
r(22,32,3,79)
w(26,66,3,79)
w(31,44,3,79)
w(73,48,3,79)
w(34,49,3,79)
r(3,39,3,79)
r(55,14,3,79)
w(89,57,3,79)
w(40,51,3,79)
w(6,55,3,79)
r(74,72,3,79)
w(87,50,3,79)
r(59,66,3,79)
w(105,50,3,79)
w(41,52,3,79)
w(108,53,3,79)
r(84,33,3,79)
r(0,34,3,79)
w(8,68,3,79)
r(16,39,3,79)
w(99,78,4,80)
r(31,0,4,80)
w(23,65,4,80)
w(50,67,4,80)
r(112,0,4,80)
r(10,13,4,80)
w(20,72,4,80)
r(111,46,4,80)
w(26,80,4,80)
w(2,63,4,80)
w(51,78,4,80)
w(99,79,4,80)
r(53,43,4,80)
r(113,0,4,80)
w(17,66,4,80)
r(12,16,4,80)
r(28,0,4,80)
r(10,13,4,80)
w(101,68,4,80)
w(18,77,4,80)
r(39,0,4,81)
r(31,0,4,81)
r(82,14,4,81)
w(28,70,4,81)
r(67,18,4,81)
r(88,1,4,81)
w(24,70,4,81)
w(74,69,4,81)
w(84,61,4,81)
r(44,14,4,81)
r(20,46,4,81)
w(116,51,4,81)
w(7,47,4,81)
w(50,68,4,81)
w(74,70,4,81)
w(114,67,4,81)
r(41,12,4,81)
w(114,68,4,81)
w(46,87,4,81)
r(41,12,4,81)
r(73,14,4,82)
r(29,0,4,82)
r(18,77,4,82)
r(89,1,4,82)
r(59,0,4,82)
r(58,50,4,82)
w(44,69,4,82)
w(8,81,4,82)
w(77,86,4,82)
w(117,71,4,82)
w(106,76,4,82)
w(22,60,4,82)
w(115,66,4,82)
w(1,74,4,82)
r(58,50,4,82)
w(70,77,4,82)
r(104,23,4,82)
w(19,72,4,82)
r(115,66,4,82)
r(67,18,4,82)
r(119,18,4,83)
r(8,81,4,83)
r(56,1,4,83)
r(55,13,4,83)
r(36,41,4,83)
w(77,87,4,83)
w(102,70,4,83)
w(47,66,4,83)
w(94,58,4,83)
w(8,82,4,83)
r(14,21,4,83)
w(69,84,4,83)
r(33,0,4,83)
w(24,71,4,83)
w(10,57,4,83)
r(72,0,4,83)
r(89,1,4,83)
r(60,11,4,83)
w(86,64,4,83)
r(76,57,4,83)
r(116,14,4,84)
w(38,65,4,84)
w(101,69,4,84)
w(70,78,4,84)
w(24,72,4,84)
r(99,57,4,84)
w(28,71,4,84)
r(47,1,4,84)
w(113,83,4,84)
r(37,2,4,84)
w(119,57,4,84)
w(110,67,4,84)
w(106,77,4,84)
r(38,65,4,84)
w(90,70,4,84)
w(15,69,4,84)
r(56,2,4,84)
w(112,76,4,84)
w(69,85,4,84)
w(65,73,4,84)
r(71,16,4,85)
r(31,0,4,85)
r(1,1,4,85)
r(93,45,4,85)
w(65,74,4,85)
w(49,68,4,85)
w(15,70,4,85)
r(13,1,4,85)
w(90,71,4,85)
w(19,73,4,85)
r(109,11,4,85)
r(56,2,4,85)
w(48,61,4,85)
w(83,73,4,85)
w(68,76,4,85)
r(84,1,4,85)
r(108,51,4,85)
r(51,2,4,85)
w(110,68,4,85)
w(38,66,4,85)
w(7,48,4,86)
w(73,64,4,86)
w(6,67,4,86)
w(112,77,4,86)
r(32,54,4,86)
r(84,1,4,86)
w(58,60,4,86)
w(110,69,4,86)
w(91,69,4,86)
r(72,2,4,86)
r(114,68,4,86)
r(80,41,4,86)
r(97,1,4,86)
r(54,62,4,86)
w(100,85,4,86)
w(65,75,4,86)
w(119,58,4,86)
w(25,64,4,86)
w(79,61,4,86)
r(95,54,4,86)
r(69,63,4,87)
w(47,67,4,87)
w(55,61,4,87)
r(77,1,4,87)
w(86,65,4,87)
r(51,2,4,87)
r(17,66,4,87)
w(21,62,4,87)
r(34,47,4,87)
r(108,51,4,87)
w(33,69,4,87)
r(84,42,4,87)
w(24,73,4,87)
w(55,62,4,87)
r(67,1,4,87)
w(98,63,4,87)
r(2,1,4,87)
w(34,62,4,87)
w(88,66,4,87)
r(68,60,4,87)
w(42,78,4,88)
r(55,62,4,88)
w(75,73,4,88)
r(15,70,4,88)
r(61,0,4,88)
r(32,55,4,88)
w(119,59,4,88)
r(12,19,4,88)
w(107,75,4,88)
r(32,55,4,88)
w(55,63,4,88)
r(29,59,4,88)
r(115,66,4,88)
w(68,77,4,88)
r(49,43,4,88)
w(28,72,4,88)
w(83,74,4,88)
w(4,49,4,88)
r(9,40,4,88)
w(71,56,4,88)
r(69,63,4,89)
r(111,47,4,89)
r(71,56,4,89)
r(100,85,4,89)
r(88,66,4,89)
r(1,1,4,89)
r(3,58,4,89)
r(15,70,4,89)
w(60,61,4,89)
r(27,0,4,89)
r(44,45,4,89)
w(116,52,4,89)
w(39,67,4,89)
r(62,2,4,89)
r(32,55,4,89)
w(47,68,4,89)
r(10,57,4,89)
w(27,57,4,89)
w(97,62,4,89)
r(86,65,4,89)
w(22,61,4,90)
w(111,66,4,90)
r(13,1,4,90)
r(8,2,4,90)
r(84,42,4,90)
r(79,61,4,90)
r(23,2,4,90)
r(117,1,4,90)
w(26,81,4,90)
r(54,62,4,90)
w(10,58,4,90)
w(88,67,4,90)
w(87,68,4,90)
r(38,45,4,90)
w(4,50,4,90)
r(28,72,4,90)
r(56,61,4,90)
w(38,67,4,90)
w(61,54,4,90)
w(47,69,4,90)
r(102,58,4,91)
w(114,69,4,91)
r(46,4,4,91)
r(107,75,4,91)
r(119,59,4,91)
w(1,75,4,91)
w(71,57,4,91)
w(46,88,4,91)
r(114,69,4,91)
r(48,61,4,91)
w(115,67,4,91)
r(77,1,4,91)
w(107,76,4,91)
w(94,59,4,91)
w(108,74,4,91)
r(106,77,4,91)
w(18,78,4,91)
r(49,43,4,91)
r(118,65,4,91)
r(93,45,4,91)
w(94,60,4,92)
w(108,75,4,92)
r(29,59,4,92)
r(116,52,4,92)
w(6,68,4,92)
w(40,67,4,92)
r(110,69,4,92)
w(72,66,4,92)
r(58,51,4,92)
w(25,65,4,92)
w(19,74,4,92)
w(91,70,4,92)
r(44,45,4,92)
r(5,47,4,92)
w(104,61,4,92)
r(119,59,4,92)
w(83,75,4,92)
w(95,76,4,92)
w(92,62,4,92)
w(118,79,4,92)
w(79,62,4,93)
w(34,63,4,93)
r(31,10,4,93)
r(33,69,4,93)
w(102,71,4,93)
r(78,47,4,93)
r(48,14,4,93)
r(62,3,4,93)
w(14,68,4,93)
r(100,85,4,93)
w(52,69,4,93)
w(77,88,4,93)
r(107,76,4,93)
w(100,86,4,93)
w(2,64,4,93)
w(109,54,4,93)
w(37,75,4,93)
r(36,42,4,93)
r(69,64,4,93)
r(74,45,4,93)
w(37,76,4,94)
w(109,55,4,94)
r(95,27,4,94)
w(81,69,4,94)
w(57,63,4,94)
r(119,33,4,94)
r(77,45,4,94)
w(102,72,4,94)
w(25,66,4,94)
w(41,72,4,94)
w(50,69,4,94)
r(3,38,4,94)
r(85,30,4,94)
r(76,30,4,94)
r(76,30,4,94)
r(84,43,4,94)
w(51,79,4,94)
r(103,37,4,94)
r(3,38,4,94)
w(63,71,4,94)
w(77,89,4,95)
w(42,79,4,95)
r(0,2,4,95)
w(74,71,4,95)
w(31,63,4,95)
r(50,56,4,95)
r(8,27,4,95)
w(33,70,4,95)
r(32,55,4,95)
r(12,20,4,95)
r(117,25,4,95)
w(85,58,4,95)
r(113,65,4,95)
r(9,15,4,95)
r(71,18,4,95)
w(15,71,4,95)
w(29,75,4,95)
r(87,68,4,95)
w(7,49,4,95)
r(117,25,4,95)
w(114,70,4,96)
w(75,74,4,96)
w(68,78,4,96)
r(5,15,4,96)
r(13,22,4,96)
w(100,87,4,96)
w(59,65,4,96)
r(15,71,4,96)
r(64,2,4,96)
w(31,64,4,96)
w(40,68,4,96)
r(49,2,4,96)
r(58,52,4,96)
w(29,76,4,96)
w(20,73,4,96)
r(41,1,4,96)
w(104,62,4,96)
w(85,59,4,96)
r(16,22,4,96)
w(59,66,4,96)
r(57,24,4,97)
r(56,19,4,97)
r(26,34,4,97)
w(16,73,4,97)
r(77,89,4,97)
w(90,72,4,97)
w(68,79,4,97)
w(61,55,4,97)
w(75,75,4,97)
w(57,64,4,97)
r(102,60,4,97)
r(18,3,4,97)
r(28,27,4,97)
r(13,22,4,97)
w(114,71,4,97)
w(14,69,4,97)
r(50,56,4,97)
w(100,88,4,97)
w(51,80,4,97)
w(83,76,4,97)
w(41,73,4,98)
w(88,68,4,98)
r(17,12,4,98)
w(67,70,4,98)
w(68,80,4,98)
w(47,70,4,98)
r(102,60,4,98)
r(73,3,4,98)
w(40,69,4,98)
r(9,15,4,98)
r(52,53,4,98)
w(107,77,4,98)
r(51,80,4,98)
w(119,60,4,98)
r(5,15,4,98)
w(27,58,4,98)
r(43,50,4,98)
w(34,64,4,98)
w(90,73,4,98)
w(74,72,4,98)
w(108,76,4,99)
r(19,51,4,99)
r(82,54,4,99)
r(114,71,4,99)
r(118,37,4,99)
w(103,66,4,99)
w(54,77,4,99)
r(118,37,4,99)
r(32,55,4,99)
r(55,14,4,99)
w(90,74,4,99)
w(42,80,4,99)
r(12,20,4,99)
r(45,2,4,99)
r(26,34,4,99)
w(4,51,4,99)
w(91,71,4,99)
w(54,78,4,99)
r(6,20,4,99)
r(48,15,4,99)
