r(3,0,0,0)
r(15,0,0,0)
w(11,1,0,0)
w(7,1,0,0)
r(1,0,0,0)
w(6,1,0,0)
r(12,0,0,0)
r(14,0,0,0)
w(13,1,0,0)
r(4,0,0,0)
r(6,1,0,1)
w(10,1,0,1)
r(14,0,0,1)
w(17,1,0,1)
r(13,1,0,1)
r(2,0,0,1)
w(8,1,0,1)
w(0,1,0,1)
w(16,1,0,1)
w(7,2,0,1)
r(1,0,0,2)
w(18,1,0,2)
r(3,0,0,2)
r(4,0,0,2)
r(8,1,0,2)
w(10,2,0,2)
w(0,2,0,2)
w(11,2,0,2)
w(5,1,0,2)
r(16,1,0,2)
w(5,2,0,3)
w(12,1,0,3)
r(19,0,0,3)
w(7,3,0,3)
w(3,1,0,3)
w(13,2,0,3)
r(11,2,0,3)
w(15,1,0,3)
w(2,1,0,3)
w(10,3,0,3)
w(5,3,0,4)
w(14,1,0,4)
r(16,1,0,4)
w(17,2,0,4)
r(3,1,0,4)
w(10,4,0,4)
r(15,1,0,4)
w(13,3,0,4)
w(4,1,0,4)
w(18,2,0,4)
r(9,23,0,5)
r(1,0,0,5)
r(13,3,0,5)
w(10,5,0,5)
w(16,2,0,5)
w(19,1,0,5)
w(18,3,0,5)
w(6,2,0,5)
w(5,4,0,5)
r(12,21,0,5)
w(15,2,0,6)
w(17,3,0,6)
r(18,3,0,6)
r(14,24,0,6)
r(12,21,0,6)
r(2,31,0,6)
w(13,4,0,6)
w(9,1,0,6)
r(7,33,0,6)
w(11,3,0,6)
r(6,20,0,7)
w(2,2,0,7)
w(11,4,0,7)
w(8,2,0,7)
w(14,2,0,7)
w(7,4,0,7)
r(9,1,0,7)
r(15,2,0,7)
r(5,27,0,7)
w(1,1,0,7)
w(3,2,0,8)
r(4,30,0,8)
r(6,20,0,8)
w(5,5,0,8)
w(19,2,0,8)
w(0,3,0,8)
r(2,2,0,8)
r(15,2,0,8)
w(13,5,0,8)
w(12,2,0,8)
r(11,4,0,9)
r(1,1,0,9)
r(12,2,0,9)
r(15,2,0,9)
w(2,3,0,9)
r(7,4,0,9)
w(18,4,0,9)
r(6,20,0,9)
w(17,4,0,9)
w(5,6,0,9)
r(13,2,1,10)
w(19,32,1,10)
w(9,23,1,10)
r(10,3,1,10)
r(0,2,1,10)
r(4,1,1,10)
w(11,25,1,10)
w(2,29,1,10)
r(3,1,1,10)
w(7,31,1,10)
r(1,0,1,11)
w(7,32,1,11)
w(12,21,1,11)
w(8,27,1,11)
w(5,26,1,11)
r(0,2,1,11)
r(2,29,1,11)
w(6,19,1,11)
w(4,28,1,11)
r(18,2,1,11)
r(8,27,1,12)
r(9,23,1,12)
r(16,1,1,12)
w(0,24,1,12)
r(12,21,1,12)
w(3,32,1,12)
r(5,26,1,12)
r(14,1,1,12)
r(13,3,1,12)
w(1,28,1,12)
r(12,21,1,13)
w(0,25,1,13)
r(10,4,1,13)
w(3,33,1,13)
w(17,29,1,13)
w(2,30,1,13)
r(19,1,1,13)
r(15,1,1,13)
r(18,3,1,13)
w(14,24,1,13)
w(4,29,1,14)
w(17,30,1,14)
w(5,27,1,14)
r(19,1,1,14)
r(12,21,1,14)
w(2,31,1,14)
w(3,34,1,14)
w(7,33,1,14)
w(6,20,1,14)
w(0,26,1,14)
r(18,3,1,15)
r(10,5,1,15)
r(14,24,1,15)
r(9,23,1,15)
r(7,33,1,15)
r(16,2,1,15)
w(3,35,1,15)
r(12,21,1,15)
w(8,28,1,15)
r(4,29,1,15)
r(12,21,1,16)
w(16,22,1,16)
r(5,27,1,16)
r(3,35,1,16)
w(10,32,1,16)
r(19,1,1,16)
w(4,30,1,16)
r(14,24,1,16)
r(1,28,1,16)
r(8,28,1,16)
w(3,36,1,17)
w(4,31,1,17)
w(8,29,1,17)
w(11,26,1,17)
r(0,3,1,17)
r(5,5,1,17)
w(1,29,1,17)
w(16,23,1,17)
r(10,32,1,17)
r(6,20,1,17)
r(10,32,1,18)
w(12,22,1,18)
w(3,37,1,18)
r(2,3,1,18)
w(9,24,1,18)
r(16,23,1,18)
r(13,5,1,18)
r(8,29,1,18)
r(14,2,1,18)
r(6,20,1,18)
r(0,3,1,19)
w(15,20,1,19)
w(1,30,1,19)
w(7,34,1,19)
w(3,38,1,19)
w(9,25,1,19)
r(11,26,1,19)
r(4,31,1,19)
w(10,33,1,19)
r(2,3,1,19)
